1381.7230202548465 1.0000131130218506
1381.743853786167 1.0000178813934326
1381.764687318026 1.0008152723312378
1381.7855208504122 1.0006282329559326
1381.8063543833157 1.0000553131103516
1381.8271879167144 1.0006458759307861
1381.8480214506144 1.0002458095550537
1381.868854984989 0.9992645382881165
1381.8896885198194 0.9994876980781555
1381.9105220550737 1.0004353523254395
1381.931355590749 1.000366449356079
1381.9521891268082 1.0000035762786865
1381.9730226632244 0.9994515776634216
1381.9938561999559 1.0001715421676636
1382.0146897369914 1.0004024505615234
1382.0355232742859 0.9999642968177795
1382.056356811804 0.9999175071716309
1382.0771903494988 1.000148057937622
1382.09802388735 1.0002199411392212
1382.1188574253097 0.999566912651062
1382.1396909633352 0.9988977313041687
1382.1605245013766 0.9993653893470764
1382.1813580394114 0.9985442161560059
1382.202191577387 0.9992706775665283
1382.2230251152612 0.9988642334938049
1382.2438586529815 0.9993330836296082
1382.2646921905266 0.9990196824073792
1382.2855257278443 0.9993225932121277
1382.3063592648944 0.9993826746940613
1382.3271928016266 0.9995072484016418
1382.3480263380216 0.9997832775115967
1382.3688598740318 0.9995898604393005
1382.3896934096103 0.9994118809700012
1382.4105269447416 0.998145580291748
1382.4313604793817 0.9997109174728394
1382.4521940134982 0.9992894530296326
1382.4730275470586 0.9995632767677307
1382.4938610800248 1.0003377199172974
1382.5146946123873 0.9997871518135071
1382.6605293196842 0.7476164698600769
1382.6813628463062 0.5436801314353943
1382.702196372128 0.4270654022693634
1382.7230298971356 0.3507312536239624
1382.7438634213058 0.6821839809417725
1382.7646969446482 0.8034812211990356
1382.7855304671405 0.8485702872276306
1382.806363988765 0.7743874788284302
1382.827197509532 0.9106466770172119
1382.8480310294244 0.9125592708587646
1382.868864548435 0.897214949131012
1382.889698066559 0.7865322828292847
1382.9105315837805 0.8424798250198364
1382.931365100115 0.8690675497055054
1382.9521986155494 0.8983311057090759
1382.9730321300701 0.8818157315254211
1382.9938656436948 0.8850034475326538
1383.0146991564116 0.7306003570556641
1383.0355326682188 0.6593710780143738
1383.0563661791161 0.837756872177124
1383.0771996890924 0.9211587309837341
1383.098033198168 0.9245810508728027
1383.1188667063325 0.9132245182991028
1383.1397002135773 0.9302035570144653
1383.1605337199226 0.9071811437606812
1383.1813672253602 0.9349928498268127
1383.2022007298913 0.9501259326934814
1383.2230342335174 0.8749943971633911
1383.2438677362306 0.9034015536308289
1383.2647012380535 0.9583662748336792
1383.285534738978 0.9489536881446838
1383.306368239006 0.9213576316833496
1383.3272017381312 0.9101977944374084
1383.3480352363754 0.8882524371147156
1383.3688687337321 0.9207471609115601
1383.3897022301937 0.9530163407325745
1383.4105357257838 0.9298743605613708
1383.4313692204955 0.9312812089920044
1383.452202714332 0.9106329679489136
1383.4730362072964 0.9395768046379089
1383.4938696993822 0.9219706654548645
1383.5147031906122 0.9187487363815308
1383.5355366809808 0.9353163242340088
1383.5563701704905 0.9447619915008545
1383.5772036591356 0.9214985966682434
1383.5980371469389 0.9340111017227173
1383.6188706338944 0.9505126476287842
1383.7022045732965 0.9993554949760437
1383.7230380560645 0.9990110993385315
1383.7438715379956 0.9995341897010803
1383.764705019113 0.9998177886009216
1383.7855384994107 1.0005303621292114
1383.8063719788915 0.9999009966850281
1383.8272054575593 1.0004264116287231
1383.8480389354072 1.0000449419021606
1383.868872412459 0.9994906187057495
1383.8897058887073 0.9995154142379761
1383.910539364146 0.9996599555015564
1383.9313728387979 0.9998941421508789
1383.952206312657 0.9996491074562073
1383.9730397857259 1.0002429485321045
1383.9938732580079 0.9998410940170288
1384.0147067294965 1.000064492225647
1384.0355402002142 1.0004061460494995
1384.0563736701547 0.9995633959770203
1384.0772071393208 0.9996336698532104
1384.0980406077053 0.9993457794189453
1384.118874075332 0.999662458896637
1384.1397075421926 0.9992518424987793
1384.1605410082911 0.9999632835388184
1384.1813744736198 0.9997648000717163
1384.2022079382016 1.0005383491516113
1384.2230414020298 0.9994533658027649
1384.2438748651066 0.9999407529830933
1384.2647083274248 0.9998249411582947
1384.3272087099463 0.9993059635162354
1384.348042169308 0.9998288154602051
1384.3688756279244 1.000078558921814
1384.3897090858177 0.9998550415039062
1384.410542542981 1.000672698020935
1384.4313759994163 0.9998286962509155
1384.4522094551269 0.9999670386314392
1384.473042910104 0.9993014931678772
1384.493876364371 0.999862015247345
1384.5147098179195 1.000255823135376
1384.5355432707427 0.9996795058250427
1384.5563767228616 1.0000569820404053
1384.5772101742696 0.9998722672462463
1384.5980436249683 0.9998775124549866
1384.6188770749602 1.000503420829773
1384.639710524237 0.999874472618103
1384.6605439728214 0.9997775554656982
1384.6813774207055 1.0001429319381714
1384.7022108678905 0.9999004006385803
1384.7230443143694 1.0001784563064575
1384.743877760164 0.9994792342185974
1384.764711205266 1.0000245571136475
1384.7855446496771 1.0000498294830322
1384.8063780934 0.9996501803398132
1384.8272115364261 0.99965900182724
1384.8480449787776 1.0000416040420532
1384.8688784204462 0.9998098611831665
1384.8897118614236 0.9998592138290405
1384.9105453017316 1.0001366138458252
1384.9313787413623 0.9999033212661743
1384.952212180317 1.0003507137298584
1384.9730456185978 0.9998031854629517
1384.9938790561962 1.0002226829528809
1385.014712493134 1.0000998973846436
1385.0355459294026 1.0000823736190796
1385.0563793650044 1.000248908996582
1385.0772127999398 1.0000592470169067
1385.0980462342018 0.9997584223747253
1385.118879667811 0.9999008178710938
1385.139713100759 0.9997400641441345
1385.1605465330479 0.9997416138648987
1385.1813799646684 0.9993757009506226
1385.2022133956425 0.9998981952667236
1385.223046825962 1.0001589059829712
1385.243880255628 0.9999463558197021
1385.2647136846415 0.999805212020874
1385.285547112995 1.0002844333648682
1385.3063805407085 0.9999945163726807
1385.3272139677747 0.9999253153800964
1385.348047394194 1.0001145601272583
1385.3688808199684 0.9991284012794495
1385.3897142450887 0.9994683861732483
1385.4105476695768 0.999525785446167
1385.4313810934234 0.9994397163391113
1385.4522145166302 0.9995712637901306
1385.4730479391883 0.9998620748519897
1385.493881361119 0.9996829628944397
1385.5147147824134 0.9996898770332336
1385.535548203073 0.9997560381889343
1385.556381623089 0.9998235702514648
1385.5772150424816 0.9996321797370911
1385.5980484612437 1.000482201576233
1385.6188818793748 0.9999874830245972
1385.6397152968773 0.9998132586479187
1385.6605487137515 0.9993714690208435
1385.681382129989 0.9995144605636597
1385.7022155456104 0.9996039271354675
1385.7230489606075 0.9997209310531616
1385.743882374971 0.9998603463172913
1385.7647157887213 1.0000176429748535
1385.785549201851 0.9997570514678955
1385.8063826143598 0.9997831583023071
1385.827216026249 0.9999647736549377
1385.84804943752 0.9992920756340027
1385.8688828481636 0.9930335283279419
1385.952216484613 0.9998044967651367
1385.9730498921945 1.000495433807373
1385.993883299164 0.9999995827674866
1386.0147167055225 1.0003892183303833
1386.0355501112715 1.0000908374786377
1386.0563835164014 1.000195860862732
1386.0772169209333 0.9999139308929443
1386.098050324858 1.000280499458313
1386.1188837281766 1.0004847049713135
1386.13971713089 0.9999212622642517
1386.1605505329885 1.0001757144927979
1386.1813839344932 1.0008175373077393
1386.2022173353953 0.9999836683273315
1386.223050735695 0.9997435808181763
1386.2438841353937 0.9997924566268921
1386.2647175344819 1.000174880027771
1386.2855509329806 1.000067949295044
1386.3063843308803 1.0003001689910889
1386.3272177281722 1.0000896453857422
1386.3480511248767 1.0001455545425415
1386.3688845209847 0.9998613595962524
1386.389717916497 1.0001856088638306
1386.4105513114139 1.000001072883606
1386.431384705737 1.0002361536026
1386.452218099456 0.9999451637268066
1386.4730514925925 1.0000180006027222
1386.4938848851368 1.0002636909484863
1386.5147182770902 0.9996715188026428
1386.5355516684522 1.0002344846725464
1386.556385059215 1.0004085302352905
1386.5772184493978 1.0005176067352295
1386.5980518389924 1.0001389980316162
1386.6188852279988 1.0000660419464111
1386.6397186164181 1.0002812147140503
1386.6605520042406 0.9999880194664001
1386.6813853914873 1.0006685256958008
1386.7022187781488 1.0002418756484985
1386.7230521642252 1.0000778436660767
1386.743885549708 0.9996355175971985
1386.7647189346173 1.0002628564834595
1386.785552318944 1.0001024007797241
1386.806385702688 1.000038504600525
1386.8272190858509 1.0003336668014526
1386.8480524684226 0.9999415278434753
1386.868885850424 1.0001879930496216
1386.889719231846 1.0001460313796997
1386.9105526126884 1.0000004768371582
1386.9313859930905 0.9999330639839172
1386.9522193728906 1.000590443611145
1386.9730527520012 1.0004684925079346
1386.9938861305352 1.0005664825439453
1387.0147195084926 1.0002912282943726
1387.0355528858745 1.0002518892288208
1387.056386262671 0.9999406337738037
1387.0772196389032 1.0006945133209229
1387.0980530145607 1.000195026397705
1387.1188863896455 1.0002952814102173
1387.1397197641563 1.0001243352890015
1387.1605531380856 1.0007026195526123
1387.1813865114525 1.0006521940231323
1387.2022198842478 1.000422716140747
1387.2230532564724 1.0002166032791138
1387.2438866281263 1.000157117843628
1387.264719999201 1.0001775026321411
1387.2855533697154 1.0003846883773804
1387.3063867396615 0.9999752640724182
1387.3272201090388 1.0002903938293457
1387.3480534778482 1.0005265474319458
1387.3688868460802 1.0004171133041382
1387.3897202137553 0.9999648928642273
1387.4105535808642 1.0000872611999512
1387.4313869474063 1.0003278255462646
1387.4522203133838 1.0003424882888794
1387.4730536787854 0.999966025352478
1387.4938870436329 1.0000900030136108
1387.5147204079158 1.0007373094558716
1387.5355537716355 0.9998255372047424
1387.5563871347913 1.0002670288085938
1387.5772204973746 1.0002154111862183
1387.5980538594058 0.9997134208679199
1387.6188872208747 1.000179648399353
1387.6397205817825 1.0008376836776733
1387.660553942129 1.0000139474868774
1387.6813873019048 1.0000758171081543
1387.7022206611307 1.0002336502075195
1387.7230540197966 1.0002421140670776
1387.743887377903 1.4257912635803223
1387.7855540924302 1.0004212856292725
1387.8063874488607 0.9999751448631287
1387.8272208047345 1.0000252723693848
1387.8480541600502 1.0003130435943604
1387.8688875148096 0.9999750256538391
1387.8897208690025 1.000262975692749
1387.910554222649 1.0002018213272095
1387.93138757574 1.0003464221954346
1387.9522209282754 0.999958336353302
1387.9730542802563 1.0003775358200073
1387.9938876316824 1.0000773668289185
1388.0147209825448 1.0002743005752563
1388.0355543328628 1.0005972385406494
1388.0563876826282 1.000351905822754
1388.0772210318403 1.0004271268844604
1388.0980543804994 1.000068187713623
1388.1188877285965 1.000055193901062
1388.139721076152 1.0003609657287598
1388.1605544231556 0.9998931884765625
1388.1813877696084 1.0004442930221558
1388.2022211155104 1.0004128217697144
1388.223054460862 0.9999058842658997
1388.2438878056535 1.0004528760910034
1388.2647211499052 0.9999080896377563
1388.2855544936076 1.0003960132598877
1388.306387836761 1.000538945198059
1388.327221179366 0.9999266266822815
1388.3480545214125 0.9999628663063049
1388.3688878629212 1.0000200271606445
1388.3897212038821 1.0001752376556396
1388.4105545442962 0.9996524453163147
1388.4313878841629 1.00001060962677
1388.4522212234838 1.000080943107605
1388.473054562248 1.000667691230774
1388.4938879004762 1.0002249479293823
1388.5147212381592 1.00031578540802
1388.5355545752966 1.0004746913909912
1388.5563879118895 0.9993125200271606
1388.5772212479276 0.9998548030853271
1388.598054583432 1.0003223419189453
1388.6188879183917 1.000304102897644
1388.6397212528086 1.0003094673156738
1388.6605545866817 1.0004781484603882
1388.6813879200126 1.0002115964889526
1388.7022212527904 1.000456690788269
1388.7230545850362 1.0002537965774536
1388.7438879167398 1.0005104541778564
1388.7647212479021 1.0007121562957764
1388.785554578523 1.0003750324249268
1388.8063879086028 1.000276803970337
1388.8272212381323 1.000049114227295
1388.8480545671307 1.0001434087753296
1388.86888789559 1.0000468492507935
1388.889721223509 1.0006396770477295
1388.9105545508887 1.0001084804534912
1388.9313878777193 1.00010347366333
1388.952221204021 0.9996883869171143
1388.9730545297843 0.9999783635139465
1388.9938878550097 0.9999330639839172
1389.0147211796968 1.0002501010894775
1389.035554503847 1.0001177787780762
1389.0563878274493 1.0002408027648926
1389.077221150525 1.0005970001220703
1389.098054473064 1.0000572204589844
1389.1188877950665 1.0001232624053955
1389.1397211165329 0.9984995722770691
1389.1605544374536 1.000616192817688
1389.1813877578488 1.0002256631851196
1389.202221077709 1.0002110004425049
1389.2230543970347 1.0001822710037231
1389.2438877158252 1.0004572868347168
1389.2647210340722 1.0004396438598633
1389.2855543517946 1.0001438856124878
1389.3063876689837 1.0001262426376343
1389.3272209856393 1.0000110864639282
1389.3480543017868 1.0000019073486328
1389.3688876173985 1.0001410245895386
1389.3897209324462 1.0000476837158203
1389.4105542469715 0.9995058178901672
1389.4313875609648 0.9997936487197876
1389.4522208744268 0.9997808933258057
1389.473054187357 1.00003182888031
1389.493887499757 0.9998047351837158
1389.5147208116157 1.0006040334701538
1389.5355541229542 0.9993906617164612
1389.556387433763 1.0003300905227661
1389.577220744041 0.9999697208404541
1389.5980540537903 1.0002233982086182
1389.618887363 1.0001542568206787
1389.6397206716908 1.0000842809677124
1389.6605539798531 1.0002071857452393
1389.681387287487 0.9997187852859497
1389.7022205945927 1.0003955364227295
1389.723053901171 0.9997531771659851
1389.7438872072119 1.0002795457839966
1389.7647205127348 1.000448226928711
1389.7855538177319 1.0001243352890015
1389.8063871222018 1.0002049207687378
1389.8272204261457 1.00008225440979
1389.8480537295636 0.9999035000801086
1389.8688870324454 0.99985671043396
1389.8897203348124 0.9998592138290405
1389.9105536366537 1.0002391338348389
1389.9313869379707 0.9996728897094727
1389.952220238763 0.9998087286949158
1389.9730535390313 0.9996212720870972
1389.9938868387653 0.999556839466095
1390.0147201379864 0.9999508261680603
1390.035553436684 0.9998241662979126
1390.0563867348583 1.0005028247833252
1390.07722003251 0.9999930262565613
1390.0980533296292 0.9999231100082397
1390.1188866262366 1.0001189708709717
1390.139719922322 0.9993558526039124
1390.1605532178862 0.999754011631012
1390.1813865129293 1.0004374980926514
1390.202219807451 0.9998181462287903
1390.2230531014427 0.9995059370994568
1390.2438863949337 1.0847364664077759
1390.2855529803269 1.0000572204589844
1390.3063862722495 0.9999199509620667
1390.3272195636528 1.0005464553833008
1390.3480528545379 1.0002182722091675
1390.3688861448943 0.9998669028282166
1390.3897194347426 0.9997371435165405
1390.4105527240736 0.9999493360519409
1390.4313860128866 1.0000767707824707
1390.4522193011833 0.9998095631599426
1390.4730525889627 0.9996723532676697
1390.4938858762157 0.9999826550483704
1390.514719162963 1.0001596212387085
1390.5355524491943 0.9998232126235962
1390.5563857349102 1.0002987384796143
1390.5772190201112 1.0002405643463135
1390.5980523047972 1.000139594078064
1390.6188855889693 0.9998327493667603
1390.6397188726166 0.9995540976524353
1390.6605521557608 1.0001552104949951
1390.681385438391 0.9999220371246338
1390.7022187205087 1.0003209114074707
1390.7230520021135 0.9995953440666199
1390.743885283206 1.000171184539795
1390.7647185637763 1.000200629234314
1390.7855518438455 1.0001857280731201
1390.8063851234033 1.000239610671997
1390.8272184024497 1.0002821683883667
1390.8480516809861 0.999439537525177
1390.868884959012 1.0003825426101685
1390.8897182365183 1.0001541376113892
1390.910551513525 1.000360369682312
1390.9313847900228 1.0001537799835205
1390.9522180660117 1.0001977682113647
1390.9730513414925 0.9999334216117859
1390.993884616465 0.9998123049736023
1391.0147178909203 0.9999589920043945
1391.0355511648786 0.9998350143432617
1391.0563844383298 0.9997661709785461
1391.0772177112751 0.999699056148529
1391.098050983714 1.0003530979156494
1391.1188842556478 0.9998481273651123
1391.139717527076 0.9998785257339478
1391.1605507979996 0.9997175931930542
1391.1813840684088 0.999889075756073
1391.2022173383243 1.0000438690185547
1391.2230506077362 0.9994137287139893
1391.2438838766454 0.9993415474891663
1391.2647171450515 1.0000735521316528
1391.285550412956 0.9996047019958496
1391.306383680348 1.0001792907714844
1391.327216947249 0.9998735189437866
1391.3480502136495 0.9996200203895569
1391.3688834795491 0.9997468590736389
1391.3897167449493 1.0002199411392212
1391.4105500098494 0.9996666312217712
1391.4313832742412 0.9999281167984009
1391.4522165381438 1.0002458095550537
1391.473049801549 1.000130534172058
1391.493883064456 1.000023603439331
1391.5147163268664 0.9997425675392151
1391.5355495887802 1.000209093093872
1391.5563828501977 0.9992018938064575
1391.5772161111197 0.9996255040168762
1391.5980493715365 0.9999027848243713
1391.6188826314688 1.0000479221343994
1391.6397158909074 1.0001451969146729
1391.6605491498524 1.0001168251037598
1391.6813824083044 1.0000566244125366
1391.702215666254 0.999845027923584
1391.7230489237218 0.9998582601547241
1391.7438821806982 0.9998916387557983
1391.764715437184 0.9999539852142334
1391.7855486931796 1.0001603364944458
1391.8063819486854 0.9997918009757996
1391.8272152037027 0.9993385672569275
1391.8480484582315 1.0002219676971436
1391.8688817122625 1.0000067949295044
1391.8897149658158 1.000386118888855
1391.9105482188834 1.0000699758529663
1391.9313814714644 1.000407338142395
1391.9522147235607 1.0000767707824707
1391.9730479751724 0.9997329711914062
1391.9938812262897 0.9999738335609436
1392.014714476934 1.0002555847167969
1392.0355477270955 1.000390648841858
1392.0563809767752 0.9997502565383911
1392.0772142259734 1.0000303983688354
1392.0980474746916 1.000134825706482
1392.11888072293 0.9996448159217834
1392.1397139706887 0.9998695254325867
1392.1605472179597 0.9997614026069641
1392.1813804647627 1.0005879402160645
1392.202213711089 1.0004886388778687
1392.223046956939 1.0001364946365356
1392.2438802023141 0.9997671842575073
1392.2647134472145 0.9981901049613953
1392.2855466916415 0.9985648393630981
1392.3063799355953 1.00009024143219
1392.3272131790675 0.9986838102340698
1392.3480464220784 0.9994463324546814
1392.3688796646188 1.0001024007797241
1392.3897129066902 0.9995303153991699
1392.4105461482927 1.0002517700195312
1392.431379389428 0.9999400973320007
1392.4522126300865 0.999922513961792
1392.473045870289 0.9999893307685852
1392.493879110027 1.0001717805862427
1392.514712349301 0.9997018575668335
1392.5355455881127 0.9998687505722046
1392.556378826462 0.9996263980865479
1392.5772120643508 0.9996445178985596
1392.5980453017696 1.0001667737960815
1392.6188785387396 1.0001884698867798
1392.6397117752524 0.999659538269043
1392.6605450113088 1.000535011291504
1392.6813782469094 0.9993959069252014
1392.7022114820563 1.000084400177002
1392.7230447167494 0.9998157620429993
1392.7438779509814 1.3085508346557617
1392.785544418114 0.9996625185012817
1392.8063776510069 0.9996924996376038
1392.8272108834533 1.000014305114746
1392.848044115454 1.0003793239593506
1392.8688773470103 1.0001908540725708
1392.8897105781239 0.9999339580535889
1392.9105438087854 1.0001024007797241
1392.9313770390174 0.9997715353965759
1392.95221026881 0.9999868869781494
1392.973043498166 1.0002903938293457
1392.9938767270855 1.0002506971359253
1393.014709955571 0.9998137950897217
1393.0355431836238 1.0000145435333252
1393.0563764112453 0.9998007416725159
1393.0772096384374 0.9998506903648376
1393.0980428651912 1.0001620054244995
1393.118876091529 1.0002671480178833
1393.1397093174903 1.000169038772583
1393.1605425430232 1.000361442565918
1393.1813757680927 1.000402808189392
1393.2022089927427 1.0007026195526123
1393.2230422169657 0.9998297691345215
1393.2438754407833 1.0004768371582031
1393.2647086641873 1.000435709953308
1393.28554188718 1.0002654790878296
1393.306375109763 1.000189185142517
1393.327208331939 1.0003401041030884
1393.3480415537094 1.0002585649490356
1393.368874775067 1.0005385875701904
1393.3897079960332 1.0002412796020508
1393.4105412166016 1.0001994371414185
1393.4313744367732 1.0004122257232666
1393.452207656551 0.9998546242713928
1393.4730408759374 0.9998019933700562
1393.4938740949344 1.000079870223999
1393.5147073135454 0.999496579170227
1393.5355405317723 0.9997674822807312
1393.5563737496077 0.9996939897537231
1393.5772069670752 0.9996506571769714
1393.5980401841662 0.9998113512992859
1393.618873400885 0.9995682239532471
1393.639706617233 0.9996011257171631
1393.6605398332147 0.9991961717605591
1393.681373048832 0.9992531538009644
1393.7022062640885 0.9993250966072083
1393.7230394789774 0.9994181394577026
1393.743872693522 0.999434232711792
1393.7647059077153 0.9996175169944763
1393.7855391215614 1.0000683069229126
1393.8063723350633 0.999688446521759
1393.8272055482248 0.9999394416809082
1393.8480387610493 0.999910295009613
1393.868871973541 1.0000941753387451
1393.8897051856936 0.9998170137405396
1393.910538397531 1.0003008842468262
1393.9313716090476 1.0000464916229248
1393.952204820247 0.9997617602348328
1393.9730380311341 1.0003553628921509
1393.9938712417131 0.9996865391731262
1394.0147044519883 0.9999268651008606
1394.0355376619648 0.9998689889907837
1394.0563708716468 1.00025475025177
1394.0772040810293 1.0007774829864502
1394.098037290138 1.0014219284057617
1394.1188704989672 1.0015088319778442
1394.1397037075221 1.0006327629089355
1394.160536915809 1.000217080116272
1394.1813701238325 1.0008246898651123
1394.2022033315986 1.0003690719604492
1394.2230365391133 1.0005314350128174
1394.2438697463724 1.0021833181381226
1394.2647029534025 1.0018891096115112
1394.285536160199 1.000783920288086
1394.3063693667693 1.0008385181427002
1394.3272025731192 1.0009626150131226
1394.3480357792566 1.0003589391708374
1394.3688689851879 0.9982424378395081
1394.3897021909197 1.0013679265975952
1394.4105353964605 1.0012900829315186
1394.431368601807 0.9995651245117188
1394.4522018069874 1.000736117362976
1394.473035012 1.001401424407959
1394.4938682168524 1.001050591468811
1394.5147014215534 1.0002365112304688
1394.5355346261113 1.004573106765747
1394.5563678305355 1.0021264553070068
1394.577201034834 1.0021920204162598
1394.5980342390073 1.001373291015625
1394.6188674430846 1.00054931640625
1394.6397006470652 1.0005220174789429
1394.6605338509598 1.0013806819915771
1394.6813670547785 1.001447081565857
1394.7022002585318 1.0003033876419067
1394.7230334622304 0.9985423684120178
1394.7438666658854 1.0006524324417114
1394.7646998694984 1.000815987586975
1394.785533073111 1.0000396966934204
1394.8063662766951 1.0014690160751343
1394.8271994802924 1.0005536079406738
1394.8480326839058 1.0008747577667236
1394.8688658875478 1.0020207166671753
1394.889699091231 1.0039153099060059
1394.9105322949692 1.0016237497329712
1394.9313654987754 1.0038678646087646
1394.952198702664 1.0044615268707275
1394.9730319066482 1.0040651559829712
1394.9938651107332 1.005122184753418
1395.0146983149518 1.004913091659546
1395.0355315193106 1.004792332649231
1395.0563647238232 1.0059831142425537
1395.077197928505 1.004739761352539
1395.0980311333715 1.0084763765335083
1395.1188643384376 1.0066529512405396
1395.1396975437192 1.005021095275879
1395.1605307492216 1.0052601099014282
1395.1813639549812 1.0043326616287231
1395.202197161003 1.0038108825683594
1395.2230303673025 1.0039103031158447
1395.2438635738965 1.1841883659362793
1395.2855299880275 1.0001260042190552
1395.3063631955956 1.000311017036438
1395.3271964035189 0.9992774724960327
1395.3480296118018 1.0011998414993286
1395.3688628204795 1.000261902809143
1395.3896960295551 0.9994500875473022
1395.4105292390425 1.0013070106506348
1395.431362448954 1.0018070936203003
1395.5980281447858 1.000020980834961
1395.6188613589509 1.0001747608184814
1395.639694573616 0.9991046190261841
1395.6605277888111 1.0005615949630737
1395.6813610045022 1.0011353492736816
1395.7021942206627 1.0005568265914917
1395.723027437313 1.0005371570587158
1395.7438606544474 1.0002423524856567
1395.7646938720557 1.000557780265808
1395.7855270901282 0.9999455809593201
1395.806360308641 1.0003265142440796
1395.8271935275995 1.0003767013549805
1395.8480267469763 1.0002200603485107
1395.868859966753 0.9998435378074646
1395.889693186908 0.9996618628501892
1395.9105264074187 0.9996263384819031
1395.9313596282598 0.9998445510864258
1395.952192849405 1.0000669956207275
1395.9730260708159 1.00001060962677
1395.993859292492 0.9996924996376038
1396.0146925143727 1.0010055303573608
1396.0355257364247 1.000433325767517
1396.0563589586343 1.000293254852295
1396.0771921809564 1.0002943277359009
1396.0980254033552 1.0000689029693604
1396.1188586257942 0.9997042417526245
1396.1396918482365 0.9990881085395813
1396.160525070644 0.9998366832733154
1396.1813582929794 0.9988900423049927
1396.202191515195 0.9990639090538025
1396.2230247372831 0.9988977313041687
1396.2438579591667 0.9989634156227112
1396.264691180838 0.9995518922805786
1396.2855244022512 0.9999918341636658
1396.3063576233699 0.9994982481002808
1396.3271908441595 0.9995540380477905
1396.3480240645858 0.9991863369941711
1396.3688572846154 0.9994965195655823
1396.3896905042163 0.9997040629386902
1396.410523723357 1.0000650882720947
1396.4313569419983 1.0005791187286377
1396.4521901601304 0.99980628490448
1396.5146898111461 0.9995827078819275
1396.535523026941 0.9999628663063049
1396.5563562420916 0.999372124671936
1396.6605223074864 1.0003408193588257
1396.68135551836 1.000036358833313
1396.702188728476 1.0005813837051392
1396.7230219378114 1.0002646446228027
1396.7438551463533 1.0001417398452759
1396.7646883540913 1.0002343654632568
1396.7855215610145 1.000411868095398
1396.8063547671143 1.0002899169921875
1396.8271879723814 1.0003594160079956
1396.8480211768085 1.0002551078796387
1396.8688543803883 0.9999905824661255
1396.8896875831051 1.0005306005477905
1396.9105207849723 1.0000616312026978
1396.9313539859766 1.000458836555481
1396.9521871861118 1.0000067949295044
1396.9730203853758 1.0001157522201538
1396.9938535837646 1.0001057386398315
1397.0146867812753 0.9981403350830078
1397.0355199779062 1.0008066892623901
1397.0563531736552 1.00011146068573
1397.0771863685213 1.0002257823944092
1397.0980195625032 1.0005722045898438
1397.1188527556 1.0000752210617065
1397.139685947812 1.0001981258392334
1397.1605191391286 0.999701738357544
1397.1813523295712 0.9999399185180664
1397.2021855191288 0.9998334646224976
1397.2230187078035 0.9998059272766113
1397.2438518955955 1.0003777742385864
1397.2646850825067 0.9999858140945435
1397.285518268538 1.000393033027649
1397.3063514536911 1.0002955198287964
1397.3271846379682 1.000199556350708
1397.3480178213706 1.000401496887207
1397.368851003901 1.0004936456680298
1397.3896841855608 0.9999035596847534
1397.410517366343 1.0008562803268433
1397.4313505462696 1.000483751296997
1397.452183725333 1.0003212690353394
1397.4730169035363 1.0002695322036743
1397.4938500808812 1.0005226135253906
1397.5146832573712 1.0004304647445679
1397.5355164330085 1.0000303983688354
1397.5563496077964 0.9998459219932556
1397.577182781737 0.9999263882637024
1397.598015954834 1.000327467918396
1397.6188491270898 1.0004980564117432
1397.6396822985075 1.0005519390106201
1397.66051546909 1.000590443611145
1397.6813486388403 1.0001614093780518
1397.702181807751 1.000211477279663
1397.7230149758461 1.0005494356155396
1397.7438481431177 0.9999920129776001
1397.764681309569 1.0001752376556396
1397.785514475203 1.000274419784546
1397.8063476400223 1.0002890825271606
1397.8271808040308 1.0000455379486084
1397.8480139672306 1.0002933740615845
1397.8688471296255 1.0000112056732178
1397.889680291218 1.0000189542770386
1397.9105134520105 1.0001981258392334
1397.9313466119972 1.0000723600387573
1397.95217977121 1.0000908374786377
1397.9730129296117 1.0002635717391968
1397.9938460872359 1.0003886222839355
1398.014679244075 1.0001999139785767
1398.035512400132 0.9998473525047302
1398.0563455554097 0.9998545050621033
1398.0771787099109 1.0000568628311157
1398.098011863638 1.0002994537353516
1398.1188450165944 0.9996363520622253
1398.1396781687822 0.9997708797454834
1398.1605113202045 1.0004372596740723
1398.1813444708635 0.9998670816421509
1398.2021776207628 1.0004146099090576
1398.2230107699036 1.0002866983413696
1398.2438439182897 1.0002448558807373
1398.2646770659132 1.0003286600112915
1398.2855102127962 0.9997684955596924
1398.306343358932 1.0000609159469604
1398.3271765043226 1.0000803470611572
1398.3480096489704 1.0002038478851318
1398.368842792878 1.0
1398.389675936048 1.000270128250122
1398.4105090784824 1.0000101327896118
1398.4313422201835 1.0001585483551025
1398.4521753611543 0.9998641610145569
1398.473008501396 0.9997981786727905
1398.4938416409118 0.9997155666351318
1398.5146747796932 1.0004292726516724
1398.535507917773 0.9994446039199829
1398.556341055113 0.9999421834945679
1398.5771741917456 0.9996892809867859
1398.5980073276628 1.0008150339126587
1398.6188404628667 0.9997537136077881
1398.6396735973597 1.000218391418457
1398.6605067311432 1.000062108039856
1398.6813398642198 1.0000444650650024
1398.7021729965913 1.4873515367507935
1398.7438392592267 1.0003094673156738
1398.7646723894943 1.0001765489578247
1398.785505519065 0.9997778534889221
1398.80633864794 1.000270962715149
1398.8271717761215 0.9999785423278809
1398.8480049036011 0.999780535697937
1398.868838030401 0.9999675750732422
1398.8896711565126 1.0000863075256348
1398.9105042819378 0.999937117099762
1398.9313374066785 0.9995688796043396
1398.9521705307366 1.000145673751831
1398.9730036541127 1.000213384628296
1398.9938367768102 1.0003571510314941
1399.0146698988292 1.0002373456954956
1399.0355030201724 0.9998836517333984
1399.056336140841 1.0000994205474854
1399.0771692608366 1.0006879568099976
1399.0980023801608 1.0000462532043457
1399.1188354988153 1.000063419342041
1399.1396686168014 0.999927818775177
1399.160501734121 1.0006000995635986
1399.181334850765 0.999983549118042
1399.202167966756 0.9998024106025696
1399.2230010820938 0.9998185634613037
1399.2438341967518 0.9999542832374573
1399.2646673107595 1.0000475645065308
1399.28550042411 0.9998024702072144
1399.306333536804 1.0001384019851685
1399.3271666488424 1.0002670288085938
1399.3479997602274 1.000229835510254
1399.3688328709597 1.0004276037216187
1399.3896659810414 1.0001099109649658
1399.410499090473 1.0004595518112183
1399.4313321992563 1.0004279613494873
1399.4521653073923 1.0002477169036865
1399.4729984148828 0.9996259808540344
1399.4938315217287 1.000258445739746
1399.5146646279313 0.9998168349266052
1399.5354977334914 0.9998310208320618
1399.5563308384114 1.0002646446228027
1399.5771639426907 1.0005195140838623
1399.5979970463222 1.0006191730499268
1399.6188301493264 1.000510573387146
1399.6396632516944 0.9993810057640076
1399.6604963534273 1.0001887083053589
1399.6813294545266 1.0000814199447632
1399.702162554993 0.9998694062232971
1399.722995654828 1.0007762908935547
1399.7438287540322 1.0001953840255737
1399.7646618526076 0.999804675579071
1399.785494950554 1.0000094175338745
1399.8063280478736 1.0000648498535156
1399.8271611445666 1.0001161098480225
1399.847994240635 1.000167965888977
1399.8688273360792 1.0004470348358154
1399.8896604309 1.0001922845840454
1399.910493525099 1.0001493692398071
1399.9313266186764 0.9999779462814331
1399.952159711634 1.0001716613769531
1399.9729928039726 0.9996886849403381
1399.993825895683 0.9997866153717041
1400.0146589867863 1.0002210140228271
1400.0354920772727 1.000096082687378
1400.0563251671447 1.0005526542663574
1400.0771582564014 1.0004303455352783
1400.0979913450453 1.0001320838928223
1400.1188244330763 0.9999554753303528
1400.1396575204958 1.000152587890625
1400.1604906073046 0.9998802542686462
1400.1813236935031 1.0000940561294556
1400.202156779093 1.0000370740890503
1400.2229898640742 0.9998599290847778
1400.2438229484485 0.9997855424880981
1400.264656032216 1.0000636577606201
1400.2854891153781 0.9998563528060913
1400.3063221979353 1.0003950595855713
1400.3271552798888 0.999811589717865
1400.3479883612385 1.0001533031463623
1400.3688214419863 1.0002233982086182
1400.389654522132 0.9999224543571472
1400.4104876016675 1.0001976490020752
1400.4313206806228 1.0001235008239746
1400.4521537589585 1.0006386041641235
1400.472986836706 1.0001858472824097
1400.4938199138555 0.9997826218605042
1400.5146529904082 1.0002689361572266
1400.5354860663647 0.9998346567153931
1400.5563191417255 0.9999068975448608
1400.5771522164919 0.999829888343811
1400.5979852906635 0.9998616576194763
1400.6188183642423 0.9999837279319763
1400.639651437228 0.9998084306716919
1400.6604845096224 0.9992095828056335
1400.6813175814252 0.9998096823692322
1400.702150652637 1.29873788356781
1400.7438167932926 0.9997158646583557
1400.764649862737 1.0001939535140991
1400.7854829315936 1.000266432762146
1400.806315999863 0.9997289180755615
1400.8271490675459 1.0000461339950562
1400.8479821346425 1.0002410411834717
1400.8688152011543 1.0002524852752686
1400.8896482670814 1.0003727674484253
1400.910481332414 1.0000349283218384
1400.9313143971835 1.000042200088501
1400.95214746135 0.9999831914901733
1400.9729805249444 1.000713586807251
1400.9938135879572 0.9997943639755249
1401.0146466503893 0.9999947547912598
1401.0354797122404 1.000091314315796
1401.0563127735122 0.9998189210891724
1401.0771458342044 0.9997172951698303
1401.0979788944487 1.000012993812561
1401.1188119541016 1.0000947713851929
1401.1396450130621 1.000868558883667
1401.1604780714451 1.000346064567566
1401.1813111292524 1.0002143383026123
1401.2021441864836 1.0005559921264648
1401.2229772431397 0.9999312162399292
1401.243810299221 1.0002883672714233
1401.2646433547282 1.000543236732483
1401.2854764096614 1.0003100633621216
1401.306309464022 0.9998984336853027
1401.3271425178095 1.0000683069229126
1401.3479755710255 1.0002753734588623
1401.3688086236693 1.0004597902297974
1401.3896416757427 0.9997537732124329
1401.4104747272454 1.000935673713684
1401.431307778178 1.000748872756958
1401.4521408285416 1.0005501508712769
1401.4729738783258 1.0002694129943848
1401.4938069275618 1.0005080699920654
1401.514639976219 1.0005897283554077
1401.5354730242998 0.9996543526649475
1401.5563060718227 1.0001130104064941
1401.5771391187798 0.9997981190681458
1401.5979721651702 1.0003472566604614
1401.6188052109956 0.9998182058334351
1401.6396382562552 0.9998177289962769
1401.6604713009508 0.9997647404670715
1401.681304345082 0.9998400211334229
1401.7021373886496 0.9998776912689209
1401.7229704316537 0.9996136426925659
1401.7438034740956 1.0000392198562622
1401.7646365159742 1.0003520250320435
1401.7854695572917 1.000073790550232
1401.8063025980473 0.9997783303260803
1401.827135638242 1.0000050067901611
1401.847968677876 0.9998701810836792
1401.8688017169502 0.9997045993804932
1401.8896347554642 1.000341773033142
1401.9104677934195 0.9998680353164673
1401.9313008308156 1.0000815391540527
1401.9521338676532 1.0007339715957642
1401.9729669039332 1.0001459121704102
1401.993799939655 0.9996460676193237
1402.0146329748202 1.0005398988723755
1402.0354660094283 1.0000113248825073
1402.0562990434803 0.9999194145202637
1402.077132076976 0.9995858669281006
1402.0979651099167 1.000010371208191
1402.1187981423022 1.000000238418579
1402.1396311741325 1.0001163482666016
1402.160464205409 1.000333309173584
1402.181297236131 1.000069260597229
1402.2021302663002 0.9999082088470459
1402.2229632959159 0.999805212020874
1402.2437963249686 0.9998422861099243
1402.2646293534892 1.000540852546692
1402.2854623814378 0.9997087717056274
1402.3062954088548 1.0001047849655151
1402.3271284357104 1.0003511905670166
1402.3479614620053 1.0000368356704712
1402.3687944877695 0.99988853931427
1402.389627512964 0.9997251033782959
1402.4104605376187 0.9995473027229309
1402.4312935617236 0.9997139573097229
1402.4521265852802 0.9997361302375793
1402.4729596082877 0.9997737407684326
1402.493792630747 1.0002137422561646
1402.5146256526584 0.9996920228004456
1402.5354586740225 0.9993612170219421
1402.556291694839 0.9993228912353516
1402.577124715109 0.9998194575309753
1402.5979577348326 1.0005131959915161
1402.6187907540098 1.0000604391098022
1402.6396237726412 0.9993936419487
1402.6604567907273 0.9999387264251709
1402.6812898082687 0.9990692138671875
1402.7021228252647 0.9202967286109924
1402.7437888576246 1.0001413822174072
1402.764621872989 1.000113606452942
1402.7854548878101 1.0003491640090942
1402.8062879020877 0.9998353123664856
1402.8271209158231 1.0002892017364502
1402.8479539290158 1.000403642654419
1402.8687869416667 1.0003814697265625
1402.889619953776 1.0000736713409424
1402.9104529653437 1.0000412464141846
1402.9312859763704 0.9999237656593323
1402.9521189868565 1.0003385543823242
1402.9729519968023 1.0003430843353271
1402.9937850062083 1.0001963376998901
1403.014618015074 1.0000278949737549
1403.0354510234008 1.000261664390564
1403.0562840311882 1.0000958442687988
1403.077117038437 1.000645399093628
1403.0979500451474 1.0003525018692017
1403.11878305132 0.9997603893280029
1403.1396160569543 0.9999228119850159
1403.1604490620514 0.9999013543128967
1403.1812820666114 1.0000112056732178
1403.2021150706344 1.0003513097763062
1403.2229480741212 1.000432014465332
1403.2437810770714 1.0001342296600342
1403.264614079486 1.0000512599945068
1403.2854470813647 1.0006414651870728
1403.3062800827088 1.0007721185684204
1403.3271130835171 1.000298023223877
1403.3479460837914 1.000045895576477
1403.368779083531 0.9999055862426758
1403.389612082737 0.9998616576194763
1403.4104450814089 0.9997492432594299
1403.4312780795476 0.9998374581336975
1403.452111077153 1.0003666877746582
1403.4729440742256 0.9998718500137329
1403.4937770707656 1.0002387762069702
1403.5146100667737 0.9995694160461426
1403.53544306225 1.0000100135803223
1403.5562760571945 1.0002673864364624
1403.5771090516075 1.000100016593933
1403.5979420454898 1.000307559967041
1403.6187750388315 1.0000591278076172
1403.6396080316626 0.9996860027313232
1403.6604410239543 0.9999876022338867
1403.6812740157154 0.9998884797096252
1403.7021070069477 1.0001695156097412
1403.7229399976402 1.0000241994857788
1403.7437729878243 0.9998814463615417
1403.7646059774697 1.000280737876892
1403.7854389665868 0.9995522499084473
1403.806271955176 0.9999248385429382
1403.8271049432374 1.0002524852752686
1403.8479379307616 1.0001155138015747
1403.8687709177784 0.9997787475585938
1403.8896039042588 0.9996448755264282
1403.9104368902128 1.0001347064971924
1403.9312698756407 0.9998929500579834
1403.9521028605327 0.9993076324462891
1403.972935844919 0.9996568560600281
1403.9937688287696 0.9997639656066895
1404.0146018120859 1.0000388622283936
1404.0354347948974 0.9999188184738159
1404.0562677771643 1.0001933574676514
1404.0771007589174 1.0000183582305908
1404.0979337401568 1.000200867652893
1404.1187667208524 1.0002702474594116
1404.1395997010452 0.9998564124107361
1404.1604326807048 0.9999098181724548
1404.1812656598324 1.000194787979126
1404.2020986384573 1.0005394220352173
1404.2229316165403 0.9999760389328003
1404.243764594122 1.0002007484436035
1404.2645975711716 1.0003305673599243
1404.2854305476912 0.9992039799690247
1404.3062635237093 0.9998304843902588
1404.3270964991975 0.999771773815155
1404.3479294741553 1.0001264810562134
1404.3687624486136 0.9997058510780334
1404.3895954225422 0.99973464012146
1404.4104283959516 0.9996806979179382
1404.4312613688421 0.9997726678848267
1404.4520943412042 0.9998303055763245
1404.472927313068 1.0000412464141846
1404.493760284404 1.0001449584960938
1404.5145932552223 0.9995999932289124
1404.5354262255134 1.0001003742218018
1404.5562591953076 0.9992943406105042
1404.5770921645747 0.9999620914459229
1404.597925133326 0.9991908669471741
1404.6187581015606 0.9989475607872009
1404.6395910692804 0.9998271465301514
1404.660424036484 0.9993082284927368
1404.6812570031732 0.9992437958717346
1404.7020899693473 0.8954076766967773
1404.743755900153 0.999838650226593
1404.7645888647849 1.0004583597183228
1404.7854218289035 1.0000920295715332
1404.806254792509 1.0002117156982422
1404.827087755602 0.9999561309814453
1404.8479207181822 1.0007230043411255
1404.8687536802508 1.0003910064697266
1404.8895866418072 0.9999118447303772
1404.9104196028527 1.0000914335250854
1404.931252563387 1.0002408027648926
1404.9520855234107 1.0002926588058472
1404.9729184829243 1.0001096725463867
1404.9937514419273 0.9998047351837158
1405.0145844004212 1.0001647472381592
1405.0354173584053 0.9995995759963989
1405.0562503158812 1.000171184539795
1405.0770832728483 0.9998155236244202
1405.097916229307 0.9994907379150391
1405.1187491852581 0.9997766017913818
1405.1395821407016 0.9999481439590454
1405.1604150956382 0.9999690651893616
1405.1812480500678 1.0004037618637085
1405.2020810039915 1.0002676248550415
1405.222913957409 1.0002473592758179
1405.2437469103209 1.0002549886703491
1405.2645798627277 0.9997811317443848
1405.28541281463 1.0005114078521729
1405.3062457660274 1.000286340713501
1405.3270787169213 1.000058650970459
1405.347911667311 1.000171184539795
1405.3687446171982 0.9998154640197754
1405.3895775665821 1.000016212463379
1405.4104105154638 0.9997878670692444
1405.4312434638434 1.0002307891845703
1405.4520764117217 1.0003832578659058
1405.4729093590988 1.0001477003097534
1405.493742305975 1.0000786781311035
1405.5145752523513 0.9997714757919312
1405.5354081982273 1.0000706911087036
1405.5562411436044 1.0001152753829956
1405.577074088482 1.0003725290298462
1405.5979070328617 0.9998584389686584
1405.6187399767427 0.9999271631240845
1405.6395729201267 1.0001131296157837
1405.660405863013 1.0001493692398071
1405.6812388054032 0.9999643564224243
1405.702071747297 0.9998610615730286
1405.7229046886948 0.9999297261238098
1405.7437376295975 0.999938428401947
1405.7645705700056 0.99974125623703
1405.7854035099192 1.0000420808792114
1405.8062364493392 0.999864935874939
1405.8270693882657 1.0000158548355103
1405.8479023266998 0.9997703433036804
1405.8687352646414 0.9995241761207581
1405.8895682020914 0.9997889399528503
1405.9104011390505 0.9996771216392517
1405.9312340755282 1.0001819133758545
1405.9520670114966 1.0005961656570435
1405.972899946995 1.0001404285430908
1405.9937328819844 0.9999823570251465
1406.0145658164954 1.000240445137024
1406.0353987505284 1.0004761219024658
1406.0562316840646 1.0000383853912354
1406.0770646171036 0.9997789859771729
1406.0978975496769 1.0002424716949463
1406.1187304817545 0.9995177388191223
1406.139563413347 0.9994034767150879
1406.1603963444556 0.9995112419128418
1406.1812292750803 0.9999059438705444
1406.2020622052223 0.9999030232429504
1406.2228951348816 0.9558254480361938
1406.2853939209729 0.9984909296035767
1406.3062268487092 0.9985909461975098
1406.3270597759672 0.998020350933075
1406.3478927027465 0.9974762797355652
1406.3687256290486 0.9982282519340515
1406.389558554874 0.9983600974082947
1406.410391480223 0.9981482028961182
1406.4312244050966 0.9981294870376587
1406.4520573294958 0.9982342720031738
1406.4728902534212 0.9968074560165405
1406.4937231768736 0.9976020455360413
1406.5145560998537 0.9978398680686951
1406.5353890223628 0.9974398016929626
1406.556221944401 0.998425304889679
1406.5770548659696 0.996703565120697
1406.5978877870698 0.9983879327774048
1406.6187207077012 0.9975432753562927
1406.6395536278662 0.998276948928833
1406.6603865475645 0.997629702091217
1406.6812194667982 0.9978819489479065
1406.7020523855674 0.9974591135978699
1406.7228853038728 0.99814373254776
1406.743718221716 0.9982855319976807
1406.764551139108 0.9976406693458557
1406.7853840560294 0.9975855350494385
1406.8062169724813 0.9978896975517273
1406.8270498884951 0.9968960881233215
1406.8478828040418 0.9971553683280945
1406.8687157191318 0.9978361129760742
1406.8895486337672 0.9976364970207214
1406.9103815479482 0.9970533847808838
1406.9312144616765 0.9976550936698914
1406.9520473749533 0.9961666464805603
1406.9728802877794 0.9970482587814331
1406.9937132001567 0.9959052205085754
1407.0145461120856 0.9977964758872986
1407.0353790235677 0.9959114193916321
1407.0562119346043 0.997372567653656
1407.0770448451974 0.9968705177307129
1407.0978777553469 0.9972895383834839
1407.1187106650555 0.9968720078468323
1407.1395435743234 0.996825098991394
1407.1603764831534 0.9967632293701172
1407.1812093915462 0.9958977103233337
1407.2020422995029 0.9964509010314941
1407.2228752070257 0.9966174364089966
1407.2437081141159 0.9968715906143188
1407.264541020775 0.9964568018913269
1407.2853739270047 0.9965587258338928
1407.30620683281 0.9963027834892273
1407.327039738189 0.9963865280151367
1407.3478726431504 0.9961877465248108
1407.3687055476792 0.9965064525604248
1407.3895384517775 0.9957399964332581
1407.4103713554764 0.9957762956619263
1407.431204258739 0.995739221572876
1407.452037161606 0.9952642917633057
1407.4728700640499 0.9956375956535339
1407.493702966083 0.9957103729248047
1407.5145358677066 0.995718240737915
1407.535368768924 0.9962530136108398
1407.556201669736 0.9950503706932068
1407.5770345701462 0.9951584935188293
1407.5978674701557 0.9950140118598938
1407.6187003697673 0.995398223400116
1407.6395332689838 0.9957077503204346
1407.6603661678068 0.9955296516418457
1407.6811990662395 0.9961461424827576
1407.702031964284 0.9952176809310913
1407.7228648619434 0.9958803653717041
1407.74369775922 0.9953297972679138
1407.764530656117 0.9947123527526855
1407.7853635526362 0.9944582581520081
1407.8061964487822 0.9956521987915039
1407.8270293445564 0.9950099587440491
1407.8478622399628 0.9965444207191467
1407.8686951350141 0.9939110279083252
1407.889528029684 0.9965119957923889
1407.9103609240149 0.9960343837738037
1407.9311938179812 0.9954084753990173
1407.9520267115959 0.9950428605079651
1407.9728596048624 0.994206964969635
1407.9936924977847 0.9946845769882202
1408.0145253903663 0.9945352673530579
1408.0353582826115 0.994667649269104
1408.0561911745237 0.9946474432945251
1408.0770240661077 0.9962493777275085
1408.0978569573672 0.99593186378479
1408.1186898483068 0.99675452709198
1408.139522738931 0.9964291453361511
1408.1603556292432 0.9968966841697693
1408.18118851925 0.9958183765411377
1408.2020214089546 0.9973713755607605
1408.2228542983635 0.9953699707984924
1408.2436871874804 0.9982126355171204
1408.264520076311 0.9968793988227844
1408.2853529648612 0.9971009492874146
1408.306185853136 0.995490550994873
1408.3270187411413 0.9974749684333801
1408.3478516288933 0.9968939423561096
1408.3686845163772 0.9981245398521423
1408.3895174036104 0.9967902898788452
1408.4103502905984 0.9978134036064148
1408.4311831773484 0.9980385899543762
1408.452016063867 0.9981700778007507
1408.4728489501613 0.9977189898490906
1408.4936818362382 0.9980083107948303
1408.514514722106 0.9986803531646729
1408.5353476077714 0.9983159899711609
1408.556180493243 0.9993413686752319
1408.5770133785284 0.9988430142402649
1408.5978462636367 0.9989397525787354
1408.6186791485757 0.9969931840896606
1408.6395120333548 0.9976456761360168
1408.660344917983 1.0026065111160278
1408.68117780247 0.9988169074058533
1408.7020106868254 0.9992510080337524
1408.7228435710595 0.9983707666397095
1408.7436764551821 0.9998989105224609
1408.7645093392046 1.0003916025161743
1408.7853422231474 0.9970134496688843
1408.8061751070018 0.9947071075439453
1408.8270079907898 0.9877581596374512
1408.847840874523 0.9915220141410828
1408.868673758214 0.9948424696922302
1408.8895066418756 0.9997403621673584
1408.9103395255206 1.0004442930221558
1408.9311724091626 0.987901508808136
1408.9520052928153 0.9788225889205933
1408.9728381764933 0.9998495578765869
1408.993671060211 0.999316394329071
1409.0145039439828 1.0018579959869385
1409.0353368278254 0.9995355010032654
1409.056169711753 1.0012831687927246
1409.0770025957931 1.0027062892913818
1409.0978354799322 1.0043288469314575
1409.1186683642266 1.0053125619888306
1409.1395012486646 1.0042698383331299
1409.1603341332732 1.0029115676879883
1409.1811670180712 1.005015254020691
1409.2019999030765 1.007455825805664
1409.2228327883088 1.0048408508300781
1409.243665673787 1.006651759147644
1409.2644985595305 1.0070617198944092
1409.2853314455595 1.0077579021453857
1409.3061643318936 1.0053163766860962
1409.3269972185537 1.0043506622314453
1409.34783010556 1.0043232440948486
1409.3686629929339 1.0076438188552856