1354.137830000975 0.9995229244232178
1354.158663722022 0.9993942975997925
1354.1794974433283 0.9984776377677917
1354.200331164851 0.9996641874313354
1354.2211648865768 0.9985469579696655
1354.2419986084947 0.999752938747406
1354.2628323305623 0.9994374513626099
1354.2836660527798 0.9995313882827759
1354.3044997751072 1.0000578165054321
1354.3253334975457 0.9988600015640259
1354.3461672200563 0.9996284246444702
1354.3670009426419 0.999403178691864
1354.387834665265 0.999153733253479
1354.4086683879298 0.9991440773010254
1354.4295021105997 0.9990411996841431
1354.4503358332806 0.9997738599777222
1354.4711695559374 0.9984163641929626
1354.4920032785665 0.9999866485595703
1354.5128370011644 0.998722493648529
1354.5336707236988 0.9988174438476562
1354.554504446177 0.9994527697563171
1354.5753381685677 0.9988384246826172
1354.5961718908793 0.9993850588798523
1354.6170056130818 0.9994536638259888
1354.6378393351845 1.000138759613037
1354.658673057158 0.9998377561569214
1354.6795067790124 0.9997172951698303
1354.7003405007194 0.9999397397041321
1354.7211742222798 0.9999676942825317
1354.7420079436963 0.9998171329498291
1354.7628416649404 0.9998665452003479
1354.7836753860252 0.9995885491371155
1354.804509106933 0.9997880458831787
1354.8253428276478 0.999964714050293
1354.8461765481723 1.0003565549850464
1354.8670102685107 0.9993626475334167
1354.887843988637 0.9990308880805969
1354.9086777085656 1.0000354051589966
1354.929511428271 0.9989087581634521
1354.9503451477683 0.9990992546081543
1354.9711788670322 1.0000303983688354
1354.9920125860783 0.9990366697311401
1355.0128463048818 0.9996032118797302
1355.0336800234588 0.9994082450866699
1355.0545137417846 0.9993568062782288
1355.075347459876 0.9992243647575378
1355.0961811777088 0.9992082118988037
1355.1170148952892 1.0000089406967163
1355.1378486126246 0.9993470311164856
1355.1586823296907 1.0000330209732056
1355.1795160465056 0.9994374513626099
1355.2003497630449 1.0001245737075806
1355.2211834793268 1.0000121593475342
1355.242017195328 0.9999374747276306
1355.2628509110662 1.000912070274353
1355.2836846265184 0.9992182850837708
1355.3045183417032 1.0005443096160889
1355.3253520565975 1.000363826751709
1355.3461857712193 0.9990681409835815
1355.3670194855467 1.0007390975952148
1355.3878531995977 0.999515175819397
1355.40868691335 1.0000499486923218
1355.4295206268125 0.9995185732841492
1355.4503543399926 1.0001527070999146
1355.4711880528794 0.9999973773956299
1355.4920217654608 0.9992232322692871
1355.5128554777455 1.0007057189941406
1355.5336891897418 0.9992431998252869
1355.5545229014288 1.0001416206359863
1355.5753566128246 0.999738335609436
1355.5961903239086 0.9997588992118835
1355.6170240346992 0.9999189376831055
1355.637857745175 0.9992462396621704
1355.6586914553552 1.0005470514297485
1355.6795251652188 0.9996663331985474
1355.7003588747846 1.0000624656677246
1355.721192584032 1.0005509853363037
1355.7420262929793 0.9997358918190002
1355.7628600016062 1.000478744506836
1355.783693709922 1.0001152753829956
1355.8045274179356 1.0006309747695923
1355.8253611256262 0.9995934367179871
1355.8461948330132 1.0001039505004883
1355.8670285400856 1.0002869367599487
1355.8878622468335 0.9988086223602295
1355.9086959532651 1.0002330541610718
1355.929529659391 0.9990552663803101
1355.9503633651896 0.9995831847190857
1355.971197070681 0.999614953994751
1355.9920307758441 0.9998030662536621
1356.0128644806994 1.0003151893615723
1356.0336981852251 0.9994311928749084
1356.0545318894417 1.0001524686813354
1356.0753655933283 1.0000485181808472
1356.096199296905 0.9998191595077515
1356.1170330001507 1.000150203704834
1356.1378667030856 1.0002288818359375
1356.158700405689 1.0001236200332642
1356.1795341079808 0.99989253282547
1356.20036780994 1.0001246929168701
1356.2212015115872 0.9995384216308594
1356.2420352129016 0.9995858073234558
1356.2628689138935 1.00055730342865
1356.2837026145714 0.9995713829994202
1356.3045363149265 1.000083565711975
1356.3253700149473 0.9991480708122253
1356.3462037146446 0.9998840689659119
1356.3670374140274 0.9995847344398499
1356.387871113076 0.9995219707489014
1356.40870481181 0.9995521306991577
1356.4295385102093 0.9994902610778809
1356.4503722082934 0.9991016387939453
1356.4712059060428 0.9995721578598022
1356.4920396034765 0.9997820258140564
1356.5128733005752 0.9999895691871643
1356.533706997358 1.0005617141723633
1356.5545406938056 1.0003899335861206
1356.575374389937 1.000745177268982
1356.5962080857325 1.000099539756775
1356.6170417812123 1.000740885734558
1356.658709171183 1.0001404285430908
1356.6795428656742 1.0008288621902466
1356.7003765598488 0.9993844032287598
1356.7212102536873 1.0004854202270508
1356.742043947209 1.0001983642578125
1356.762877640394 0.9998767971992493
1356.7837113332623 0.9999979138374329
1356.8045450257941 0.999303936958313
1356.825378717999 1.0004935264587402
1356.8462124098874 0.9995302557945251
1356.8670461014483 1.0006117820739746
1356.8878797926732 1.0002293586730957
1356.9087134835704 0.9999586939811707
1356.9295471741511 1.0003125667572021
1356.9503808643947 0.9992179870605469
1356.9712145543213 1.0005362033843994
1356.9920482439109 0.9992770552635193
1357.0128819331835 1.0002683401107788
1357.0337156221187 1.0002566576004028
1357.0545493107372 0.9994423985481262
1357.0753829990183 1.0005921125411987
1357.0962166869824 0.9993669986724854
1357.1170503746093 1.0001370906829834
1357.1378840619197 0.9999017715454102
1357.1587177488925 0.9996708035469055
1357.1795514355483 1.0000991821289062
1357.2003851218667 0.9994421005249023
1357.2212188078684 1.0003029108047485
1357.2420524935326 0.9996651411056519
1357.26288617888 1.0006656646728516
1357.2837198638904 1.0004135370254517
1357.3045535485837 0.9997240900993347
1357.3253872329396 1.0010756254196167
1357.3462209169788 0.999801754951477
1357.367054600681 1.001029133796692
1357.3878882840659 1.0000911951065063
1357.408721967114 1.0001165866851807
1357.4295556498453 1.0002778768539429
1357.4503893322392 1.0000334978103638
1357.4712230143061 1.0005693435668945
1357.4920566960564 0.9994528293609619
1357.5128903774796 1.0000377893447876
1357.533724058566 0.9998940825462341
1357.5545577393355 0.9989667534828186
1357.5753914197683 1.0
1357.5962250998841 0.9997698664665222
1357.617058779663 1.0001351833343506
1357.6378924591254 0.9995536208152771
1357.6587261382508 1.000130295753479
1357.6795598170593 1.000038981437683
1357.7003934955312 0.999468982219696
1357.7212271736764 1.0005890130996704
1357.7420608515051 0.9998512864112854
1357.7628945290073 1.0002121925354004
1357.7837282061723 1.000535011291504
1357.8045618830113 1.000490427017212
1357.8253955595333 1.000389814376831
1357.8462292357187 1.0004026889801025
1357.867062911588 1.0003416538238525
1357.8878965871202 1.0003703832626343
1357.9087302623363 0.99979567527771
1357.929563937226 1.0003931522369385
1357.9503976117792 0.9997789859771729
1357.9712312860156 0.99942547082901
1357.9920649599158 0.9998875856399536
1358.0128986334896 0.999336302280426
1358.0337323067472 0.9999204874038696
1358.0545659796683 0.9996272921562195
1358.0753996522733 1.0004655122756958
1358.0962333245418 1.0002214908599854
1358.1170669964938 1.0000383853912354
1358.13790066811 1.0007085800170898
1358.1587343394099 0.9997024536132812
1358.179568010373 0.9999544024467468
1358.2004016810206 1.0005228519439697
1358.2212353513314 0.9997002482414246
1358.2420690213266 1.0003210306167603
1358.2629026909851 0.9997657537460327
1358.2837363603276 1.000430703163147
1358.3045700293342 0.9994707107543945
1358.3254036980247 1.000287652015686
1358.3462373663601 1.0005055665969849
1358.3670710343624 0.9997514486312866
1358.387904702065 1.0006848573684692
1358.4087383694516 0.9996083378791809
1358.429572036502 1.0007317066192627
1358.4504057032361 0.9996668696403503
1358.4712393696343 1.0000379085540771
1358.4920730357167 1.0002607107162476
1358.5129067014627 0.9990963935852051
1358.5337403668932 1.0005191564559937
1358.5545740319872 0.9997882843017578
1358.5754076967653 0.9998509883880615
1358.5962413612076 1.0004997253417969
1358.6170750253339 1.0001139640808105
1358.6379086891238 1.0008028745651245
1358.6587423525982 0.9997283220291138
1358.6795760157365 1.0007305145263672
1358.7004096785588 0.9997971653938293
1358.7212433410448 0.9996734261512756
1358.7420770032152 1.0000898838043213
1358.7629106650493 0.9989931583404541
1358.7837443265676 0.9995654821395874
1358.8045779877498 0.9984922409057617
1358.8254116486164 1.0001202821731567
1358.8462453091465 0.9994256496429443
1358.8670789693606 0.9997830390930176
1358.8879126292388 1.0004888772964478
1358.9087462888012 0.9996362328529358
1358.9295799480271 0.9999801516532898
1358.9504136069374 1.0002108812332153
1358.9712472655117 0.9997568130493164
1358.9920809237697 0.9998085498809814
1359.0129145816916 1.0002086162567139
1359.0337482392974 1.0005534887313843
1359.054581896567 0.9994909167289734
1359.0754155535208 1.00011146068573
1359.096249210138 0.9999584555625916
1359.1170828664397 0.9992382526397705
1359.1587501780537 0.9999405741691589
1359.1795838333665 0.9997119307518005
1359.200417488363 0.9997606873512268
1359.2212511430232 1.0001206398010254
1359.2420847973674 1.0001856088638306
1359.262918451375 0.9995811581611633
1359.2837521050667 0.9996353387832642
1359.3045857584216 0.9997276067733765
1359.3254194114604 0.9994775056838989
1359.3462530641727 1.0002775192260742
1359.3670867165486 1.0002979040145874
1359.387920368608 1.0002487897872925
1359.4087540203311 1.0004043579101562
1359.4295876717374 1.0005062818527222
1359.4504213228074 1.000416874885559
1359.4712549735505 0.9998393058776855
1359.4920886239772 1.0010833740234375
1359.5129222740775 1.0004311800003052
1359.5337559238405 1.0000839233398438
1359.5545895732876 1.0009610652923584
1359.5754232223974 0.999810516834259
1359.5962568711902 1.000062346458435
1359.6170905196466 1.0003643035888672
1359.637924167786 1.000154733657837
1359.6587578155884 1.0002117156982422
1359.6795914630738 0.9993276000022888
1359.7004251102226 1.0007563829421997
1359.7212587570536 0.9997252225875854
1359.7420924035482 1.000030517578125
1359.7629260497254 1.0002731084823608
1359.7837596955653 1.00010347366333
1359.804593341088 1.0003883838653564
1359.8254269862734 0.9997706413269043
1359.8462606311418 1.0005826950073242
1359.8670942756723 0.9990620017051697
1359.8879279198854 1.0003622770309448
1359.9087615637613 1.0009337663650513
1359.9295952073196 0.9995339512825012
1359.95042885054 1.0007895231246948
1359.9712624934432 0.9998443126678467
1359.9920961360083 0.9998581409454346
1360.0129297782557 1.0003244876861572
1360.0337634201653 1.0002623796463013
1360.054597061757 1.0007067918777466
1360.0754307030104 0.9998610019683838
1360.0962643439461 1.001154899597168
1360.1170979845435 0.9997644424438477
1360.137931624823 1.0006165504455566
1360.158765264774 1.0005613565444946
1360.179598904387 1.0002268552780151
1360.2004325436712 1.001039743423462
1360.2212661826372 0.9993223547935486
1360.2420998212647 1.0007178783416748
1360.2629334595736 0.9994280934333801
1360.2837670975537 0.9998533725738525
1360.3046007351954 1.0001869201660156
1360.325434372518 0.9996145367622375
1360.3462680095017 0.9998682737350464
1360.3671016461665 0.9995273351669312
1360.3879352824922 1.0003464221954346
1360.4087689184987 1.0001473426818848
1360.4296025541664 1.0006767511367798
1360.4504361895144 1.0007392168045044
1360.4712698245232 0.9997504949569702
1360.4921034592123 1.0007299184799194
1360.5129370935622 0.9998719692230225
1360.5337707275924 1.0003820657730103
1360.5546043612826 1.0002361536026
1360.5754379946532 0.9992357492446899
1360.596271627684 1.0003936290740967
1360.6171052603947 0.9995363354682922
1360.6379388927653 0.9997699856758118
1360.6587725248157 0.9998683929443359
1360.679606156526 0.9996808767318726
1360.7004397879157 0.9998612999916077
1360.7212734189652 1.000432014465332
1360.742107049694 1.0001739263534546
1360.762940680082 1.0002354383468628
1360.7837743101493 1.0002756118774414
1360.804607939876 1.0001128911972046
1360.8254415692816 0.9998394846916199
1360.846275198346 1.0001630783081055
1360.867108827089 1.0002437829971313
1360.8879424554912 0.9998514652252197
1360.9087760835716 1.0005521774291992
1360.9296097113208 0.9998987317085266
1360.9504433387283 1.000207543373108
1360.971276965814 1.0000375509262085
1360.9921105925578 0.9995525479316711
1361.0129442189798 1.0002658367156982
1361.0337778450598 0.9996519684791565
1361.0546114708177 0.999843418598175
1361.075445096233 0.9998414516448975
1361.0962787213261 0.9989119172096252
1361.1171123460767 0.9996217489242554
1361.1379459705042 0.9993129372596741
1361.1587795945893 0.9954968690872192
1361.1796132183517 0.9992192983627319
1361.2004468417706 0.9999703168869019
1361.2212804648666 1.0003918409347534
1361.2421140876193 0.9999028444290161
1361.2629477100486 1.001149296760559
1361.2837813321441 0.9998258352279663
1361.3046149538961 1.0009554624557495
1361.3254485753243 1.0004452466964722
1361.346282196409 1.0000406503677368
1361.367115817159 1.000617504119873
1361.3879494375851 0.9990518689155579
1361.4087830576766 0.9995412826538086
1361.4296166774272 0.9998084902763367
1361.4504502968528 0.9998623728752136
1361.4712839159304 0.9998513460159302
1361.4921175346828 0.9990666508674622
1361.5129511530909 1.000126838684082
1361.533784771173 0.9987805485725403
1361.5546183889103 0.9999945759773254
1361.5754520063217 0.9991930723190308
1361.5962856233878 0.9997806549072266
1361.617119240128 1.0002057552337646
1361.65878647259 1.000885009765625
1361.679620088322 0.9999722242355347
1361.7004537037071 1.001173734664917
1361.7212873187661 1.0007083415985107
1361.7421209334782 0.9999324679374695
1361.7629545478535 1.0009580850601196
1361.7837881619014 1.0000784397125244
1361.8046217756123 1.0005216598510742
1361.8254553889756 1.000220537185669
1361.8462890020116 1.000667691230774
1361.8671226146996 1.0004510879516602
1361.8879562270602 0.9995449781417847
1361.9087898390724 1.0005786418914795
1361.9296234507565 0.9990023374557495
1361.9504570620918 0.9998651742935181
1361.9712906730988 0.9997743964195251
1361.992124283757 0.999714195728302
1362.0129578940862 0.9999605417251587
1362.0337915040764 0.9996721744537354
1362.054625113717 1.0005570650100708
1362.0754587230185 1.0000402927398682
1362.0962923319903 0.9999788403511047
1362.1171259406221 1.0003989934921265
1362.1379595489036 1.00054132938385
1362.1587931568554 1.0003693103790283
1362.1796267644565 1.0008212327957153
1362.2004603717266 1.0006024837493896
1362.2212939786464 1.0000786781311035
1362.2421275852353 1.0002570152282715
1362.2629611914724 1.0003424882888794
1362.2837947973785 0.9998158812522888
1362.3046284029328 1.0001373291015625
1362.3254620081555 1.0003629922866821
1362.3462956130259 0.9999115467071533
1362.3671292175645 1.0002169609069824
1362.3879628217603 1.000282645225525
1362.408796425604 0.9998968243598938
1362.4296300291142 1.0001622438430786
1362.4504636322717 0.9997178912162781
1362.4712972350958 0.999865710735321
1362.4921308375665 1.0002357959747314
1362.5129644397036 1.0001739263534546
1362.5337980414868 1.0006121397018433
1362.5546316429356 0.9998105764389038
1362.5754652440303 1.000465750694275
1362.59629884479 0.999881386756897
1362.6171324452055 0.9997397661209106
1362.6379660452656 0.9996766448020935
1362.6587996449905 0.9998239278793335
1362.6796332443598 1.0001566410064697
1362.7004668433938 0.9996553659439087
1362.7213004420714 1.0012704133987427
1362.742134040413 0.999851405620575
1362.762967638398 0.9999645948410034
1362.7838012360469 1.0007039308547974
1362.8046348333385 0.9995948672294617
1362.8254684302926 1.0003371238708496
1362.8463020268898 0.9997761845588684
1362.8671356231494 1.0001639127731323
1362.8879692190508 1.000563383102417
1362.9088028146143 0.9996267557144165
1362.9296364098293 1.0013651847839355
1362.9504700046857 0.9997931718826294
1362.9713035992033 1.0008598566055298
1362.992137193362 1.000283122062683
1363.0129707871806 1.0004444122314453
1363.03380438064 0.9997315406799316
1363.0546379737593 1.0000711679458618
1363.075471566519 1.0009872913360596
1363.0963051589372 0.999140202999115
1363.1171387509953 1.000382900238037
1363.1379723427124 1.0000255107879639
1363.1588059340781 0.9990118145942688
1363.1796395250824 0.9999978542327881
1363.200473115745 0.9994744658470154
1363.2213067060452 1.0000178813934326
1363.2421402960033 0.9999220967292786
1363.2629738855987 1.0003621578216553
1363.283807474851 1.0002089738845825
1363.3046410637403 1.0001078844070435
1363.3254746522862 1.0007950067520142
1363.346308240468 1.0000691413879395
1363.3671418283059 1.0006158351898193
1363.3879754157895 1.0001070499420166
1363.4088090029084 1.0007357597351074
1363.429642589672 1.000333309173584
1363.450476176091 0.9993931651115417
1363.471309762154 1.0004185438156128
1363.4921433478512 0.9997956156730652
1363.5129769332025 0.999890923500061
1363.533810518187 1.0002427101135254
1363.554644102825 1.0001300573349
1363.5754776870956 0.9997555613517761
1363.5963112710192 1.0002167224884033
1363.617144854585 1.0002127885818481
1363.637978437783 0.9995357990264893
1363.6588120206322 0.9971690773963928
1363.6796456031132 1.0001457929611206
1363.700479185245 1.0000534057617188
1363.7213127670077 1.000317931175232
1363.7421463484209 0.9998643398284912
1363.762979929464 1.000140905380249
1363.7838135101567 1.0001055002212524
1363.8046470904792 1.0002765655517578
1363.8254806704506 0.9997702240943909
1363.846314250061 1.0003790855407715
1363.8671478292995 0.9998059272766113
1363.8879814081863 1.0006227493286133
1363.908814986701 0.9996472597122192
1363.9296485648629 0.9994053244590759
1363.950482142652 0.9998373985290527
1363.971315720088 0.9991946816444397
1363.99214929715 1.0001518726348877
1364.0129828738586 0.9995166659355164
1364.0338164502025 0.9998800158500671
1364.054650026172 0.999231219291687
1364.0754836017766 0.9999833106994629
1364.096317177026 1.0002609491348267
1364.1171507519095 0.9998558163642883
1364.1588179005685 1.0002800226211548
1364.179651474343 1.000343680381775
1364.2004850477608 1.0003786087036133
1364.2213186208107 1.000200629234314
1364.2421521934834 1.0007961988449097
1364.2629857657978 0.9997242093086243
1364.2838193377336 1.0005730390548706
1364.3046529093008 1.0000059604644775
1364.3254864805083 0.9997087121009827
1364.346320051347 1.000638723373413
1364.3671536218055 0.9996363520622253
1364.3879871919034 1.0004106760025024
1364.4088207616212 0.9996458888053894
1364.429654330978 1.0006439685821533
1364.4504878999533 0.9997355341911316
1364.471321468567 1.0003142356872559
1364.492155036809 1.0007051229476929
1364.5129886046684 0.9996933341026306
1364.533822172165 1.000960350036621
1364.5546557392786 1.00017511844635
1364.5754893060287 1.0003210306167603
1364.596322872395 1.000338077545166
1364.6171564383972 0.9999370574951172
1364.6379900040247 1.000484585762024
1364.6588235692677 1.0000489950180054
1364.6796571341456 1.0003401041030884
1364.7004906986379 1.0000205039978027
1364.721324262764 1.000087857246399
1364.7421578265041 1.0006624460220337
1364.7629913898777 0.9999451637268066
1364.7838249528645 1.0010509490966797
1364.8046585154839 0.9998794198036194
1364.8254920777158 1.0006117820739746
1364.84632563958 1.0002994537353516
1364.8671592010662 1.0000280141830444
1364.8879927621635 1.0004782676696777
1364.9088263228923 0.9995008111000061
1364.9296598832318 0.9997752904891968
1364.9504934432027 0.9999282360076904
1364.9713270027833 0.9997826218605042
1364.9921605619934 0.9997949600219727
1365.0129941208133 1.000260353088379
1365.033827679263 1.000098466873169
1365.0546612373314 1.0000046491622925
1365.0754947950093 1.000366449356079
1365.0963283523154 1.0002058744430542
1365.1171619092304 1.0002317428588867
1365.1379954657732 1.0005096197128296
1365.1588290219343 1.000232458114624
1365.1796625777029 1.0005147457122803
1365.2004961330993 1.0003786087036133
1365.2213296881027 1.0004539489746094
1365.2421632427338 1.0004407167434692
1365.2629967969717 1.0005767345428467
1365.283830350837 0.9999944567680359
1365.3046639043087 1.000311255455017
1365.3254974574068 1.0002719163894653
1365.3463310101222 1.0001306533813477
1365.3671645624433 1.0001887083053589
1365.3879981143914 0.99952232837677
1365.4088316659454 1.000450849533081
1365.429665217126 0.9996293783187866
1365.4504987679131 0.9999881982803345
1365.4713323183262 1.0000196695327759
1365.492165868356 0.9999061226844788
1365.5129994179924 0.9998778104782104
1365.533832967255 0.9999896883964539
1365.5546665161246 1.0007661581039429
1365.5755000646209 0.9999808669090271
1365.5963336127245 1.0007050037384033
1365.6171671604552 1.0008708238601685
1365.6380007077935 1.0001875162124634
1365.6588342547593 1.0008693933486938
1365.6796678013436 1.000040054321289
1365.7005013475364 1.0009058713912964
1365.721334893358 0.9997316002845764
1365.7421684387891 0.9998900890350342
1365.76300198385 0.9997865557670593
1365.7838355285212 0.9989351630210876
1365.8046690728238 1.0003385543823242
1365.8255026167478 0.9993640780448914
1365.8463361602844 1.0000287294387817
1365.867169703454 0.999025821685791
1365.888003246238 1.000112771987915
1365.9088367886563 0.9998481273651123
1365.9296703306911 0.9994749426841736
1365.9505038723628 1.0010437965393066
1365.9713374136622 0.9997227191925049
1365.9921709545813 1.0002923011779785
1366.013004495141 1.0003777742385864
1366.0338380353226 0.9999557733535767
1366.0546715751477 0.998794436454773
1366.075505114598 0.9988741874694824
1366.0963386536948 1.0009739398956299
1366.11717219242 0.9998750686645508
1366.1380057307958 0.9999468922615051
1366.1588392688143 1.0001546144485474
1366.179672806467 0.9997715950012207
1366.2005063437766 0.9996753931045532
1366.221339880726 0.9991087317466736
1366.2421734173367 0.999833345413208
1366.2630069536024 0.9984617233276367
1366.2838404895153 0.9988950490951538
1366.3046740250988 0.998819887638092
1366.3255075603365 0.9981981515884399
1366.3463410952509 0.9989289045333862
1366.3671746298266 0.9992380738258362
1366.3880081640866 0.9989688396453857
1366.4088416980153 0.9991062879562378
1366.4296752316372 0.9999343156814575
1366.4505087649466 0.999976634979248
1366.4713422979378 0.9994174242019653
1366.4921758306366 1.0001487731933594
1366.5130093630275 1.0003911256790161
1366.533842895137 0.9998655319213867
1366.5546764269595 1.0001986026763916
1366.5755099584926 0.9995079040527344
1366.5963434897624 0.9995890259742737
1366.6171770207552 0.9993847608566284
1366.65884408199 0.99982750415802
1366.6796776122274 0.9994229078292847
1366.700511142239 0.999936044216156
1366.721344672014 0.9999729990959167
1366.742178201581 0.9995147585868835
1366.7630117309295 1.0005085468292236
1366.7838452600902 1.0001661777496338
1366.804678789053 0.9996082186698914
1366.8255123178494 1.0004677772521973
1366.8463458464807 0.9998624920845032
1366.8671793749493 1.0001657009124756
1366.888012903287 0.9999797940254211
1366.9088464314877 1.0005342960357666
1366.9296799595854 1.0000783205032349
1366.9505134875735 1.0001026391983032
1366.9713470154875 1.0003752708435059
1366.9921805433326 0.9997711777687073
1367.0130140711155 0.9997460246086121
1367.033847598872 1.000277042388916
1367.0546811266001 1.000108242034912
1367.075514654338 1.0001275539398193
1367.0963481820938 0.9998496174812317
1367.1171817098766 1.0011242628097534
1367.1380152377264 0.999660313129425
1368.6380303743988 0.9991833567619324
1368.6588639320512 0.9988850355148315
1368.6796974897095 0.9993253946304321
1368.7005310473787 0.9989227652549744
1368.7213646050352 0.9995433688163757
1368.7421981626553 0.9991778135299683
1368.7630317202456 0.9994936585426331
1368.7838652777737 1.0000150203704834
1368.804698835247 0.9990367293357849
1368.8255323926444 0.999847948551178
1368.846365949944 0.9995355606079102
1368.8671995071547 0.999250590801239
1368.8880330642464 1.0000543594360352
1368.9088666212294 0.9990232586860657
1368.929700178083 1.000084638595581
1368.9505337347887 0.9991294145584106
1368.971367291357 1.000012993812561
1368.9922008477595 0.9993597269058228
1369.0130344040074 0.9996292591094971
1369.0338679600839 0.9996200203895569
1369.0547015159702 0.9992126226425171
1369.0755350716795 0.9997822642326355
1369.0963686271846 0.9985355734825134
1369.1172021824989 0.9999364018440247
1369.1380357376058 0.9991662502288818
1369.158869292489 0.9991930723190308
1369.1797028471626 1.0000030994415283
1369.2005364016009 0.9994913339614868
1369.2213699558188 0.9996941685676575
1369.2422035098 0.9996595978736877
1369.2630370635306 0.9998064041137695
1369.2838706170248 0.9996820688247681
1369.304704170269 0.9996786117553711
1369.3255377232474 1.000186562538147
1369.346371275977 0.9995843172073364
1369.367204828433 1.0003331899642944
1369.3880383806313 0.9999785423278809
1369.408871932559 1.0000158548355103
1369.4297054842018 0.9998829960823059
1369.4505390355762 0.9998723268508911
1369.4713725866593 1.000229001045227
1369.4922061374675 0.9997303485870361
1369.513039687978 0.9999027848243713
1369.5338732382081 1.0000498294830322
1369.5547067881444 0.9993745684623718
1369.5755403377748 0.9995281100273132
1369.5963738871164 1.0000746250152588
1369.6172074361466 0.9991337656974792
1369.6380409848834 0.999631941318512
1369.6588745333145 0.9999432563781738
1369.6797080814274 0.9994274377822876
1369.70054162924 0.9999280571937561
1369.7213751767408 1.0000637769699097
1369.7422087239174 1.000361680984497
1369.7630422707882 0.999908983707428
1369.7838758173314 0.9997339844703674
1369.8047093635653 1.0002413988113403
1369.8255429094781 0.9993626475334167
1369.8463764550588 1.0000499486923218
1369.8672100003253 1.0002473592758179
1369.8880435452563 1.000223994255066
1369.908877089871 1.000134825706482
1369.9297106341571 1.000005841255188
1369.9505441781046 1.0005332231521606
1369.971377721731 0.9992347359657288
1369.992211265016 1.0007938146591187
1370.013044807978 0.9999563097953796
1370.0338783506068 1.0000473260879517
1370.0547118928903 0.9999309182167053
1370.075545434848 0.9998254776000977
1370.0963789764696 1.000035285949707
1370.117212517743 0.9991720914840698
1370.1380460586881 1.000549077987671
1370.1588795992839 0.9992343783378601
1370.17971313955 0.9997169375419617
1370.200546679475 1.0003058910369873
1370.2213802190486 0.9997327327728271
1370.2422137582898 1.0006295442581177
1370.263047297179 1.0000638961791992
1370.283880835734 1.000687599182129
1370.3047143739452 1.0002319812774658
1370.3255479118018 0.9998584389686584
1370.3463814493232 1.0006332397460938
1370.367214986499 0.9987165927886963
1370.3880485233185 0.9995350241661072
1370.4088820598017 0.9998577833175659
1370.4297155959277 0.999966561794281
1370.450549131716 0.999872624874115
1370.4713826671566 1.0002131462097168
1370.4922162022385 1.0000545978546143
1370.513049736982 0.9989022612571716
1370.5338832713767 1.000100016593933
1370.5547168054115 0.9996143579483032
1370.575550339107 0.9993206262588501
1370.5963838724424 1.0000790357589722
1370.6172174054375 0.9994694590568542
1370.6380509380817 0.9997285604476929
1370.6588844703654 0.9991575479507446
1370.6797180023075 0.9999322891235352
1370.7005515338988 0.9994781017303467
1370.721385065128 0.9993133544921875
1370.7422185960158 1.0000141859054565
1370.7630521265417 0.9997342228889465
1370.7838856567253 1.000139832496643
1370.8047191865464 1.0001696348190308
1370.825552716025 1.0004932880401611
1370.8463862451508 0.9998247623443604
1370.867219773914 1.0000848770141602
1370.8880533023341 1.000462293624878
1370.908886830401 0.9992353320121765
1370.9297203581043 0.9993780851364136
1370.950553885465 0.9996193051338196
1370.9713874124616 0.9993953108787537
1370.9922209391148 0.9992942214012146
1371.0130544654144 0.9996545314788818
1371.03388799135 0.999458372592926
1371.0547215169418 0.9996117949485779
1371.0755550421795 0.9996610283851624
1371.0963885670537 0.9997251629829407
1371.1588891395702 1.0008691549301147
1371.1797226630374 1.0005536079406738
1371.20055618614 1.000285029411316
1371.2213897088984 1.000934362411499
1371.2422232313027 1.000331163406372
1371.263056753342 1.0005658864974976
1371.283890275037 1.0004855394363403
1371.304723796378 1.0006687641143799
1371.325557317354 0.9998199939727783
1371.3463908379856 1.0001049041748047
1371.3672243582525 1.0005524158477783
1371.3880578781752 0.9990528225898743
1371.4088913977434 1.0006378889083862
1371.4297249169465 0.9993492364883423
1371.4505584358058 1.0002533197402954
1371.4713919543096 1.0000684261322021
1371.4922254724493 1.0001065731048584
1371.5130589902446 1.000194787979126
1371.533892507675 0.9998122453689575
1371.554726024761 1.000860571861267
1371.5755595414926 0.999872088432312
1371.5963930578594 1.0003966093063354
1371.6172265738817 1.000596046447754
1371.6380600895495 1.0004485845565796
1371.6588936048531 1.001004934310913
1371.679727119812 1.0001035928726196
1371.7005606344067 1.0013632774353027
1371.7213941486564 1.0003522634506226
1371.7422276625423 1.0000087022781372
1371.7630611760833 1.001199722290039
1371.7838946892703 0.9995102882385254
1371.8047282021032 1.0004338026046753
1371.8255617145714 0.9997557401657104
1371.8463952266952 1.0002866983413696
1371.867228738455 0.9999628067016602
1371.8880622498707 0.9999377131462097
1371.908895760932 1.0002332925796509
1371.9297292716292 0.9993404150009155
1371.9505627819822 1.000637412071228
1371.9713962919811 0.9999975562095642
1371.9922298016163 1.000654935836792
1372.0130633109072 1.0008331537246704
1372.0338968198341 1.000503659248352
1372.0547303284172 1.0009970664978027
1372.075563836646 1.0005114078521729
1372.0963973445114 1.0005145072937012
1372.1172308520324 1.0008565187454224
1372.1380643592001 1.000181794166565
1372.1588978660036 1.0008375644683838
1372.179731372464 0.9999930262565613
1372.20056487856 1.0005584955215454
1372.2213983843128 1.0000590085983276
1372.2422318897118 1.0005100965499878
1372.2630653947472 1.0000107288360596
1372.283898899439 0.9999376535415649
1372.3047324037616 1.0000911951065063
1372.3255659077229 0.9997726678848267
1372.346399411354 1.0003353357315063
1372.3672329146323 1.0004068613052368
1372.3880664175467 1.0001808404922485
1372.408899920118 1.0005295276641846
1372.4297334223259 0.999843180179596
1372.4505669241905 0.9998272061347961
1372.4714004257019 1.000150203704834
1372.4922339268503 0.9993035793304443
1372.5130674276547 0.9995618462562561
1372.533900928107 0.9999039769172668
1372.5547344281954 1.0001364946365356
1372.575567927941 1.000244379043579
1372.5964014273236 0.9999176859855652
1372.6172349263632 1.0001951456069946
1372.6380684250496 1.000112533569336
1372.658901923373 0.9996283054351807
1372.6797354213538 1.0000172853469849
1372.7005689189812 0.9999194741249084
1372.7214024162458 1.0003389120101929
1372.7422359131676 0.9999284148216248
1372.7630694097368 1.000662922859192
1372.7839029059428 1.0001744031906128
1372.8047364018062 0.9996976256370544
1372.8255698973067 1.0010250806808472
1372.846403392465 0.9992358088493347
1372.8672368872697 1.0005887746810913
1372.8880703817122 0.999850332736969
1372.908903875812 1.0000050067901611
1372.9297373695588 1.0002344846725464
1372.9505708629433 0.9998763799667358
1372.9714043559852 1.0002014636993408
1372.9922378486747 0.9991140365600586
1373.013071341001 0.9995195865631104
1373.0339048329852 0.9992033243179321
1373.0547383246167 0.9994782209396362
1373.0755718158857 1.0004408359527588
1373.0964053068121 0.9992259740829468
1373.117238797376 1.0007318258285522
1373.1380722875974 0.9998707175254822
1373.1589057774665 1.000543475151062
1373.1797392669728 0.999932050704956
1373.2005727561368 0.9992390275001526
1373.2214062449482 1.0010478496551514
1373.2422397333974 0.9995373487472534
1373.263073221504 0.9999440312385559
1373.2839067092582 0.9997751116752625
1373.30474019665 1.0001764297485352
1373.3255736836995 0.9995606541633606
1373.3464071703966 0.9995248913764954
1373.367240656731 1.000134825706482
1373.388074142723 0.9989505410194397
1373.4089076283626 1.0000263452529907
1373.42974111364 0.9999157190322876
1373.450574598575 0.9993022084236145
1373.4714080831573 0.9998776912689209
1373.4922415673773 0.9994572997093201
1373.513075051255 1.0003973245620728
1373.53390853477 0.9998750686645508
1373.5547420179428 0.9997400045394897
1373.575575500763 1.0001499652862549
1373.596408983221 0.9995083808898926
1373.6589094284998 1.0009797811508179
1373.6797429095577 0.9999836087226868
1373.7005763902632 1.0009971857070923
1373.721409870606 1.0004568099975586
1373.7422433506065 0.9999692440032959
1373.7630768302542 1.0006717443466187
1373.7839103095396 1.0005812644958496
1373.8047437884823 0.9998253583908081
1373.8255772670627 1.0003228187561035
1373.8464107453 1.0001811981201172
1373.867244223185 1.0002000331878662
1373.888077700707 1.0005202293395996
1373.9089111778867 1.0004453659057617
1373.9297446547134 1.0006957054138184
1373.9505781311775 1.000412940979004
1373.971411607299 0.9995929598808289
1373.9922450830672 1.0004221200942993
1374.0130785584731 1.0001208782196045
1374.0339120335361 1.000239372253418
1374.0547455082462 1.0004112720489502
1374.0755789825932 1.0004135370254517
1374.0964124565974 1.000818133354187
1374.1172459302486 1.000954031944275
1374.1380794035367 1.0005851984024048
1374.1589128764817 1.0001760721206665
1374.1797463490739 1.0010573863983154
1374.200579821303 0.9998865127563477
1374.221413293189 0.9999170899391174
1374.2422467647214 1.000959038734436
1374.2630802358908 0.9998395442962646
1374.283913706717 1.000422716140747
1374.3047471771897 0.9997263550758362
1374.3255806472994 1.0003122091293335
1374.3464141170653 1.0000070333480835
1374.3672475864678 1.0003275871276855
1374.388081055527 1.0005922317504883
1374.4089145242326 0.9996354579925537
1374.429747992584 1.0004335641860962
1374.4505814605727 1.0004981756210327
1374.471414928217 1.0001994371414185
1374.4922483955079 1.0004032850265503
1374.5130818624348 0.9999048709869385
1374.533915329018 1.000678300857544
1374.554748795247 0.9990541934967041
1374.5755822611125 1.0006515979766846
1374.5964157266333 1.0000557899475098
1374.6172491918005 1.0000427961349487
1374.6380826566033 1.0013532638549805
1374.6589161210618 1.0004571676254272
1374.679749585156 1.0010474920272827
1374.7005830489063 0.9998896718025208
1374.7214165123016 1.0006321668624878
1374.742249975343 0.9998958110809326
1374.763083438019 0.9997650980949402
1374.7839169003512 1.0006673336029053
1374.8047503623184 0.9998781681060791
1374.8255838239406 1.0004762411117554
1374.8464172852082 0.9997162222862244
1374.8672507461108 1.0001789331436157
1374.8880842066683 1.0001548528671265
1374.9089176668708 0.999164342880249
1374.929751126708 1.0007963180541992
1374.9505845862002 0.9996129274368286
1374.9714180453368 1.0000494718551636
1374.992251504108 1.000474214553833
1375.0130849625343 0.9995387196540833
1375.0339184206046 0.999997079372406
1375.0547518783092 1.0000605583190918
1375.0755853356682 1.00047767162323
1375.096418792671 0.9995850920677185
1375.1172522493086 1.0004315376281738
1375.1380857055992 1.0002217292785645
1375.1589191615346 0.9999605417251587
1375.1797526171033 1.0004842281341553
1375.2005860723261 1.0003399848937988
1375.221419527192 1.000305414199829
1375.2422529816918 1.000115990638733
1375.2630864358448 0.9997003674507141
1375.2839198896413 0.9995949864387512
1375.3047533430686 0.9993242621421814
1375.3255867961493 0.9995226263999939
1375.3464202488747 0.9996697306632996
1375.3672537012333 0.9994370341300964
1375.388087153245 0.999620795249939
1375.4089206048984 1.0001778602600098
1375.4297540561852 0.9999098777770996
1375.4505875071243 1.0000332593917847
1375.4714209577055 1.0004856586456299
1375.492254407919 1.000234603881836
1375.5130878577847 1.0004481077194214
1375.5339213072925 1.0004818439483643
1375.5547547564322 1.000357747077942
1375.5755882052233 0.999845564365387
1375.5964216536568 1.0003360509872437
1375.6172551017212 0.99961918592453
1375.638088549437 0.9998975992202759
1375.6589219967943 0.9998138546943665
1375.6797554437824 0.999931812286377
1375.700588890422 1.000423550605774
1375.721422336702 0.9992080926895142
1375.7422557826135 1.000411033630371
1375.763089228175 0.9998354911804199
1375.7839226733772 1.000050663948059
1375.8047561182095 1.000308632850647
1375.8255895626924 0.9999521374702454
1375.8464230068153 1.000009536743164
1375.8672564505682 0.9984973073005676
1375.8880898939706 1.000390887260437
1375.908923337013 1.0001580715179443
1375.9297567796848 0.9997307062149048
1375.950590222006 1.0006965398788452
1375.971423663966 0.9992793798446655
1375.9922571055556 1.0008434057235718
1376.0130905467943 0.999516487121582
1376.0339239876712 0.9997770190238953
1376.054757428177 1.0001742839813232
1376.0755908683313 0.9989094138145447
1376.096424308124 0.9999438524246216
1376.15892462532 0.9998689293861389
1376.179758063664 1.000147819519043
1376.2005915016362 1.0002844333648682
1376.221424939255 0.9996309280395508
1376.2422583765112 1.0010465383529663
1376.2630918133946 0.9997993111610413
1376.2839252499248 1.0006968975067139
1376.3047586860912 1.0008347034454346
1376.325592121885 1.0001355409622192
1376.3464255573244 1.0015130043029785
1376.3672589924001 1.000010371208191
1376.3880924271016 1.0017423629760742
1376.408925861449 1.0008368492126465
1376.429759295432 1.0006240606307983
1376.4505927290406 1.0009270906448364
1376.471426162294 0.9999045729637146
1376.492259595183 1.0003302097320557
1376.5130930276964 1.000052571296692
1376.5339264598545 1.0005946159362793
1376.554759891647 0.9997969269752502
1376.5755933230641 0.9998779296875
1376.5964267541253 1.0003412961959839
1376.6172601848198 0.9995964169502258
1376.6380936151384 1.000545620918274
1376.6589270451004 1.000292181968689
1376.6797604746957 1.000040888786316
1376.7005939039138 1.0004853010177612
1376.721427332775 1.0000957250595093
1376.7422607612689 1.00087571144104
1376.763094189395 1.0002926588058472
1376.7839276171435 1.0001764297485352
1376.8047610445342 1.0002895593643188
1376.8255944715563 1.000205397605896
1376.8464278981999 1.0002115964889526
1376.867261324485 1.0003986358642578
1376.8880947504015 0.9999437928199768
1376.9089281759386 0.999847412109375
1376.929761601116 1.0003880262374878
1376.9505950259247 1.0000765323638916
1376.971428450353 1.0000700950622559
1376.9922618744215 1.0003464221954346
1377.0130952981199 1.0004749298095703
1377.0339287214374 0.9995012879371643
1377.0547621443943 0.9994962811470032
1377.0755955669804 1.0001333951950073
1377.0964289891956 0.9997934103012085
1377.1172624110288 1.0002472400665283
1377.1380958325005 0.9999813437461853
1377.1589292536 1.0001318454742432
1377.1797626743178 0.9999262094497681
1377.2005960946724 0.9995010495185852
1377.221429514655 1.0001541376113892
1377.2422629342543 0.9997924566268921
1377.2630963534905 1.000239372253418
1377.283929772353 1.0001944303512573
1377.3047631908319 1.0003305673599243
1377.3255966089469 0.9996926784515381
1377.3464300266874 1.00007164478302
1377.3672634440434 0.9998277425765991
1377.388096861035 0.998920738697052
1377.4089302776508 1.0010696649551392
1377.4297636938816 0.9992439150810242
1377.4505971097465 1.0007286071777344
1377.4714305252357 1.0005371570587158
1377.4922639403485 1.0002917051315308
1377.513097355075 1.0008893013000488
1377.5339307694348 1.0001612901687622
1377.554764183417 1.0009020566940308
1377.5755975970224 0.9996833801269531
1377.5964310102402 1.000234842300415
1377.6172644230894 1.0005371570587158
1377.6380978355508 0.9996405243873596
1377.6589312476435 1.0003741979599
1377.6797646593575 0.9994722008705139
1377.700598070692 1.000348687171936
1377.7214314816374 0.9993174076080322
1377.7422648922127 0.9996482133865356
1377.7630983024083 1.0004693269729614
1377.783931712213 0.9986247420310974
1377.8047651216473 1.0007603168487549
1377.8255985307003 1.0000430345535278
1377.8464319393622 0.9998087882995605
1377.867265347652 1.0002914667129517
1377.8880987555603 0.9999738931655884
1377.9089321630859 0.9993839263916016
1377.929765570219 0.9991960525512695
1377.9505989769789 1.000347375869751
1377.9714323833457 0.9994080066680908
1377.9922657893387 0.9994689226150513
1378.0130991949475 1.0004372596740723
1378.0339326001724 0.9960973858833313
1378.0547660050022 1.0000330209732056
1378.0755994094568 0.9999777674674988
1378.0964328135265 1.0004528760910034
1378.1172662172098 0.9998652935028076
1378.1380996204975 0.9997483491897583
1378.158933023409 1.0005650520324707
1378.1797664259332 0.9994353652000427
1378.2005998280601 0.9998911023139954
1378.2214332298097 1.0001736879348755
1378.2422666311716 1.0000226497650146
1378.263100032135 0.9995349645614624
1378.2839334327196 0.999813437461853
1378.3047668329154 1.0003085136413574
1378.3256002327118 0.9994522333145142
1378.3464336321285 1.000352382659912
1378.367267031155 1.0005301237106323
1378.388100429791 0.9995066523551941
1378.408933828026 1.0000524520874023
1378.42976722588 1.0003044605255127
1378.4506006233423 0.9992123246192932
1378.4714340204023 0.9992940425872803
1378.4922674170803 0.9997954964637756
1378.513100813365 1.000022292137146
1378.5339342092568 0.9992409944534302
1378.5547676047447 0.9996620416641235
1378.575600999849 0.999075710773468
1378.5964343945586 0.9964144825935364
1378.658934576308 1.0002167224884033
1378.6797679694262 1.0006959438323975
1378.700601362158 1.0006675720214844
1378.7214347544932 1.0003130435943604
1378.7422681464209 0.9997844099998474
1378.7631015379616 1.0002491474151611
1378.783934929104 1.0004348754882812
1378.804768319848 0.9997952580451965
1378.8256017101833 1.0012009143829346
1378.8464351001292 0.9996598362922668
1378.8672684896758 1.0009410381317139
1378.888101878812 0.9996916651725769
1378.908935267558 1.0001293420791626
1378.9297686559032 1.0000349283218384
1378.9506020438473 0.9995632171630859
1378.9714354313796 1.0011630058288574
1378.99226881852 0.9999957084655762
1379.0131022052576 1.0005156993865967
1379.0339355915828 1.0006306171417236
1379.0547689775144 1.0001790523529053
1379.075602363043 1.0005278587341309
1379.0964357481669 0.9998667240142822
1379.1172691328768 1.0009063482284546
1379.1381025171916 0.9997317790985107
1379.1589359011014 1.0005323886871338
1379.1797692845955 1.00083327293396
1379.2006026676936 0.9993206858634949
1379.2214360503858 1.001206398010254
1379.2422694326608 0.9996293187141418
1379.2631028145388 1.000699520111084
1379.2839361960093 0.999663233757019
1379.304769577062 0.9996252655982971
1379.3256029577167 1.0004526376724243
1379.3464363379624 0.9996479153633118
1379.3672697177997 0.9999274611473083
1379.3881030972252 1.0001070499420166
1379.4089364762494 1.0004081726074219
1379.429769854858 1.0001797676086426
1379.4506032330557 0.9996700286865234
1379.4714366108333 1.0002814531326294
1379.4922699882102 0.9995197057723999
1379.513103365176 1.0006433725357056
1379.5339367417205 1.0000090599060059
1379.554770117863 1.0003221035003662
1379.5756034935944 1.0010485649108887
1379.5964368689129 0.9998548030853271
1379.6172702438098 1.0000733137130737
1379.6381036183038 0.9993301033973694
1379.6589369923852 0.9996818900108337
1379.6797703660536 0.9992955923080444
1379.7006037392991 0.9997250437736511
1379.7214371121418 1.0000190734863281
1379.7422704845703 0.9997668862342834
1379.7631038565762 0.9998172521591187
1379.7839372281783 0.9998708963394165
1379.804770599367 0.9997783303260803
1379.825603970132 1.000154733657837
1379.8464373404938 0.9997298121452332
1379.8672707104417 1.0000184774398804
1379.8881040799765 1.000096082687378
1379.9089374490877 0.9996247887611389
1379.929770817796 1.0003526210784912
1379.950604186091 0.9995983242988586
1379.9714375539631 0.9996139407157898
1379.9922709214325 0.999096155166626
1380.0131042884896 0.9989043474197388
1380.0339376551347 0.9994850158691406
1380.0547710213582 0.9993645548820496
1380.0756043871804 0.9992539286613464
1380.0964377525916 0.9998448491096497
1380.1172711175827 0.9999464154243469
1380.1381044821744 1.0000581741333008
1380.1589378463566 0.9995747208595276
1380.1797712101306 1.0004112720489502
1380.2006045734872 0.998713493347168
1380.221437936447 1.000327706336975
1380.242271299001 1.0005098581314087
1380.26310466115 0.999477744102478
1380.2839380228852 1.0005449056625366
1380.304771384228 0.9992725253105164
1380.3256047451694 1.000391960144043
1380.346438105701 0.9998587369918823
1380.3672714658437 0.9994122982025146
1380.38810482559 0.9996462464332581
1380.4089381849408 0.9986396431922913
1380.429771543888 0.9997700452804565
1380.450604902454 0.998781144618988
1380.47143826063 0.9988966584205627
1380.4922716184192 0.9991495013237
1380.5131049758133 0.9988707900047302
1380.5339383328353 0.999961256980896
1380.554771689477 0.9987454414367676
1380.5756050457326 1.0001882314682007
1380.5964384016238 0.9994112253189087
1380.6172717571446 0.9995021820068359
1380.6381051122878 1.0010141134262085
1380.6589384670779 0.9991819858551025
1380.6797718215082 1.0010980367660522
1380.7006051755827 0.9997543692588806
1380.7214385293064 1.0002121925354004
1380.742271882673 1.000191569328308
1380.7631052357078 0.9999649524688721
1380.7839385884063 1.0005552768707275
1380.8047719407632 0.9990159273147583
1380.8256052928052 1.0001972913742065
1380.8464386445278 0.9993033409118652
1380.8672719959275 0.9995211362838745
1380.8881053470318 0.9999001622200012
1380.9089386978371 0.9991707801818848
1380.9297720483512 1.0001482963562012
1380.9506053985824 0.9991439580917358
1380.971438748529 0.9998201131820679
1380.9922720982202 0.9999317526817322
1381.0131054476549 0.9989779591560364
1381.033938796834 1.0006574392318726
1381.0547721457865 0.9997584223747253
1381.075605494515 1.0000309944152832
1381.0964388430302 0.9993839263916016
1381.1589388874104 1.0001769065856934
1381.1797722352003 1.000956654548645
1381.2006055828338 0.9997843503952026
1381.2214389303472 1.0003284215927124
1381.242272277745 1.0008734464645386
1381.2631056250357 0.9996009469032288
1381.2839389722558 1.0004065036773682
1381.3047723194143 1.0000983476638794
1381.3256056665296 0.9999729990959167
1381.3464390136123 0.9996286034584045
1381.3672723607024 0.9994610548019409
1381.3881057078117 1.0002104043960571
1381.408939054952 1.0001780986785889
1381.4297724021667 0.9998777508735657
1381.4506057494689 1.000576376914978
1381.4714390968838 1.0005462169647217
1381.4922724444357 1.0004206895828247