1354.1410334718469 0.9997266530990601
1354.161867635919 0.9990730881690979
1354.1827017976107 0.9990048408508301
1354.203535956959 1.0002893209457397
1354.2243701140035 0.999697744846344
1354.245204268753 0.9999260902404785
1354.266038421258 0.9994545578956604
1354.2868725715286 0.9996386170387268
1354.3077067196157 0.9997682571411133
1354.32854086553 1.0005402565002441
1354.3493750093226 0.9991785287857056
1354.370209151004 0.9987391233444214
1354.3910432906257 0.9998215436935425
1354.4118774281976 1.0001460313796997
1354.432711563761 1.0001469850540161
1354.4535456973551 0.999544620513916
1354.47437982899 0.9998737573623657
1354.4952139587158 0.9992046356201172
1354.5160480865404 0.9990968108177185
1354.536882212513 0.9996387362480164
1354.5577163366413 0.999125599861145
1354.5785504589737 0.9992803931236267
1354.5993845795163 1.0000545978546143
1354.620218698316 0.9993811845779419
1354.6410528153788 0.9998015761375427
1354.6618869307504 0.9999570846557617
1354.6827210444358 0.9995126724243164
1354.7035551564788 0.9996736645698547
1354.7243892668841 0.9993522763252258
1354.7452233756944 0.9992792010307312
1354.7660574829126 1.000201940536499
1354.7868915885713 0.999516487121582
1354.8077256927018 0.9998671412467957
1354.8285597953052 0.9998055100440979
1354.8493938964223 0.9985945820808411
1354.8702279960537 1.0000414848327637
1354.8910620942384 0.9992228746414185
1354.9118961909758 1.0000962018966675
1354.9327302863044 1.0000947713851929
1354.953564380223 0.9986407160758972
1354.9743984727688 1.0004974603652954
1354.9952325639395 1.0000407695770264
1355.016066653771 0.9996956586837769
1355.036900742261 0.9995781183242798
1355.0577348294346 0.9995941519737244
1355.0785689153176 0.9998400807380676
1355.0994029999056 0.998884379863739
1355.1202370832325 0.9999427795410156
1355.1410711652936 1.000612497329712
1355.1619052461226 0.9998540878295898
1355.1827393257126 0.9994801878929138
1355.203573404098 0.9983669519424438
1355.224407481271 0.9998202919960022
1355.2452415572643 0.9992771148681641
1355.2660756320706 1.0005147457122803
1355.2869097057219 0.9995660781860352
1355.3077437782092 1.0003883838653564
1355.328577849565 0.9992562532424927
1355.3494119197792 1.000213384628296
1355.3702459888834 0.9983383417129517
1355.3910800568683 1.0000687837600708
1355.4119141237538 1.0001065731048584
1355.4327481895598 0.9998006820678711
1355.4535822542866 0.9998974800109863
1355.4744163179334 0.9991052150726318
1355.4952503805196 1.0000896453857422
1355.5160844420643 0.9988959431648254
1355.5369185025565 0.9991010427474976
1355.557752562024 1.0004384517669678
1355.578586620457 1.0008211135864258
1355.5994206778817 1.000174641609192
1355.6202547342878 0.9991845488548279
1355.6410887897016 0.9999068379402161
1355.6619228441123 0.9999568462371826
1355.6827568975464 1.0000020265579224
1355.7035909499914 1.0001530647277832
1355.7244250014744 1.0002683401107788
1355.7452590519824 1.0006041526794434
1355.7660931015325 0.9996382594108582
1355.7869271501406 0.9987212419509888
1355.807761197804 0.999841570854187
1355.8285952445187 0.9995912313461304
1355.8494292903006 0.9997270107269287
1355.870263335166 1.0010300874710083
1355.8910973791008 1.0002466440200806
1355.9119314221314 1.000438928604126
1355.932765464242 0.9990332722663879
1355.9535995054594 0.9995241165161133
1355.9744335457685 1.0007917881011963
1355.9952675851948 0.9989636540412903
1356.0161016237232 0.9995413422584534
1356.0369356613792 1.0002644062042236
1356.0577696981472 1.0007209777832031
1356.0786037340522 0.9997557997703552
1356.0994377690793 0.9994214773178101
1356.1202718032528 0.9992746114730835
1356.141105836557 1.0004085302352905
1356.161939869017 0.9986686706542969
1356.1827739006167 0.9996874332427979
1356.2036079313807 0.9994742274284363
1356.2244419612928 0.9994315505027771
1356.245275990367 1.000624179840088
1356.2661100186178 1.0000543594360352
1356.2869440460388 0.9993219971656799
1356.3077780726237 0.9991122484207153
1356.3286120983967 1.000369668006897
1356.3494461233413 0.9995632767677307
1356.370280147471 0.9990000128746033
1356.3911141707995 0.9990357756614685
1356.4119481933099 0.9991940855979919
1356.4327822150262 0.9998443722724915
1356.4536162359313 1.0001254081726074
1356.4744502560488 0.9995934367179871
1356.4952842753619 0.9998698830604553
1356.5161182938934 1.0000993013381958
1356.5369523116265 0.9997692108154297
1356.5577863285844 0.9996291399002075
1356.57862034475 0.9997970461845398
1356.5994543601462 1.0000324249267578
1356.6202883747558 0.9998824000358582
1356.6619564016673 1.0001837015151978
1356.6827904139745 1.0002561807632446
1356.7036244255057 0.9991863369941711
1356.7244584362843 0.9993324875831604
1356.7452924462925 1.0000243186950684
1356.7661264555431 1.0004156827926636
1356.7869604640482 0.9990703463554382
1356.8077944718004 1.000075101852417
1356.8286284787919 0.9996713399887085
1356.8494624850355 0.9998189210891724
1356.8702964905433 1.0011792182922363
1356.8911304952976 0.9998706579208374
1356.91196449932 0.9999887943267822
1356.9327985025939 0.9999312162399292
1356.9536325051404 1.0002613067626953
1356.9744665069425 1.0000847578048706
1356.9953005080213 0.9999207854270935
1357.01613450836 1.0003055334091187
1357.0369685079795 1.0002520084381104
1357.0578025068628 0.9998246431350708
1357.078636505031 0.999614417552948
1357.0994705024664 1.0000041723251343
1357.120304499191 0.9997873902320862
1357.1411384951864 0.9996393918991089
1357.161972490475 1.0000104904174805
1357.1828064850379 0.9996733665466309
1357.2036404788967 1.0003560781478882
1357.2244744720342 1.0000649690628052
1357.2453084644712 1.0002764463424683
1357.26614245619 0.9995647668838501
1357.2869764472118 1.001068115234375
1357.3078104375186 0.9994396567344666
1357.3286444271316 1.0002739429473877
1357.3494784160332 1.0001171827316284
1357.370312404244 1.000587821006775
1357.3911463917461 1.0006046295166016
1357.4119803785609 0.9999257922172546
1357.43281436467 1.0004254579544067
1357.453648350095 1.0002460479736328
1357.474482334817 0.9997051954269409
1357.4953163188472 1.00008225440979
1357.516150302198 1.0003587007522583
1357.5369842848497 1.0001014471054077
1357.5578182668246 0.9999858140945435
1357.5786522481137 0.9996986389160156
1357.5994862287082 0.9998132586479187
1357.6203202086297 1.0000725984573364
1357.6411541878595 1.0002660751342773
1357.6619881664083 0.9998199939727783
1357.6828221442881 1.0000996589660645
1357.7036561214802 1.0003694295883179
1357.724490098005 1.0003694295883179
1357.7453240738546 0.9996281266212463
1357.7661580490199 0.9995200037956238
1357.7869920235119 1.0011050701141357
1357.807825997342 1.0001626014709473
1357.8286599704913 0.9993185997009277
1357.849493942981 1.0002591609954834
1357.8703279147924 1.0000839233398438
1357.891161885946 1.0001095533370972
1357.9119958564338 0.9996287226676941
1357.9328298262462 1.0001431703567505
1357.9536637953945 0.9999706149101257
1357.9744977638898 0.99990314245224
1357.9953317317133 0.9998218417167664
1358.0161656988857 0.9994527697563171
1358.036999665388 0.9993354082107544
1358.0578336312421 1.000116229057312
1358.078667596428 1.0009762048721313
1358.0995015609672 1.0003257989883423
1358.1203355248404 1.0005764961242676
1358.141169488069 1.0010026693344116
1358.1620034506334 0.9989708662033081
1358.1828374125546 1.0008260011672974
1358.2036713738144 0.9997660517692566
1358.224505334433 0.9999831318855286
1358.245339294391 0.9996088743209839
1358.2661732537103 1.0004888772964478
1358.2870072123712 0.9995095729827881
1358.3078411703943 1.0006141662597656
1358.3286751277612 1.0006983280181885
1358.3495090846202 1.0007152557373047
1358.3703430408107 0.9997085928916931
1358.3911769962538 1.0000476837158203
1358.4120109510436 1.0003267526626587
1358.4328449052016 0.9994550347328186
1358.4536788587077 0.9994488954544067
1358.4745128115835 0.9988635778427124
1358.4953467638095 0.9996803402900696
1358.516180715407 1.0001980066299438
1358.5370146663558 0.9993927478790283
1358.5578486166778 1.000502586364746
1358.5786825663533 0.999661386013031
1358.599516515403 0.9993929862976074
1358.6203504638079 1.0003154277801514
1358.6411844115887 1.0008463859558105
1358.6620183587258 0.9998701214790344
1358.6828523052409 1.0010080337524414
1358.7036862511136 0.999474823474884
1358.7245201963658 0.9991061091423035
1358.7453541409773 0.9996309876441956
1358.766188084969 1.0010263919830322
1358.787022028322 0.9999609589576721
1358.8078559710573 0.9987403750419617
1358.8286899131547 1.0004165172576904
1358.8495238546357 0.9996741414070129
1358.8703577954807 1.0007247924804688
1358.8911917357104 0.9997835755348206
1358.9120256753056 0.9997633099555969
1358.9328596142868 1.0004894733428955
1358.953693552635 0.9997543096542358
1358.9745274903707 0.9994037747383118
1358.9953614274746 0.9998125433921814
1359.0161953639677 0.9991644024848938
1359.03702929983 0.9990038275718689
1359.0578632350826 0.9996638298034668
1359.0786971697062 0.9990216493606567
1359.0995311037213 0.9992846250534058
1359.1203650371087 0.9999990463256836
1359.1620329020432 0.9999063611030579
1359.1828668335916 1.0006096363067627
1359.2037007645145 0.9998942017555237
1359.2245346948332 1.0010043382644653
1359.2453686245278 1.0001572370529175
1359.2662025536195 1.0001524686813354
1359.2870364820883 1.0002412796020508
1359.3078704099557 1.0002150535583496
1359.3287043372013 0.9999480247497559
1359.3495382638462 0.9996395111083984
1359.3703721898714 1.0002837181091309
1359.391206115297 1.0003023147583008
1359.4120400401139 1.0011485815048218
1359.4328739643126 1.0004305839538574
1359.4537078879134 0.9993254542350769
1359.474541810898 1.0001970529556274
1359.4953757332755 1.000458836555481
1359.5162096550578 0.9994748830795288
1359.5370435762245 1.0000791549682617
1359.5578774967971 0.9997862577438354
1359.5787114167654 1.000572681427002
1359.5995453361209 1.000396728515625
1359.6203792548831 0.9985771775245667
1359.6412131730335 0.9999239444732666
1359.6620470905823 1.0003105401992798
1359.6828810075403 0.9997784495353699
1359.7037149238877 1.0003799200057983
1359.7245488396456 1.000626564025879
1359.745382754804 1.0003095865249634
1359.7662166693547 1.0001769065856934
1359.7870505833166 1.0002291202545166
1359.8078844966715 1.001088261604309
1359.8287184094393 1.0004600286483765
1359.849552321601 1.0001904964447021
1359.870386233177 1.0007890462875366
1359.8912201441483 0.9988086223602295
1359.9120540545348 0.9996389746665955
1359.9328879643174 1.000023365020752
1359.953721873517 1.000571846961975
1359.9745557821138 1.0016204118728638
1359.9953896901284 0.9994527101516724
1360.0162235975415 1.000180721282959
1360.0370575043733 0.9998243451118469
1360.0578914106054 0.9998008012771606
1360.078725316257 1.0002613067626953
1360.0995592213098 0.9995629787445068
1360.1203931257837 0.9992428421974182
1360.1412270296598 1.000852108001709
1360.162060932958 1.00010347366333
1360.18289483566 0.9994261860847473
1360.203728737785 1.0002800226211548
1360.2245626393146 1.0000320672988892
1360.2453965402688 1.000157356262207
1360.2662304406285 0.9997285604476929
1360.287064340414 1.000370740890503
1360.3078982396064 1.000126838684082
1360.3287321382259 1.0001503229141235
1360.3495660362632 0.9997538924217224
1360.3703999337085 1.000012993812561
1360.3912338305831 1.000030755996704
1360.412067726867 0.9996972680091858
1360.432901622571 1.0001078844070435
1360.4537355177056 0.9995496869087219
1360.4745694122519 1.0005449056625366
1360.4954033062295 0.99983811378479
1360.5162371996298 0.9990444183349609
1360.5370710924428 0.999214231967926
1360.55790498469 1.0000492334365845
1360.578738876351 0.9998070597648621
1360.5995727674467 1.0002094507217407
1360.620406657958 1.000309944152832
1360.6412405479057 1.0001853704452515
1360.6620744372694 0.9997335076332092
1360.6829083260704 1.0006155967712402
1360.7037422142894 1.0005000829696655
1360.7245761019467 0.999000072479248
1360.745409989023 1.0005501508712769
1360.766243875539 0.9996131062507629
1360.7870777614753 0.9994514584541321
1360.8079116468525 1.0002334117889404
1360.8287455316508 1.0002045631408691
1360.8495794158914 0.999748945236206
1360.870413299555 0.9996113777160645
1360.8912471826613 1.000146508216858
1360.9120810652018 1.000154733657837
1360.932914947167 0.9998873472213745
1360.9537488285775 1.0001076459884644
1360.9745827094134 0.9995143413543701
1360.9954165896959 1.000218152999878
1361.0162504694053 1.000151515007019
1361.0370843485628 0.999621570110321
1361.0579182271483 0.999790608882904
1361.0787521051834 0.9992585778236389
1361.0995859826476 0.9992204904556274
1361.1204198595622 0.9999983310699463
1361.1412537359076 0.999263346195221
1361.162087611705 0.9938015341758728
1361.182921486934 1.0005346536636353
1361.2037553616165 0.9997696280479431
1361.2245892357325 1.0001643896102905
1361.2454231093027 0.9994252920150757
1361.2662569823076 0.999794602394104
1361.2870908547682 0.9991396069526672
1361.307924726665 0.9990693926811218
1361.3287585980188 1.0017708539962769
1361.3495924688202 1.000484824180603
1361.37042633906 0.999847948551178
1361.3912602087585 0.9995720982551575
1361.412094077897 1.0003578662872314
1361.4329279465167 0.9998249411582947
1361.4537618145941 0.9992536306381226
1361.4745956820957 0.9996187090873718
1361.4954295490402 0.9991658329963684
1361.5162634154476 1.0009499788284302
1361.5370972812993 1.000317096710205
1361.5579311466154 1.0001026391983032
1361.5787650113768 0.9999566078186035
1361.5995988756044 1.0001285076141357
1361.6204327392788 0.998765230178833
1361.6621004650117 1.0004258155822754
1361.6829343270708 1.0003482103347778
1361.7037681885806 1.0009369850158691
1361.7246020495604 1.0004462003707886
1361.745435909992 1.0002102851867676
1361.7662697698954 1.000895380973816
1361.787103629252 1.000945806503296
1361.807937488082 0.9998751878738403
1361.828771346377 0.9997991919517517
1361.8496052041269 1.0006557703018188
1361.8704390613532 1.0000600814819336
1361.8912729180358 1.0013214349746704
1361.9121067741967 1.0001908540725708
1361.932940629816 0.9994733333587646
1361.9537744849144 0.9992411136627197
1361.974608339473 0.9997044205665588
1361.9954421935129 1.0000267028808594
1362.0162760470141 0.9993628263473511
1362.0371098999985 1.000644326210022
1362.0579437524461 0.999828577041626
1362.0787776043783 1.0000964403152466
1362.0996114557856 1.0003266334533691
1362.120445306659 1.0006192922592163
1362.1412791570096 0.9998793005943298
1362.162113006848 1.0006479024887085
1362.182946856165 0.9997329711914062
1362.203780704952 0.9994007349014282
1362.224614553229 0.9991123080253601
1362.2454484009781 1.0005857944488525
1362.2662822482196 0.9992677569389343
1362.2871160949342 0.9994669556617737
1362.307949941143 1.000295877456665
1362.3287837868272 0.9996553063392639
1362.3496176320075 0.9996880888938904
1362.370451476665 1.0005085468292236
1362.3912853208205 1.0005528926849365
1362.4121191644551 0.9998067617416382
1362.43295300759 0.9997356534004211
1362.453786850216 0.9997342228889465
1362.4746206923235 1.0003193616867065
1362.4954545339347 1.0000747442245483
1362.5162883750295 0.9995781779289246
1362.5371222156298 1.0000866651535034
1362.557956055716 1.0008405447006226
1362.5787898953095 0.9999471306800842
1362.5996237343911 0.999096691608429
1362.6204575729823 0.9999383687973022
1362.6412914110638 0.9998157620429993
1362.6621252486568 1.0003138780593872
1362.6829590857424 1.0003947019577026
1362.7037929223416 1.0001839399337769
1362.7246267584458 1.000112533569336
1362.7454605940459 1.0003587007522583
1362.766294429163 1.0001639127731323
1362.7871282637782 1.0001941919326782
1362.8079620979129 1.0008095502853394
1362.8287959315483 1.0008034706115723
1362.849629764705 1.0001634359359741
1362.8704635973647 0.9994842410087585
1362.891297429549 1.0008970499038696
1362.9121312612383 0.9996752738952637
1362.9329650924542 0.9999933242797852
1362.9537989231878 0.9991638660430908
1362.9746327534308 1.0007553100585938
1362.9954665832038 1.0006085634231567
1363.0163004124886 1.0005422830581665
1363.0371342413064 1.000403642654419
1363.0579680696383 1.0001349449157715
1363.0788018975056 1.0002278089523315
1363.09963572489 0.9995395541191101
1363.1204695518122 0.9989267587661743
1363.1413033782544 1.0004966259002686
1363.1621372042375 1.0000535249710083
1363.182971029743 0.9997166991233826
1363.2038048547915 1.0004823207855225
1363.224638679376 0.9998381733894348
1363.2454725034866 1.000599980354309
1363.2663063271455 1.0002665519714355
1363.2871401503337 0.9999251365661621
1363.3079739730729 0.999378502368927
1363.3288077953448 1.0003149509429932
1363.3496416171704 1.0002490282058716
1363.3704754385317 1.0011066198349
1363.3913092594498 0.9996337890625
1363.4121430799066 1.000242829322815
1363.4329768999237 1.0006698369979858
1363.4538107194926 0.9989016652107239
1363.474644538605 1.000662088394165
1363.4954783572823 0.9986554384231567
1363.5163121755063 1.0003036260604858
1363.5371459932985 1.0003379583358765
1363.557979810641 1.0007542371749878
1363.578813627555 1.000483512878418
1363.599647444023 0.9998034238815308
1363.6204812600658 1.0000133514404297
1363.6413150756657 0.9999963045120239
1363.6621488908445 0.9950103163719177
1363.682982705594 0.9991527795791626
1363.7038165199056 1.001100778579712
1363.7246503338017 1.0014327764511108
1363.745484147264 0.998511016368866
1363.7663179603146 0.9996139407157898
1363.787151772935 0.9999182820320129
1363.807985585147 1.0001691579818726
1363.8288193969333 1.0002036094665527
1363.8496532083157 0.9991219639778137
1363.8704870192857 1.0006349086761475
1363.8913208298356 1.0007236003875732
1363.9121546399879 1.0004364252090454
1363.9329884497242 0.9992460608482361
1363.9538222590666 0.9995423555374146
1363.9746560679976 0.9991986751556396
1363.995489876539 0.9989698529243469
1364.0163236846731 0.999350905418396
1364.0371574924225 1.0011790990829468
1364.057991299769 0.9996500015258789
1364.0788251067347 0.9998065829277039
1364.0996589133129 1.0000181198120117
1364.120492719495 0.9989410638809204
1364.162160330721 0.9999781847000122
1364.18299413577 0.9992426037788391
1364.2038279404333 0.9999459981918335
1364.2246617447322 1.0001177787780762
1364.2454955486505 1.000369906425476
1364.2663293522103 1.0007917881011963
1364.287163155404 0.999670684337616
1364.3079969582245 1.0000423192977905
1364.3288307606945 0.9995251297950745
1364.3496645627965 0.9991264939308167
1364.3704983645534 1.0001931190490723
1364.3913321659481 0.9997450709342957
1364.412165967003 0.998652458190918
1364.4329997677114 0.9999133348464966
1364.4538335680659 0.999617338180542
1364.4746673680795 0.9992356300354004
1364.4955011677655 0.9998126029968262
1364.5163349671163 1.0003504753112793
1364.537168766126 0.9999285936355591
1364.5580025648162 0.998886227607727
1364.5788363631711 1.0004754066467285
1364.599670161214 0.9997681975364685
1364.6205039589277 1.0003482103347778
1364.6413377563354 1.0001243352890015
1364.6621715534206 1.0009150505065918
1364.6830053502067 0.9994503855705261
1364.7038391466874 0.9996058344841003
1364.724672942856 1.0006335973739624
1364.7455067387355 1.0006872415542603
1364.7663405343103 0.9998825788497925
1364.7871743296037 0.999690055847168
1364.808008124599 0.9999860525131226
1364.8288419193207 0.9990227818489075
1364.849675713762 1.0003247261047363
1364.870509507917 0.9996938705444336
1364.8913433018092 0.9999932646751404
1364.9121770954232 0.9996697306632996
1364.9330108887827 0.9999247193336487
1364.953844681925 1.0006855726242065
1364.9746784748154 0.9994122982025146
1364.995512267397 0.9991710186004639
1365.0163460597407 1.0002148151397705
1365.0371798518413 0.9997817873954773
1365.0580136436927 1.0005476474761963
1365.0788474353194 1.0001323223114014
1365.0996812267065 1.0001436471939087
1365.1205150178778 1.0000412464141846
1365.1413488088187 0.9991492629051208
1365.1621825995533 1.000307321548462
1365.183016390067 1.0004475116729736
1365.2038501803845 1.00040864944458
1365.2246839705006 0.9999234080314636
1365.2455177604106 1.0003626346588135
1365.2663515501395 1.0004050731658936
1365.2871853396723 1.0002436637878418
1365.3080191290348 1.0001260042190552
1365.3288529182119 0.9997482895851135
1365.349686707229 1.0000176429748535
1365.3705204960822 1.0006580352783203
1365.3913542847667 1.0
1365.412188073308 1.0008413791656494
1365.4330218616926 1.0002024173736572
1365.4538556499456 0.999569296836853
1365.4746894380537 0.9997807145118713
1365.495523226042 0.9990748167037964
1365.5163570138977 0.9995322823524475
1365.5371908016466 1.0003018379211426
1365.558024589285 0.9994825720787048
1365.5788583768094 1.0002927780151367
1365.5996921642463 1.0002673864364624
1365.6205259515825 1.0004277229309082
1365.6413597388448 1.000716209411621
1365.66219352603 1.0000280141830444
1365.6830273131345 0.9997059106826782
1365.7038611001867 1.0010507106781006
1365.724694887172 1.0001643896102905
1365.7455286741192 0.9996802806854248
1365.7663624610145 1.0006250143051147
1365.7871962478864 1.0005433559417725
1365.808030034722 0.9993041753768921
1365.8288638215488 1.000724196434021
1365.849697608365 1.0002332925796509
1365.8705313951684 1.0004326105117798
1365.8913651819867 1.0002683401107788
1365.9121989688085 1.000475525856018
1365.9330327556618 1.0008972883224487
1365.953866542535 1.000788688659668
1365.9747003294567 0.999961793422699
1365.9955341164252 1.0011409521102905
1366.0163679034395 1.0002331733703613
1366.037201690528 1.0006626844406128
1366.0580354776796 0.9982602000236511
1366.0788692649237 0.99873948097229
1366.099703052249 1.0002360343933105
1366.120536839685 1.000319242477417
1366.1413706272303 1.0005615949630737
1366.1622044148849 0.9995735287666321
1366.183038202678 1.0005614757537842
1366.2038719905993 1.0004512071609497
1366.2247057786778 0.9994425773620605
1366.2455395669037 1.000722885131836
1366.2663733553065 0.9998501539230347
1366.2872071438762 0.9998196363449097
1366.3080409326421 1.000149130821228
1366.3288747216045 0.9992534518241882
1366.349708510763 0.9999815225601196
1366.3705423001477 1.0003514289855957
1366.3913760897583 0.9990123510360718
1366.4122098795942 0.9990253448486328
1366.4330436696862 0.9992755651473999
1366.4538774600233 0.9996252655982971
1366.4747112506354 0.9999825358390808
1366.4955450415123 0.9995287656784058
1366.5163788326836 0.9995537996292114
1366.5372126241382 1.0006519556045532
1366.558046415906 1.0007598400115967
1366.5788802079753 0.9999758005142212
1366.5997140003756 0.9989690184593201
1366.6205477931055 1.0004785060882568
1366.6622153795763 1.0004818439483643
1366.6830491733333 1.0010095834732056
1366.7038829674607 1.000618815422058
1366.7247167619562 1.0000687837600708
1366.7455505568153 1.0001338720321655
1366.7663843520647 1.000550627708435
1366.787218147689 0.9996933937072754
1366.8080519437128 1.0009865760803223
1366.8288857401305 1.0012961626052856
1366.849719536935 1.000840663909912
1366.870553334148 1.0012521743774414
1366.891387131752 0.9998946785926819
1366.9122209297661 1.0009124279022217
1366.9330547281706 1.0015318393707275
1366.953888526983 1.000288963317871
1366.9747223261902 1.0011210441589355
1366.995556125778 1.0014780759811401
1367.0163899257602 1.0001473426818848
1367.0372237261092 0.9999378323554993
1367.0580575268364 1.0011287927627563
1367.0788913279205 1.0010067224502563
1367.0997251293388 1.000401258468628
1367.1205589310966 1.0009907484054565
1367.1413927331573 1.0010862350463867
1368.6414241368693 0.9990406036376953
1368.662257835839 0.999918520450592
1368.6830915327357 0.9998257160186768
1368.7039252275727 0.9991434812545776
1368.7247589203635 0.9987189769744873
1368.745592611152 1.0006568431854248
1368.7664262999408 0.9995236396789551
1368.787259986774 1.0000921487808228
1368.8080936716551 0.9987898468971252
1368.8289273546275 0.9992985129356384
1368.849761035704 0.9991426467895508
1368.8705947148976 0.9983869791030884
1368.8914283922513 0.9996811747550964
1368.9122620677672 0.9987688064575195
1368.9330957414882 0.9985200762748718
1368.9539294134254 0.9986826181411743
1368.9747630835916 1.0003212690353394
1368.995596752027 0.9999486804008484
1369.0164304187335 0.9989016056060791
1369.037264083751 0.9991626143455505
1369.0580977470909 1.0000135898590088
1369.0789314087624 1.0003743171691895
1369.0997650688053 1.0000029802322388
1369.120598727229 0.9996044635772705
1369.1414323840427 0.9999241232872009
1369.1622660392843 0.9988684058189392
1369.183099692953 0.9987218976020813
1369.2039333450857 0.9994279146194458
1369.2247669956807 0.9993482232093811
1369.245600644775 0.9981194734573364
1369.266434292375 1.0000346899032593
1369.2872679384875 1.0004465579986572
1369.3081015831485 0.9993030428886414
1369.328935226364 0.999798059463501
1369.3497688681389 0.9989544749259949
1369.370602508509 1.0000840425491333
1369.3914361474685 0.9996939897537231
1369.412269785052 0.9994122385978699
1369.4331034212641 0.9993804097175598
1369.453937056108 0.9997727274894714
1369.4747706896173 1.000657320022583
1369.4956043217862 0.999645471572876
1369.5164379526464 0.9997040033340454
1369.5372715822011 0.9989981055259705
1369.5581052104524 1.0004366636276245
1369.5789388374328 1.0006009340286255
1369.5997724631438 1.0005508661270142
1369.6206060875872 1.000382423400879
1369.6414397107942 0.9999286532402039
1369.662273332756 0.9991458654403687
1369.683106953503 0.9992101788520813
1369.7039405730263 1.0002368688583374
1369.724774191356 0.9995229244232178
1369.745607808492 0.999258816242218
1369.7664414244343 1.0003727674484253
1369.7872750392128 0.9998418688774109
1369.8081086528166 0.9991878867149353
1369.8289422652754 0.9998412132263184
1369.849775876588 0.9999856948852539
1369.8706094867528 1.000316858291626
1369.891443095799 1.000618577003479
1369.9122767037152 0.9995561838150024
1369.9331103105292 1.0001749992370605
1369.9539439162393 0.9995146989822388
1369.9747775208439 0.9994373917579651
1369.9956111243696 1.0002686977386475
1370.0164447268153 0.9997859001159668
1370.0372783281773 1.0003145933151245
1370.0581119284836 0.9990569949150085
1370.0789455277213 1.000691294670105
1370.099779125917 0.9998262524604797
1370.1206127230678 1.0016758441925049
1370.1414463191702 0.9987512826919556
1370.1622799142506 0.998759925365448
1370.183113508296 1.0001747608184814
1370.203947101332 1.00020170211792
1370.2247806933551 0.9994577169418335
1370.2456142843614 1.000173568725586
1370.2664478743766 1.0000944137573242
1370.2872814633863 0.9990003108978271
1370.3081150514167 0.9991634488105774
1370.3289486384633 0.9989067316055298
1370.3497822245208 0.9999508857727051
1370.3706158096152 0.9998844265937805
1370.3914493937314 1.0007710456848145
1370.4122829768946 1.0001804828643799
1370.4331165591 0.9998899102210999
1370.4539501403422 1.0002739429473877
1370.4747837206462 0.9992738366127014
1370.495617299997 1.000108242034912
1370.5164508784187 1.0010311603546143
1370.5372844559065 0.9994509816169739
1370.5581180324539 1.0001094341278076
1370.5789516080863 1.0007628202438354
1370.5997851827974 0.9992481470108032
1370.6206187565817 0.9991852641105652
1370.641452329463 1.0007400512695312
1370.6622859014358 0.9997112154960632
1370.683119472494 0.999855637550354
1370.7039530426612 1.0000866651535034
1370.7247866119212 1.0004311800003052
1370.7456201802984 0.9997164011001587
1370.766453747786 0.9997023940086365
1370.7872873143776 1.0005367994308472
1370.808120880097 0.9994422793388367
1370.8289544449376 0.9990828633308411
1370.8497880088933 0.9999292492866516
1370.8706215719865 0.9999059438705444
1370.8914551342014 0.9997913241386414
1370.9122886955606 0.9994305968284607
1370.933122256058 0.9993943572044373
1370.9539558156862 0.9994664192199707
1370.9747893744689 1.0003947019577026
1370.9956229323982 0.9990333318710327
1371.0164564894685 0.9998283982276917
1371.0372900457014 1.0000859498977661
1371.0581236010805 1.0008041858673096
1371.0789571556284 0.9997056126594543
1371.099790709338 0.9998875260353088
1371.1622913654446 1.0000433921813965
1371.1831249158286 1.0009489059448242
1371.2039584653874 0.9999799728393555
1371.2247920141135 1.0000205039978027
1371.24562556203 0.9994743466377258
1371.2664591091288 0.9990569353103638
1371.287292655403 1.0003507137298584
1371.308126200874 1.0004053115844727
1371.3289597455257 1.0001453161239624
1371.3497932893786 0.999476969242096
1371.3706268324263 1.000461459159851
1371.3914603746603 1.0007244348526
1371.4122939161032 1.0003260374069214
1371.433127456747 0.9999393224716187
1371.453960996584 1.0001846551895142
1371.4747945356364 0.9997288584709167
1371.4956280738859 1.0001589059829712
1371.5164616113545 1.0000064373016357
1371.5372951480351 1.0002042055130005
1371.5581286839185 0.9991775751113892
1371.5789622190277 0.9996346235275269
1371.599795753354 1.0004373788833618
1371.6206292868894 1.001162052154541
1371.641462819656 1.0003560781478882
1371.6622963516354 0.9997454285621643
1371.68312988285 1.0002167224884033
1371.7039634132905 0.9997950792312622
1371.7247969429498 0.9997609853744507
1371.7456304718492 1.000563383102417
1371.7664639999803 1.000525712966919
1371.7872975273349 1.0000661611557007
1371.8081310539349 1.0000172853469849
1371.8289645797615 0.9999334812164307
1371.849798104837 1.00019109249115
1371.8706316291523 0.9998099207878113
1371.8914651526998 1.0008786916732788
1371.9122986755003 1.0006815195083618
1371.933132197546 0.9997270703315735
1371.9539657188277 1.000624418258667
1371.9747992393677 1.0002249479293823
1371.9956327591572 1.0012449026107788
1372.0164662781874 1.0002659559249878
1372.0372997964805 1.000640869140625
1372.058133314017 0.9995555281639099
1372.0789668308187 1.0002268552780151
1372.0998003468774 1.001177430152893
1372.1206338621841 1.0004594326019287
1372.1414673767601 0.9999210834503174
1372.1623008905972 1.0009456872940063
1372.1831344036862 1.0004031658172607
1372.203967916049 0.9997190237045288
1372.2248014276763 0.9996881484985352
1372.2456349385602 0.9996322393417358
1372.266468448721 0.9999647736549377
1372.287301958141 0.9995614886283875
1372.3081354668661 1.0005635023117065
1372.3289689748601 1.001348853111267
1372.3498024820938 1.000295877456665
1372.370635988611 0.9998064637184143
1372.3914694944035 0.9993283152580261
1372.4123029994614 1.000099539756775
1372.4331365038067 1.0001633167266846
1372.4539700074204 1.0007011890411377
1372.4748035103237 0.9992828965187073
1372.4956370125076 1.0002145767211914
1372.5164705139632 1.0000114440917969
1372.5373040147117 0.9997795820236206
1372.5581375147447 0.9996798038482666
1372.5789710140525 1.000218391418457
1372.5998045126562 0.9992436170578003
1372.6206380105477 1.0001550912857056
1372.6414715077174 0.9996486306190491
1372.6623050041862 0.9999958872795105
1372.683138499946 0.9996498227119446
1372.703971994987 1.000123381614685
1372.7248054893305 0.9996476769447327
1372.7456389829574 0.9999151229858398
1372.7664724758893 0.9999933242797852
1372.7873059681162 0.999941885471344
1372.8081394596302 0.9998811483383179
1372.8289729504515 1.0000832080841064
1372.849806440571 1.0006555318832397
1372.8706399299804 1.0001341104507446
1372.8914734186997 0.9996200203895569
1372.9123069067207 0.9995816946029663
1372.9331403940341 1.0004478693008423
1372.9539738806604 0.9999419450759888
1372.9748073665912 0.9993371367454529
1372.9956408518171 1.0002635717391968
1373.0164743363587 0.9993737936019897
1373.0373078202074 0.9994354844093323
1373.0581413033538 0.9991944432258606
1373.0789747858191 1.000081181526184
1373.0998082675837 0.9995068907737732
1373.1206417486692 0.9999773502349854
1373.1414752290655 0.9999551773071289
1373.1623087087642 0.9995513558387756
1373.1831421877862 0.9991966485977173
1373.2039756661218 0.9988939762115479
1373.2248091437623 1.000067949295044
1373.2456426207282 0.9989289045333862
1373.2664760970008 0.9990798830986023
1373.2873095726006 0.9999592304229736
1373.3081430475181 1.000070333480835
1373.328976521755 0.9997847080230713
1373.3498099953017 1.000792384147644
1373.3706434681783 0.9990376830101013
1373.391476940367 0.9998069405555725
1373.4123104118873 0.9988172054290771
1373.433143882731 1.0004802942276
1373.453977352888 0.9996480345726013
1373.47481082238 0.9999284148216248
1373.4956442911969 0.9997202754020691
1373.5164777593297 1.0006474256515503
1373.5373112268 1.0005643367767334
1373.5581446935976 1.0001180171966553
1373.5789781597136 0.9997928142547607
1373.5998116251687 0.9995035529136658
1373.662312017507 1.0002145767211914
1373.6831454802762 0.9988948702812195
1373.7039789423889 0.9994933009147644
1373.7248124038344 1.000090479850769
1373.7456458646152 1.0012907981872559
1373.7664793247206 1.0010333061218262
1373.7873127841722 0.9993971586227417
1373.8081462429502 0.999642550945282
1373.828979701076 0.9998483061790466
1373.8498131585393 1.0008318424224854
1373.8706466153315 1.0002120733261108
1373.8914800714736 0.9999919533729553
1373.9123135269551 1.0000783205032349
1373.9331469817685 0.9996914267539978
1373.9539804359329 1.0006415843963623
1373.97481388944 0.9990327954292297
1373.9956473422799 0.9994832873344421
1374.0164807944736 1.0010885000228882
1374.037314246012 0.999896764755249
1374.0581476968855 1.0016824007034302
1374.0789811471147 0.999447762966156
1374.099814596681 1.0000399351119995
1374.1206480456042 1.0008262395858765
1374.1414814938755 0.9999296069145203
1374.1623149414852 1.0003299713134766
1374.1831483884546 1.0006479024887085
1374.2039818347741 1.000346064567566
1374.224815280434 1.001137375831604
1374.245648725456 0.9994500279426575
1374.2664821698293 0.9996466636657715
1374.287315613546 1.000331997871399
1374.308149056626 1.0004605054855347
1374.3289824990604 1.0001403093338013
1374.3498159408393 1.0004603862762451
1374.370649381984 1.000509262084961
1374.391482822485 1.00083327293396
1374.4123162623325 1.0002155303955078
1374.433149701548 1.000666618347168
1374.4539831401219 0.9997105598449707
1374.4748165780445 1.0002788305282593
1374.4956500153367 1.0005311965942383
1374.5164834519894 1.0008233785629272
1374.537316887993 0.9994974732398987
1374.5581503233684 0.9993882179260254
1374.5789837581062 1.000792384147644
1374.5998171921967 1.0000731945037842
1374.620650625661 1.000861644744873
1374.6414840584898 1.0002316236495972
1374.6623174906738 1.0000299215316772
1374.6831509222336 1.0005254745483398
1374.7039843531497 1.0004768371582031
1374.724817783443 1.0001779794692993
1374.7456512131039 1.0001683235168457
1374.7664846421235 1.0007193088531494
1374.7873180705221 1.0003317594528198
1374.8081514982907 1.0007396936416626
1374.8289849254197 0.9996602535247803
1374.8498183519303 1.0009833574295044
1374.8706517778126 0.9999357461929321
1374.891485203057 0.9993281364440918
1374.9123186276854 0.9996950030326843
1374.933152051687 1.0005295276641846
1374.9539854750537 1.0005499124526978
1374.9748188978058 1.0004708766937256
1374.995652319934 1.0000760555267334
1375.0164857414384 1.0001436471939087
1375.0373191623105 0.9998405575752258
1375.0581525825708 0.9994635581970215
1375.0789860022096 1.0000191926956177
1375.0998194212184 0.9999384880065918
1375.1206528396174 0.9997915029525757
1375.1414862573968 0.9995692372322083
1375.162319674548 1.0004678964614868
1375.1831530910915 1.0000189542770386
1375.203986507008 1.0005052089691162
1375.2248199223186 0.999592661857605
1375.245653337013 0.9996872544288635
1375.2664867510832 0.999981701374054
1375.287320164549 0.9997788667678833
1375.3081535774213 0.9997178316116333
1375.3289869896792 0.9994176030158997
1375.3498204012967 1.0000300407409668
1375.3706538123129 0.9992758631706238
1375.3914872227092 0.9996418952941895
1375.4123206325048 0.9996846318244934
1375.4331540416922 0.999678909778595
1375.4539874502607 0.9989518523216248
1375.4748208582319 1.0003384351730347
1375.495654265596 1.0007243156433105
1375.516487672344 1.0001935958862305
1375.5373210784971 0.9996749758720398
1375.5581544840447 0.9999345541000366
1375.578987888979 1.0001319646835327
1375.5998212933202 0.9986752867698669
1375.620654697059 0.9998335838317871
1375.641488100196 1.000554084777832
1375.662321502722 0.9995856285095215
1375.6831549046583 0.9997385144233704
1375.7039883059851 0.9993381500244141
1375.7248217067236 1.000601053237915
1375.7456551068642 1.0000654458999634
1375.7664885063978 1.0004754066467285
1375.7873219053452 1.0002849102020264
1375.8081553036973 1.0005834102630615
1375.8289887014546 1.0008790493011475
1375.8498220986085 0.9998206496238708
1375.870655495179 0.9981317520141602
1375.8914888911575 0.9988872408866882
1375.9123222865342 1.000004529953003
1375.9331556813308 0.9986956715583801
1375.9539890755375 0.9993179440498352
1375.9748224691455 0.9981663823127747
1375.9956558621748 1.000412940979004
1376.0164892546175 0.9994344711303711
1376.0373226464635 0.9992178082466125
1376.0581560377339 0.9986736178398132
1376.0789894284196 0.999170184135437
1376.0998228185113 0.9998058080673218
1376.1623229853124 0.9999886751174927
1376.183156373087 1.0002845525741577
1376.2039897602826 1.0004963874816895
1376.224823146889 0.9997974038124084
1376.245656532928 1.000009298324585
1376.26648991839 0.9996762275695801
1376.2873233032665 1.0000237226486206
1376.3081566875774 1.0002405643463135
1376.3289900713146 0.9995819330215454
1376.3498234544682 0.9999105334281921
1376.3706568370596 1.000874400138855
1376.3914902190797 1.0012227296829224
1376.4123236005296 0.9992424845695496
1376.4331569813999 0.9995500445365906
1376.4539903617112 1.0004265308380127
1376.4748237414558 1.0005133152008057
1376.4956571206235 0.9997066855430603
1376.5164904992353 1.0005016326904297
1376.5373238772725 1.0003207921981812
1376.5581572547565 1.0012543201446533
1376.5789906316775 1.0002506971359253
1376.5998240080369 0.9999985098838806
1376.620657383826 1.000455617904663
1376.6414907590652 0.9996100664138794
1376.662324133746 1.000540018081665
1376.683157507859 1.0005109310150146
1376.703990881426 1.0001840591430664
1376.724824254437 1.000377893447876
1376.7456576268842 1.0003708600997925
1376.7664909987877 1.000101089477539
1376.7873243701392 0.9998230934143066
1376.8081577409293 1.0015332698822021
1376.8289911111797 0.9999081492424011
1376.8498244808807 1.0004955530166626
1376.8706578500246 1.000564694404602
1376.891491218631 1.0001482963562012
1376.9123245866924 1.000993251800537
1376.9331579542093 1.0005862712860107
1376.953991321173 1.000159502029419
1376.9748246876043 1.0004667043685913
1376.9956580534947 0.9998970031738281
1377.0164914188358 1.0002095699310303
1377.0373247836478 0.9988134503364563
1377.058158147923 0.9998298287391663
1377.0789915116518 1.0004465579986572
1377.0998248748556 1.000375747680664
1377.120658237526 1.0002392530441284
1377.1414915996538 1.0002237558364868
1377.1623249612608 1.0004043579101562
1377.1831583223375 0.9993413686752319
1377.2039916828758 0.9994467496871948
1377.224825042897 1.0010772943496704
1377.2456584023923 1.0001952648162842
1377.2664917613527 1.0003317594528198
1377.2873251198 1.0001603364944458
1377.308158477725 0.9998066425323486
1377.3289918351297 0.9996039867401123
1377.349825192005 1.0010716915130615
1377.3706585483728 1.0003360509872437
1377.3914919042238 0.9994887709617615
1377.4123252595502 1.000256896018982
1377.4331586143726 0.999441921710968
1377.453991968683 0.9993939995765686
1377.474825322473 1.000731110572815
1377.4956586757635 0.999458909034729
1377.5164920285467 1.000078558921814
1377.5373253808134 1.0001709461212158
1377.558158732585 1.0000035762786865
1377.5789920838542 1.0005409717559814
1377.5998254346214 1.0006119012832642
1377.6206587848787 1.0006980895996094
1377.641492134648 1.0000901222229004
1377.6623254839196 1.0006963014602661
1377.6831588326866 0.9993887543678284
1377.7039921809699 0.9996499419212341
1377.7248255287614 0.9993872046470642
1377.7456588760524 1.0003812313079834
1377.7664922228648 1.0011723041534424
1377.787325569191 0.9999736547470093
1377.8081589150217 0.9994779825210571
1377.828992260379 1.0002835988998413
1377.8498256052549 1.0008323192596436
1377.8706589496505 1.0004280805587769
1377.8914922935585 0.9982711672782898
1377.9123256370005 0.9994361996650696
1377.9331589799683 0.9990605711936951
1377.9539923224536 1.0004886388778687
1377.9748256644777 0.9989893436431885
1377.9956590060342 0.9995455145835876
1378.0164923471136 0.9995444416999817
1378.0373256877383 0.9968802332878113
1378.0581590279005 0.9995775818824768
1378.0789923675918 0.9999724626541138
1378.0998257068347 1.000553011894226
1378.1206590456204 1.000667691230774
1378.1414923839425 0.9996182918548584
1378.1623257218214 0.9993524551391602
1378.1831590592503 0.999722957611084
1378.2039923962311 0.9991292953491211
1378.2248257327558 1.0008243322372437
1378.245659068847 0.999162495136261
1378.2664924044968 0.9985377192497253
1378.2873257397075 1.0001814365386963
1378.3081590744712 0.9996759295463562
1378.32899240881 0.9998734593391418
1378.349825742717 1.0002331733703613
1378.370659076184 0.9999383687973022
1378.3914924092337 0.9994948506355286
1378.4123257418582 0.9999234676361084
1378.4331590740505 1.000026822090149
1378.453992405833 0.9978702068328857
1378.474825737198 0.9956184029579163
1378.4956590681381 1.0002492666244507
1378.516492398676 1.0003985166549683
1378.5373257288045 0.9995296001434326
1378.5581590585261 0.9989911317825317
1378.5789923878335 0.997520387172699
1378.5998257167496 0.9954515099525452
1378.6623257011074 0.9997029304504395
1378.6831590284464 0.9992146492004395
1378.7039923553982 1.0011248588562012
1378.7248256819564 1.0005232095718384
1378.745659008143 0.9998826384544373
1378.7664923339523 0.999751627445221
1378.7873256593766 1.000425100326538
1378.8081589844394 1.000165581703186
1378.8289923091336 0.9999526143074036
1378.8498256334528 0.9988684058189392
1378.8706589574206 0.9997633099555969
1378.891492281029 0.9994937777519226
1378.912325604283 0.9994288086891174
1378.9331589271753 1.0001840591430664
1378.9539922497293 1.0004600286483765
1378.9748255719387 1.0003656148910522
1378.9956588937973 1.0008476972579956
1379.0164922153285 0.9996933341026306
1379.0373255365262 1.0000261068344116
1379.0581588573841 0.9997842311859131
1379.0789921779262 1.000162124633789
1379.099825498146 0.9995083808898926
1379.1206588180476 0.9996260404586792
1379.141492137625 0.9998326897621155
1379.162325456902 0.9995918273925781
1379.1831587758734 1.0005300045013428
1379.2039920945429 1.0006687641143799
1379.224825412905 0.9998688697814941
1379.2456587309832 1.000103235244751
1379.2664920487734 1.0004013776779175
1379.287325366269 1.0007253885269165
1379.3081586834944 1.0005062818527222
1379.3289920004447 1.0009487867355347
1379.3498253171142 0.9987736344337463
1379.3706586335281 0.9998909831047058
1379.3914919497252 1.0010194778442383
1379.412325265662 1.000209093093872
1379.4331585812974 0.9997995495796204
1379.453991896697 0.9996885061264038
1379.4748252118552 1.0010048151016235
1379.4956585267778 1.0003883838653564
1379.5164918414598 0.9993861317634583
1379.5373251559267 1.0007705688476562
1379.558158470174 0.9996219277381897
1379.5789917841971 0.9998449683189392
1379.5998250980215 0.9999589323997498
1379.6206584116435 1.000181794166565
1379.6414917250586 1.0006756782531738
1379.6623250382922 0.9991329312324524
1379.6831583513415 1.0013693571090698
1379.7039916642016 0.9989687204360962
1379.724824976899 0.9992949366569519
1379.7456582894304 0.9992403388023376
1379.7664916018018 1.0009760856628418
1379.78732491401 1.0005249977111816
1379.8081582260813 1.0003200769424438
1379.8289915380133 1.0003563165664673
1379.8498248498115 1.000258445739746
1379.8706581614742 0.9992129802703857
1379.8914914730278 0.9999944567680359
1379.9123247844698 0.9994782209396362
1379.9331580957971 1.0001425743103027
1379.9539914070376 1.0000654458999634
1379.9748247181888 1.0008751153945923
1379.9956580292583 0.9997805953025818
1380.0164913402543 1.000684380531311
1380.037324651174 1.0003972053527832
1380.0581579620462 1.0005896091461182
1380.0789912728583 1.0004698038101196
1380.0998245836395 1.000595211982727
1380.120657894388 1.001017689704895
1380.1414912051123 1.0001150369644165
1380.162324515811 1.0006413459777832
1380.1831578265137 1.0002883672714233
1380.2039911372183 0.9996508955955505
1380.2248244479251 0.9999197721481323
1380.2456577586624 0.9999023079872131
1380.2664910694305 0.9997507929801941
1380.287324380238 1.000012993812561
1380.3081576910959 1.0008915662765503
1380.328991002003 1.0014841556549072
1380.3498243129895 1.0005755424499512
1380.3706576240559 0.9996978640556335
1380.3914909352022 1.0001850128173828
1380.4123242464586 1.0009446144104004
1380.4331575578262 1.0000160932540894
1380.453990869315 1.0004889965057373
1380.4748241809264 0.9998395442962646
1380.4956574926907 1.0000249147415161
1380.5164908046097 1.000169277191162
1380.5373241166835 1.0010794401168823
1380.5581574289442 1.0008230209350586
1380.5789907413928 1.00062096118927
1380.599824054041 0.9998332262039185
1380.6206573668896 1.0001083612442017
1380.6414906799712 0.999408483505249
1380.6623239932865 1.0020191669464111
1380.6831573068482 1.0012269020080566
1380.7039906206574 1.0010650157928467
1380.724823934746 0.9992239475250244
1380.7456572491055 1.0008221864700317
1380.7664905637682 0.9993725419044495
1380.787323878736 1.0008749961853027
1380.8081571940195 1.0002878904342651
1380.8289905096317 1.0002429485321045
1380.849823825573 1.0009735822677612
1380.8706571418757 1.0008007287979126
1380.8914904585401 1.0010757446289062
1380.912323775568 0.999761164188385
1380.93315709299 1.0000383853912354
1380.9539904108067 1.0012928247451782
1380.9748237290285 1.001301884651184
1380.9956570476547 0.9999405741691589
1381.016490366715 1.0005311965942383
1381.0373236862088 1.0014718770980835
1381.058157006144 1.000046968460083
1381.0789903265193 0.999750554561615
1381.0998236473608 1.0001088380813599
1381.1623236126784 1.0011495351791382
1381.1831569354047 1.0000393390655518
1381.2039902586114 1.000527024269104
1381.22482358229 1.0003185272216797
1381.2456569064611 1.0013073682785034
1381.2664902311137 0.9999111890792847
1381.2873235562456 1.0008620023727417
1381.308156881842 1.0006089210510254
1381.3289902079177 1.0004262924194336
1381.3498235344541 1.0003520250320435
1381.3706568614427 1.0007942914962769
1381.3914901888604 1.000177025794983
1381.4123235167137 1.0005892515182495
1381.4331568449759 0.9996048212051392
1381.4539901736282 0.9996909499168396
1381.4748235026386 1.0002014636993408
1381.495656832002 1.0006157159805298