1354.1377461142538 0.9992711544036865
1354.1585792325093 0.9993938207626343
1354.1794123513832 0.9992583990097046
1354.2002454708427 0.9991993308067322
1354.2210785908828 0.9993249773979187
1354.2419117115005 0.999367892742157
1354.26274483266 0.999265193939209
1354.2835779543673 0.9994096159934998
1354.3044110765873 0.9994114637374878
1354.3252441993254 0.9993720650672913
1354.3460773225465 0.9994441866874695
1354.366910446256 0.9992896318435669
1354.3877435704192 0.9993246793746948
1354.408576695041 0.9993499517440796
1354.4294098200867 0.9993456602096558
1354.4502429455626 0.9993063807487488
1354.471076071434 0.9994183778762817
1354.4919091976965 0.9995160698890686
1354.5127423243468 0.9995179176330566
1354.5335754513517 0.9994683861732483
1354.5544085787167 0.999663770198822
1354.5752417064093 0.9996091723442078
1354.5960748344362 0.9995688199996948
1354.6169079627655 0.9995448589324951
1354.6377410914038 0.9995225071907043
1354.6585742203201 0.9997050166130066
1354.6794073495216 0.9996982216835022
1354.7002404789773 0.9996869564056396
1354.7210736086852 0.9996321201324463
1354.741906738645 0.9996785521507263
1354.762739868825 0.9996454119682312
1354.7835729992357 0.9996486902236938
1354.8044061298558 0.999701738357544
1354.8252392606662 0.9998767971992493
1354.8460723916662 0.9998116493225098
1354.8669055228568 0.9999271035194397
1354.8877386542083 0.999807596206665
1354.908571785732 0.9998419880867004
1354.9294049173989 0.9999002814292908
1354.9502380492202 1.0000032186508179
1354.9710711811676 1.0000823736190796
1354.9919043132531 0.99988853931427
1355.0127374454482 0.9999707341194153
1355.0335705777659 0.9999199509620667
1355.0544037101781 0.9999606013298035
1355.0752368426977 1.0000905990600586
1355.0960699752973 0.9998553395271301
1355.1169031079796 0.9999710917472839
1355.1377362407486 1.000032901763916
1355.158569373577 1.000128984451294
1355.1794025064787 1.0000460147857666
1355.200235639427 1.0000828504562378
1355.2210687724362 1.0001119375228882
1355.2419019054798 1.0000874996185303
1355.2627350385726 1.000251293182373
1355.2835681716886 1.0001479387283325
1355.3044013048423 1.0001599788665771
1355.325234438008 1.0001657009124756
1355.3460675712008 1.0002304315567017
1355.3669007043957 1.0002267360687256
1355.3877338376074 1.000211477279663
1355.408566970811 1.0003600120544434
1355.4294001040123 1.0001755952835083
1355.4502332372158 1.0002315044403076
1355.4710663704077 1.0001413822174072
1355.491899503573 1.0003061294555664
1355.512732636718 1.0002100467681885
1355.533565769848 1.0004254579544067
1355.5543989029397 1.000387191772461
1355.575232036008 1.0002249479293823
1355.59606516903 1.0003951787948608
1355.6168983020214 1.0003197193145752
1355.6377314349584 1.0004531145095825
1355.6585645678576 1.0004185438156128
1355.6793977006955 1.0003681182861328
1355.7002308334884 1.0004956722259521
1355.7210639662135 1.0003488063812256
1355.7418970988867 1.0004370212554932
1355.7627302314852 1.0004156827926636
1355.783563364016 1.0003471374511719
1355.8043964964859 1.0003610849380493
1355.8252296288717 1.0005643367767334
1355.846062761191 1.0004429817199707
1355.8668958934302 1.0005956888198853
1355.8877290255773 1.0006173849105835
1355.9085621576387 1.0005059242248535
1355.9293952896226 1.0005944967269897
1355.9502284215055 1.000499963760376
1355.9710615533056 1.0006004571914673
1355.991894685 1.0005295276641846
1356.0127278166067 1.000596284866333
1356.0335609481024 1.0005569458007812
1356.0543940795055 1.000656247138977
1356.0752272107936 1.0005295276641846
1356.0960603419844 1.0005663633346558
1356.1168934730554 1.0005935430526733
1356.137726604025 1.0005942583084106
1356.1585597348706 1.0005677938461304
1356.1793928656105 1.0004031658172607
1356.2002259962223 1.0003130435943604
1356.2210591267244 1.0003684759140015
1356.2418922570946 1.0006704330444336
1356.2627253873413 1.000576376914978
1356.2835585174719 1.000627040863037
1356.3043916474758 1.000760555267334
1356.32522477734 1.0003383159637451
1356.3460579070736 1.0006825923919678
1356.3668910366841 1.0006613731384277
1356.3877241661507 1.0005877017974854
1356.4085572954912 1.0007483959197998
1356.4293904246842 1.0006135702133179
1356.4502235537477 1.0006240606307983
1356.4710566826607 1.0006738901138306
1356.491889811441 1.0007768869400024
1356.512722940068 1.000591516494751
1356.5335560685594 1.0006521940231323
1356.5543891968944 1.0007082223892212
1356.5752223250906 1.0007128715515137
1356.596055453128 1.0005877017974854
1356.616888581024 1.0007100105285645
1356.6585548363487 1.000679850578308
1356.6793879637744 1.0006308555603027
1356.7002210910537 1.0006887912750244
1356.721054218166 1.000701904296875
1356.7418873451295 1.0007611513137817
1356.7627204719233 1.0007880926132202
1356.783553598566 1.0006821155548096
1356.8043867250367 1.0007504224777222
1356.8252198513437 1.0006637573242188
1356.846052977497 1.000594973564148
1356.866886103484 1.0007601976394653
1356.887719229295 1.0007071495056152
1356.908552354938 1.0007555484771729
1356.9293854804225 1.0005401372909546
1356.9502186057268 1.0006866455078125
1356.9710517308708 1.0006760358810425
1356.991884855833 1.0007812976837158
1357.0127179806323 1.0006693601608276
1357.0335511052479 1.0007401704788208
1357.0543842296988 1.0006812810897827
1357.0752173539638 1.0006158351898193
1357.0960504780626 1.0007333755493164
1357.1168836019738 1.000759482383728
1357.1377167257172 1.000525951385498
1357.1585498492707 1.0006120204925537
1357.1793829726544 1.0006870031356812
1357.2002160958468 1.0007561445236206
1357.2210492188678 1.0007519721984863
1357.241882341696 1.0006729364395142
1357.262715464351 1.0006119012832642
1357.2835485868118 1.0008327960968018
1357.3043817090975 1.0004128217697144
1357.3252148311872 1.0006489753723145
1357.3460479531004 1.0005954504013062
1357.3668810748165 1.000617504119873
1357.3877141963542 1.0006250143051147
1357.4085473176933 1.0007213354110718
1357.429380438853 1.0005574226379395
1357.4502135598123 1.0006276369094849
1357.4710466805805 1.000573754310608
1357.4918798011672 1.0006824731826782
1357.5127129215616 1.0005818605422974
1357.5335460417527 1.0004711151123047
1357.5543791617606 1.0002951622009277
1357.575212281564 1.0004963874816895
1357.5960454011824 1.0006756782531738
1357.616878520595 1.0005736351013184
1357.6377116398216 1.000553846359253
1357.6585447588413 1.000580906867981
1357.6793778776732 1.0005526542663574
1357.700210996297 1.0005602836608887
1357.7210441147224 1.0005797147750854
1357.7418772329584 1.0005340576171875
1357.7627103509944 1.0006260871887207
1357.78354346882 1.0006126165390015
1357.8043765864447 1.000601053237915
1357.8252097038774 1.0005161762237549
1357.8460428210983 1.000504493713379
1357.8668759381264 1.0006458759307861
1357.8877090549413 1.0005595684051514
1357.9085421715624 1.000545620918274
1357.9293752879792 1.0004992485046387
1357.950208404181 1.0003166198730469
1357.9710415201873 1.0004914999008179
1357.9918746359779 1.0006194114685059
1358.0127077515622 1.0001697540283203
1358.0335408669496 1.0005340576171875
1358.0543739821194 1.0005364418029785
1358.0752070970916 1.000570297241211
1358.0960402118453 1.0005550384521484
1358.1168733264 1.0006089210510254
1358.1377064407357 1.0004810094833374
1358.1585395548714 1.000483512878418
1358.1793726687868 1.0004981756210327
1358.2002057825016 1.0004658699035645
1358.221038895995 1.0005072355270386
1358.2418720092874 1.0004420280456543
1358.2627051223571 1.0004429817199707
1358.2835382352243 1.0004855394363403
1358.3043713478687 1.0003927946090698
1358.32520446031 1.0003893375396729
1358.3460375724678 1.00038480758667
1358.3668706844087 1.0004335641860962
1358.387703796197 1.0003763437271118
1358.4085369077802 1.0005078315734863
1358.4293700191379 1.0004478693008423
1358.4502031302898 1.0004802942276
1358.471036241215 1.000349760055542
1358.491869351934 1.0005379915237427
1358.5127024624253 1.0004162788391113
1358.53353557271 1.0003589391708374
1358.5543686827662 1.0003626346588135
1358.5752017926138 1.000395655632019
1358.5960349022334 1.000331997871399
1358.6168680116439 1.0004347562789917
1358.6377011208244 1.0003447532653809
1358.6585342297958 1.0004265308380127
1358.6793673385366 1.0002555847167969
1358.7002004470671 1.0003093481063843
1358.7210335553666 1.0003063678741455
1358.7418666634549 1.0001641511917114
1358.7626997713112 1.0002893209457397
1358.7835328789558 1.0000839233398438
1358.804365986368 0.9997451901435852
1358.8251990935678 1.0000133514404297
1358.8460322005342 1.000235915184021
1358.866865307287 1.0003689527511597
1358.8876984138067 1.00014328956604
1358.9085315201119 1.0001822710037231
1358.9293646261826 1.0001639127731323
1358.9501977320388 1.0002385377883911
1358.9710308376598 1.0002923011779785
1358.9918639430655 1.000245213508606
1359.012697048235 1.0003198385238647
1359.0335301531886 1.0002959966659546
1359.0543632579058 1.000205636024475
1359.0751963624064 1.0001720190048218
1359.0960294666695 1.000193476676941
1359.1168625707157 1.000178337097168
1359.158528778114 1.0002789497375488
1359.1793618814659 1.0002524852752686
1359.2001949845992 1.0002708435058594
1359.221028087493 1.0002129077911377
1359.241861190168 1.0002799034118652
1359.2626942926033 1.0002444982528687
1359.2835273948187 1.0002485513687134
1359.3043604967938 1.000106930732727
1359.3251935985484 1.0002650022506714
1359.3460267000723 1.000241756439209
1359.3668598013546 1.0001567602157593
1359.387692902416 1.0003509521484375
1359.4085260032352 1.0001600980758667
1359.4293591038324 1.00033438205719
1359.4501922041875 1.0001630783081055
1359.4710253043097 1.0001285076141357
1359.4918584042093 1.0002013444900513
1359.5126915038754 1.000163197517395
1359.533524603298 1.0001014471054077
1359.554357702497 1.0003021955490112
1359.5751908014518 1.000257968902588
1359.596023900182 1.0001238584518433
1359.6168569986676 1.000235915184021
1359.6376900969283 1.000206708908081
1359.6585231949434 1.00014066696167
1359.6793562927335 1.0001611709594727
1359.7001893902775 1.000203251838684
1359.721022487595 1.0000234842300415
1359.7418555846666 1.0002143383026123
1359.7626886815115 1.0001754760742188
1359.783521778109 1.000084638595581
1359.8043548744795 1.0002189874649048
1359.8251879706022 1.0001168251037598
1359.8460210664978 1.0001144409179688
1359.8668541621446 1.0002528429031372
1359.887687257563 1.0001869201660156
1359.908520352733 1.000115156173706
1359.929353447674 1.0002514123916626
1359.9501865423656 1.0002944469451904
1359.9710196368278 1.0002057552337646
1359.9918527310404 1.000098466873169
1360.0126858250228 1.0001604557037354
1360.0335189187547 1.0001676082611084
1360.054352012256 1.0001280307769775
1360.0751851055063 1.0001503229141235
1360.0960181985258 1.000085473060608
1360.1168512912934 1.000067114830017
1360.13768438383 1.0001460313796997
1360.158517476124 1.0001463890075684
1360.1793505681658 1.0000554323196411
1360.200183659965 1.0000332593917847
1360.2210167515314 1.0000147819519043
1360.2418498428447 1.0001270771026611
1360.2626829339245 1.0001933574676514
1360.2835160247607 1.0000982284545898
1360.3043491153433 1.000180959701538
1360.3251822056911 1.0001070499420166
1360.3460152957848 1.00015127658844
1360.3668483856436 0.9998160600662231
1360.3876814752473 1.0000324249267578
1360.4085145646156 1.0000501871109009
1360.4293476537287 1.0002028942108154
1360.4501807426054 1.0000263452529907
1360.4710138312264 1.0000896453857422
1360.4918469196105 1.0001766681671143
1360.5126800077383 0.9999969601631165
1360.533513095629 1.0001170635223389
1360.5543461832622 1.0000211000442505
1360.5751792706578 1.000082015991211
1360.596012357796 1.0000746250152588
1360.6168454446956 1.0001144409179688
1360.637678531337 1.0000090599060059
1360.6585116177398 1.000160574913025
1360.6793447038835 1.0000572204589844
1360.700177789788 0.9999672174453735
1360.7210108754334 1.0001577138900757
1360.7418439608384 0.999997079372406
1360.7626770459835 1.0002096891403198
1360.783510130888 0.9998692274093628
1360.8043432155323 1.0001318454742432
1360.8251762999355 1.0000709295272827
1360.8460093840772 1.0000125169754028
1360.8668424679772 1.000056266784668
1360.8876755516162 1.000020146369934
1360.9085086350124 1.0000935792922974
1360.9293417181564 0.9999313950538635
1360.9501748010375 1.0000410079956055
1360.971007883676 0.9999638795852661
1360.9918409660509 0.9999868273735046
1361.0126740481824 0.9999951720237732
1361.03350713005 1.0000066757202148
1361.0543402116737 0.9999222159385681
1361.0751732930323 0.9999963045120239
1361.0960063741468 0.9999294281005859
1361.116839454996 0.9998858571052551
1361.1376725355997 0.9997678399085999
1361.1585056159377 0.9951854944229126
1361.17933869603 0.9998751282691956
1361.2001717758558 1.0000123977661133
1361.2210048554352 0.9999750852584839
1361.2418379347475 1.0001384019851685
1361.2626710138127 1.000044822692871
1361.2835040926204 0.9999756217002869
1361.3043371711603 0.9999313354492188
1361.325170249452 1.000034213066101
1361.3460033274757 1.0000555515289307
1361.36683640524 1.0000076293945312
1361.3876694827559 0.9999098181724548
1361.4085025600118 0.999884307384491
1361.4293356370001 0.9999191164970398
1361.450168713738 0.9999589920043945
1361.4710017902041 0.9999270439147949
1361.4918348664191 0.9997715950012207
1361.5126679423636 1.0000156164169312
1361.5335010180565 0.9998916983604431
1361.5543340934778 0.9998131394386292
1361.5751671686469 0.9999184608459473
1361.596000243544 0.9999014735221863
1361.6168333181884 0.999889612197876
1361.6584994666775 0.999995231628418
1361.679332540532 0.9999833106994629
1361.700165614112 0.9999570250511169
1361.720998687438 1.0000442266464233
1361.7418317604893 1.0000160932540894
1361.7626648332753 1.000005841255188
1361.783497905806 0.9999467134475708
1361.8043309780708 1.000067949295044
1361.8251640500594 1.0000178813934326
1361.8459971217917 1.0000340938568115
1361.866830193247 0.999883770942688
1361.8876632644453 0.9999643564224243
1361.908496335366 1.000105381011963
1361.9293294060287 1.0001039505004883
1361.950162476413 1.0000141859054565
1361.9709955465387 1.000012755393982
1361.9918286163852 0.999976634979248
1362.0126616859725 0.9999523758888245
1362.03349475529 1.0000613927841187
1362.054327824327 1.0000051259994507
1362.0751608930937 0.9999991655349731
1362.0959939615993 1.000006914138794
1362.1168270298335 1.0000680685043335
1362.1376600977858 0.9999020099639893
1362.1584931654763 1.0000896453857422
1362.179326232884 0.999994695186615
1362.2001593000286 1.0000004768371582
1362.2209923668902 0.9999943971633911
1362.241825433488 0.9998481273651123
1362.262658499801 1.0001331567764282
1362.28349156585 0.999991238117218
1362.3043246316138 0.9999096989631653
1362.3251576971122 1.000003695487976
1362.3459907623246 0.9999622702598572
1362.366823827271 0.9999184608459473
1362.3876568919402 0.9999430775642395
1362.408489956323 1.0000237226486206
1362.4293230204373 0.9999529719352722
1362.450156084264 0.9998915791511536
1362.4709891478221 1.000027060508728
1362.4918222110914 0.999964714050293
1362.5126552740915 0.9999629855155945
1362.5334883368014 0.9999924898147583
1362.554321399241 0.999966025352478
1362.57515446139 0.9999023079872131
1362.5959875232675 0.9999966621398926
1362.6168205848635 0.9998680949211121
1362.6376536461673 0.9999017119407654
1362.6584867071983 1.0000197887420654
1362.679319767936 1.0000855922698975
1362.7001528284006 0.9999877214431763
1362.7209858885706 0.9998679161071777
1362.741818948466 1.0001428127288818
1362.7626520080662 0.9998854994773865
1362.7834850673912 1.0000122785568237
1362.8043181264195 1.0000474452972412
1362.8251511851713 1.0000073909759521
1362.845984243626 1.0000274181365967
1362.866817301803 0.999933660030365
1362.8876503596814 0.9999716281890869
1362.9084834172813 0.9992048144340515
1362.9293164745916 0.9998500347137451
1362.9501495316024 0.9999541640281677
1362.9709825883326 0.9999683499336243
1362.9918156447618 0.9998627305030823
1363.0126487009093 0.99994957447052
1363.033481756755 1.000001072883606
1363.0543148123174 0.9999096393585205
1363.0751478675775 0.9998331069946289
1363.0959809225526 1.0000202655792236
1363.116813977224 1.0000417232513428
1363.1376470316102 0.9999175071716309
1363.1584800857006 0.999965488910675
1363.1793131394847 0.9998977184295654
1363.2001461929824 0.9999687671661377
1363.220979246172 0.999883234500885
1363.241812299074 0.9998114109039307
1363.2626453516668 0.9999144077301025
1363.2834784039703 0.9999359846115112
1363.3043114559641 0.9999872446060181
1363.325144507667 0.9999117255210876
1363.3459775590584 0.9999189376831055
1363.366810610158 0.9998826384544373
1363.3876436609548 0.9998658895492554
1363.4084767114382 0.9998422265052795
1363.4293097616173 1.000008225440979
1363.450142811502 0.9999116063117981
1363.4709758610811 0.9998152256011963
1363.491808910344 0.9998714327812195
1363.51264195931 0.9998463988304138
1363.5334750079583 0.999925971031189
1363.5543080563082 0.9997074007987976
1363.5751411043389 0.9999301433563232
1363.59597415207 0.9998247027397156
1363.6168071994903 0.999888002872467
1363.6376402465896 0.9996188282966614
1363.6584732933861 0.9966256618499756
1363.6793063398602 0.9997517466545105
1363.70013938603 0.9997978806495667
1363.7209724318757 0.9998084902763367
1363.741805477416 0.9997242093086243
1363.76263852263 0.9997686147689819
1363.7834715675367 0.9999260902404785
1363.8043046121159 0.9998817443847656
1363.825137656386 0.9996306300163269
1363.8459707003367 0.9999732971191406
1363.866803743957 0.9998088479042053
1363.8876367872658 0.999863862991333
1363.9084698302424 0.9998096823692322
1363.9293028729062 0.9997758865356445
1363.9501359152355 0.9996833801269531
1363.9709689572499 0.9996129274368286
1363.9918019989282 0.9998810887336731
1364.0126350402902 0.9997461438179016
1364.0334680813235 0.9997611045837402
1364.0543011220186 0.9996857643127441
1364.0751341623838 0.9997158646583557
1364.0959672024283 0.9997481107711792
1364.1168002421405 0.9997233748435974
1364.158466320556 0.9999951124191284
1364.179299359257 0.9998559355735779
1364.200132397632 0.9998769164085388
1364.2209654356695 0.9999825954437256
1364.2417984733593 0.9999102354049683
1364.2626315107198 0.999859094619751
1364.2834645477296 0.9999277591705322
1364.3042975843985 0.9999018311500549
1364.325130620734 0.9999166131019592
1364.3459636567263 0.9999784827232361
1364.366796692363 0.9998392462730408
1364.3876297276638 0.9998598694801331
1364.4084627626073 0.9999676942825317
1364.4292957972123 0.9998412132263184
1364.450128831457 0.9998228549957275
1364.4709618653608 0.999869167804718
1364.4917948989123 0.9999015927314758
1364.5126279321 0.9998118877410889
1364.5334609649426 0.9998763799667358
1364.554293997419 0.9998343586921692
1364.5751270295477 0.9998728632926941
1364.595960061307 0.9997414946556091
1364.6167930927165 0.9998298287391663
1364.6376261237635 0.9998992681503296
1364.6584591544377 0.9998742938041687
1364.679292184757 0.999976634979248
1364.7001252147004 0.9999202489852905
1364.7209582442856 0.9998807907104492
1364.7417912734923 0.9997461438179016
1364.7626243023376 0.9998965263366699
1364.7834573308012 0.9999045133590698
1364.804290358901 0.9998579025268555
1364.8251233866151 0.9997292160987854
1364.8459564139623 0.9997718930244446
1364.8667894409311 0.9998026490211487
1364.8876224675091 0.9997794032096863
1364.9084554937156 0.9997329711914062
1364.929288519528 0.9998458623886108
1364.9501215449607 0.9998669624328613
1364.9709545699961 0.9996924996376038
1364.9917875946567 0.9998396039009094
1365.0126206189166 0.9997413754463196
1365.033453642794 0.9997547268867493
1365.0542866662765 0.9997808933258057
1365.0751196893532 0.9998276233673096
1365.095952712041 0.999829888343811
1365.1167857343191 0.9999013543128967
1365.1376187562048 0.9997172355651855
1365.1584517776862 0.9997896552085876
1365.1792847987513 0.9998350739479065
1365.200117819418 0.9997349381446838
1365.2209508396643 0.9997287392616272
1365.2417838595081 0.9998589754104614
1365.2626168789272 0.9997331500053406
1365.2834498979396 0.9996160268783569
1365.3042829165227 0.9998587369918823
1365.3251159346942 0.9998387098312378
1365.3459489524423 0.9997292757034302
1365.3667819697541 0.9997418522834778
1365.3876149866478 0.999750018119812
1365.4084480031006 0.9998276829719543
1365.4292810191305 0.9998038411140442
1365.4501140347145 0.9997700452804565
1365.4709470498701 0.9996703267097473
1365.4917800645856 0.9996423125267029
1365.5126130788474 0.9997445940971375
1365.5334460926733 0.9998072385787964
1365.554279106041 0.9997265934944153
1365.575112118967 0.9997724890708923
1365.5959451314293 0.9998688101768494
1365.616778143445 0.9998827576637268
1365.637611154991 0.9998334050178528
1365.6584441660846 0.9997777938842773
1365.679277176713 0.9997721314430237
1365.700110186863 0.9996848702430725
1365.720943196552 0.9998858571052551
1365.7417762057569 0.9997239112854004
1365.7626092144944 0.9996135234832764
1365.7834422227413 0.9995463490486145
1365.8042752305153 0.9996522665023804
1365.825108237802 0.9998000860214233
1365.8459412445893 0.9997797608375549
1365.866774250893 0.9997962713241577
1365.887607256691 0.9996082782745361
1365.9084402619983 0.9995589852333069
1365.9292732667927 0.9997981190681458
1365.9501062710908 0.9997409582138062
1365.9709392748787 0.9995629191398621
1365.991772278143 0.9997330904006958
1366.0126052809003 0.9997416138648987
1366.0334382831265 0.9997583031654358
1366.0542712848387 0.9978700876235962
1366.0751042860131 0.9986507892608643
1366.0959372866657 0.9997434616088867
1366.1167702867729 0.9998401403427124
1366.137603286351 0.9996177554130554
1366.1584362853862 0.9994974136352539
1366.1792692838646 0.9996247291564941
1366.2001022818029 0.999392032623291
1366.2209352791765 0.9995717406272888
1366.241768276002 0.9992533326148987
1366.2626012722656 0.9993758201599121
1366.283434267953 0.9990611672401428
1366.3042672630804 0.9992620348930359
1366.3251002576244 0.9992278814315796
1366.3459332516004 0.9990527033805847
1366.3667662449852 0.9992607831954956
1366.3875992377946 0.9990566968917847
1366.4084322300043 0.9990590214729309
1366.4292652216313 0.9993758201599121
1366.4500982126615 0.9993482232093811
1366.470931203081 0.9993826746940613
1366.4917641929064 0.9992699027061462
1366.5125971821135 0.9996172189712524
1366.5334301707198 0.9994974136352539
1366.5542631587105 0.999471127986908
1366.5750961460733 0.9993484020233154
1366.5959291328245 0.9992955923080444
1366.616762118941 0.9995846748352051
1366.658428089308 0.9997934103012085
1366.6792610735329 0.9997400641441345
1366.7000940571322 0.9997093677520752
1366.7209270400838 0.9997387528419495
1366.7417600224053 0.9997331500053406
1366.762593004075 0.9998152256011963
1366.7834259851113 0.9998105764389038
1366.804258965493 0.9996380805969238
1366.8250919452398 0.9997549653053284
1366.8459249243408 0.9997571706771851
1366.8667579027856 0.9997391700744629
1366.8875908805949 0.9998325705528259
1366.908423857749 0.9997372627258301
1366.9292568342703 0.9998003840446472
1366.9500898101392 0.9997217059135437
1366.970922785379 0.999710202217102
1366.991755759982 0.9996972680091858
1367.0125887339427 0.999822735786438
1367.033421707284 0.9997555613517761
1367.0542546799927 0.9996904134750366
1367.0750876520933 0.9997385144233704
1367.0959206235832 0.9998289346694946
1367.1167535944592 0.9996316432952881
1367.13758656475 0.9999037981033325
1368.637560260975 0.9991624355316162
1368.6583932425601 0.9990516901016235
1368.6792262245458 0.9991963505744934
1368.7000592069414 0.9992402195930481
1368.7208921897266 0.9992988705635071
1368.74172517288 0.9991884231567383
1368.762558156411 0.9991686940193176
1368.783391140289 0.9991098046302795
1368.804224124523 0.9992933869361877
1368.825057109093 0.9993525743484497
1368.845890093978 0.9991618990898132
1368.8667230791878 0.9992390871047974
1368.8875560646918 0.9993564486503601
1368.908389050501 0.9992844462394714
1368.929222036594 0.9993209838867188
1368.9500550229516 0.9992384910583496
1368.970888009584 0.9991929531097412
1368.9917209964622 0.9993080496788025
1369.0125539835954 0.9991576075553894
1369.0333869709661 0.9993259310722351
1369.0542199585539 0.9993119835853577
1369.0750529463705 0.9993841052055359
1369.0958859343868 0.9993779063224792
1369.1167189226148 0.9994193315505981
1369.1375519110359 0.9993049502372742
1369.1583848996315 0.9994893670082092
1369.1792178884139 0.9994462728500366
1369.200050877355 0.9994357228279114
1369.2208838664676 0.9994776248931885
1369.241716855733 0.9995928406715393
1369.2625498451355 0.999505877494812
1369.283382834686 0.9995204210281372
1369.304215824369 0.9993976354598999
1369.3250488141664 0.9995362758636475
1369.3458818040924 0.9995537400245667
1369.3667147941196 0.999525785446167
1369.3875477842619 0.9995973110198975
1369.408380774503 0.9995673298835754
1369.4292137648267 0.9996902346611023
1369.4500467552466 0.9996075630187988
1369.4708797457374 0.9995578527450562
1369.4917127363128 0.9995635747909546
1369.5125457269478 0.9996808171272278
1369.5333787176562 0.9995530843734741
1369.554211708423 0.9996055960655212
1369.5750446992329 0.9996113181114197
1369.595877690101 0.9996652007102966
1369.6167106810015 0.9998175501823425
1369.6375436719504 0.9996109008789062
1369.6583766629324 0.9995479583740234
1369.6792096539332 0.9996773600578308
1369.7000426449674 0.9996344447135925
1369.7208756360217 0.9996746182441711
1369.741708627081 0.9996342658996582
1369.762541618161 0.999760091304779
1369.7833746092379 0.9998153448104858
1369.8042076003273 0.9997422695159912
1369.8250405914155 0.9998013973236084
1369.8458735824886 0.9997138381004333
1369.8667065735624 0.9998788237571716
1369.8875395646135 0.9997934699058533
1369.9083725556586 0.9998180866241455
1369.929205546683 0.9997041821479797
1369.9500385376748 0.9998050332069397
1369.9708715286492 0.9996334314346313
1369.991704519584 0.9998229742050171
1370.012537510495 0.9997507333755493
1370.0333705013695 0.9997519254684448
1370.0542034921943 0.9997392296791077
1370.0750364829864 0.9998679161071777
1370.0958694737333 0.9998061656951904
1370.116702464421 0.9997010827064514
1370.1375354550673 0.9998353719711304
1370.1583684456496 0.9997237324714661
1370.1792014361847 0.999860942363739
1370.2000344266605 0.999770998954773
1370.2208674170636 0.99983149766922
1370.241700407412 0.9997617602348328
1370.2625333976835 0.9997614622116089
1370.2833663878948 0.9998685121536255
1370.3041993780341 0.9998653531074524
1370.3250323680886 0.9997894763946533
1370.3458653580767 0.9996458292007446
1370.3666983479854 0.9996303915977478
1370.387531337803 0.999833345413208
1370.4083643275471 0.99981290102005
1370.4291973171958 0.9998299479484558
1370.4500303067664 0.9997782707214355
1370.4708632962477 0.9999259114265442
1370.4916962856269 0.9997471570968628
1370.5125292749226 0.999622642993927
1370.533362264123 0.9997950792312622
1370.5541952532155 0.9998438954353333
1370.575028242219 0.9997214674949646
1370.5958612311115 0.9997942447662354
1370.6166942199109 0.9998340606689453
1370.6375272086057 0.9997021555900574
1370.6583601971843 0.9992600679397583
1370.6791931856644 0.9995471835136414
1370.7000261740354 0.9996104836463928
1370.7208591622848 0.9998853802680969
1370.7416921504316 0.9998274445533752
1370.762525138454 0.999835729598999
1370.7833581263706 0.9998071193695068
1370.8041911141593 0.9998120069503784
1370.8250241018395 0.9997444152832031
1370.845857089399 0.9998759031295776
1370.8666900768274 0.9997787475585938
1370.8875230641422 0.9998048543930054
1370.9083560513325 0.999849259853363
1370.929189038387 0.9998287558555603
1370.9500220253246 0.9999248385429382
1370.9708550121236 0.9997954964637756
1370.991687998803 0.9997342228889465
1371.0125209853513 0.9996439814567566
1371.0333539717574 0.9999529719352722
1371.0541869580402 0.9996433854103088
1371.0750199441882 0.9996846914291382
1371.095852930191 0.9998486638069153
1371.1583518873924 1.0001635551452637
1371.1791848728508 1.0000675916671753
1371.2000178581575 1.0001522302627563
1371.2208508433323 1.0000935792922974
1371.2416838283636 1.0002148151397705
1371.2625168132404 1.0001598596572876
1371.2833497979816 1.000237226486206
1371.304182782577 1.0001473426818848
1371.3250157670147 1.0001922845840454
1371.3458487513144 1.0001084804534912
1371.3666817354547 1.0001510381698608
1371.3875147194549 1.0001943111419678
1371.4083477033041 1.0001949071884155
1371.429180686991 1.0002071857452393
1371.4500136705356 1.0002391338348389
1371.470846653926 1.0002117156982422
1371.491679637152 1.000057339668274
1371.5125126202327 1.0001894235610962
1371.5333456031472 1.000150442123413
1371.5541785859143 1.0001863241195679
1371.575011568524 1.0001847743988037
1371.5958445509646 1.0000754594802856
1371.616677533256 1.00016450881958
1371.6375105153872 1.0002974271774292
1371.658343497348 1.0001314878463745
1371.6791764791562 1.0001055002212524
1371.7000094607924 1.0001970529556274
1371.7208424422754 1.00016188621521
1371.7416754235844 1.0001482963562012
1371.7625084047388 1.0000989437103271
1371.7833413857281 1.000042200088501
1371.8041743665517 1.000160574913025
1371.8250073471982 1.0000919103622437
1371.8458403276873 1.0000602006912231
1371.8666733079988 1.0001126527786255
1371.8875062881516 1.0002201795578003
1371.9083392681348 1.000180959701538
1371.9291722479386 1.0001802444458008
1371.9500052275814 1.0001307725906372
1371.9708382070535 1.0001258850097656
1371.9916711863436 1.00013267993927
1372.0125041654717 1.0001696348190308
1372.0333371444162 1.0002325773239136
1372.0541701231978 1.0000790357589722
1372.075003101805 1.000042200088501
1372.0958360802276 1.0000451803207397
1372.1166690584848 1.0002086162567139
1372.1375020365667 1.0000574588775635
1372.1583350144617 1.0001076459884644
1372.1791679921905 1.0000406503677368
1372.2000009697315 1.0001287460327148
1372.2208339471044 1.0001823902130127
1372.2416669242994 1.0001641511917114
1372.2624999013046 1.0001626014709473
1372.283332878141 1.0002590417861938
1372.3041658547675 1.000112533569336
1372.3249988312068 1.0001343488693237
1372.3458318075013 1.0000511407852173
1372.3666647836146 1.00014066696167
1372.3874977595356 1.0000381469726562
1372.4083307352844 1.0000866651535034
1372.4291637108402 1.0000545978546143
1372.4499966862227 1.0000624656677246
1372.4708296614212 0.9999984502792358
1372.4916626364259 0.9998869895935059
1372.5124956112552 1.0002158880233765
1372.5333285858999 1.0
1372.5541615603486 1.0001448392868042
1372.5749945346213 0.9999229907989502
1372.5958275086975 1.000127911567688
1372.616660482597 1.0000171661376953
1372.6374934563091 0.9999006390571594
1372.658326429823 0.999970018863678
1372.6791594031595 1.000126600265503
1372.699992376307 1.0000510215759277
1372.7208253492552 1.0001615285873413
1372.7416583220243 1.0000485181808472
1372.7624912946035 1.0001786947250366
1372.7833242669824 1.0001099109649658
1372.804157239181 0.9999289512634277
1372.8249902111781 0.9998552799224854
1372.8458231829945 1.0000067949295044
1372.8666561546186 1.0000762939453125
1372.8874891260407 0.9999057054519653
1372.9083220972805 1.0000295639038086
1372.9291550683272 0.9999783635139465
1372.9499880391709 0.9999465346336365
1372.9708210098308 1.000051498413086
1372.9916539802969 0.9999701976776123
1373.0124869505582 0.9999973773956299
1373.0333199206352 0.9999975562095642
1373.0541528905171 0.9999226927757263
1373.0749858601935 1.0000180006027222
1373.0958188296843 0.9998898506164551
1373.116651798969 1.0000019073486328
1373.137484768067 1.0000132322311401
1373.1583177369685 0.9998977184295654
1373.1791507056628 0.9992998242378235
1373.1999836741695 0.999821126461029
1373.2208166424784 0.9999008178710938
1373.2416496105795 1.0001590251922607
1373.2624825784922 0.9999591112136841
1373.2833155462056 0.999714732170105
1373.3041485137103 0.9999557137489319
1373.3249814810256 0.9999568462371826
1373.345814448141 0.9999073147773743
1373.3666474150464 1.0000135898590088
1373.3874803817614 0.9999298453330994
1373.4083133482757 1.0000667572021484
1373.429146314579 1.0000182390213013
1373.4499792806912 1.000115156173706
1373.4708122466013 0.9997393488883972
1373.4916452123 1.0000455379486084
1373.5124781778063 1.0000239610671997
1373.5333111430998 0.9999963045120239
1373.554144108201 0.999991238117218
1373.5749770730986 0.9998295307159424
1373.595810037783 0.9999485015869141
1373.6583089306323 1.000285267829895
1373.6791418945102 1.0002998113632202
1373.699974858183 1.0003035068511963
1373.7208078216404 1.0002477169036865
1373.7416407849025 1.000238299369812
1373.7624737479587 1.0001369714736938
1373.783306710799 1.0001888275146484
1373.8041396734427 1.0001804828643799
1373.8249726358704 1.00019109249115
1373.8458055981007 1.0002164840698242
1373.8666385601239 1.0001730918884277
1373.8874715219295 1.0002106428146362
1373.9083044835377 1.0001202821731567
1373.9291374449374 1.0002679824829102
1373.9499704061193 1.0002424716949463
1373.9708033671025 0.9997758269309998
1373.9916363278764 1.0001671314239502
1374.0124692884317 1.0001500844955444
1374.0333022487875 1.0002467632293701
1374.0541352089338 1.000162124633789
1374.0749681688596 1.0002226829528809
1374.0958011285857 1.000327706336975
1374.116634088101 1.0001689195632935
1374.1374670473956 1.000180721282959
1374.158300006489 1.00007963180542
1374.1791329653713 1.000158667564392
1374.199965924032 1.0001590251922607
1374.2207988824912 1.000105619430542
1374.2416318407377 1.00020170211792
1374.2624647987623 1.0001699924468994
1374.2832977565838 1.0001906156539917
1374.3041307141928 1.0000700950622559
1374.3249636715784 1.0001142024993896
1374.3457966287606 1.0001981258392334
1374.3666295857192 1.000074863433838
1374.3874625424737 1.000252366065979
1374.4082954990142 1.0000704526901245
1374.4291284553397 1.0002492666244507
1374.4499614114409 1.0001420974731445
1374.4707943673368 1.0001757144927979
1374.4916273230176 1.0002185106277466
1374.5124602784726 1.0002028942108154
1374.5332932337221 1.000128149986267
1374.5541261887552 1.0001479387283325
1374.5749591435622 1.0001002550125122
1374.5957920981623 1.000175952911377
1374.6166250525457 1.0001657009124756
1374.637458006702 1.0001276731491089
1374.658290960651 1.0000109672546387
1374.6791239143718 1.0001304149627686
1374.6999568678852 1.0001506805419922
1374.7207898211802 1.000154733657837
1374.7416227742567 1.000085473060608
1374.7624557271045 1.0001254081726074
1374.7832886797432 1.0001106262207031
1374.8041216321528 1.0001577138900757
1374.8249545843526 0.9999563694000244
1374.8457875363329 1.0001707077026367
1374.866620488083 0.9999308586120605
1374.8874534396227 0.9999809861183167
1374.9082863909418 1.0001087188720703
1374.92911934203 1.0000569820404053
1374.9499522929073 1.0001131296157837
1374.970785243563 1.0000613927841187
1374.9916181939868 1.0000375509262085
1375.0124511441993 1.0000860691070557
1375.0332840941892 0.9999228715896606
1375.0541170439465 1.0000125169754028
1375.0749499934911 1.000005841255188
1375.0957829428125 1.0000498294830322
1375.1166158919011 0.999980628490448
1375.1374488407755 0.9999628663063049
1375.1582817894266 1.0000197887420654
1375.1791147378433 0.999932587146759
1375.1999476860456 1.0000131130218506
1375.220780634023 1.0000661611557007
1375.2416135817657 1.0001440048217773
1375.262446529293 0.9998804330825806
1375.283279476595 1.0001593828201294
1375.3041124236581 1.000084638595581
1375.3249453705057 1.0000253915786743
1375.345778317129 1.0000542402267456
1375.366611263516 0.9999781250953674
1375.3874442096862 1.000067114830017
1375.4082771556286 1.0000026226043701
1375.429110101334 1.0001277923583984
1375.4499430468213 1.0000660419464111
1375.4707759920805 1.0000019073486328
1375.4916089371013 1.0000693798065186
1375.5124418819034 0.9999905824661255
1375.5332748264768 0.9999797344207764
1375.554107770811 0.9998890161514282
1375.574940714925 1.0000455379486084
1375.59577365881 0.9998793601989746
1375.6166066024543 1.0000327825546265
1375.6374395458781 0.9997897148132324
1375.6582724890716 0.9998854398727417
1375.6791054320236 1.0000802278518677
1375.6999383747545 0.9999266266822815
1375.7207713172534 1.0001029968261719
1375.7416042595107 1.0000063180923462
1375.7624372015455 0.999921441078186
1375.7832701433479 0.9998718500137329
1375.804103084907 1.0000860691070557
1375.8249360262432 0.9999173283576965
1375.8457689673455 0.9998031854629517
1375.8666019082048 0.9992799758911133
1375.887434848839 1.000048279762268
1375.908267789239 0.9999160766601562
1375.9291007293941 1.0000346899032593
1375.9499336693243 1.0000580549240112
1375.9707666090187 0.9999849200248718
1375.9915995484675 0.9999703168869019
1376.0124324876904 0.9997960329055786
1376.0332654266763 1.000037670135498
1376.0540983654157 0.9999596476554871
1376.0749313039282 0.9998117089271545
1376.0957642422027 0.9998761415481567
1376.1582630555886 1.0001286268234253
1376.1790959929099 1.0001511573791504
1376.1999289299822 1.0001024007797241
1376.2207618668247 1.000159502029419
1376.2415948034275 1.0000486373901367
1376.2624277397797 1.000084638595581
1376.2832606759016 1.0001853704452515
1376.304093611782 1.000047206878662
1376.3249265474117 1.0001972913742065
1376.3457594828094 1.000213623046875
1376.3665924179647 1.0000823736190796
1376.3874253528675 1.000078797340393
1376.4082582875378 1.0001002550125122
1376.4290912219644 1.0000507831573486
1376.449924156138 1.0001734495162964
1376.4707570900769 1.0001959800720215
1376.491590023772 1.00004243850708
1376.5124229572118 1.000205397605896
1376.5332558904167 1.0001716613769531
1376.5540888233759 1.0002326965332031
1376.5749217560792 1.0001447200775146
1376.5957546885463 1.000035285949707
1376.616587620766 1.000205397605896
1376.637420552729 1.0001609325408936
1376.6582534844542 1.0001808404922485
1376.6790864159316 1.0001369714736938
1376.6999193471502 1.0001630783081055
1376.7207522781298 1.000132441520691
1376.7415852088604 1.000103235244751
1376.762418139341 1.000091791152954
1376.7832510695616 1.0001046657562256
1376.8040839995417 1.000235676765442
1376.8249169292706 1.0000765323638916
1376.8457498587377 1.0001612901687622
1376.8665827879631 0.9999866485595703
1376.887415716936 1.000216007232666
1376.9082486456462 1.0001189708709717
1376.9290815741124 1.0000838041305542
1376.9499145023256 1.0000216960906982
1376.970747430274 1.0000128746032715
1376.991580357978 0.9999816417694092
1377.0124132854266 0.9999832510948181
1377.0332462126091 0.9999152421951294
1377.0540791395456 0.9995971918106079
1377.0749120662256 1.0001306533813477
1377.0957449926486 1.0000731945037842
1377.1165779188034 1.0000001192092896
1377.13741084471 1.0001299381256104
1377.158243770358 0.9999560117721558
1377.179076695737 1.0000865459442139
1377.1999096208656 0.9995094537734985
1377.2207425457343 1.0000864267349243
1377.241575470332 0.9999635815620422
1377.2624083946785 1.000061273574829
1377.2832413187627 1.0001720190048218
1377.3040742425744 1.0000135898590088
1377.3249071661335 0.9999676942825317
1377.3457400894288 0.9998994469642639
1377.3665730124496 1.0000922679901123
1377.3874059352163 0.9999358057975769
1377.4082388577174 0.9999508261680603
1377.4290717799424 1.0000147819519043
1377.449904701911 0.9999986886978149
1377.4707376236126 1.0000087022781372
1377.4915705450462 1.00010347366333
1377.5124034662017 0.9999603033065796
1377.5332363870984 1.0001367330551147
1377.5540693077253 0.9999420642852783
1377.5749022280822 0.9999294877052307
1377.5957351481584 1.000071406364441
1377.6165680679728 0.9999176859855652
1377.6374009875053 0.9999653100967407
1377.6582339067747 0.9999144673347473
1377.6790668257713 0.9998430013656616
1377.699899744493 1.000040888786316
1377.7207326629307 0.9998446106910706
1377.7415655811023 1.0000355243682861
1377.7623984989982 1.0001270771026611
1377.7832314166067 0.9999039769172668
1377.804064333948 0.9998635649681091
1377.8248972510107 0.9999641180038452
1377.845730167785 1.0001505613327026
1377.8665630842886 0.9998478293418884
1377.8873960005124 0.9997648000717163
1377.9082289164544 0.9989732503890991
1377.9290618321047 1.0002154111862183
1377.949894747482 0.9999945759773254
1377.9707276625659 0.9999763369560242
1377.9915605773754 0.9997935891151428
1378.0123934918995 0.9999755024909973
1378.033226406138 0.9981115460395813
1378.0540593200792 0.9999043941497803
1378.074892233743 1.000102162361145
1378.0957251471184 0.999955415725708
1378.1165580602042 0.9999492764472961
1378.13739097299 1.000129222869873
1378.158223885495 0.9999876618385315
1378.1790567977077 1.0000673532485962
1378.1998897096175 1.0000466108322144
1378.2207226212438 0.9997909069061279
1378.2415555325754 1.000092625617981
1378.2623884436014 0.9999262690544128
1378.2832213543406 1.0000476837158203
1378.304054264783 1.0000370740890503
1378.3248871749163 0.9999610185623169
1378.3457200847606 0.9999762773513794
1378.3665529943044 1.0000815391540527
1378.3873859035466 1.0000852346420288
1378.4082188124764 1.000052571296692
1378.429051721113 1.0001068115234375
1378.4498846294455 0.9998611807823181
1378.4707175374617 0.9996507167816162
1378.491550445182 0.9999288320541382
1378.512383352594 1.0000009536743164
1378.5332162596976 1.0000121593475342
1378.554049166481 0.9997560977935791
1378.5748820729636 0.9990600347518921
1378.595714979134 0.9970847368240356
1378.658213695751 1.0002119541168213
1378.6790466006512 1.00013267993927
1378.6998795052432 1.0001888275146484
1378.7207124095157 1.000186800956726
1378.741545313458 1.0000749826431274
1378.7623782170883 1.0001599788665771
1378.7832111203952 1.0001102685928345
1378.804044023378 1.0001590251922607
1378.824876926025 1.0000972747802734
1378.8457098283545 0.9999868869781494
1378.8665427303558 1.0001978874206543
1378.887375632017 1.0001667737960815
1378.908208533357 1.0000355243682861
1378.9290414343643 1.000068187713623
1378.9498743350375 1.0001955032348633
1378.970707235365 0.9999852776527405
1378.9915401353653 1.000037670135498
1379.012373035027 1.000137448310852
1379.0332059343386 1.000258445739746
1379.0540388333184 1.0001095533370972
1379.0748717319548 1.000159740447998
1379.0957046302462 1.0001901388168335
1379.1165375281817 1.0001702308654785
1379.1373704257785 1.0001206398010254
1379.1582033230256 1.0001195669174194
1379.1790362199108 1.0000487565994263
1379.199869116453 1.0001643896102905
1379.2207020126407 1.0001282691955566
1379.2415349084608 1.0002223253250122
1379.2623678039324 1.0000991821289062
1379.2832006990436 0.9999948740005493
1379.3040335937824 1.0001037120819092
1379.3248664881671 1.000030279159546
1379.3456993821856 0.9999339580535889
1379.3665322758363 0.9996161460876465
1379.3873651691088 1.000154972076416
1379.408198062018 1.0000978708267212
1379.4290309545524 1.0001744031906128
1379.44986384671 1.00015127658844
1379.4706967384793 1.00001060962677
1379.4915296298784 1.0000919103622437
1379.5123625208948 1.0000449419021606
1379.5331954115165 1.0000604391098022
1379.5540283017608 1.0000590085983276
1379.5748611916163 1.0000211000442505
1379.5956940810795 1.0000988245010376
1379.6165269701394 0.999864399433136
1379.6373598588127 0.9997233152389526
1379.658192747087 0.999846339225769
1379.6790256349602 0.9997533559799194
1379.6998585224196 0.9997066259384155
1379.720691409483 0.9998336434364319
1379.7415242961367 0.9998219609260559
1379.76235718237 0.9998751282691956
1379.783190068198 0.9998069405555725
1379.80402295361 0.9999745488166809
1379.824855838592 0.9998229146003723
1379.8456887231616 0.9998952150344849
1379.866521607306 0.9998454451560974
1379.8873544910223 0.9999389052391052
1379.9081873742975 0.9998263716697693
1379.929020257149 0.9997921586036682
1379.9498531395632 0.999828040599823
1379.9706860215274 0.9997181296348572
1379.9915189030582 0.9998816847801208
1380.012351784143 0.9997572302818298
1380.033184664778 0.9999372363090515
1380.0540175449503 0.999941349029541
1380.0748504246767 0.9998040199279785
1380.0956833039434 0.9996841549873352
1380.1165161827373 0.9998087882995605
1380.1373490610752 0.9998472332954407
1380.1581819389428 0.999560534954071
1380.1790148163375 0.9997497200965881
1380.1998476932451 0.9994745254516602
1380.2206805696824 0.9999596476554871
1380.2415134456353 0.9997352957725525
1380.2623463211 0.9998105764389038
1380.283179196063 0.9993257522583008
1380.3040120705405 0.9997341632843018
1380.3248449445186 0.9998642802238464
1380.3456778179832 0.9998013377189636
1380.36651069095 0.9997048377990723
1380.3873435634061 0.9997894167900085
1380.4081764353464 0.9996783137321472
1380.429009306757 0.9995891451835632
1380.449842177654 0.9995618462562561
1380.470675048023 0.9998517632484436
1380.4915079178602 0.9997978210449219
1380.5123407871506 0.99958735704422
1380.533173655911 0.999785840511322
1380.5540065241257 0.9998531937599182
1380.5748393917818 0.999776303768158
1380.595672258894 0.9999287128448486
1380.6165051254484 0.9999146461486816
1380.6373379914303 0.9998896718025208
1380.6581708568556 0.9999608397483826
1380.6790037217102 0.9997473359107971
1380.6998365859888 1.000016689300537
1380.7206694496883 0.9996852874755859
1380.7415023127935 0.9999418258666992
1380.7623351753202 1.0000423192977905
1380.7831680372547 0.9997653961181641
1380.8040008985822 0.9997415542602539
1380.824833759319 0.999944269657135
1380.845666619451 0.9998260140419006
1380.866499478964 0.9998024702072144
1380.887332337875 0.9998863935470581
1380.9081651961692 0.9998866319656372
1380.9289980538435 0.9998446702957153
1380.9498309108944 0.9998739957809448
1380.970663767309 0.999896228313446
1380.9914966231038 0.9996572136878967
1381.012329478266 0.9999813437461853
1381.0331623327838 0.9999385476112366
1381.0539951866735 0.9997445344924927
1381.0748280399248 0.999663233757019
1381.095660892535 0.9992597103118896
1381.1581594464988 1.0002180337905884
1381.1789922965365 1.0002130270004272
1381.199825145921 1.0001087188720703
1381.2206579946744 1.000256896018982
1381.2414908427868 1.0001592636108398
1381.262323690252 1.000159740447998
1381.2831565370923 1.0002228021621704
1381.3039893833018 1.000210165977478
1381.3248222288846 1.0001821517944336
1381.3456550738372 1.0002188682556152
1381.3664879181847 1.0002388954162598
1381.3873207619256 1.0000972747802734
1381.4081536050576 1.0002503395080566
1381.4289864476104 1.0001845359802246
1381.4498192895844 1.0002672672271729
1381.470652130992 1.0002654790878296
1381.4914849718457 1.0003151893615723