1381.7247997031727 1.000032901763916
1381.7456337346664 0.9999513030052185
1381.7664677669018 0.9998232126235962
1381.7873017998131 0.9998188018798828
1381.8081358333454 1.0000548362731934
1381.828969867409 0.999779462814331
1381.849803901909 0.9998487830162048
1381.8706379367757 0.9996753334999084
1381.891471971906 0.9998140335083008
1381.9123060072013 0.9998124241828918
1381.9331400425613 0.9998926520347595
1381.9539740778703 1.0001949071884155
1381.9748081130415 0.9999285340309143
1381.9956421479542 0.9996591210365295
1382.0164761824878 0.999772310256958
1382.0373102165481 0.9999276399612427
1382.0581442500122 0.9998875260353088
1382.0789782827655 0.999850869178772
1382.0998123146846 0.9996823072433472
1382.1206463456772 0.9997656345367432
1382.1414803756209 0.9998565316200256
1382.1623144044077 0.9999592304229736
1382.1831484319198 0.9996501207351685
1382.2039824580738 0.9999046921730042
1382.2248164827588 0.9997312426567078
1382.2456505058785 0.9996889233589172
1382.2664845273298 0.9995944499969482
1382.2873185470442 0.9996927380561829
1382.3081525649286 0.9995406866073608
1382.3289865809031 0.9996832013130188
1382.349820594884 0.9996853470802307
1382.3706546068224 0.9995419979095459
1382.391488616644 0.9991627335548401
1382.4123226242903 0.9971604943275452
1382.433156629697 0.9995067715644836
1382.4539906328355 0.9989884495735168
1382.4748246336515 0.9994061589241028
1382.4956586321066 0.9991821050643921
1382.5164926281554 0.9991720914840698
1382.6623305314474 0.7451845407485962
1382.6831645075893 0.5551210641860962
1382.703998481202 0.39135995507240295
1382.724832452286 --
1382.7456664208444 0.680934727191925
1382.7665003868733 0.814020037651062
1382.7873343504007 0.8581874370574951
1382.8081683114258 0.7861669659614563
1382.8290022699598 0.9178428053855896
1382.849836226006 0.940267026424408
1382.8706701795973 0.9138474464416504
1382.8915041307407 0.8050650358200073
1382.9123380794415 0.8471975326538086
1382.9331720257378 0.8962706923484802
1382.9540059696376 0.9182217121124268
1382.97483991116 0.9178206920623779
1382.9956738503245 0.893699049949646
1383.0165077871413 0.7359110713005066
1383.0373417216517 0.6833767294883728
1383.0581756538659 0.8764156699180603
1383.0790095837956 0.9307897686958313
1383.0998435114823 0.9314732551574707
1383.1206774369375 0.948832631111145
1383.1415113601836 0.9461736083030701
1383.1623452812419 0.9162965416908264
1383.183179200125 0.9564434885978699
1383.2040131168746 0.9660443663597107
1383.224847031502 0.8911380767822266
1383.2456809440293 0.8927773237228394
1383.2665148544681 0.9636797904968262
1383.2873487628601 0.9630111455917358
1383.3081826692166 0.9546560049057007
1383.3290165735589 0.9566543698310852
1383.349850475897 0.9057029485702515
1383.3706843762725 0.9429922103881836
1383.3915182746953 0.9678379893302917
1383.4123521711758 0.9551728963851929
1383.433186065754 0.9506537318229675
1383.4540199584394 0.9491915106773376
1383.474853849251 0.9665303826332092
1383.4956877382087 0.9323142170906067
1383.5165216253206 0.9446500539779663
1383.537355510626 0.9649859666824341
1383.5581893941317 0.9490899443626404
1383.5790232758568 0.9181853532791138
1383.599857155808 0.9604349136352539
1383.6206910340234 0.9667991399765015
1383.7040265297476 0.9990720152854919
1383.724860399481 0.9990975260734558
1383.745694267565 0.9989824891090393
1383.766528134016 0.9996320009231567
1383.787361998838 0.9995110034942627
1383.808195862066 0.9998647570610046
1383.8290297237047 0.9995743632316589
1383.849863583768 0.9994996786117554
1383.8706974422596 0.9998822808265686
1383.8915312992126 0.9997929334640503
1383.9123651546315 0.9997244477272034
1383.9331990085286 0.9997541904449463
1383.9540328609064 0.9996806979179382
1383.9748667117983 0.9994739294052124
1383.9957005612057 0.9993541836738586
1384.0165344091415 0.9995613098144531
1384.037368255607 0.9995740056037903
1384.0582021006342 0.9995962977409363
1384.0790359442235 0.9993231892585754
1384.099869786388 0.999661922454834
1384.1207036271264 0.9995301961898804
1384.1415374664712 0.9990853071212769
1384.1623713044219 0.9992437362670898
1384.1832051409895 0.9995739459991455
1384.2040389761837 0.9995597004890442
1384.2248728100046 0.99961918592453
1384.2457066424822 0.9995744228363037
1384.2665404736151 0.9997975826263428
1384.329041959034 0.9992155432701111
1384.349875784883 0.9994958639144897
1384.3707096094336 0.9994568228721619
1384.3915434326934 0.9995223879814148
1384.4123772546614 0.9995172619819641
1384.433211075366 0.9994794130325317
1384.4540448948046 0.9993728399276733
1384.4748787129754 0.9991902112960815
1384.4957125299065 0.9991715550422668
1384.5165463455949 0.9993261694908142
1384.5373801600485 0.999363899230957
1384.5582139732744 0.9992585778236389
1384.5790477852704 0.9994980096817017
1384.5998815960627 0.9992907643318176
1384.620715405649 0.9988831281661987
1384.6415492140356 0.999313473701477
1384.6623830212295 0.9991892576217651
1384.6832168272272 0.9992988109588623
1384.7040506320552 0.9994642734527588
1384.7248844357102 0.9991016387939453
1384.7457182381975 0.999221682548523
1384.7665520395144 0.9991748332977295
1384.787385839686 0.9992812871932983
1384.8082196387088 0.9991505146026611
1384.8290534365883 0.9993438720703125
1384.8498872333205 0.9990429282188416
1384.8707210289306 0.9988463521003723
1384.8915548234147 0.9995679259300232
1384.9123886167781 0.9994589686393738
1384.9332224090156 0.9991428256034851
1384.954056200153 0.9990896582603455
1384.9748899901854 0.9992425441741943
1384.9957237791175 0.9992904663085938
1385.0165575669548 0.9991326332092285
1385.0373913536919 0.9991915822029114
1385.0582251393541 0.9992889165878296
1385.0790589239355 0.9996126890182495
1385.0998927074415 0.9992435574531555
1385.1207264898658 0.9992055892944336
1385.1415602712339 0.9994141459465027
1385.1623940515394 0.9991340041160583
1385.1832278307872 0.9989739060401917
1385.2040616089816 0.9993059039115906
1385.2248953861165 0.9993235468864441
1385.2457291622168 0.9992115497589111
1385.2665629372757 0.9991552829742432
1385.2873967112982 0.9991415143013
1385.3082304842872 0.9990317225456238
1385.3290642562379 0.9992369413375854
1385.3498980271731 0.9994378685951233
1385.3707317970873 0.999461829662323
1385.3915655659837 0.9989933967590332
1385.4123993338565 0.9994376301765442
1385.433233100729 0.9992721676826477
1385.4540668665952 0.9991876482963562
1385.4749006314585 0.9994040727615356
1385.4957343953217 0.9990415573120117
1385.516568158179 0.9992474913597107
1385.537401920054 0.9991905093193054
1385.5582356809396 0.9990662336349487
1385.5790694408386 0.9989950060844421
1385.599903199745 0.9991345405578613
1385.6207369576819 0.998996913433075
1385.6415707146423 0.9989651441574097
1385.6624044706296 0.9990121126174927
1385.6832382256364 0.9989053606987
1385.7040719796858 0.9989585876464844
1385.7249057327708 0.9991475343704224
1385.7457394848946 0.9990840554237366
1385.7665732360601 0.9988582730293274
1385.7874069862598 0.9990192651748657
1385.8082407355168 0.9989854097366333
1385.829074483824 0.9987842440605164
1385.849908231184 0.9990689158439636
1385.870741977599 0.97069251537323
1385.9540769538587 0.9998071789741516
1385.9749106955808 1.0000343322753906
1385.995744436384 1.000042200088501
1386.016578176261 1.0002284049987793
1386.037411915214 0.9998469352722168
1386.058245653245 0.9998742341995239
1386.0790793903473 0.9998852610588074
1386.099913126542 0.9998779892921448
1386.120746861823 0.9999005198478699
1386.141580596191 1.0000382661819458
1386.1624143296494 1.0001717805862427
1386.18324806219 0.9999552965164185
1386.2040817938355 1.0000274181365967
1386.2249155245772 1.0001107454299927
1386.245749254418 1.000006914138794
1386.2665829833597 0.9999100565910339
1386.2874167113944 1.000045657157898
1386.308250438544 0.9999952912330627
1386.3290841648013 1.0001553297042847
1386.3499178901677 0.9998130798339844
1386.3707516146358 0.9999246597290039
1386.3915853382273 1.0000258684158325
1386.4124190609334 0.9998862743377686
1386.4332527827573 1.0001920461654663
1386.4540865037 0.999979555606842
1386.4749202237642 0.9998834729194641
1386.4957539429408 1.0003161430358887
1386.516587661253 1.0002739429473877
1386.5374213786913 0.999971330165863
1386.5582550952481 1.0000368356704712
1386.579088810946 1.0000559091567993
1386.5999225257754 0.9999423027038574
1386.6207562397387 1.0002204179763794
1386.6415899528379 1.0001519918441772
1386.6624236650744 1.0000988245010376
1386.6832573764398 1.0001271963119507
1386.7040910869562 1.0001596212387085
1386.7249247966151 1.0001403093338013
1386.7457585054185 1.0000767707824707
1386.766592213367 1.0002418756484985
1386.7874259204536 0.9998013377189636
1386.8082596266988 1.000300407409668
1386.829093332095 1.0000239610671997
1386.8499270366433 1.0002120733261108
1386.8707607403455 1.0000330209732056
1386.8915944431928 1.0000344514846802
1386.9124281452075 0.9998725652694702
1386.933261846669 1.0003149509429932
1386.954095547261 1.0002937316894531
1386.9749292467593 1.0001423358917236
1386.9957629454102 1.0000686645507812
1387.0165966432355 1.0001726150512695
1387.0374303402268 1.0002288818359375
1387.0582640363857 1.0001254081726074
1387.079097731703 0.9999204874038696
1387.0999314262008 1.000173807144165
1387.1207651198704 0.9999101758003235
1387.1415988127126 1.0000593662261963
1387.1624325047296 0.9999668598175049
1387.1832661959124 1.000134825706482
1387.2040998862822 1.00021231174469
1387.2249335758306 1.0001133680343628
1387.245767264559 1.0001437664031982
1387.2666009524685 0.9997709393501282
1387.2874346395604 1.0000231266021729
1387.3082683258267 1.0000115633010864
1387.3291020112874 1.000016689300537
1387.349935695935 1.000010371208191
1387.37076937977 1.000028371810913
1387.3916030627947 0.999913215637207
1387.412436744999 0.9998464584350586
1387.4332704264052 1.0000474452972412
1387.454104107004 1.0000250339508057
1387.474937786797 0.9998942017555237
1387.495771465785 1.0000892877578735
1387.5166051439596 0.9998936057090759
1387.5374388213422 1.000167965888977
1387.558272497923 0.999792218208313
1387.5791061737048 0.9999920129776001
1387.5999398486872 1.0000026226043701
1387.6207735228622 0.9997012615203857
1387.6416071962508 0.9999315142631531
1387.6624408688444 0.9998397827148438
1387.6832745406437 1.0000264644622803
1387.7041082116502 1.000073790550232
1387.724941881855 0.9997451305389404
1387.7457755512792 0.9261946678161621
1387.7874428877606 0.9999863505363464
1387.8082765548197 1.0001311302185059
1387.8291102210926 0.9998912215232849
1387.8499438865706 0.9999025464057922
1387.8707775512748 1.0000816583633423
1387.8916112151962 1.0000802278518677
1387.9124448783357 0.9999569654464722
1387.933278540695 1.000042200088501
1387.9541122022645 1.0002726316452026
1387.9749458630656 1.000040888786316
1387.995779523089 1.000017762184143
1388.0166131823362 0.9999064803123474
1388.0374468408081 1.000176191329956
1388.058280498496 0.9999687075614929
1388.0791141554203 1.0000056028366089
1388.099947811573 1.0001721382141113
1388.1207814669542 1.0002045631408691
1388.1416151215653 1.0000460147857666
1388.1624487753977 1.0001755952835083
1388.1832824284716 0.9999411106109619
1388.204116080779 1.0000765323638916
1388.22494973232 1.0001126527786255
1388.2457833830963 1.0001295804977417
1388.266617033109 0.9999120235443115
1388.2874506823484 0.9999468326568604
1388.3082843308357 1.0001887083053589
1388.3291179785624 0.9999103546142578
1388.349951625529 1.0001466274261475
1388.3707852717366 0.9999194741249084
1388.3916189171764 1.0001784563064575
1388.4124525618693 1.0001188516616821
1388.433286205806 1.0001517534255981
1388.4541198489883 1.000166893005371
1388.474953491416 1.0002323389053345
1388.495787133081 1.0000324249267578
1388.516620774004 1.0003337860107422
1388.5374544141757 1.0000929832458496
1388.5582880535974 1.0002158880233765
1388.5791216922698 1.0000652074813843
1388.5999553301945 1.000117301940918
1388.6207889673615 1.0001869201660156
1388.641622603793 1.0001592636108398
1388.6624562394782 1.00028657913208
1388.68328987442 1.0001063346862793
1388.7041235086178 1.0002524852752686
1388.7249571420639 1.0002756118774414
1388.745790774778 1.0001426935195923
1388.7666244067518 1.000128984451294
1388.7874580379862 1.00026535987854
1388.8082916684818 1.0000754594802856
1388.8291252982401 1.0001378059387207
1388.8499589272515 1.0002799034118652
1388.8707925555375 1.000083327293396
1388.8916261830882 1.0001760721206665
1388.9124598099056 1.0002450942993164
1388.9332934359898 1.0000873804092407
1388.9541270613324 1.0003467798233032
1388.9749606859536 0.9998292922973633
1388.9957943098452 1.0000436305999756
1389.0166279330074 1.0001230239868164
1389.0374615554417 1.0002278089523315
1389.058295177149 1.0002126693725586
1389.0791287981197 1.0001474618911743
1389.0999624183755 1.000258445739746
1389.1207960379065 1.0000818967819214
1389.1416296567145 0.9986701011657715
1389.1624632747998 1.000329852104187
1389.183296892154 1.0001776218414307
1389.204130508797 1.000245451927185
1389.2249641247213 1.0000663995742798
1389.2457977399263 1.0003379583358765
1389.2666313544141 1.0002589225769043
1389.2874649681846 1.0002995729446411
1389.30829858123 1.0001624822616577
1389.3291321935703 1.0004236698150635
1389.349965805207 1.0001771450042725
1389.3707994161298 1.0001598596572876
1389.3916330263314 1.0003052949905396
1389.4124666358223 0.999873697757721
1389.4333002445928 1.0000985860824585
1389.4541338526649 1.0003993511199951
1389.4749674600284 1.0003715753555298
1389.4958010666853 1.0001899003982544
1389.5166346726355 1.0000594854354858
1389.5374682778813 1.0002738237380981
1389.5583018824125 1.0001556873321533
1389.5791354862508 1.0001988410949707
1389.5999690893866 1.0001943111419678
1389.6208026918214 1.0004124641418457
1389.6416362935558 1.0001572370529175
1389.6624698945814 1.000265121459961
1389.6833034949188 1.000361680984497
1389.7041370945585 1.0001143217086792
1389.7249706935024 1.000084400177002
1389.745804291751 1.00002920627594
1389.7666378893055 1.0002949237823486
1389.7874714861564 1.0000014305114746
1389.8083050823254 1.0003913640975952
1389.8291386778033 0.9998409748077393
1389.849972272591 1.000105619430542
1389.8708058666896 0.9999116659164429
1389.8916394601004 1.0001319646835327
1389.9124730528138 1.0001837015151978
1389.9333066448514 0.9999166131019592
1389.9541402362042 0.9999825358390808
1389.9749738268727 0.9997690320014954
1389.9958074168587 1.0001431703567505
1390.0166410061527 0.9999933838844299
1390.037474594786 1.0001461505889893
1390.0583081827197 0.9999465942382812
1390.0791417699852 1.0001120567321777
1390.0999753565725 1.00006103515625
1390.120808942484 1.0001784563064575
1390.1416425277196 0.9999197125434875
1390.1624761122714 0.9999386668205261
1390.1833096961598 0.999800980091095
1390.2041432793765 0.9998885989189148
1390.224976861922 1.0000195503234863
1390.2458104437978 0.9345067143440247
1390.2874776055446 1.0002473592758179
1390.3083111854082 1.0006440877914429
1390.329144764616 1.0005383491516113
1390.34997834316 1.0004222393035889
1390.370811921041 1.0002529621124268
1390.3916454982602 1.0005406141281128
1390.412479074809 1.0003447532653809
1390.4333126507079 1.000204086303711
1390.4541462259492 1.0000464916229248
1390.4749798005328 1.0002740621566772
1390.4958133744612 0.9999489188194275
1390.5166469477347 1.000270962715149
1390.5374805203548 1.0000203847885132
1390.5583140923127 1.000218152999878
1390.57914766363 0.9999960064888
1390.5999812342973 1.0002412796020508
1390.6208148043163 1.0001169443130493
1390.641648373688 0.9998744130134583
1390.662481942404 1.0001137256622314
1390.6833155104853 1.000170111656189
1390.7041490779236 0.9999654293060303
1390.7249826447194 1.000145435333252
1390.7458162108749 0.9999718070030212
1390.766649776391 1.0002182722091675
1390.7874833412686 0.9997859597206116
1390.80831690551 1.0001804828643799
1390.8291504691058 0.9999687075614929
1390.849984032078 1.000178575515747
1390.870817594417 1.0000027418136597
1390.8916511561256 1.0002347230911255
1390.9124847172036 1.0002708435058594
1390.9333182776438 1.000324010848999
1390.9541518374667 1.000173807144165
1390.9749853966641 1.0003137588500977
1390.9958189552374 1.0001530647277832
1391.016652513188 1.0000860691070557
1391.0374860705178 1.0000077486038208
1391.0583196272175 1.000076174736023
1391.0791531833095 1.0001393556594849
1391.0999867387843 0.9998964071273804
1391.1208202936446 0.9998186826705933
1391.1416538478907 0.9998804926872253
1391.162487401525 1.0000325441360474
1391.1833209545487 1.0001293420791626
1391.2041545069637 1.0001537799835205
1391.2249880587613 0.9999760985374451
1391.2458216099633 1.0000802278518677
1391.2666551605612 0.999843180179596
1391.287488710557 0.9998865723609924
1391.3083222599514 1.0001863241195679
1391.3291558087476 1.000165343284607
1391.349989356936 1.0000983476638794
1391.3708229045387 1.0002371072769165
1391.3916564515478 1.0002121925354004
1391.4124899979643 0.9999492764472961
1391.4333235437907 1.000112533569336
1391.4541570890283 1.0001122951507568
1391.4749906336697 1.0001071691513062
1391.4958241777351 1.0000231266021729
1391.5166577212183 1.000285029411316
1391.5374912641196 1.0000219345092773
1391.558324806442 0.9991557598114014
1391.5791583481869 1.0000401735305786
1391.5999918893558 1.0001229047775269
1391.6208254299413 1.0002243518829346
1391.6416589699652 1.0002977848052979
1391.6624925094195 1.0000203847885132
1391.6833260483058 1.0000932216644287
1391.704159586627 0.9998804926872253
1391.7249931243846 1.000258445739746
1391.7458266615802 1.000067114830017
1391.7666601982069 1.000223159790039
1391.7874937342863 1.0001872777938843
1391.8083272698104 0.999912679195404
1391.8291608047818 0.9998463988304138
1391.8499943392028 1.0000017881393433
1391.8708278730749 1.0003278255462646
1391.891661406401 1.0001792907714844
1391.9124949391733 1.0001360177993774
1391.9333284714135 1.000295639038086
1391.954162003115 1.0001239776611328
1391.9749955342793 1.0000585317611694
1391.9958290649095 1.0002015829086304
1392.0166625950076 1.0000176429748535
1392.0374961245761 0.9999234676361084
1392.0583296536072 1.0001486539840698
1392.079163182124 1.0000702142715454
1392.099996710119 1.0001271963119507
1392.1208302375944 1.0002892017364502
1392.1416637645532 1.0001384019851685
1392.1624972909983 1.0001416206359863
1392.1833308169312 1.0002262592315674
1392.204164342346 1.0000656843185425
1392.2249978672648 1.0002284049987793
1392.2458313916807 0.9997538328170776
1392.266664915596 0.9979345798492432
1392.2874984390144 0.998580813407898
1392.308331961938 1.0001232624053955
1392.3291654843606 0.9987067580223083
1392.3499990063146 1.0000144243240356
1392.370832527763 0.9998842477798462
1392.3916660487396 0.9998173117637634
1392.4124995692364 1.0001544952392578
1392.433333089258 1.0001126527786255
1392.4541666088062 1.000052571296692
1392.4750001278853 1.0001676082611084
1392.495833646488 0.9998376369476318
1392.5166671646382 1.00023353099823
1392.537500682329 0.9998694062232971
1392.558334199564 1.0001461505889893
1392.579167716346 0.9999012351036072
1392.6000012326801 1.000014305114746
1392.6208347485683 0.9998416304588318
1392.6416682640158 0.9996591806411743
1392.6625017790152 0.9997647404670715
1392.6833352935905 0.9994935989379883
1392.7041688077359 0.9996787309646606
1392.7250023214547 0.9997140765190125
1392.7458358347517 0.9288625717163086
1392.787502860095 1.000230073928833
1392.8083363721498 1.0002752542495728
1392.8291698837888 1.0001065731048584
1392.850003395036 1.0003745555877686
1392.8708369058868 1.0001091957092285
1392.8916704163448 1.000044584274292
1392.9125039264145 1.0000869035720825
1392.933337436101 1.000075101852417
1392.9541709453983 1.000011682510376
1392.9750044543316 1.0001306533813477
1392.9958379628954 1.0000067949295044
1393.0166714710952 0.9999933242797852
1393.0375049789354 1.000033974647522
1393.0583384864208 1.0001673698425293
1393.0791719935573 1.0000091791152954
1393.1000055003492 1.0000375509262085
1393.120839006803 0.9999837875366211
1393.1416725129516 1.0000331401824951
1393.1625060187785 0.9999377727508545
1393.1833395242484 0.9999011158943176
1393.204173029402 1.00005304813385
1393.2250065342444 1.0000698566436768
1393.2458400387823 0.9998412132263184
1393.2666735430112 0.9999741911888123
1393.287507046957 0.9999863505363464
1393.3083405506168 1.0001134872436523
1393.3291740539958 1.0000519752502441
1393.350007557101 1.000110149383545
1393.3708410599388 1.0001617670059204
1393.391674562516 1.0000114440917969
1393.4125080648391 1.0000807046890259
1393.4333415669057 1.0000693798065186
1393.454175068742 1.000158429145813
1393.475008570346 1.0001307725906372
1393.4958420717237 1.0000218152999878
1393.5166755728842 1.0000287294387817
1393.5375090738335 1.0001113414764404
1393.5583425745808 1.0001040697097778
1393.5791760751326 1.0000278949737549
1393.6000095754875 0.9999691843986511
1393.620843075674 1.0001697540283203
1393.6416765756896 1.0000849962234497
1393.6625100755434 0.9998744130134583
1393.6833435752437 0.9999350905418396
1393.7041770747996 0.9999229907989502
1393.72501057422 1.0001102685928345
1393.7458440735134 0.999941885471344
1393.7666775726798 1.0000718832015991
1393.7875110717487 1.0000991821289062
1393.8083445707196 1.000044822692871
1393.8291780696018 1.0001273155212402
1393.8500115684062 0.9999324083328247
1393.8708450671425 1.0002155303955078
1393.8916785658216 1.000259518623352
1393.9125120644537 1.0000145435333252
1393.9333455630401 1.0001052618026733
1393.9541790616113 0.9999788999557495
1393.975012560169 1.0000884532928467
1393.9958460587247 1.0002706050872803
1394.01667955729 0.9998911619186401
1394.0375130558768 1.0001276731491089
1394.0583465544973 0.9999967217445374
1394.0791800531642 1.0002425909042358
1394.10001355189 1.000266671180725
1394.1208470506776 1.000254511833191
1394.1416805495603 1.0001180171966553
1394.1625140485414 1.0000869035720825
1394.1833475476346 1.0000724792480469
1394.2041810468538 1.0001243352890015
1394.2250145462135 1.0001368522644043
1394.245848045728 1.0003079175949097
1394.2666815454122 1.0002695322036743
1394.2875150452808 1.000209927558899
1394.3083485453399 0.9999571442604065
1394.329182045624 1.0002057552337646
1394.3500155461404 1.000040888786316
1394.370849046904 1.0000635385513306
1394.3916825479325 1.000056266784668
1394.412516049242 1.0003695487976074
1394.4333495508495 1.0000752210617065
1394.4541830527728 1.00004243850708
1394.4750165550192 1.0003678798675537
1394.4958500576272 1.0001527070999146
1394.5166835606049 1.000382423400879
1394.5375170639709 0.9999864101409912
1394.5583505677446 1.0003900527954102
1394.579184071944 1.000054955482483
1394.6000175765898 1.000299096107483
1394.6208510817007 1.000154733657837
1394.641684587298 1.000148892402649
1394.662518093391 1.0002853870391846
1394.6833516000208 1.0001364946365356
1394.704185107198 1.0000394582748413
1394.725018614944 0.9984882473945618
1394.7458521232795 0.999634325504303
1394.7666856322267 0.9998602867126465
1394.7875191418066 1.0001018047332764
1394.808352652042 1.000051736831665
1394.8291861629534 0.9996715784072876
1394.8500196745647 1.0001788139343262
1394.870853186887 0.9997149705886841
1394.8916866999623 1.0001862049102783
1394.9125202138036 1.0000687837600708
1394.9333537284326 1.0001413822174072
1394.954187243872 0.9998126029968262
1394.9750207601433 1.0001881122589111
1394.9958542772688 1.000083327293396
1395.0166877952697 0.9999997019767761
1395.037521314158 0.9998695254325867
1395.058354833974 1.000175952911377
1395.0791883547288 1.0001314878463745
1395.1000218764423 0.9995287656784058
1395.1208553991332 0.9998236298561096
1395.1416889228212 0.9999022483825684
1395.1625224475238 1.0000135898590088
1395.183355973258 1.0000077486038208
1395.2041895000395 0.9999039173126221
1395.2250230278737 0.9999172687530518
1395.2458565567943 0.9163342714309692
1395.2875236179095 1.0002732276916504
1395.3083571501238 1.0001980066299438
1395.3291906834534 1.0003505945205688
1395.3500242179023 1.000341773033142
1395.3708577534737 1.0001789331436157
1395.391691290168 1.0003068447113037
1395.4125248279834 1.0002236366271973
1395.4333583669047 1.0002193450927734
1395.6000267169265 1.0005050897598267
1395.620860265154 1.000519871711731
1395.6416938142527 1.0001517534255981
1395.6625273642685 1.0002520084381104
1395.683360915065 1.0003660917282104
1395.7041944665316 1.0004701614379883
1395.725028018673 1.000678300857544
1395.745861571426 1.000535011291504
1395.7666951247234 1.0003780126571655
1395.7875286784945 1.000404715538025
1395.8083622326635 1.0004011392593384
1395.8291957871525 1.0004315376281738
1395.8500293418679 1.0004111528396606
1395.870862896744 1.00041663646698
1395.8916964516818 1.0005238056182861
1395.9125300065896 1.0000863075256348
1395.9333635613732 1.0002312660217285
1395.9541971159358 1.0002552270889282
1395.97503067018 1.0002601146697998
1395.9958642240067 1.000386118888855
1396.016697777315 1.0003385543823242
1396.0375313300053 1.0005029439926147
1396.058364881967 1.0004554986953735
1396.0791984331202 1.0004310607910156
1396.100031983356 1.000259518623352
1396.1208655325772 1.0000308752059937
1396.141699080687 1.0002514123916626
1396.162532627592 1.0001994371414185
1396.183366173201 1.000247836112976
1396.2041997174254 1.0001404285430908
1396.2250332601789 1.000005841255188
1396.2458668013803 1.000146746635437
1396.2667003409497 0.999864399433136
1396.287533878803 0.9999723434448242
1396.3083674148886 1.000030755996704
1396.329200949129 1.000146508216858
1396.3500344814615 0.9998970031738281
1396.3708680118268 1.0000735521316528
1396.3917015401703 1.000113844871521
1396.4125350664408 1.000146746635437
1396.433368590592 1.0000081062316895
1396.454202112581 1.000051498413086
1396.5167026652077 0.9992989897727966
1396.5375361781896 0.9995248317718506
1396.558369688863 0.9992684721946716
1396.6625372068424 1.000000238418579
1396.683370703279 1.000337839126587
1396.704204197304 1.0000215768814087
1396.725037688946 1.0000135898590088
1396.7458711781753 1.0000605583190918
1396.7667046649942 0.9997350573539734
1396.7875381494264 1.0002007484436035
1396.8083716314682 1.0000419616699219
1396.8292051111262 1.0001084804534912
1396.8500385884097 1.0001212358474731
1396.8708720633283 1.0000243186950684
1396.8917055358927 1.000064730644226
1396.9125390061156 1.00016188621521
1396.9333724740093 1.000113606452942
1396.954205939588 1.0000420808792114
1396.9750394028563 1.0002281665802002
1396.9958728638492 1.0000897645950317
1397.0167063225726 0.9981086850166321
1397.0375397790428 1.0002098083496094
1397.0583732332766 1.0002306699752808
1397.0792066852907 1.0002152919769287
1397.1000401351032 1.0000909566879272
1397.120873582731 1.0001295804977417
1397.141707028193 1.000156044960022
1397.1625404715062 1.0001322031021118
1397.1833739126894 1.0001020431518555
1397.2042073517605 0.9998224973678589
1397.2250407887284 1.000000238418579
1397.2458742236304 0.9999913573265076
1397.266707656476 1.000054955482483
1397.2875410872828 1.0000253915786743
1397.3083745160686 1.0001343488693237
1397.3292079428522 1.0001378059387207
1397.350041367651 0.9998790621757507
1397.3708747904836 1.0000733137130737
1397.391708211367 0.9999250769615173
1397.412541630319 0.9999874234199524
1397.433375047357 1.000026822090149
1397.4542084624986 0.9999433755874634
1397.4750418757508 1.000103235244751
1397.4958752871491 1.000104308128357
1397.5167086967022 1.000169038772583
1397.5375421044248 1.0001015663146973
1397.5583755103341 0.9999268054962158
1397.5792089144456 0.9999014735221863
1397.6000423167757 0.9999924898147583
1397.620875717339 1.0001904964447021
1397.6417091161516 0.9997711181640625
1397.6625425132281 0.9999880194664001
1397.6833759085837 1.0002286434173584
1397.7042093022328 1.000082015991211
1397.7250426941898 0.9999001622200012
1397.745876084459 0.9998372793197632
1397.7667094730746 0.9999619126319885
1397.7875428600398 0.9999375939369202
1397.8083762453682 0.9999274015426636
1397.8292096290734 0.9998127818107605
1397.850043011168 0.9999947547912598
1397.870876391665 1.0001143217086792
1397.8917097705773 1.0002014636993408
1397.9125431479167 1.0001897811889648
1397.9333765236959 0.9999096989631653
1397.9542098979264 0.9999179244041443
1397.9750432706205 0.9997173547744751
1397.9958766417897 1.0000452995300293
1398.0167100114445 0.9999985694885254
1398.0375433795873 0.9998553991317749
1398.0583767462579 1.000003695487976
1398.0792101114282 1.00002121925354
1398.1000434751377 0.9997024536132812
1398.1208768373876 0.9998789429664612
1398.1417101981874 0.9999072551727295
1398.162543557548 1.000011920928955
1398.1833769154784 0.9999341368675232
1398.204210271989 0.9998463988304138
1398.225043627089 1.0000181198120117
1398.2458769807877 0.9996822476387024
1398.266710333094 0.9998238682746887
1398.2875436840177 1.0000585317611694
1398.3083770335568 1.0000057220458984
1398.3292103817403 0.9998533725738525
1398.3500437285772 0.999904453754425
1398.3708770740452 0.9999492764472961
1398.3917104181833 0.9997850060462952
1398.4125437609891 0.9998354315757751
1398.4333771024708 0.9997785091400146
1398.4542104426362 0.9997367858886719
1398.4750437814926 0.9997336864471436
1398.4958771190486 0.9997243881225586
1398.5167104553102 0.9998106360435486
1398.5375437902862 0.9996756911277771
1398.5583771239826 0.999858021736145
1398.5792104564075 0.9996984601020813
1398.600043787567 0.9996709823608398
1398.6208771174681 0.9996973276138306
1398.641710446118 0.9997664093971252
1398.6625437735127 1.0000083446502686
1398.6833770996793 0.9996715188026428
1398.7042104246134 0.9337741732597351
1398.7458770708117 0.9998416304588318
1398.766710392087 0.9999500513076782
1398.7875437121554 1.0000689029693604
1398.8083770310218 0.9998094439506531
1398.8292103486929 0.9999311566352844
1398.8500436651732 0.9999439120292664
1398.8708769804696 0.9999879002571106
1398.8917102945866 0.9999913573265076
1398.91254360753 0.9997252821922302
1398.9333769193054 0.9999414086341858
1398.9542102299176 0.9998288750648499
1398.975043539362 0.9998080730438232
1398.9958768476642 0.9999161958694458
1399.0167101548182 0.9997555613517761
1399.0375434608297 0.9999564290046692
1399.058376765703 0.9999175667762756
1399.0792100694437 0.9998226165771484
1399.1000433720556 1.0001320838928223
1399.120876673544 0.9999359846115112
1399.1417099739128 0.9998144507408142
1399.1625432731673 0.9999498724937439
1399.183376571311 0.9997734427452087
1399.2042098683496 0.9999396204948425
1399.225043164286 1.0001260042190552
1399.2458764591254 0.999928891658783
1399.2667097528715 1.0000271797180176
1399.2875430455285 1.0001925230026245
1399.308376337101 1.0000190734863281
1399.3292096275916 1.0000654458999634
1399.350042916996 0.999866783618927
1399.3708762053368 1.0000168085098267
1399.3917094926085 1.0000040531158447
1399.4125427788142 0.9997937679290771
1399.4333760639583 0.9999895095825195
1399.4542093480443 0.9999068975448608
1399.4750426310757 0.999958872795105
1399.4958759130561 1.0000934600830078
1399.5167091939888 0.9999309182167053
1399.5375424738777 1.0000076293945312
1399.5583757527263 1.000213861465454
1399.579209030537 0.9999176859855652
1399.6000423073144 0.9999797344207764
1399.6208755830605 1.0000603199005127
1399.64170885778 0.9999450445175171
1399.6625421314748 0.9998667240142822
1399.683375404139 1.0001510381698608
1399.704208675795 1.0001397132873535
1399.7250419464463 1.0000721216201782
1399.7458752160655 1.0000855922698975
1399.7667084846862 1.0001099109649658
1399.7875417523007 0.9999691247940063
1399.808375018913 0.9999520182609558
1399.8292082845244 1.00006902217865
1399.8500415491392 1.0001901388168335
1399.8708748127592 1.0000098943710327
1399.8917080753877 1.0000200271606445
1399.9125413370273 0.9999961256980896
1399.9333745976808 1.000065803527832
1399.9542078573504 1.0001182556152344
1399.9750411160394 1.00004243850708
1399.99587437375 1.000131368637085
1400.016707630485 0.9999989867210388
1400.0375408862465 1.0002089738845825
1400.0583741410376 1.0002717971801758
1400.0792073948603 1.0000801086425781
1400.1000406477078 0.999886155128479
1400.1208738996113 1.0000758171081543
1400.1417071505343 0.9998819231987
1400.1625404005088 0.9998880624771118
1400.1833736495266 1.0001604557037354
1400.204206897591 1.0001797676086426
1400.2250401447034 1.000055193901062
1400.2458733908668 1.0001074075698853
1400.2667066360827 1.0000150203704834
1400.287539880354 0.999866247177124
1400.3083731236825 0.9999575614929199
1400.3292063660701 0.9998489022254944
1400.3500396075196 1.0001344680786133
1400.3708728480326 0.9998356699943542
1400.3917060876117 1.0001273155212402
1400.4125393262582 0.9997981190681458
1400.433372563975 0.9999150633811951
1400.4542058007635 0.9998034834861755
1400.4750390366262 1.0000077486038208
1400.4958722715642 1.0000393390655518
1400.5167055055806 0.9999828934669495
1400.5375387386764 0.9999470710754395
1400.5583719708443 0.9998456835746765
1400.5792052021156 0.9997942447662354
1400.6000384324523 0.9998071789741516
1400.6208716618867 0.9998518228530884
1400.64170489041 0.9998536109924316
1400.6625381180245 0.9985997676849365
1400.6833713447315 0.9997113347053528
1400.7042045705334 0.9260979890823364
1400.7458710194283 1.0000543594360352
1400.7667042425248 0.9999208450317383
1400.7875374647224 1.0000697374343872
1400.808370686024 1.000148057937622
1400.8292039064304 1.0001055002212524
1400.8500371259433 1.0000510215759277
1400.8708703445648 1.0001206398010254
1400.891703562296 1.0000720024108887
1400.912536779139 1.0000673532485962
1400.933369995095 1.0000861883163452
1400.954203210166 1.0001758337020874
1400.9750364243534 0.9999833703041077
1400.9958696376589 1.0001614093780518
1401.0167028500741 1.0001100301742554
1401.03753606163 1.000209927558899
1401.0583692722985 1.00002920627594
1401.0792024820814 1.0002607107162476
1401.1000356913355 1.0000637769699097
1401.1208688996646 1.0001503229141235
1401.1417021068426 1.000287652015686
1401.1625353131603 1.0002391338348389
1401.1833685185898 0.9999834299087524
1401.2042017231622 1.0001676082611084
1401.2250349268688 0.9999516010284424
1401.2458681297114 0.9999415278434753
1401.2667013316911 1.0001388788223267
1401.28753453281 1.0000169277191162
1401.308367733068 1.0001730918884277
1401.3292009324682 0.9998633861541748
1401.3500341310105 0.9999817609786987
1401.3708673286976 0.9999120831489563
1401.39170052553 1.0001097917556763
1401.412533721509 0.9999642968177795
1401.4333669166363 1.0000596046447754
1401.454200110913 1.0000725984573364
1401.4750333043403 1.0000948905944824
1401.4958664969197 1.0000782012939453
1401.5166996886524 1.0000532865524292
1401.5375328795399 1.0001496076583862
1401.5583660695831 0.9999467134475708
1401.5791992587838 0.9999712705612183
1401.600032447143 1.0001052618026733
1401.6208656346612 0.999927282333374
1401.641698821341 1.0001546144485474
1401.662532007182 0.9998202919960022
1401.6833651921875 0.9997949004173279
1401.7041983763468 1.0002689361572266
1401.7250315596923 0.9999992251396179
1401.7458647421845 1.0000369548797607
1401.766697923855 1.0000114440917969
1401.7875311046946 0.9999934434890747
1401.8083642847052 1.0000109672546387
1401.829197463887 0.9998798966407776
1401.8500306422422 1.0001040697097778
1401.870863819771 0.9998396635055542
1401.8916969964755 0.9998968243598938
1401.912530172356 1.0000544786453247
1401.9333633474141 1.0002163648605347
1401.9541965216506 1.0000594854354858
1401.975029695067 1.0001065731048584
1401.9958628676638 0.9999256134033203
1402.016696039443 1.000036597251892
1402.0375292104052 1.0000038146972656
1402.0583623805517 1.0000991821289062
1402.0791955498833 1.0000468492507935
1402.1000287184013 1.0000674724578857
1402.120861886107 1.0000007152557373
1402.141695053001 1.0002310276031494
1402.162528219085 0.9998984932899475
1402.1833613843592 1.0000978708267212
1402.2041945488256 1.0000492334365845
1402.2250277124842 1.0000578165054321
1402.2458608753375 1.0002350807189941
1402.2666940373856 1.0001459121704102
1402.2875271986293 1.0001682043075562
1402.3083603590703 0.9999995827674866
1402.3291935187094 0.9996454119682312
1402.3500266775477 0.9999943375587463
1402.370859835586 1.0000416040420532
1402.3916929928257 0.9997080564498901
1402.4125261492677 1.0000958442687988
1402.4333593049128 0.9997966885566711
1402.4541924597622 0.9995410442352295
1402.4750256138173 0.9997860193252563
1402.495858767078 0.9997604489326477
1402.5166919195367 0.9998562932014465
1402.5375250712232 0.9998108148574829
1402.5583582221097 0.9998245239257812
1402.5791913722062 0.9993792176246643
1402.6000245215141 0.999828040599823
1402.6208576700242 1.0000568628311157
1402.6416908177678 0.9995226263999939
1402.6625239647055 0.9998419284820557
1402.6833571108689 0.9993125796318054
1402.7041902562485 0.9188488125801086
1402.7458565446605 1.000372290611267
1402.7666896876954 1.000360369682312
1402.78752282995 1.0000393390655518
1402.8083559714262 1.0005697011947632
1402.8291891121244 1.0001654624938965
1402.850022252046 1.0003886222839355
1402.8708553911915 1.0001507997512817
1402.8916885295623 1.0002840757369995
1402.9125216671591 1.00026273727417
1402.933354803983 1.0002456903457642
1402.954187940035 1.000322699546814
1402.9750210753161 1.000318169593811
1402.995854209827 1.00046968460083
1403.016687343569 1.0003724098205566
1403.0375204765432 1.00028395652771
1403.0583536087497 1.0002304315567017
1403.0791867401906 1.0001261234283447
1403.1000198708657 1.0002158880233765
1403.1208530007773 1.000110387802124
1403.1416861299253 1.0003747940063477
1403.1625192583108 1.000262975692749
1403.1833523859352 1.0003814697265625
1403.204185512799 1.0002427101135254
1403.2250186389037 1.000169038772583
1403.2458517642497 1.0002381801605225
1403.2666848888384 1.0001791715621948
1403.2875180126703 1.0003634691238403
1403.308351135747 1.000197172164917
1403.3291842580688 1.0003901720046997
1403.3500173796372 1.0001100301742554
1403.3708505004527 1.0002869367599487
1403.391683620517 1.0000226497650146
1403.4125167398297 1.000351071357727
1403.4333498583933 0.9999542832374573
1403.4541829762077 1.0000596046447754
1403.4750160932747 1.0001667737960815
1403.4958492095943 1.0001591444015503
1403.5166823251684 1.000064492225647
1403.5375154399974 0.9999638199806213
1403.5583485540824 1.0001276731491089
1403.5791816674243 1.000238060951233
1403.6000147800246 1.000471830368042
1403.6208478918838 0.9997978806495667
1403.6416810030028 1.000083565711975
1403.6625141133832 1.000247597694397
1403.6833472230246 0.9999776482582092
1403.7041803319298 1.000178575515747
1403.725013440098 1.00002121925354
1403.7458465475322 1.000167727470398
1403.766679654232 1.0001164674758911
1403.787512760198 1.0001634359359741
1403.8083458654326 1.0003340244293213
1403.8291789699356 1.000184416770935
1403.8500120737087 1.0000174045562744
1403.870845176753 1.0001798868179321
1403.8916782790686 0.9999563694000244
1403.9125113806576 0.9999923706054688
1403.9333444815202 0.9999717473983765
1403.954177581658 1.0001661777496338
1403.9750106810716 1.0000025033950806
1403.9958437797625 0.9997395873069763
1404.016676877731 0.9999760985374451
1404.037509974979 0.9998880624771118
1404.058343071507 1.0000123977661133
1404.0791761673163 1.0000075101852417
1404.1000092624074 0.9999057054519653
1404.120842356782 1.0003275871276855
1404.1416754504407 1.000036358833313
1404.1625085433852 1.0001602172851562
1404.1833416356158 1.000084638595581
1404.204174727134 1.0000542402267456
1404.2250078179407 0.9999192357063293
1404.245840908037 1.0000258684158325
1404.266673997424 1.0002473592758179
1404.287507086103 0.9999912977218628
1404.3083401740748 0.9997520446777344
1404.3291732613407 0.9998144507408142
1404.3500063479014 0.9998136758804321
1404.3708394337586 0.99974524974823
1404.3916725189135 0.9996717572212219
1404.4125056033663 0.9997883439064026
1404.433338687119 0.9995942115783691
1404.454171770172 0.9992302060127258
1404.4750048525275 0.9999997019767761
1404.4958379341858 0.999640941619873
1404.516671015148 0.9996970891952515
1404.5375040954157 0.9995864629745483
1404.5583371749897 0.9996675848960876
1404.5791702538716 0.999474287033081
1404.6000033320622 0.9990145564079285
1404.6208364095628 0.999023973941803
1404.641669486375 0.9997135996818542
1404.6625025624992 0.9993515610694885
1404.6833356379373 0.9995070099830627
1404.7041687126905 0.897225022315979
1404.7458348601456 1.0001583099365234
1404.7666679328502 1.0001399517059326
1404.7875010048751 1.0004053115844727
1404.8083340762207 1.0003299713134766
1404.829167146889 1.0003383159637451
1404.8500002168805 1.0001851320266724
1404.8708332861975 1.0005462169647217
1404.8916663548403 1.0003069639205933
1404.9124994228107 1.0004841089248657
1404.9333324901102 1.0003377199172974
1404.9541655567393 1.0004808902740479
1404.9749986227005 1.0003834962844849
1404.9958316879943 1.000198483467102
1405.0166647526228 1.0005614757537842
1405.037497816586 1.0004974603652954
1405.058330879887 1.0001273155212402
1405.0791639425256 1.000365972518921
1405.099997004505 1.0003139972686768
1405.120830065825 1.0003753900527954
1405.1416631264874 1.0002553462982178
1405.1624961864943 1.0002362728118896
1405.1833292458466 1.0003877878189087
1405.2041623045457 1.0006831884384155
1405.2249953625935 1.0001952648162842
1405.245828419991 1.0004065036773682
1405.2666614767402 1.0002567768096924
1405.2874945328422 1.0004850625991821
1405.3083275882989 1.0003937482833862
1405.3291606431117 1.0003741979599
1405.3499936972817 1.0004792213439941
1405.3708267508114 1.000252604484558
1405.3916598037013 1.0004078149795532
1405.4124928559543 1.0002943277359009
1405.4333259075706 1.0003981590270996
1405.454158958553 1.0005027055740356
1405.4749920089027 1.0003056526184082
1405.4958250586312 1.0004069805145264
1405.5166581077106 1.0002518892288208
1405.5374911561719 1.0005102157592773
1405.5583242040077 1.0003888607025146
1405.5791572512294 1.000319004058838
1405.5999902978083 1.0005675554275513
1405.6208233437767 1.0004076957702637
1405.6416563891266 1.000427007675171
1405.662489433859 1.0004674196243286
1405.6833224779862 1.000728964805603
1405.7041555214905 1.0005792379379272
1405.7249885643828 1.000450611114502
1405.7458216066661 1.0004810094833374
1405.7666546483413 1.0004284381866455
1405.787487689411 1.0003753900527954
1405.8083207298769 1.0004016160964966
1405.829153769741 1.0000923871994019
1405.849986809005 1.0001394748687744
1405.8708198476716 1.0003442764282227
1405.8916528857421 1.0003548860549927
1405.9124859232193 1.000401258468628
1405.9333189601048 1.0003293752670288
1405.954151996401 1.0003507137298584
1405.9749850321095 1.000198245048523
1405.9958180672336 1.0005112886428833
1406.0166511017746 1.0000181198120117
1406.0374841357345 1.0002801418304443
1406.0583171691167 1.0001404285430908
1406.079150201922 1.0002392530441284
1406.099983234154 0.9998786449432373
1406.1208162658145 0.9998496770858765
1406.1416492969056 1.0001360177993774
1406.16248232743 1.0000677108764648
1406.1833153573903 1.0001553297042847
1406.2041483867886 1.000077247619629
1406.2249814156276 0.975090742111206
1406.2874804988144 0.9979758858680725
1406.308313525442 0.9985644817352295
1406.3291465515229 0.9980369806289673
1406.3499795770604 0.9972116351127625
1406.3708126020567 0.9981684684753418
1406.3916456265151 0.9977149367332458
1406.412478650438 0.9980197548866272
1406.433311673829 0.9971222281455994
1406.4541446966896 0.9967108964920044
1406.4749777190243 0.9966143369674683
1406.495810740835 0.9967486262321472
1406.516643762125 0.9967310428619385
1406.5374767829078 0.9967144131660461
1406.5583098031557 0.9976690411567688
1406.5791428229024 0.9961941838264465
1406.5999758421513 0.9968587160110474
1406.6208088608748 0.9969683289527893
1406.641641879117 0.9965990781784058
1406.662474896851 0.996938169002533
1406.6833079140902 0.9963217973709106
1406.704140930838 0.9961784482002258
1406.7249739470976 0.9964904189109802
1406.7458069628733 0.9974418878555298
1406.766639978168 0.996583878993988
1406.7874729929858 0.9962141513824463
1406.8083060073307 0.9966388940811157
1406.829139021205 0.9958693981170654
1406.8499720346144 0.9963396787643433
1406.8708050475614 0.9967182278633118
1406.891638060051 0.9967566728591919
1406.9124710720866 0.9962936043739319
1406.9333040836725 0.9966773390769958
1406.954137094813 0.9954169988632202
1406.9749701055118 0.9955398440361023
1406.9958031157737 0.9952676296234131
1407.0166361256029 0.9964750409126282
1407.037469135004 0.995047390460968
1407.058302143981 0.9961147904396057
1407.0791351525393 0.9952948093414307
1407.0999681606827 0.996616780757904
1407.120801168417 0.9958926439285278
1407.141634175746 0.994828999042511
1407.1624671826755 0.9962606430053711
1407.1833001892096 0.9950735569000244
1407.204133195364 0.9955081939697266
1407.224966201114 0.9950463175773621
1407.2457992064944 0.9957716464996338
1407.2666322115108 0.9955644011497498
1407.2874652161488 0.9958938360214233
1407.3082982204587 0.9960818290710449
1407.3291312244078 0.9945579171180725
1407.3499642279749 0.9963151216506958
1407.3707972311959 0.9958800673484802
1407.3916302340774 0.9954783320426941
1407.4124632366252 0.9948224425315857
1407.433296238846 0.9949946999549866
1407.4541292407453 0.995404839515686
1407.4749622423303 0.9957038760185242
1407.4957952436077 0.9956273436546326
1407.516628244583 0.99583500623703
1407.5374612452645 0.995103657245636
1407.5582942456576 0.9946088790893555
1407.5791272457711 0.994652509689331
1407.5999602456113 0.9949015378952026
1407.6207932451853 0.9951212406158447
1407.6416262445014 0.9958615899085999
1407.6624592435664 0.9955471158027649
1407.683292242389 0.9953653216362
1407.7041252409763 0.994251012802124
1407.7249582393472 0.9957312345504761
1407.7457912374896 0.9952934384346008
1407.766624235422 0.9948428273200989
1407.7874572331532 0.9946898818016052
1407.808290230692 0.9951743483543396
1407.8291232280471 0.9956164956092834
1407.849956225228 0.9964640140533447
1407.8707892222444 0.9943411350250244
1407.891622219105 0.9960214495658875
1407.9124552158203 0.9960603713989258
1407.9332882124 0.9950037598609924
1407.9541212088545 0.9949691891670227
1407.9749542051939 0.9953073263168335
1407.9957872014293 0.9957042932510376
1408.0166201975708 0.9958674311637878
1408.0374531936302 0.9953384399414062
1408.0582861896185 0.9955713748931885
1408.0791191855476 0.9963061809539795
1408.099952181429 0.9953652620315552
1408.1207851772751 0.9968520998954773
1408.141618173098 0.9960092306137085
1408.1624511689104 0.9966164231300354
1408.1832841647254 0.9957543611526489
1408.2041171605656 0.9972866773605347
1408.2249501564152 0.9952278137207031
1408.2457831523277 0.9969688653945923
1408.266616148287 0.9962636232376099
1408.2874491443179 0.9967110753059387
1408.3082821404346 0.9958729147911072
1408.3291151366527 0.9966017007827759
1408.3499481329875 0.9969006180763245
1408.370781129454 0.9978936910629272
1408.391614126069 0.9965895414352417
1408.4124471228483 0.9971517324447632
1408.43328011981 0.9976258277893066
1408.4541131169697 0.9972127079963684
1408.4749461143456 0.9971517324447632
1408.4957791119557 0.9978305697441101
1408.5166121098182 0.9966855049133301
1408.5374451079517 0.9975515604019165
1408.5582781063754 0.9977551698684692
1408.579111105109 0.997541606426239
1408.599944104172 0.9977173209190369
1408.6207771035854 0.9969948530197144
1408.6416101033794 0.9982868432998657
1408.6624431035552 0.9986241459846497
1408.683276104145 0.9985159635543823
1408.7041091051706 0.9982720613479614
1408.7249421066547 0.9985783696174622
1408.7457751086192 0.998245358467102
1408.7666081110892 0.9989355802536011
1408.7874411140874 0.9992228746414185
1408.8082741176386 0.9996827840805054
1408.8291071217673 0.9991679787635803
1408.8499401264987 0.9992029070854187
1408.870773131858 0.9987850785255432
1408.8916061378718 0.9992097020149231
1408.912439144566 0.9995256662368774
1408.9332721519677 0.9993350505828857
1408.9541051601036 1.0000592470169067
1408.9749381690017 0.9999898672103882
1408.9957711786892 0.9999480247497559
1409.0166041891946 1.000206708908081
1409.037437200556 0.9999104738235474
1409.058270212782 0.9992484450340271
1409.079103225911 0.999183177947998
1409.0999362399725 1.0000098943710327
1409.1207692549945 0.9996650218963623
1409.1416022710066 0.9995731115341187
1409.162435288037 0.9995380640029907
1409.1832683061152 0.9992242455482483
1409.2041013252688 0.9993312954902649
1409.2249343455264 0.9993926286697388
1409.245767366916 0.9995693564414978
1409.266600389464 0.9991075992584229
1409.2874334131977 0.9995132684707642
1409.3082664381423 0.9992545247077942
1409.329099464323 0.9994792342185974
1409.3499324917632 0.9999337196350098
1409.3707655204955 1.0000208616256714