1381.7249391627538 1.0003740787506104
1381.7457730117787 0.9999188780784607
1381.7666068612305 0.9999885559082031
1381.7874407110376 0.9996770024299622
1381.8082745611403 1.0001888275146484
1381.8291084114426 1.0000884532928467
1381.8499422618465 0.9999260902404785
1381.8707761122776 1.0003230571746826
1381.8916099626292 1.0001745223999023
1381.9124438128006 0.9999378323554993
1381.9332776626889 0.9996753931045532
1381.954111512177 0.9997415542602539
1381.9749453611778 0.9999505281448364
1381.9957792095704 0.9994974136352539
1382.0166130572347 0.9996335506439209
1382.0374469040785 0.9999541640281677
1382.0582807499807 0.9997164011001587
1382.07911459483 1.0000592470169067
1382.099948438506 1.001065731048584
1382.1207822809215 1.0011112689971924
1382.1416161219588 1.0007548332214355
1382.1624499615154 1.0009589195251465
1382.18328379948 1.0003677606582642
1382.204117635776 1.0000700950622559
1382.2249514702994 0.9998818039894104
1382.245785302962 1.00004243850708
1382.2666191336684 0.9998153448104858
1382.2874529623589 0.9999449849128723
1382.308286788949 0.9995115399360657
1382.329120613368 0.9998275637626648
1382.3499544355416 0.9999005198478699
1382.37078825543 0.9998904466629028
1382.3916220729682 0.9992048144340515
1382.4124558881074 0.9969942569732666
1382.4332897007932 0.9999571442604065
1382.4541235110064 0.9997162222862244
1382.474957318702 0.9999544024467468
1382.4957911238512 1.0001641511917114
1382.5166249264178 1.0001026391983032
1382.66246147114 0.6634098887443542
1382.683295252701 0.47534802556037903
1382.7041290316315 0.34136369824409485
1382.7249628079385 0.2829626202583313
1382.745796581632 0.6105459332466125
1382.7666303527149 0.7568325400352478
1382.7874641212213 0.8074284195899963
1382.8082978871564 0.7206172347068787
1382.8291316505372 0.8679395914077759
1382.8499654113725 0.9121946096420288
1382.8707991697008 0.8672018051147461
1382.891632925534 0.7424999475479126
1382.9124666788819 0.7920359969139099
1382.9333004297873 0.8456817269325256
1382.9541341782624 0.8805848956108093
1382.9749679243312 0.8702308535575867
1382.9958016680162 0.8385171294212341
1383.0166354093321 0.6680254340171814
1383.0374691483232 0.6079853773117065
1383.0583028850033 0.8151146769523621
1383.0791366193873 0.8862885236740112
1383.09997035152 0.8846049308776855
1383.1208040814151 0.9097434282302856
1383.1416378090983 0.9110143780708313
1383.1624715345931 0.8764415383338928
1383.183305257915 0.917283833026886
1383.204138979107 0.9402434825897217
1383.2249726981836 0.837337076663971
1383.245806415169 0.8310019373893738
1383.266640130076 0.938005268573761
1383.2874738429482 0.9327913522720337
1383.308307553799 0.9195899367332458
1383.329141262651 0.925650954246521
1383.3499749695163 0.8673045635223389
1383.3708086744373 0.9029823541641235
1383.3916423774253 0.9433485269546509
1383.4124760784923 0.922437310218811
1383.433309777679 0.9147918224334717
1383.4541434749965 0.9096178412437439
1383.4749771704649 0.9371132254600525
1383.4958108641044 0.8784075975418091
1383.5166445559246 0.9059643149375916
1383.537478245965 0.9370577335357666
1383.5583119342343 0.9109916090965271
1383.5791456207517 0.8716686367988586
1383.5999793055246 0.9254127144813538
1383.6208129885915 0.9440551996231079
1383.7041477040348 0.9992204904556274
1383.7249813787785 0.9991233348846436
1383.745815051906 0.9988084435462952
1383.766648723434 0.9999218583106995
1383.7874823933666 0.9997194409370422
1383.8083160617396 0.999915361404419
1383.8291497285577 0.9993399977684021
1383.8499833938351 0.9997766017913818
1383.8708170575758 0.9993120431900024
1383.8916507198132 0.9999868869781494
1383.9124843805519 1.0000075101852417
1383.9333180398041 1.0001771450042725
1383.954151697573 1.0000765323638916
1383.9749853538915 0.9999631643295288
1383.9958190087618 0.9996717572212219
1384.0166526621965 0.9996724128723145
1384.0374863141972 0.9992883801460266
1384.0583199647958 0.9996668100357056
1384.079153613993 0.9995817542076111
1384.0999872618013 0.9998416304588318
1384.1208209082206 0.9997783303260803
1384.1416545532823 0.9996136426925659
1384.1624881969863 0.9997643232345581
1384.1833218393438 0.9998584985733032
1384.204155480364 1.0000699758529663
1384.224989120048 0.9996451735496521
1384.2458227584245 0.9999400973320007
1384.266656395493 0.9997912049293518
1384.3291572989365 0.9996417164802551
1384.3499909308662 1.0000146627426147
1384.3708245615335 0.9993581771850586
1384.3916581909461 0.9997881054878235
1384.4124918191028 0.999796986579895
1384.4333254460323 0.9998095035552979
1384.4541590717313 0.999362051486969
1384.4749926961983 0.9992876052856445
1384.4958263194612 0.9992203116416931
1384.516659941517 0.9998931884765625
1384.5374935623736 0.9997791647911072
1384.5583271820376 0.9995253682136536
1384.579160800507 0.9998617768287659
1384.599994417808 0.9995353817939758
1384.6208280339376 0.9997496008872986
1384.6416616489028 0.9997808933258057
1384.6624952627096 0.9994751811027527
1384.683328875355 0.999920129776001
1384.7041624868657 0.9995052814483643
1384.7249960972374 0.9998892545700073
1384.745829706476 0.9997117519378662
1384.766663314578 0.9994015097618103
1384.7874969215688 0.9999536275863647
1384.808330527445 0.9998098015785217
1384.8291641322114 0.9996888637542725
1384.8499977358642 0.9994168877601624
1384.8708313384288 0.999642014503479
1384.8916649399005 0.9995821118354797
1384.9124985402848 0.999591588973999
1384.9333321395764 0.9995248317718506
1384.9541657378008 0.999434232711792
1384.9749993349533 0.9995257258415222
1384.9958329310382 0.9996305108070374
1385.016666526061 0.9994968771934509
1385.037500120016 0.9992921948432922
1385.0583337129283 0.9996771812438965
1385.079167304792 0.9996333122253418
1385.1000008956128 0.9999851584434509
1385.1208344853837 0.9995108246803284
1385.14166807413 0.999680757522583
1385.162501661846 0.9994661808013916
1385.1833352485353 0.9989033937454224
1385.2041688342028 0.9994668364524841
1385.2250024188422 0.9992085099220276
1385.245836002478 0.9994537234306335
1385.2666695851037 0.9995481967926025
1385.287503166724 0.9993379712104797
1385.3083367473414 0.9995353817939758
1385.3291703269513 0.9995549321174622
1385.3500039055764 0.9992038011550903
1385.3708374832106 0.9993503093719482
1385.3916710598576 0.9993107318878174
1385.4125046355111 0.9992919564247131
1385.4333382101945 0.9989959001541138
1385.4541717839013 0.9987931847572327
1385.4750053566354 0.9998231530189514
1385.4958389283986 0.999512791633606
1385.5166724991861 0.9990760087966919
1385.5375060690203 0.9993636608123779
1385.5583396378943 0.9987308979034424
1385.5791732058115 0.9993183612823486
1385.6000067727648 0.9988355040550232
1385.6208403387777 0.9990546107292175
1385.641673903843 0.9992947578430176
1385.6625074679641 0.9992257356643677
1385.6833410311333 0.9986697435379028
1385.7041745933734 0.9992905855178833
1385.725008154678 0.9990915060043335
1385.7458417150494 0.9990523457527161
1385.7666752744908 0.9990519285202026
1385.7875088329945 0.9988928437232971
1385.8083423905837 0.9992077350616455
1385.8291759472506 0.9988585710525513
1385.8500095029985 0.9987685680389404
1385.870843057829 0.9673309922218323
1385.9541772680252 1.0003091096878052
1385.9750108182998 1.0004769563674927
1385.9958443676824 1.0003000497817993
1386.016677916166 1.0002644062042236
1386.0375114637523 1.0003548860549927
1386.0583450104434 1.0002589225769043
1386.0791785562326 1.000441074371338
1386.1000121011411 0.9999150633811951
1386.1208456451618 1.0003143548965454
1386.1416791882964 1.000095009803772
1386.1625127305476 1.0002940893173218
1386.183346271907 1.0000218152999878
1386.2041798123978 1.0000429153442383
1386.2250133520108 1.0003345012664795
1386.245846890749 1.0001133680343628
1386.2666804286137 1.000243902206421
1386.2875139655973 1.0003048181533813
1386.308347501722 1.0005462169647217
1386.3291810369797 1.0000709295272827
1386.350014571372 1.0003300905227661
1386.3708481048914 1.0001208782196045
1386.3916816375595 1.0001565217971802
1386.4125151693681 1.0003405809402466
1386.4333487003194 1.0003257989883423
1386.4541822304147 1.0002646446228027
1386.4750157596563 1.000051498413086
1386.495849288036 1.000322699546814
1386.5166828155755 1.0003437995910645
1386.5375163422664 1.0001277923583984
1386.5583498681008 1.0002423524856567
1386.5791833931005 1.0002998113632202
1386.6000169172569 1.0001646280288696
1386.6208504405713 1.0002259016036987
1386.6416839630465 1.0001507997512817
1386.6625174846831 1.0001925230026245
1386.6833510054732 0.9998781085014343
1386.7041845254387 1.0006295442581177
1386.7250180445708 1.0004116296768188
1386.7458515628716 1.0004830360412598
1386.7666850803416 1.0006365776062012
1386.7875185969738 1.0004072189331055
1386.8083521127887 1.0002572536468506
1386.8291856277783 1.0001332759857178
1386.850019141944 0.9998541474342346
1386.8708526552875 1.0002511739730835
1386.8916861678 1.000388741493225
1386.9125196795032 1.0001027584075928
1386.9333531906584 1.0004136562347412
1386.9541867009696 1.0000666379928589
1386.9750202102268 1.0000675916671753
1386.9958537186603 1.000119924545288
1387.0166872262914 1.0000470876693726
1387.0375207331122 0.999946653842926
1387.0583542391234 1.0001615285873413
1387.0791877443166 0.9999852776527405
1387.1000212487131 1.0001945495605469
1387.120854752305 0.9998975396156311
1387.1416882550923 1.0000107288360596
1387.162521757078 1.0003501176834106
1387.1833552582518 0.99989914894104
1387.2041887586358 1.0004774332046509
1387.2250222582215 1.0002902746200562
1387.2458557570096 1.0003533363342285
1387.2666892550021 1.0003032684326172
1387.2875227521997 1.0000746250152588
1387.3083562485942 1.0001609325408936
1387.329189744206 1.0001919269561768
1387.3500232390275 1.000199794769287
1387.3708567330586 1.0004408359527588
1387.391690226302 0.9999392628669739
1387.4125237187477 0.9999334216117859
1387.4333572104176 0.9998424649238586
1387.4541907013027 0.9999181032180786
1387.4750241914044 1.0000125169754028
1387.4958576807235 0.9999942183494568
1387.5166911692513 0.9998305439949036
1387.5375246570095 1.0000269412994385
1387.5583581439882 1.0004245042800903
1387.57919163019 0.9999387264251709
1387.6000251156147 1.0000853538513184
1387.6208586002542 0.9995701313018799
1387.6416920841293 1.00016450881958
1387.6625255672313 1.000035285949707
1387.6833590495614 0.9999939799308777
1387.7041925311207 0.9999616146087646
1387.7250260119004 1.000090479850769
1387.745859491921 0.9129986763000488
1387.7875264496613 1.0002052783966064
1387.808359927383 1.0001002550125122
1387.82919340434 1.0002682209014893
1387.850026880524 1.000315546989441
1387.870860355956 1.000240445137024
1387.891693830627 1.0001790523529053
1387.912527304538 0.9998531937599182
1387.9333607776903 1.0000462532043457
1387.9541942500741 1.0001155138015747
1387.9750277217117 1.0003516674041748
1387.995861192593 1.0000463724136353
1388.01669466272 1.0002328157424927
1388.0375281320933 1.0004926919937134
1388.058361600704 1.0002080202102661
1388.0791950685725 1.0002367496490479
1388.1000285356913 1.0001142024993896
1388.12086200206 1.0000836849212646
1388.1416954676802 1.0003268718719482
1388.162528932543 1.0003166198730469
1388.1833623966688 1.000408411026001
1388.2041958600494 1.000182032585144
1388.2250293226853 1.0003836154937744
1388.2458627845779 1.0002509355545044
1388.2666962457283 1.0001466274261475
1388.2875297061264 1.0000892877578735
1388.3083631657942 0.9998742341995239
1388.3291966247227 1.0000395774841309
1388.3500300829126 1.0000940561294556
1388.3708635403646 1.0001651048660278
1388.3916969970699 1.0002919435501099
1388.4125304530498 0.999976396560669
1388.433363908295 1.0002830028533936
1388.4541973628068 0.999789297580719
1388.4750308165856 1.0002803802490234
1388.4958642696226 1.000319242477417
1388.516697721939 1.0001559257507324
1388.5375311735254 1.0002199411392212
1388.558364624383 1.0001837015151978
1388.5791980745128 1.0003600120544434
1388.6000315239155 1.0001418590545654
1388.6208649725822 1.0003266334533691
1388.6416984205343 1.0000114440917969
1388.6625318677618 1.0000865459442139
1388.6833653142667 1.0001533031463623
1388.704198760049 1.000154972076416
1388.7250322051004 1.0000660419464111
1388.7458656494414 1.0002397298812866
1388.7666990930634 1.000061273574829
1388.7875325359669 1.000292181968689
1388.8083659781528 1.0002381801605225
1388.8291994196225 1.000051498413086
1388.8500328603666 1.0003278255462646
1388.8708663004065 1.000240683555603
1388.891699739732 0.9998821020126343
1388.9125331783457 1.0002987384796143
1388.9333666162472 1.0000107288360596
1388.9542000534284 1.0002013444900513
1388.9750334899093 1.0000475645065308
1388.9958669256819 1.0001177787780762
1389.016700360746 1.0000289678573608
1389.0375337951036 1.0001803636550903
1389.0583672287553 1.0000858306884766
1389.0792006616916 1.0000697374343872
1389.1000340939343 1.0000782012939453
1389.1208675254734 1.0001857280731201
1389.1417009563106 0.9977365136146545
1389.1625343864462 0.9999145269393921
1389.1833678158719 1.0002449750900269
1389.2042012446082 1.0002646446228027
1389.2250346726462 0.9998824596405029
1389.2458680999864 1.00016450881958
1389.2667015266309 1.0002976655960083
1389.2875349525793 0.9999712109565735
1389.3083683778236 0.999722957611084
1389.3292018023842 0.9996846914291382
1389.3500352262624 1.000120759010315
1389.3708686494483 1.000288486480713
1389.3917020719339 0.9995726346969604
1389.4125354937303 0.9999222755432129
1389.4333689148277 0.9999294281005859
1389.4542023352478 1.0001531839370728
1389.4750357549806 1.0001059770584106
1389.4958691740283 1.000049114227295
1389.5167025923906 1.0000653266906738
1389.53753601007 0.999779224395752
1389.558369427056 1.0006436109542847
1389.5792028433705 0.9998316764831543
1389.6000362590041 0.9999600052833557
1389.620869673958 0.9998739361763
1389.641703088233 1.0001847743988037
1389.6625365018206 0.9999817609786987
1389.6833699147414 0.9998690485954285
1389.704203326986 1.0000096559524536
1389.7250367385566 0.9999678730964661
1389.745870149453 1.0000096559524536
1389.766703559677 1.000089168548584
1389.787536969219 0.9999818801879883
1389.8083703781008 0.9999722242355347
1389.8292037863127 0.9996048212051392
1389.8500371938565 1.0000202655792236
1389.8708706007324 0.9997917413711548
1389.8917040069425 1.000018835067749
1389.9125374124767 1.000132441520691
1389.9333708173567 0.9997352361679077
1389.9542042215737 0.9997331500053406
1389.9750376251282 0.9992373585700989
1389.9958710280216 1.000095009803772
1390.016704430245 0.999866247177124
1390.0375378318297 0.9994924664497375
1390.0583712327364 1.000106692314148
1390.0792046329966 0.9999421238899231
1390.1000380326007 0.9997612833976746
1390.1208714315508 0.9998442530632019
1390.141704829847 0.9996991753578186
1390.1625382274813 0.9995392560958862
1390.1833716244741 0.9995112419128418
1390.2042050208172 1.0000128746032715
1390.2250384165109 0.9997508525848389
1390.2458718115572 0.9267354011535645
1390.287538599711 0.9999595284461975
1390.3083719928113 1.0001733303070068
1390.3292053852779 0.9998605847358704
1390.3500387771028 1.0001732110977173
1390.3708721682867 1.0000249147415161
1390.3917055588313 1.0001156330108643
1390.4125389487276 0.9998906850814819
1390.4333723379966 1.0004870891571045
1390.4542057266299 0.9998477101325989
1390.475039114628 1.0003688335418701
1390.4958725019933 1.000014305114746
1390.516705888726 1.000188946723938
1390.5375392748276 1.0001893043518066
1390.5583726602895 1.000028133392334
1390.5792060451333 1.0000557899475098
1390.6000394293494 1.0001943111419678
1390.6208728129402 0.9998292922973633
1390.641706195906 1.0004267692565918
1390.6625395782387 1.000229001045227
1390.6833729599593 0.9999951124191284
1390.7042063410595 1.0001986026763916
1390.72503972154 1.000108003616333
1390.745873101403 1.0001229047775269
1390.7667064806492 1.0000745058059692
1390.78753985928 0.9999141693115234
1390.808373237297 1.000136137008667
1390.8292066146914 0.9999498724937439
1390.8500399914853 0.9998095631599426
1390.8708733676688 1.0002959966659546
1390.8917067432446 1.000273585319519
1390.912540118213 1.0003864765167236
1390.9333734925667 1.0000207424163818
1390.9542068663259 1.0004469156265259
1390.975040239483 1.0001246929168701
1390.9958736120388 1.0000375509262085
1391.0167069839956 0.9999710321426392
1391.0375403553542 1.0003108978271484
1391.0583737261063 1.0003015995025635
1391.0792070962739 1.0002751350402832
1391.1000404658473 1.0000298023223877
1391.1208738348298 1.0001493692398071
1391.1417072032216 1.0001431703567505
1391.162540571025 1.0000149011611938
1391.1833739382412 1.0002367496490479
1391.2042073048722 0.9999901652336121
1391.225040670909 1.000040054321289
1391.2458740363743 1.000070571899414
1391.2667074012586 1.0001089572906494
1391.287540765565 0.9993984699249268
1391.3083741292933 1.000095248222351
1391.329207492447 0.9999883770942688
1391.350040855017 1.0000673532485962
1391.370874217025 1.000235915184021
1391.391707578463 1.0003269910812378
1391.4125409393323 1.0000510215759277
1391.4333742996357 1.0002155303955078
1391.454207659374 1.0002230405807495
1391.47504101854 0.9997597336769104
1391.4958743771545 1.000417709350586
1391.5167077352103 1.0000790357589722
1391.5375410927084 1.0001951456069946
1391.5583744496519 0.9987834692001343
1391.579207806042 1.0000311136245728
1391.6000411618802 1.0002851486206055
1391.6208745171593 0.999906063079834
1391.6417078719012 1.0003010034561157
1391.6625412260978 1.0001944303512573
1391.6833745797508 1.0001455545425415
1391.7042079328628 1.0002061128616333
1391.725041285436 1.0000438690185547
1391.7458746374716 1.000012993812561
1391.7667079889627 1.000013828277588
1391.787541339931 1.000199556350708
1391.8083746903687 0.9999613761901855
1391.8292080402784 0.9997491836547852
1391.850041389662 1.0000721216201782
1391.8708747385217 0.9998679757118225
1391.89170808686 1.0001519918441772
1391.9125414346693 0.9997192025184631
1391.9333747819712 0.9999170899391174
1391.9542081287595 1.0000147819519043
1391.9750414750354 1.0002201795578003
1391.9958748208019 0.9996036291122437
1392.0167081660613 1.0003352165222168
1392.0375415108163 1.0000181198120117
1392.0583748550587 1.0001842975616455
1392.0792081988118 1.0000743865966797
1392.1000415420683 1.0002986192703247
1392.12087488483 0.9998685717582703
1392.1417082271007 1.0000128746032715
1392.1625415688825 0.9997991323471069
1392.1833749101775 0.9999393820762634
1392.2042082509797 1.0000461339950562
1392.2250415913109 1.000328779220581
1392.2458749311645 0.9997063875198364
1392.266708270543 0.9972983002662659
1392.2875416094496 0.9976246356964111
1392.3083749478872 0.9998929500579834
1392.3292082858486 0.9981327652931213
1392.3500416233674 0.9999558925628662
1392.3708749604057 0.9998806118965149
1392.3917082969979 0.999706506729126
1392.4125416331356 1.0001256465911865
1392.4333749688233 0.9998911619186401
1392.4542083040635 1.0000218152999878
1392.4750416388601 0.9999886751174927
1392.4958749732057 0.999906063079834
1392.5167083071244 0.999894917011261
1392.537541640609 0.9998000860214233
1392.5583749736638 1.0000832080841064
1392.5792083062913 1.0000892877578735
1392.6000416384961 0.9998089075088501
1392.6208749702807 1.00009024143219
1392.6417083016504 1.0002808570861816
1392.6625416325974 0.9994872808456421
1392.683374963146 0.9995998740196228
1392.70420829329 0.9999957084655762
1392.7250416230336 0.9997580051422119
1392.7458749523807 0.9160601496696472
1392.7875416099012 1.0004130601882935
1392.8083749380828 1.0002566576004028
1392.8292082658743 1.0004414319992065
1392.8500415932995 1.0003187656402588
1392.870874920354 1.0001775026321411
1392.8917082470412 1.0003015995025635
1392.9125415733654 1.0002917051315308
1392.933374899332 1.0002150535583496
1392.9542082249347 0.9999570846557617
1392.975041550199 1.000429630279541
1392.995874875119 1.0003427267074585
1393.0167081997001 1.0002565383911133
1393.0375415239473 0.999955952167511
1393.0583748478646 1.0002456903457642
1393.0792081714585 1.0000437498092651
1393.1000414947327 1.0004446506500244
1393.1208748176941 1.000241756439209
1393.141708140376 1.0004328489303589
1393.162541462761 1.0000779628753662
1393.1833747848132 1.0002297163009644
1393.2042081065738 0.9996121525764465
1393.225041428048 1.0001417398452759
1393.245874749242 0.999915599822998
1393.2667080701517 1.000025987625122
1393.2875413908027 1.0001250505447388
1393.308374711192 1.0001026391983032
1393.3292080313247 1.0005491971969604
1393.3500413512077 1.0002365112304688
1393.3708746708471 0.9998626112937927
1393.3917079902499 1.0001978874206543
1393.4125413094223 0.9999514222145081
1393.4333746283614 1.0003089904785156
1393.4542079470937 1.0001497268676758
1393.475041265617 1.0001652240753174
1393.495874583937 1.000159502029419
1393.5167079020625 1.0002291202545166
1393.5375412199994 1.0001198053359985
1393.558374537757 1.0001405477523804
1393.5792078553413 1.0004427433013916
1393.6000411727505 1.000291347503662
1393.620874490013 1.0003161430358887
1393.6417078071263 1.0000773668289185
1393.662541124099 1.0001630783081055
1393.6833744409391 0.9998459219932556
1393.7042077576557 0.9998916387557983
1393.7250410742572 1.0000982284545898
1393.7458743907516 1.0002104043960571
1393.7667077071392 0.9999812245368958
1393.7875410234483 1.0001535415649414
1393.8083743396787 0.9997503757476807
1393.8292076558391 0.9999987483024597
1393.85004097194 1.0001786947250366
1393.8708742879908 1.0002013444900513
1393.8917076040018 1.0001574754714966
1393.9125409199828 1.000365138053894
1393.9333742359347 1.0000346899032593
1393.9542075518875 1.000282883644104
1393.9750408678426 1.0001243352890015
1393.9958741838107 1.0002505779266357
1394.0167074998026 1.0001190900802612
1394.03754081583 1.0000581741333008
1394.0583741319047 1.0005780458450317
1394.0792074480382 1.000157356262207
1394.1000407642425 1.000002145767212
1394.1208740805203 0.9999756217002869
1394.1417073969035 1.0000263452529907
1394.1625407133952 1.0001388788223267
1394.183374030008 1.0003923177719116
1394.204207346755 1.0002365112304688
1394.2250406636501 1.0004053115844727
1394.2458739807062 1.0004373788833618
1394.2667072979377 1.0004246234893799
1394.2875406153582 1.000308632850647
1394.308373932973 1.0005412101745605
1394.3292072508152 1.0002497434616089
1394.350040568891 1.000136137008667
1394.3708738872144 1.0003973245620728
1394.3917072058018 0.9999033808708191
1394.412540524668 1.0001277923583984
1394.4333738438286 1.0001115798950195
1394.4542071633002 1.000193476676941
1394.4750404830888 1.0001708269119263
1394.4958738032312 1.000327706336975
1394.516707123734 1.0000828504562378
1394.5375404446143 1.0000159740447998
1394.5583737658892 1.0003118515014648
1394.5792070875757 0.9999814629554749
1394.6000404096926 0.9999990463256836
1394.6208737322565 0.9999602437019348
1394.6417070552866 1.0000317096710205
1394.6625403787903 1.0004290342330933
1394.6833737028064 0.9999567866325378
1394.7042070273435 1.0001637935638428
1394.7250403524201 0.9982535243034363
1394.7458736780554 0.9996185302734375
1394.7667070042683 0.9999544024467468
1394.7875403310773 1.0001869201660156
1394.8083736585024 1.0002214908599854
1394.8292069865618 0.9997460246086121
1394.8500403152755 1.0005369186401367
1394.870873644652 0.9998894929885864
1394.8917069747304 1.0006051063537598
1394.9125403055198 1.0002833604812622
1394.9333736370384 1.0000367164611816
1394.9542069693057 1.000032663345337
1394.975040302339 1.0002626180648804
1394.9958736361573 1.0004199743270874
1395.0167069707772 1.0002186298370361
1395.037540306207 1.0002981424331665
1395.0583736424817 1.0001537799835205
1395.0792069796091 1.000610589981079
1395.1000403176033 0.9997054934501648
1395.1208736564795 1.0000722408294678
1395.1417069962513 0.9998341798782349
1395.1625403369314 0.9998814463615417
1395.1833736785318 0.9995856881141663
1395.2042070210625 1.000032901763916
1395.2250403645235 1.0000566244125366
1395.2458737089423 0.8998669981956482
1395.2875404006454 1.0002392530441284
1395.3083737479367 1.0006874799728394
1395.3292070961907 1.0007386207580566
1395.3500404454044 1.000232458114624
1395.3708737955747 1.0004318952560425
1395.3917071466951 1.0006102323532104
1395.412540498757 1.000192403793335
1395.4333738517382 1.000720739364624
1395.6000407066874 1.0005106925964355
1395.6208740669815 1.0006331205368042
1395.6417074278916 1.0002424716949463
1395.662540789454 1.0007116794586182
1395.683374151529 1.0008152723312378
1395.7042075140023 1.0005682706832886
1395.7250408768707 1.000724196434021
1395.7458742400659 1.0003010034561157
1395.7667076035152 1.0004403591156006
1395.7875409671444 1.0002210140228271
1395.808374330873 1.0000590085983276
1395.8292076946198 1.000654697418213
1395.8500410582878 1.0006895065307617
1395.8708744218093 1.0001858472824097
1395.8917077850826 1.0004485845565796
1395.9125411480152 1.000139594078064
1395.9333745105114 1.0001779794692993
1395.9542078724749 1.0007457733154297
1395.975041233808 1.0001397132873535
1395.9958745944127 1.0001519918441772
1396.0167079541895 1.0004091262817383
1396.0375413130419 1.0002319812774658
1396.0583746708608 1.0003489255905151
1396.07920802757 1.000474214553833
1396.1000413830652 1.0000417232513428
1396.1208747372523 1.000342607498169
1396.1417080900403 1.0001311302185059
1396.1625414413413 1.0001271963119507
1396.1833747910694 1.0005491971969604
1396.204208139142 0.9998062252998352
1396.2250414854805 1.0000699758529663
1396.2458748300098 1.0004907846450806
1396.2667081726572 1.000327229499817
1396.2875415133467 1.0002410411834717
1396.308374852034 1.0004284381866455
1396.329208188649 0.9999755620956421
1396.350041523138 1.00038743019104
1396.3708748554493 1.000445008277893
1396.3917081855366 1.000252366065979
1396.412541513357 1.0001816749572754
1396.4333748388722 1.0000461339950562
1396.4542081620475 1.0002244710922241
1396.51670811725 0.9991210103034973
1396.5375414307891 0.9994693994522095
1396.558374741882 0.9995886087417603
1396.6625412601554 0.9999980330467224
1396.6833745563395 1.0002710819244385
1396.7042078500233 1.0004360675811768
1396.7250411412426 1.0003875494003296
1396.7458744299731 1.000449776649475
1396.766707716223 1.0001461505889893
1396.787541000022 1.000441551208496
1396.8083742813717 1.0003297328948975
1396.8292075602837 1.0002115964889526
1396.8500408367727 1.0002082586288452
1396.8708741108528 1.000427007675171
1396.8917073825394 1.0004459619522095
1396.9125406518497 1.0004136562347412
1396.9333739188 1.0001552104949951
1396.9542071834092 1.0003304481506348
1396.9750404456852 1.000170111656189
1396.9958737056668 1.0002650022506714
1397.0167069633637 0.9976744651794434
1397.0375402187956 1.000397801399231
1397.0583734719821 1.000302791595459
1397.0792067229436 0.9999837875366211
1397.1000399717007 1.0001235008239746
1397.1208732182731 1.0000871419906616
1397.1417064626824 1.000274419784546
1397.1625397049484 1.000427007675171
1397.1833729450923 1.0005643367767334
1397.204206183134 0.9999962449073792
1397.2250394190846 1.0000972747802734
1397.2458726529837 1.0002522468566895
1397.2667058848428 1.0001356601715088
1397.2875391146808 1.0001014471054077
1397.3083723425182 1.0003068447113037
1397.3292055683748 1.000340223312378
1397.3500387922697 1.000429391860962
1397.370872014223 1.0003777742385864
1397.3917052342535 1.0001497268676758
1397.4125384523802 1.0001972913742065
1397.4333716686215 0.9999839067459106
1397.4542048829965 1.0000331401824951
1397.475038095513 1.000211238861084
1397.495871306208 0.9996323585510254
1397.516704515091 1.0003423690795898
1397.537537722178 1.0002338886260986
1397.5583709274867 1.000181794166565
1397.5792041310335 1.000165581703186
1397.6000373328359 1.000106930732727
1397.620870532909 1.0000016689300537
1397.64170373127 1.0001850128173828
1397.6625369279338 0.9998797178268433
1397.6833701229164 0.9999599456787109
1397.704203316233 0.9997630715370178
1397.725036507898 0.9998025298118591
1397.7458696979168 0.9999961256980896
1397.7667028863239 0.9999913573265076
1397.787536073123 1.0000320672988892
1397.808369258328 1.0000741481781006
1397.829202441953 0.9997939467430115
1397.8500356240113 1.000206470489502
1397.8708688045156 0.9997944235801697
1397.8917019834796 1.0003459453582764
1397.9125351609155 1.0002778768539429
1397.933368336836 1.0002676248550415
1397.9542015112534 1.0003650188446045
1397.9750346841795 0.9998779892921448
1397.9958678556263 1.0000126361846924
1398.0167010256048 1.000386357307434
1398.0375341941171 1.0000872611999512
1398.0583673612036 0.999951183795929
1398.0792005268363 1.0001976490020752
1398.100033691055 0.9996098875999451
1398.1208668538604 1.0000386238098145
1398.141700015263 0.9999601244926453
1398.162533175273 1.000023603439331
1398.1833663339 1.0004568099975586
1398.2041994911542 1.0000758171081543
1398.225032647045 1.0003551244735718
1398.245865801582 1.0001025199890137
1398.266698954774 1.0003008842468262
1398.2875321066308 1.0001777410507202
1398.3083652571502 1.0001566410064697
1398.3291984063617 1.00009286403656
1398.350031554274 1.0001516342163086
1398.370864700865 1.0
1398.3916978461734 0.9999671578407288
1398.4125309901972 1.0003890991210938
1398.4333641329442 1.0002491474151611
1398.4541972744225 0.9997646808624268
1398.4750304146396 0.999718189239502
1398.4958635536036 1.0003522634506226
1398.5166966913205 1.0001882314682007
1398.5375298277995 0.9994601607322693
1398.558362963046 0.999952495098114
1398.5791960970682 1.0001332759857178
1398.6000292298727 1.0001499652862549
1398.6208623614662 1.0000684261322021
1398.6416954918552 0.9999486804008484
1398.6625286210365 1.0000933408737183
1398.6833617490365 0.9996074438095093
1398.7041948758515 0.9221243858337402
1398.745861125952 1.0003819465637207
1398.7666942492485 1.0002682209014893
1398.7875273713853 0.9999721050262451
1398.8083604923663 1.0000030994415283
1398.8291936121989 1.0001667737960815
1398.8500267308875 1.0000709295272827
1398.8708598484384 1.0002950429916382
1398.8916929648565 0.9998440146446228
1398.9125260801472 0.9999604821205139
1398.9333591943162 1.000080943107605
1398.9541923073682 0.9997801780700684
1398.9750254192984 1.0004123449325562
1398.9958585301324 0.9998087286949158
1399.0166916398641 1.00009024143219
1399.0375247484992 0.9997783303260803
1399.0583578560418 1.000009536743164
1399.0791909624975 1.0000635385513306
1399.10002406787 1.0003091096878052
1399.1208571721643 1.000156283378601
1399.1416902753845 1.0000869035720825
1399.1625233775358 1.0002152919769287
1399.1833564786216 1.0004172325134277
1399.204189578647 1.0000368356704712
1399.2250226776155 1.0004457235336304
1399.245855775532 1.0002444982528687
1399.2666888724 0.9998582005500793
1399.2875219682235 0.999957263469696
1399.3083550630072 1.0001130104064941
1399.3291881567538 1.0001634359359741
1399.3500212494585 1.0002275705337524
1399.370854341144 1.0000728368759155
1399.3916874318045 0.9999386668205261
1399.4125205214436 0.9998676180839539
1399.4333536100653 0.9999281167984009
1399.4541866976726 1.0002411603927612
1399.475019784269 1.0000194311141968
1399.495852869859 1.000294804573059
1399.5166859544445 1.0001490116119385
1399.53751903803 1.0000126361846924
1399.558352120619 1.0000660419464111
1399.5791852022132 1.0001953840255737
1399.600018282818 1.0004093647003174
1399.6208513624345 0.9999457001686096
1399.6416844410678 0.9997637867927551
1399.6625175187194 0.9998722672462463
1399.6833505953834 1.0004931688308716
1399.7041836710823 0.9999484419822693
1399.7250167458194 1.0001076459884644
1399.7458498195672 0.9999101161956787
1399.7666828923593 0.9999684691429138
1399.7875159641878 0.9999896883964539
1399.8083490350566 1.0002269744873047
1399.829182104967 1.0001742839813232
1399.850015173923 1.0001270771026611
1399.8708482419268 1.0000579357147217
1399.8916813089813 0.9996259808540344
1399.9125143750891 1.0002497434616089
1399.9333474402526 1.000227928161621
1399.9541805044746 1.0001739263534546
1399.9750135677577 1.000272274017334
1399.995846630104 0.9997600317001343
1400.0166796915169 1.000032901763916
1400.0375127519978 0.9996902346611023
1400.05834581155 1.0002186298370361
1400.0791788701752 1.00007164478302
1400.1000119278667 0.9998224973678589
1400.1208449846556 1.0001788139343262
1400.1416780405054 1.0001569986343384
1400.1625110954478 0.999620258808136
1400.1833441494748 0.9999098181724548
1400.2041772025893 0.9997661113739014
1400.225010254793 1.0000954866409302
1400.2458433060885 0.9999814033508301
1400.2666763564778 0.9999294877052307
1400.287509405963 1.0000741481781006
1400.3083424545464 0.9999745488166809
1400.3291755022294 0.9999005794525146
1400.3500085490152 0.9998905658721924
1400.3708415949047 0.9999097585678101
1400.3916746399009 1.0000032186508179
1400.412507684005 1.0000194311141968
1400.4333407272197 0.9999637007713318
1400.4541737695465 0.9998669028282166
1400.475006810988 0.999742865562439
1400.4958398515446 0.9996723532676697
1400.51667289122 1.0000096559524536
1400.5375059300147 0.9998323321342468
1400.5583389679214 0.9995170831680298
1400.5791720049717 0.9995090365409851
1400.6000050411274 0.9994398951530457
1400.6208380764203 0.9994317293167114
1400.641671110842 0.9996570348739624
1400.6625041443947 0.9985812902450562
1400.6833371770797 0.999306857585907
1400.704170208899 0.9120522141456604
1400.7458362699476 0.9999716281890869
1400.7666692991802 1.0000120401382446
1400.7875023275533 1.0001161098480225
1400.8083353550699 0.9999207854270935
1400.8291683817304 1.0001351833343506
1400.8500014075366 1.0000238418579102
1400.8708344324907 0.9997888803482056
1400.8916674565937 0.9999532699584961
1400.9125004798477 0.9999498724937439
1400.9333335022538 0.9998489022254944
1400.954166523814 0.9999994039535522
1400.9749995445293 1.0001600980758667
1400.9958325644018 0.9996560215950012
1401.016665583423 0.9999288320541382
1401.0374986016236 1.0000123977661133
1401.0583316189757 1.000110387802124
1401.079164635481 1.000078558921814
1401.0999976514802 1.0001399517059326
1401.1208306665944 1.0001885890960693
1401.1416636806102 0.9999494552612305
1401.162496693805 0.9999442100524902
1401.1833297061494 0.9997409582138062
1401.2041627176757 1.0001728534698486
1401.2249957283746 1.0000981092453003
1401.2458287382478 1.0001037120819092
1401.2666617472967 1.0001200437545776
1401.287494755523 1.0003767013549805
1401.308327762927 0.999787449836731
1401.3291607695114 1.0002259016036987
1401.3499937752763 1.0002639293670654
1401.3708267802242 1.0001299381256104
1401.3916597843554 1.0003917217254639
1401.4124927876717 0.9999008774757385
1401.4333257901742 1.0001002550125122
1401.4541587918645 1.000188946723938
1401.4749917927434 1.0005502700805664
1401.4958247928125 1.000041127204895
1401.516657792073 1.000435471534729
1401.5374907905264 0.9999881982803345
1401.558323788173 1.0002394914627075
1401.5791567850156 1.0001314878463745
1401.5999897810543 0.9999349117279053
1401.6208227762902 1.0000450611114502
1401.6416557707253 0.999800443649292
1401.66248876436 0.9998598098754883
1401.6833217571964 1.0000678300857544
1401.7041547492247 1.0002652406692505
1401.724987740477 0.9998623132705688
1401.7458207309135 0.9999682307243347
1401.7666537205664 1.0001775026321411
1401.787486709426 0.9999318718910217
1401.8083196974942 0.9999271631240845
1401.8291526847718 1.0000325441360474
1401.8499856712601 0.9998286366462708
1401.8708186569595 0.9999290704727173
1401.8916516418722 0.9999048113822937
1401.9124846259986 1.0002883672714233
1401.9333176093405 1.0000615119934082
1401.954150591898 1.0001420974731445
1401.9749835736732 0.9997969269752502
1401.9958165546666 0.999784529209137
1402.0166495348794 0.9998353123664856
1402.037482514313 0.9997856616973877
1402.0583154929684 0.9999203681945801
1402.0791484708461 0.9999858736991882
1402.0999814479483 1.0000665187835693
1402.120814424275 0.9998025894165039
1402.141647399828 1.0003989934921265
1402.162480374608 1.0002524852752686
1402.1833133486157 1.000078797340393
1402.2041463218534 1.0003491640090942
1402.2249792943205 1.0004230737686157
1402.2458122660196 0.9996509552001953
1402.266645236951 0.9998683333396912
1402.2874782071153 1.0002460479736328
1402.3083111765145 1.0003870725631714
1402.3291441451488 0.9998425841331482
1402.34997711302 0.999801754951477
1402.3708100801284 0.9995409250259399
1402.3916430464758 0.9998008012771606
1402.4124760120626 0.9997466206550598
1402.4333089768897 0.9995719790458679
1402.4541419409588 0.9997988939285278
1402.474974904271 0.9994330406188965
1402.4958078668258 0.9998666644096375
1402.516640828616 0.9994927048683167
1402.5374737896714 0.9993607401847839
1402.5583067499642 0.9994171261787415
1402.579139709504 0.99988853931427
1402.5999726682928 0.9993236660957336
1402.6208056263213 0.9999516606330872
1402.6416385836203 0.9995662569999695
1402.662471540151 0.999514102935791
1402.6833044959446 0.9990373253822327
1402.7041374509915 0.908829391002655
1402.7458033588507 0.9999793767929077
1402.766636311665 1.0000466108322144
1402.7874692637365 1.000329852104187
1402.8083022150668 1.0000909566879272
1402.8291351656567 1.0002669095993042
1402.8499681155072 1.000205159187317
1402.870801064619 1.00009024143219
1402.8916340129933 1.000160813331604
1402.912466960631 1.0004723072052002
1402.9332999075334 0.9999114274978638
1402.9541328537011 1.0000746250152588
1402.9749657991354 1.0002477169036865
1402.9957987438368 1.0001380443572998
1403.016631687807 1.0004171133041382
1403.0374646310465 0.9999867677688599
1403.0582975735558 1.000276803970337
1403.0791305153368 1.000151515007019
1403.0999634563898 1.0001541376113892
1403.1207963967163 1.000525712966919
1403.141629336317 0.999925434589386
1403.1624622751926 1.0003842115402222
1403.1832952133448 1.000305414199829
1403.2041281507736 1.0002022981643677
1403.2249610874808 1.0000231266021729
1403.245794023467 1.0001239776611328
1403.2666269587332 0.9999850988388062
1403.2874598932806 1.0001733303070068
1403.3082928271099 1.000298261642456
1403.3291257602223 0.9999589323997498
1403.3499586926187 0.9999989867210388
1403.3707916242997 1.0004394054412842
1403.3916245552673 1.0000038146972656
1403.4124574855211 1.000109076499939
1403.4332904150633 0.9998499155044556
1403.454123343894 1.0000864267349243
1403.4749562720149 1.00020170211792
1403.4957891994263 1.0002633333206177
1403.51662212613 0.9999072551727295
1403.537455052126 0.9998471140861511
1403.5582879774163 1.000049114227295
1403.579120902001 1.0001870393753052
1403.599953825882 1.000030279159546
1403.6207867490596 0.9999249577522278
1403.641619671535 1.0001838207244873
1403.6624525933096 1.000172734260559
1403.6832855143832 0.9999487400054932
1403.7041184347586 1.000291109085083
1403.724951354435 1.000261664390564
1403.745784273415 1.000114917755127
1403.7666171916987 0.9999489188194275
1403.7874501092872 0.9999979138374329
1403.8082830261817 0.999922513961792
1403.8291159423832 1.000139832496643
1403.8499488578925 1.000162124633789
1403.870781772711 0.9996336102485657
1403.8916146868396 1.000227689743042
1403.9124476002794 0.9997062087059021
1403.933280513031 0.9999872446060181
1403.954113425096 1.0001163482666016
1403.974946336475 1.0001722574234009
1403.9957792471698 1.0002330541610718
1404.0166121571806 1.0002191066741943
1404.0374450665092 0.9996665120124817
1404.058277975156 1.000001311302185
1404.0791108831227 0.9998462200164795
1404.0999437904095 0.999998152256012
1404.1207766970185 1.0000089406967163
1404.14160960295 1.0003412961959839
1404.162442508206 0.9998936653137207
1404.1832754127863 1.0003358125686646
1404.204108316693 1.000370979309082
1404.2249412199267 0.9999253153800964
1404.245774122489 1.0000879764556885
1404.2666070243804 1.0000569820404053
1404.2874399256027 1.0002009868621826
1404.3082728261566 0.9997492432594299
1404.3291057260433 0.99994295835495
1404.3499386252638 0.9999677538871765
1404.3707715238197 0.9999520182609558
1404.391604421712 0.999924898147583
1404.412437318941 0.9994512796401978
1404.4332702155093 0.9998754262924194
1404.4541031114168 0.9995170831680298
1404.4749360066658 0.9998379349708557
1404.4957689012567 0.9994780421257019
1404.5166017951908 0.9997762441635132
1404.5374346884696 0.9995089769363403
1404.5582675810938 0.9996219873428345
1404.5791004730652 0.9996176362037659
1404.5999333643845 0.999087929725647
1404.6207662550532 0.99866783618927
1404.6415991450729 0.9995725750923157
1404.662432034444 0.9996182322502136
1404.6832649231685 0.9995591640472412
1404.7040978112475 0.8827491402626038
1404.7457635854732 1.0003514289855957
1404.7665964716225 1.000221610069275
1404.787429357132 1.0002756118774414
1404.8082622420015 1.000169038772583
1404.8290951262336 0.9999421834945679
1404.849928009829 1.000489592552185
1404.8707608927893 1.0003166198730469
1404.8915937751156 0.9999752044677734
1404.9124266568094 1.0003756284713745
1404.9332595378723 1.0003191232681274
1404.9540924183052 1.0003708600997925
1404.9749252981098 1.0001091957092285
1404.9957581772871 1.000505805015564
1405.0165910558394 1.0003629922866821
1405.0374239337668 1.0004881620407104
1405.0582568110722 1.0004823207855225
1405.0790896877556 1.000199794769287
1405.09992256382 1.0003619194030762
1405.1207554392656 1.0000200271606445
1405.141588314094 1.0001407861709595
1405.1624211883072 1.0002111196517944
1405.1832540619068 1.0001736879348755
1405.2040869348937 1.0001682043075562
1405.2249198072698 1.0001929998397827
1405.2457526790363 1.0002509355545044
1405.2665855501955 1.0002549886703491
1405.287418420748 1.0002681016921997
1405.3082512906965 1.0001020431518555
1405.329084160042 1.0002398490905762
1405.3499170287855 1.000182032585144
1405.3707498969297 1.0002985000610352
1405.3915827644753 1.0001916885375977
1405.4124156314251 1.0004140138626099
1405.4332484977797 1.0001024007797241
1405.4540813635415 1.000150442123413
1405.4749142287117 1.0001999139785767
1405.4957470933023 0.9999838471412659
1405.5165799572849 1.0002574920654297
1405.5374128206913 1.0004831552505493
1405.5582456835136 0.9999495148658752
1405.5790785457632 0.9998207092285156
1405.5999114074118 1.0000861883163452
1405.6207442684915 1.0000568628311157
1405.6415771289946 1.000125765800476
1405.662409988922 1.0002524852752686
1405.683242848286 1.0000439882278442
1405.704075707069 0.9999004602432251
1405.724908565282 1.0003745555877686
1405.7457414229282 1.0002115964889526
1405.7665742800082 1.0005263090133667
1405.787407136525 0.9998512268066406
1405.8082399924801 0.9998918771743774
1405.8290728478758 0.9999650716781616
1405.8499057027138 0.9994792342185974
1405.8707385569965 0.9999285340309143
1405.8915714107259 1.0003260374069214
1405.9124042639044 0.9998607039451599
1405.9332371165335 1.000038981437683
1405.9540699686163 1.00031578540802
1405.974902820154 1.0001245737075806
1405.9957356711498 0.9999710321426392
1406.0165685216057 0.9997232556343079
1406.037401371523 0.9998294711112976
1406.0582342209057 0.9995930194854736
1406.0790670697543 0.9999890923500061
1406.0998999180729 0.9998239278793335
1406.1207327658628 0.9996921420097351
1406.1415656131267 0.9997278451919556
1406.1623984598673 0.9997372031211853
1406.1832313060866 0.9998433589935303
1406.2040641517876 0.9993289113044739
1406.2248969969726 0.9508419036865234
1406.287395529458 0.9970897436141968
1406.3082283726058 0.9976686835289001
1406.3290612152505 0.9978245496749878
1406.3498940573954 0.9962011575698853
1406.3707268990431 0.9972104430198669
1406.3915597401967 0.9964760541915894
1406.4123925808588 0.9968562126159668
1406.4332254210326 0.9961729049682617
1406.4540582607203 0.9957727193832397
1406.4748910999263 0.9954632520675659
1406.495723938652 0.996330738067627
1406.5165567769016 0.9962320327758789
1406.537389614688 0.9955499768257141
1406.5582224519837 0.99691241979599
1406.579055288823 0.9956292510032654
1406.5998881252083 0.9962546229362488
1406.6207209611132 0.9961174726486206
1406.641553796581 0.9959706664085388
1406.6623866315852 0.9958338737487793
1406.683219466139 0.9953663945198059
1406.704052300246 0.9953190088272095
1406.72488513391 0.9956251978874207
1406.7457179671344 0.9962933659553528
1406.7665507999225 0.9954290390014648
1406.7873836322785 0.9955159425735474
1406.8082164642065 0.9953120350837708
1406.8290492957092 0.9946122169494629
1406.8498821267915 0.995316743850708
1406.8707149574566 0.9958542585372925
1406.8915477877092 0.995719850063324
1406.9123806175528 0.9954544901847839
1406.9332134469919 0.99576735496521
1406.9540462760303 0.9940024614334106
1406.9748791046725 0.9940639138221741
1406.995711932923 0.9938466548919678
1407.0165447607858 0.9956893920898438
1407.0373775882658 0.9938492774963379
1407.058210415367 0.9949127435684204
1407.0790432420947 0.9944809675216675
1407.0998760684529 0.9953613877296448
1407.1207088944473 0.9950631856918335
1407.1415417200815 0.9934729337692261
1407.1623745453612 0.9947862029075623
1407.1832073702913 0.9933543801307678
1407.2040401948866 0.994233250617981
1407.2248730191232 0.9940136075019836
1407.2457058430355 0.9937585592269897
1407.2665386666288 0.9937956929206848
1407.2873714898892 0.9942063093185425
1407.3082043128725 0.9945189952850342
1407.3290371355395 0.9931984543800354
1407.3498699578647 0.9943985939025879
1407.3707027798891 0.99442058801651
1407.3915356016191 0.9936217069625854
1407.4123684230608 0.9927189350128174
1407.43320124422 0.9934841990470886
1407.4540340651033 0.9929640293121338
1407.4748668857173 0.9938606023788452
1407.4956997060683 0.9938594102859497
1407.5165325261623 0.9936937689781189
1407.5373653460074 0.993270993232727
1407.5581981656087 0.9926589727401733
1407.5790309849751 0.9919784069061279
1407.5998638041126 0.992681622505188
1407.6206966230286 0.9926531910896301
1407.6415294417307 0.9937370419502258
1407.6623622602262 0.9938090443611145
1407.6831950785233 0.9938004016876221
1407.7040278966294 0.9920384287834167
1407.7248607145627 0.9930338859558105
1407.7456935323114 0.9927345514297485
1407.7665263498934 0.9924696683883667
1407.7873591673178 0.9922822117805481
1407.8081919845927 0.9932296276092529
1407.8290248017274 0.9937867522239685
1407.8498576187305 0.9940499067306519
1407.8706904356116 0.9923702478408813
1407.8915232523793 0.9943616986274719
1407.9123560690439 0.9936983585357666
1407.9331888856145 0.9930782914161682
1407.954021702102 0.9931796789169312
1407.9748545185153 0.9937108755111694
1407.9956873348656 0.9937024712562561
1408.016520151163 0.9940130710601807
1408.0373529674184 0.9927299618721008
1408.0581857836428 0.9932994842529297
1408.0790185998476 0.9940841794013977
1408.0998514160437 0.9932283163070679
1408.1206842322435 0.9949830174446106
1408.1415170484586 0.9939895868301392
1408.162349864701 0.9948500394821167
1408.1831826809832 0.9937393069267273
1408.2040154973279 0.9959656596183777
1408.2248483137182 0.9932606220245361
1408.2456811302072 0.9954971671104431
1408.266513946778 0.9946286678314209
1408.2873467634552 0.9949702620506287
1408.3081795802518 0.9938587546348572
1408.3290123971833 0.9948521852493286
1408.349845214264 0.9953739047050476
1408.3706780315076 0.9967173933982849
1408.3915108489314 0.9945501685142517
1408.412343666549 0.9958862066268921
1408.4331764843782 0.9963369965553284
1408.4540093024336 0.9959852695465088
1408.474842120733 0.9955202341079712
1408.4956749392925 0.9962455034255981
1408.5165077581291 0.9955809116363525
1408.5373405772614 0.996349573135376
1408.5581733967065 0.9967678189277649
1408.5790062164829 0.9963979125022888
1408.5998390366092 0.9958779811859131
1408.6206718571045 0.9951793551445007
1408.641504677998 0.9971790909767151
1408.6623374992894 0.9975627064704895
1408.6831703210091 0.9974759221076965
1408.7040031431768 0.9971135258674622
1408.7248359658145 0.9974929690361023
1408.7456687889417 0.9975656867027283
1408.7665016125814 0.9979571104049683
1408.7873344367542 0.9984256029129028
1408.8081672614833 0.9985392689704895
1408.8290000867908 0.9983255863189697
1408.8498329126994 0.9982132315635681
1408.8706657392322 0.9980180859565735
1408.891498566413 0.998160719871521
1408.912331394265 0.9988132119178772
1408.9331642228126 0.9991849660873413
1408.9539970520798 0.9992340207099915
1408.974829882091 0.9998282194137573
1408.9956627128706 0.9992913007736206
1409.0164955444436 0.9998510479927063
1409.0373283768447 0.9996207356452942
1409.0581612100784 0.9989635944366455
1409.0789940441803 0.9985765814781189
1409.0998268791748 0.9992761611938477
1409.1206597150858 0.9990679025650024
1409.1414925519393 0.9990408420562744
1409.1623253897583 0.9988324642181396
1409.1831582285677 0.9984198212623596
1409.2039910683902 0.9987297058105469
1409.2248239092494 0.9983277320861816
1409.2456567511672 0.9988448619842529
1409.2664895941653 0.9984485507011414
1409.2873224382645 0.9988689422607422
1409.3081552834842 0.9989100694656372
1409.3289881298433 0.9987841844558716
1409.3498209773588 0.9990854859352112
1409.3706538260567 0.9993934035301208