1354.1378005416477 0.9990317225456238
1354.1586336832822 0.9989345073699951
1354.179466825495 0.9989663362503052
1354.200299968253 0.9990643858909607
1354.221133111552 0.9990772604942322
1354.241966255389 0.9988988041877747
1354.2627993997285 0.9992338418960571
1354.2836325445771 0.9991194009780884
1354.3044656899 0.99932861328125
1354.325298835703 0.9991381764411926
1354.3461319819514 0.9991573095321655
1354.366965128651 0.9989181160926819
1354.3877982757672 0.9990573525428772
1354.408631423306 0.9988893866539001
1354.4294645712328 0.9990109801292419
1354.450297719554 0.9990484118461609
1354.4711308682358 0.9990766644477844
1354.4919640172745 0.9989925026893616
1354.5127971666668 0.9991741180419922
1354.53363031638 0.9989736676216125
1354.55446346642 0.9990965127944946
1354.575296616755 0.9993982911109924
1354.5961297673923 0.9991832375526428
1354.6169629182998 0.999176561832428
1354.6377960694854 0.9990416169166565
1354.6586292209176 0.9994566440582275
1354.6794623726046 0.9994127750396729
1354.7002955245157 0.9994259476661682
1354.7211286766496 0.9993427991867065
1354.741961829006 0.999358594417572
1354.762794981554 0.9991266131401062
1354.7836281343039 0.9994856715202332
1354.8044612872354 0.9993255138397217
1354.8252944403296 0.9995845556259155
1354.8461275935858 0.9992755651473999
1354.866960747006 0.9992659687995911
1354.8877939005608 0.9994494915008545
1354.9086270542612 0.9994538426399231
1354.9294602080793 0.9992721080780029
1354.9502933620263 0.9992425441741943
1354.9711265160743 0.9994050860404968
1354.9919596702357 0.9993853569030762
1355.0127928244822 0.9995818734169006
1355.033625978827 0.9993985295295715
1355.0544591332425 0.9995688796043396
1355.0752922877418 0.9996837377548218
1355.0961254422982 0.9997320771217346
1355.1169585969144 0.9995423555374146
1355.1377917515945 0.9999716877937317
1355.1586249063114 0.9996107220649719
1355.1794580610801 0.999684751033783
1355.2002912158732 0.9994766116142273
1355.2211243707056 0.9995869398117065
1355.2419575255515 0.9996704459190369
1355.2627906804253 0.9996048212051392
1355.2836238353013 0.9998350143432617
1355.3044569901947 0.9994304180145264
1355.3252901450799 0.9999260902404785
1355.3461232999719 0.9997601509094238
1355.366956454846 0.9997777342796326
1355.3877896097176 0.999329149723053
1355.4086227645616 0.9997366070747375
1355.429455919384 0.9996494650840759
1355.4502890741896 0.9997125267982483
1355.471122228965 0.9994928240776062
1355.491955383695 0.9998222589492798
1355.5127885383863 0.999926745891571
1355.5336216930446 0.9999732971191406
1355.554454847646 0.9997251629829407
1355.5752880022067 0.9996959567070007
1355.596121156703 1.0001870393753052
1355.6169543111514 0.9998072981834412
1355.6377874655282 0.9997661709785461
1355.65862061985 0.9996350407600403
1355.6794537740932 0.9996396899223328
1355.7002869282749 0.9997974634170532
1355.721120082372 0.9998027086257935
1355.7419532364004 0.9996693730354309
1355.7627863903379 0.9999057054519653
1355.7836195441917 1.0000560283660889
1355.8044526979681 0.9999069571495056
1355.8252858516446 1.0000324249267578
1355.8461190052387 0.9996700286865234
1355.8669521587371 1.000086784362793
1355.887785312128 0.9999168515205383
1355.9086184654177 1.0001806020736694
1355.9294516186144 0.99996417760849
1355.9502847716951 0.9996774196624756
1355.9711179246779 0.9998816251754761
1355.9919510775399 0.9997518658638
1356.0127842302995 1.0000672340393066
1356.0336173829335 0.9998701214790344
1356.05445053546 1.0000954866409302
1356.0752836878576 1.000098466873169
1356.096116840143 0.9999213814735413
1356.1169499922946 0.9997573494911194
1356.1377831443306 0.9997880458831787
1356.1586162962285 0.9999962449073792
1356.1794494480068 0.9999653697013855
1356.200282599643 0.9995084404945374
1356.2211157511558 0.9993456602096558
1356.241948902523 0.9999420046806335
1356.2627820537532 0.9997304677963257
1356.2836152048537 1.00004243850708
1356.3044483558142 0.9999596476554871
1356.3252815066219 0.999315619468689
1356.3461146572854 1.0001484155654907
1356.366947807813 0.9998304843902588
1356.3877809581834 1.0001065731048584
1356.4086141084144 0.9998847842216492
1356.4294472584857 1.000014066696167
1356.4502804084143 1.0000139474868774
1356.4711135581797 0.9999896883964539
1356.4919467077998 0.9999458193778992
1356.512779857254 0.9997462630271912
1356.53361300656 0.9999034404754639
1356.5544461556972 0.9998435378074646
1356.5752793046834 0.999840259552002
1356.596112453498 0.9999340772628784
1356.6169456021598 0.9999814629554749
1356.6586118989785 0.9998980760574341
1356.6794450471332 1.0004019737243652
1356.7002781951296 0.999841034412384
1356.721111342947 1.0000829696655273
1356.7419444906038 1.0000182390213013
1356.7627776380791 1.0000509023666382
1356.7836107853916 1.000144600868225
1356.8044439325204 1.0003582239151
1356.825277079474 0.9999655485153198
1356.8461102262625 1.000126600265503
1356.8669433728728 0.9999291896820068
1356.887776519296 1.000112771987915
1356.9086096655396 1.0003347396850586
1356.9294428116134 0.9998123049736023
1356.950275957496 1.0002760887145996
1356.9711091032066 1.0002025365829468
1356.9919422487244 0.9998321533203125
1357.0127753940683 1.0002644062042236
1357.0336085392173 1.0002174377441406
1357.0544416841906 1.0000251531600952
1357.0752748289672 1.000131368637085
1357.0961079735666 1.0000591278076172
1357.1169411179674 1.000328779220581
1357.1377742621894 1.0004454851150513
1357.158607406211 1.000327467918396
1357.179440550052 1.0003095865249634
1357.200273693691 1.000272512435913
1357.221106837148 1.0003981590270996
1357.2419399804014 1.0001718997955322
1357.262773123471 1.0001394748687744
1357.283606266336 0.9999417662620544
1357.3044394090155 0.9999964833259583
1357.3252725514883 1.0001919269561768
1357.3461056937745 1.0003992319107056
1357.3669388358528 1.000234603881836
1357.3877719777427 1.0002124309539795
1357.4086051194233 0.9998409748077393
1357.4294382609148 1.0000591278076172
1357.4502714021953 1.0000561475753784
1357.4711045432746 1.000046968460083
1357.4919376841622 0.9999598264694214
1357.5127708248476 1.0003993511199951
1357.5336039653196 1.000097393989563
1357.554437105598 0.9997437596321106
1357.575270245662 0.9999647736549377
1357.5961033855313 1.0000247955322266
1357.6169365251847 0.9999811053276062
1357.637769664642 1.000134825706482
1357.6586028038828 1.0000919103622437
1357.6794359429257 0.99996417760849
1357.700269081751 0.999960720539093
1357.7211022203678 1.0002280473709106
1357.7419353587857 1.0001052618026733
1357.7627684969939 1.000104546546936
1357.7836016349818 1.0005295276641846
1357.8044347727591 1.0004032850265503
1357.825267910335 1.0001184940338135
1357.8461010476892 1.0003957748413086
1357.8669341848413 1.000091791152954
1357.8877673217703 1.0004067420959473
1357.9086004584963 1.000177264213562
1357.9294335950085 0.9999669790267944
1357.9502667312963 1.0001729726791382
1357.971099867379 1.0000663995742798
1357.9919330032365 0.9999820590019226
1358.0127661388783 0.9997571706771851
1358.0335992743142 0.9997019171714783
1358.0544324095229 1.0001001358032227
1358.0752655445247 1.0000057220458984
1358.0960986792986 1.0002126693725586
1358.1169318138645 1.0000998973846436
1358.137764948202 0.9998979568481445
1358.1585980823304 1.000288963317871
1358.1794312162292 0.9999298453330994
1358.2002643499181 1.0002098083496094
1358.2210974833768 1.0002164840698242
1358.241930616625 1.0002484321594238
1358.2627637496419 1.000306487083435
1358.283596882447 1.0001057386398315
1358.3044300150202 1.000195026397705
1358.3252631473813 1.0000051259994507
1358.3460962794527 1.0000994205474854
1358.3669294112979 0.9999393820762634
1358.387762542979 1.0001771450042725
1358.4085956744464 1.00033700466156
1358.4294288056788 1.0001527070999146
1358.450261936697 1.000306487083435
1358.4710950674794 1.0001767873764038
1358.4919281980467 0.9999526739120483
1358.5127613283778 0.9999666810035706
1358.533594458493 1.000333309173584
1358.5544275883713 1.0004770755767822
1358.5752607180323 1.0001522302627563
1358.5960938474561 1.0001742839813232
1358.6169269766624 0.9999616742134094
1358.6377601056302 1.0003067255020142
1358.6585932343796 0.9998634457588196
1358.6794263628904 0.9998784065246582
1358.7002594911817 0.9999949336051941
1358.7210926192333 1.0000145435333252
1358.7419257470654 0.9997817873954773
1358.762758874657 1.0000640153884888
1358.7835920020282 0.9997745752334595
1358.8044251291583 0.9993747472763062
1358.8252582560676 0.9997175335884094
1358.8460913827348 0.999897301197052
1358.86692450918 1.000107765197754
1358.8877576353834 0.9999021291732788
1358.9085907613642 0.9998136758804321
1358.9294238871018 0.9999886155128479
1358.9502570126165 0.9998575448989868
1358.9710901378876 1.0001887083053589
1358.991923262935 0.9999944567680359
1359.012756387738 1.000045895576477
1359.0335895123167 0.9999589323997498
1359.05442263665 1.0001388788223267
1359.0752557607589 0.999800980091095
1359.096088884622 0.99980628490448
1359.11692200826 0.9997897148132324
1359.1585882548166 1.000455379486084
1359.1794213777353 1.0002505779266357
1359.200254500427 1.0000303983688354
1359.2210876228712 1.000167727470398
1359.2419207450882 1.0002981424331665
1359.2627538670574 1.0003907680511475
1359.2835869887986 1.0001128911972046
1359.3044201102912 1.0003949403762817
1359.325253231555 1.000237226486206
1359.3460863525802 1.0003650188446045
1359.3669194733557 1.0001295804977417
1359.387752593902 0.9999520182609558
1359.4085857141984 1.0000526905059814
1359.4294188342644 1.0001705884933472
1359.4502519540802 1.0003482103347778
1359.471085073655 1.0003832578659058
1359.4919181929993 1.0000423192977905
1359.5127513121022 1.0003180503845215
1359.5335844309534 1.0003291368484497
1359.5544175495731 1.0001840591430664
1359.5752506679405 1.0002189874649048
1359.5960837860753 1.0001194477081299
1359.6169169039579 1.0003459453582764
1359.6377500216074 1.0002777576446533
1359.6585831390037 1.0001822710037231
1359.6794162561664 0.9999656081199646
1359.7002493730756 1.000198483467102
1359.7210824897506 0.9999868869781494
1359.7419156061715 1.0001121759414673
1359.7627487223579 1.0001933574676514
1359.7835818382891 1.0000596046447754
1359.8044149539855 0.9999858140945435
1359.8252480694264 1.0003530979156494
1359.8460811846319 0.9999725222587585
1359.8669142995811 1.0000888109207153
1359.8877474142944 1.0000752210617065
1359.9085805287514 1.000206708908081
1359.9294136429714 1.0002400875091553
1359.9502467569346 1.000225305557251
1359.9710798706606 1.0004140138626099
1359.9919129841292 1.0002212524414062
1360.01274609736 1.0002211332321167
1360.0335792103324 1.0003246068954468
1360.054412323067 1.000015139579773
1360.0752454355427 0.9999593496322632
1360.0960785477798 1.0003331899642944
1360.1169116597575 1.0000885725021362
1360.1377447714965 1.000250220298767
1360.1585778829854 1.0000903606414795
1360.1794109942145 1.0001895427703857
1360.2002441051934 1.0000213384628296
1360.221077215932 1.0000971555709839
1360.2419103264097 1.0001529455184937
1360.2627434366468 1.0003002882003784
1360.2835765466325 1.0001994371414185
1360.3044096563572 1.0003598928451538
1360.3252427658397 1.0000661611557007
1360.3460758750603 1.0000721216201782
1360.3669089840384 0.9999523162841797
1360.3877420927545 1.000321865081787
1360.4085752012274 1.0001683235168457
1360.4294083094378 1.0002481937408447
1360.4502414174044 1.00019371509552
1360.4710745251077 1.0001461505889893
1360.491907632567 1.0002261400222778
1360.5127407397622 1.0000848770141602
1360.5335738467134 1.0002206563949585
1360.5544069533994 0.9998931288719177
1360.5752400598406 1.0001709461212158
1360.596073166017 1.0003069639205933
1360.6169062719478 1.0003257989883423
1360.637739377613 1.0003695487976074
1360.6585724830318 1.0001726150512695
1360.6794055881846 1.0000524520874023
1360.7002386930908 1.0001941919326782
1360.7210717977307 1.0000430345535278
1360.741904902123 1.0000354051589966
1360.7627380062484 0.9997753500938416
1360.7835711101256 0.9999721646308899
1360.8044042137356 1.0002623796463013
1360.8252373170972 1.0000520944595337
1360.84607042019 1.0000205039978027
1360.8669035230344 0.9999234080314636
1360.8877366256102 1.0000523328781128
1360.9085697279363 1.0000317096710205
1360.929402830003 1.0000921487808228
1360.9502359317999 1.0001466274261475
1360.9710690333468 0.9999121427536011
1360.991902134623 1.0001639127731323
1361.012735235649 1.0000721216201782
1361.033568336404 1.0000275373458862
1361.0544014369077 0.9999434947967529
1361.0752345371397 1.0002126693725586
1361.09606763712 0.999987781047821
1361.1169007368285 1.0000128746032715
1361.1377338362845 0.9999788999557495
1361.1585669354677 0.994394063949585
1361.1794000343982 0.9996668696403503
1361.2002331330555 0.9998772144317627
1361.2210662314592 1.00009286403656
1361.241899329589 1.000017523765564
1361.2627324274647 0.999661922454834
1361.283565525076 0.9998539090156555
1361.3043986224127 0.9998307228088379
1361.3252317194942 0.9999327659606934
1361.346064816301 0.9997957348823547
1361.3668979128418 0.9997737407684326
1361.3877310091266 0.9999969005584717
1361.4085641051452 0.9996573328971863
1361.4293972008898 1.000016450881958
1361.450230296377 0.9997801184654236
1361.4710633915852 0.9996351003646851
1361.4918964865356 0.9999842047691345
1361.512729581209 1.0001201629638672
1361.5335626756237 0.9997819662094116
1361.5543957697603 0.9996441602706909
1361.5752288636381 0.9999481439590454
1361.596061957237 0.9997908473014832
1361.6168950505767 0.9997851848602295
1361.6585612364363 1.0005428791046143
1361.679394328966 1.0002248287200928
1361.7002274212148 1.0001822710037231
1361.7210605132027 1.0003362894058228
1361.7418936049096 1.0005016326904297
1361.7627266963448 1.0002143383026123
1361.7835597875176 1.0003862380981445
1361.8043928784184 1.0002015829086304
1361.8252259690364 1.0001243352890015
1361.8460590593918 1.0002095699310303
1361.8668921494634 1.0004215240478516
1361.8877252392715 1.0002152919769287
1361.9085583287958 1.0002951622009277
1361.9293914180557 1.0005210638046265
1361.9502245070305 1.000329613685608
1361.9710575957404 1.0001212358474731
1361.9918906841647 1.000125527381897
1362.0127237723234 1.0004379749298096
1362.033556860206 1.0003528594970703
1362.0543899478018 1.000185251235962
1362.0752230351209 0.999987006187439
1362.0960561221727 1.0000241994857788
1362.116889208947 1.000282883644104
1362.137722295433 1.0002682209014893
1362.1585553816506 1.0002599954605103
1362.1793884675797 1.000387191772461
1362.200221553239 1.0002602338790894
1362.2210546386093 1.0002431869506836
1362.2418877237096 1.0000792741775513
1362.2627208085194 1.0003011226654053
1362.2835538930585 1.0002285242080688
1362.3043869773062 1.00001060962677
1362.3252200612828 1.000279188156128
1362.346053144967 1.00018310546875
1362.3668862283794 1.0003178119659424
1362.3877193115084 1.0004431009292603
1362.4085523943447 1.0003739595413208
1362.429385476907 1.000124216079712
1362.4502185591757 1.0003284215927124
1362.4710516411694 1.0002089738845825
1362.4918847228687 1.000416874885559
1362.5127178042926 0.9999973773956299
1362.5335508854207 1.0002214908599854
1362.5543839662723 1.0002827644348145
1362.5752170468274 1.0003031492233276
1362.5960501271054 1.000035047531128
1362.6168832070962 1.0002985000610352
1362.6377162867886 1.0003645420074463
1362.6585493662026 1.0002896785736084
1362.6793824453177 1.0004488229751587
1362.7002155241537 1.0004111528396606
1362.7210486026895 1.0002174377441406
1362.7418816809452 1.0001835823059082
1362.7627147588998 1.0002357959747314
1362.7835478365735 1.0000791549682617
1362.804380913945 0.9999197125434875
1362.8252139910342 1.0002593994140625
1362.8460470678208 1.000300407409668
1362.866880144324 0.9998502135276794
1362.8877132205234 1.0000885725021362
1362.9085462964388 0.9989808201789856
1362.929379372059 1.0001519918441772
1362.950212447374 0.9999629259109497
1362.9710455224033 1.0000252723693848
1362.991878597126 1.0001869201660156
1363.0127116715616 1.0001581907272339
1363.03354474569 1.000359058380127
1363.0543778195301 1.0002350807189941
1363.0752108930621 1.0002132654190063
1363.0960439663043 1.0001438856124878
1363.1168770392374 1.0003743171691895
1363.1377101118799 0.9998897910118103
1363.1585431842213 1.000322937965393
1363.1793762562518 0.9999960064888
1363.20020932799 1.0003184080123901
1363.2210423994156 1.0000931024551392
1363.241875470548 1.000245213508606
1363.2627085413667 1.000146746635437
1363.2835416118908 1.000028371810913
1363.3043746821 1.000200867652893
1363.3252077520135 1.0000181198120117
1363.3460408216104 1.0002824068069458
1363.3668738909107 1.0000776052474976
1363.3877069599034 1.000119924545288
1363.4085400285778 1.0001202821731567
1363.4293730969432 1.0001317262649536
1363.4502061650091 1.000080943107605
1363.471039232765 1.0000450611114502
1363.4918723001997 0.9999743103981018
1363.512705367333 1.0001776218414307
1363.5335384341438 0.9999608993530273
1363.5543715006518 0.9999874234199524
1363.5752045668357 1.0001306533813477
1363.5960376327157 1.0001925230026245
1363.6168706982803 1.0000195503234863
1363.6377037635193 0.9998281002044678
1363.6585368284514 0.9959675073623657
1363.6793698930562 0.9998542666435242
1363.7002029573528 0.9999094009399414
1363.7210360213205 1.000102162361145
1363.7418690849788 0.9999149441719055
1363.7627021483065 0.9999015927314758
1363.7835352113227 0.9999918937683105
1363.8043682740072 0.9999333024024963
1363.8252013363783 0.9998730421066284
1363.8460343984264 1.0000553131103516
1363.8668674601395 1.0000511407852173
1363.8877005215372 0.9998907446861267
1363.908533582599 0.9998784065246582
1363.9293666433437 1.0001256465911865
1363.95019970375 0.9998336434364319
1363.971032763838 0.9996526837348938
1363.9918658235858 0.9999852776527405
1364.0126988830136 1.000054121017456
1364.033531942109 0.9997756481170654
1364.0543650008624 0.9998050928115845
1364.0751980592825 1.000194787979126
1364.096031117378 0.9998331665992737
1364.116864175138 0.9996898174285889
1364.1585302896385 1.0001566410064697
1364.179363346377 1.0003923177719116
1364.200196402786 1.000402808189392
1364.2210294588544 1.000396966934204
1364.241862514572 1.0001041889190674
1364.2626955699568 1.000067114830017
1364.283528624988 1.000091314315796
1364.3043616796751 1.0003465414047241
1364.325194734026 1.0000853538513184
1364.3460277880306 0.9999464154243469
1364.366860841677 1.0001771450042725
1364.3876938949843 1.0002397298812866
1364.4085269479317 0.9999324083328247
1364.4293600005378 1.0001124143600464
1364.450193052781 1.0000380277633667
1364.471026104681 0.9999602437019348
1364.491859156226 1.000227928161621
1364.5126922074046 1.0002408027648926
1364.5335252582356 1.000190019607544
1364.5543583086983 1.0001300573349
1364.575191358811 1.0001821517944336
1364.5960244085522 1.0000227689743042
1364.6168574579413 1.0002037286758423
1364.637690506966 1.0001410245895386
1364.6585235556156 1.0000611543655396
1364.679356603909 1.0002855062484741
1364.7001896518238 0.999862015247345
1364.7210226993793 1.0000016689300537
1364.7418557465542 1.0002267360687256
1364.7626887933666 0.9998230338096619
1364.7835218397954 1.000139832496643
1364.804354885859 1.0001416206359863
1364.8251879315355 1.0002609491348267
1364.846020976844 1.0003570318222046
1364.8668540217727 1.0002752542495728
1364.8876870663098 0.9999153017997742
1364.908520110474 0.9998976588249207
1364.9293531542432 0.9998527765274048
1364.9501861976328 1.0000534057617188
1364.971019240624 0.9998177289962769
1364.9918522832393 0.9998652338981628
1365.0126853254533 1.0000468492507935
1365.0335183672842 1.0002679824829102
1365.0543514087199 1.0001318454742432
1365.0751844497493 1.0001715421676636
1365.0960174903898 0.9996263384819031
1365.1168505306205 0.9999439120292664
1365.1376835704586 1.0001250505447388
1365.1585166098928 1.0000747442245483
1365.1793496489108 1.0000028610229492
1365.200182687531 1.0002069473266602
1365.221015725731 0.9999299049377441
1365.241848763529 0.9999715089797974
1365.262681800903 1.0000826120376587
1365.2835148378713 0.9999966025352478
1365.304347874411 0.9997494220733643
1365.3251809105402 0.999888002872467
1365.3460139462475 0.99944007396698
1365.3668469815195 0.9998007416725159
1365.387680016375 0.9999072551727295
1365.4085130507908 0.999993622303009
1365.4293460847855 1.0000370740890503
1365.4501791183363 0.9997301697731018
1365.4710121514609 0.9999909996986389
1365.4918451841468 1.0001124143600464
1365.5126782163818 1.000157117843628
1365.5335112481832 1.0000183582305908
1365.5543442795288 0.9999397993087769
1365.5751773104355 0.9998172521591187
1365.5960103408815 0.9999322295188904
1365.6168433708835 0.999472439289093
1365.6376764004194 0.9999504685401917
1365.658509429506 0.9997496008872986
1365.679342458131 0.9999271631240845
1365.700175486281 0.9999257326126099
1365.7210085139743 0.9998391270637512
1365.7418415411871 0.9998656511306763
1365.762674567937 0.9997879862785339
1365.7835075942007 0.9997428059577942
1365.8043406199956 0.9996522068977356
1365.8251736453085 0.9998378753662109
1365.8460066701266 0.9998644590377808
1365.8668396944665 0.9999938607215881
1365.8876727183058 0.9996974468231201
1365.90850574166 0.999933660030365
1365.9293387645075 1.0001553297042847
1365.9501717868643 0.9998607039451599
1365.971004808717 0.9997945427894592
1365.9918378300526 0.9997569918632507
1366.0126708508878 0.9998034834861755
1366.033503871199 0.9994482398033142
1366.054336891003 0.9971627593040466
1366.0751699102766 0.9983161687850952
1366.096002929036 0.9997977018356323
1366.1168359472576 0.9997825622558594
1366.1376689649585 0.9999878406524658
1366.1585019821248 0.999784529209137
1366.1793349987427 0.9996206164360046
1366.2001680148292 0.9991878271102905
1366.2210010303602 0.9995697140693665
1366.2418340453523 0.999238133430481
1366.2626670597922 0.9994936585426331
1366.2835000736661 0.9994115233421326
1366.30433308699 0.9995956420898438
1366.325166099741 0.9993958473205566
1366.3459991119346 0.9986644983291626
1366.3668321235484 0.9990553259849548
1366.3876651345977 0.9990288019180298
1366.4084981450592 0.9989500045776367
1366.42933115495 0.9993273019790649
1366.4501641642562 0.9993563294410706
1366.470997172964 0.999548077583313
1366.4918301810908 0.999087393283844
1366.5126631886124 0.999579668045044
1366.5334961955466 0.9993273615837097
1366.5543292018792 0.9994997978210449
1366.575162207598 0.999428927898407
1366.5959952127196 0.9992954134941101
1366.6168282172214 0.9993162155151367
1366.6584942244042 0.9997419118881226
1366.6793272270606 1.0001661777496338
1366.7001602291075 0.9999483227729797
1366.7209932305227 0.9997698068618774
1366.7418262313247 0.9997613430023193
1366.7626592314916 0.9998944997787476
1366.7834922310428 0.9997445344924927
1366.8043252299567 0.9999820590019226
1366.8251582282535 0.9998155832290649
1366.8459912259225 0.9997333884239197
1366.866824222954 0.999835193157196
1366.8876572193683 0.9999242424964905
1366.9084902151465 0.999721884727478
1366.929323210311 0.9998626112937927
1366.9501562048422 0.999854326248169
1366.9709891987638 0.99968022108078
1366.9918221920684 0.999801754951477
1367.0126551847504 0.9998131990432739
1367.033488176833 0.9998576641082764
1367.0543211683027 1.0000479221343994
1367.0751541591849 0.9998583793640137
1367.095987149476 1.0000593662261963
1367.1168201391736 1.0000735521316528
1367.137653128306 0.9999402165412903
1368.6376281776581 0.9991571307182312
1368.6584611770797 0.9992679953575134
1368.679294176866 0.9991148114204407
1368.7001271770262 0.9994470477104187
1368.7209601775398 0.9993298649787903
1368.7417931783868 0.9993690848350525
1368.762626179576 0.9989897608757019
1368.7834591810777 0.9993909597396851
1368.804292182901 0.9991815686225891
1368.825125185026 0.999298632144928
1368.8459581874329 0.9996501207351685
1368.8667911901305 0.9991948008537292
1368.8876241930898 0.9991414546966553
1368.9084571963215 0.9993062019348145
1368.9292901998044 0.9991914629936218
1368.9501232035202 0.9995575547218323
1368.970956207479 0.9991078972816467
1368.9917892116523 0.9992296695709229
1369.0126222160497 0.9992954730987549
1369.0334552206539 0.9994845390319824
1369.054288225445 0.999635636806488
1369.075121230435 0.9996925592422485
1369.095954235595 0.9994073510169983
1369.1167872409371 0.9993342161178589
1369.1376202464437 0.9991816878318787
1369.1584532520958 0.9996207356452942
1369.1792862579068 0.9995187520980835
1369.2001192638481 0.9997998476028442
1369.2209522699336 0.9994359612464905
1369.2417852761444 0.9997024536132812
1369.2626182824647 0.9999073147773743
1369.2834512889067 0.9998250603675842
1369.3042842954544 0.9998371601104736
1369.3251173020903 0.9999495148658752
1369.3459503088288 0.9997422695159912
1369.3667833156433 0.9996299147605896
1369.387616322547 0.999890148639679
1369.4084493295245 0.9996889233589172
1369.4292823365597 0.9996427893638611
1369.4501153436668 0.9998807311058044
1369.47094835082 0.9997018575668335
1369.491781358034 0.99959397315979
1369.5126143652835 0.9996840953826904
1369.5334473725832 0.9997088313102722
1369.5542803799174 0.9998217225074768
1369.5751133872718 0.9999004006385803
1369.5959463946615 0.9997178912162781
1369.616779402061 1.0001834630966187
1369.6376124094863 0.9995604157447815
1369.6584454169224 0.9999846816062927
1369.6792784243553 0.9993881583213806
1369.7001114318 0.9998828768730164
1369.7209444392429 0.9999398589134216
1369.7417774466694 0.9998663067817688
1369.7626104540955 0.9997128248214722
1369.7834434614974 0.9999106526374817
1369.8042764688907 1.000226378440857
1369.8251094762625 1.0000079870224
1369.8459424835985 0.9999405145645142
1369.866775490915 0.9999356865882874
1369.8876084981885 0.9998226165771484
1369.908441505436 0.9998366832733154
1369.9292745126434 1.0000745058059692
1369.9501075197982 0.9996770024299622
1369.9709405269164 0.9996317028999329
1369.9917735339752 0.9999534487724304
1370.0126065409916 1.0000159740447998
1370.0334395479524 1.0001672506332397
1370.0542725548446 0.9995956420898438
1370.0751055616854 1.0001308917999268
1370.0959385684623 0.9999417066574097
1370.1167715751617 0.9997721314430237
1370.1376045818017 0.9998705387115479
1370.158437588359 0.9996790289878845
1370.1792705948517 0.9999963045120239
1370.2001036012666 1.0000895261764526
1370.2209366075915 0.9998100996017456
1370.241769613844 0.9999211430549622
1370.262602620002 1.000009536743164
1370.2834356260828 0.9998222589492798
1370.3042686320741 0.9998703598976135
1370.3251016379634 0.9999439716339111
1370.3459346437694 0.9998640418052673
1370.366767649479 0.9997974038124084
1370.3876006550809 0.9999291300773621
1370.4084336605924 1.0001301765441895
1370.429266665992 1.0002267360687256
1370.450099671297 0.9996942281723022
1370.4709326764964 1.000150442123413
1370.4917656815776 1.0000218152999878
1370.5125986865592 1.0000388622283936
1370.533431691429 1.000040888786316
1370.5542646961753 1.0000883340835571
1370.5750977008165 0.9998669028282166
1370.595930705331 0.9998835921287537
1370.616763709737 1.0000711679458618
1370.6375967140225 1.000014066696167
1370.6584297181762 0.9993196725845337
1370.6792627222164 0.9996116757392883
1370.700095726132 0.99972003698349
1370.7209287299106 0.9998794794082642
1370.7417617335716 0.9995023608207703
1370.7625947370932 0.9998631477355957
1370.7834277404938 0.999971866607666
1370.804260743752 0.9998576045036316
1370.8250937468863 0.999768078327179
1370.8459267498856 1.0001846551895142
1370.8667597527385 0.9998763799667358
1370.8875927554639 0.9998263120651245
1370.90842575805 0.9998567700386047
1370.9292587604857 1.000001072883606
1370.9500917627904 0.9999308586120605
1370.9709247649419 0.9995896816253662
1370.9917577669596 0.9999487400054932
1371.012590768832 0.9996926784515381
1371.033423770548 0.9996851682662964
1371.0542567721268 0.9998522996902466
1371.0750897735568 1.00002920627594
1371.0959227748276 0.999823272228241
1371.15842177775 1.0002204179763794
1371.1792547784212 1.0003305673599243
1371.2000877789274 1.000526785850525
1371.2209207792878 1.0003732442855835
1371.2417537794913 1.0003830194473267
1371.2625867795268 1.0006593465805054
1371.2834197794134 1.000404953956604
1371.304252779141 1.0002861022949219
1371.3250857786973 1.0001260042190552
1371.3459187781025 1.0003589391708374
1371.3667517773347 1.0005196332931519
1371.387584776414 1.0000818967819214
1371.4084177753293 1.0005216598510742
1371.4292507740693 1.0005168914794922
1371.450083772654 1.000237226486206
1371.4709167710712 1.000436782836914
1371.4917497693114 1.0002387762069702
1371.5125827673935 1.0004388093948364
1371.5334157652965 1.0003550052642822
1371.5542487630394 1.000341534614563
1371.575081760612 1.0007463693618774
1371.5959147580031 1.0002403259277344
1371.6167477552324 1.0003533363342285
1371.6375807522886 1.0004619359970093
1371.6584137491618 1.0001407861709595
1371.6792467458706 1.000448226928711
1371.7000797423943 1.0001246929168701
1371.7209127387525 1.0002938508987427
1371.7417457349247 1.0003886222839355
1371.7625787309296 1.000350832939148
1371.7834117267573 1.0003509521484375
1371.8042447224068 1.000309944152832
1371.825077717867 1.0003045797348022
1371.845910713158 1.0002355575561523
1371.866743708259 1.0003128051757812
1371.887576703189 1.0003353357315063
1371.908409697938 1.0003491640090942
1371.9292426924949 1.0004968643188477
1371.9500756868792 1.0001976490020752
1371.9709086810806 1.000334620475769
1371.9917416750884 1.0002963542938232
1372.0125746689218 1.000341534614563
1372.0334076625604 1.0004438161849976
1372.0542406560237 1.000370740890503
1372.075073649301 1.000557541847229
1372.095906642382 1.000167727470398
1372.116739635286 1.0002632141113281
1372.1375726280028 1.0004266500473022
1372.1584056205213 1.0001964569091797
1372.1792386128616 1.0001403093338013
1372.2000716050027 1.0004816055297852
1372.2209045969644 1.000312328338623
1372.241737588736 1.0002626180648804
1372.262570580307 1.0003217458724976
1372.2834035716974 1.000110149383545
1372.3042365628671 1.00021493434906
1372.3250695538384 1.000447154045105
1372.3459025446525 1.0001190900802612
1372.3667355352743 1.0002081394195557
1372.3875685256924 1.0002275705337524
1372.408401515927 1.000396966934204
1372.4292345059573 0.99994295835495
1372.450067495803 1.0000072717666626
1372.4709004854537 0.9999854564666748
1372.491733474899 0.9998956322669983
1372.5125664641582 0.9999459385871887
1372.5333994532214 1.0001271963119507
1372.5542324420776 1.000262975692749
1372.5750654307465 1.0002166032791138
1372.5958984192082 1.0001485347747803
1372.616731407482 1.0004099607467651
1372.637564395557 1.000173807144165
1372.6583973834233 1.0002361536026
1372.6792303711009 1.0002511739730835
1372.7000633585785 1.0001986026763916
1372.7208963458463 0.9999865889549255
1372.7417293329238 0.9998865127563477
1372.7625623198007 0.9998701214790344
1372.7833953064664 1.000339150428772
1372.8042282929407 1.0000534057617188
1372.8250612792033 1.0000256299972534
1372.845894265274 1.0002248287200928
1372.8667272511414 0.999995768070221
1372.8875602367964 1.0001033544540405
1372.9083932222584 0.9998964071273804
1372.9292262075164 1.0000370740890503
1372.9500591925607 1.0001760721206665
1372.9708921774109 1.0000728368759155
1372.9917251620564 0.9996289014816284
1373.0125581464868 1.0001299381256104
1373.0333911307218 0.9999797940254211
1373.0542241147514 1.0000364780426025
1373.075057098565 1.0001057386398315
1373.0958900821824 0.9999805688858032
1373.116723065583 1.0000619888305664
1373.1375560487868 0.9998085498809814
1373.1583890317834 0.9999473690986633
1373.1792220145621 0.9988812804222107
1373.2000549971433 0.9996108412742615
1373.2208879795162 0.9999255537986755
1373.2417209616706 1.000245451927185
1373.2625539436262 0.9999642968177795
1373.2833869253725 0.9996081590652466
1373.3042199068996 1.0001509189605713
1373.3250528882268 1.000157356262207
1373.345885869344 1.0000020265579224
1373.3667188502409 0.9999868273735046
1373.3875518309371 0.9997815489768982
1373.4083848114224 1.000288486480713
1373.4292177916866 0.9997575879096985
1373.4500507717491 0.9999418258666992
1373.4708837515998 0.9996976852416992
1373.4917167312285 1.0001423358917236
1373.5125497106549 0.9999886155128479
1373.5333826898584 1.0000498294830322
1373.5542156688591 1.000352382659912
1373.5750486476463 0.9998930096626282
1373.5958816262103 1.0001715421676636
1373.658380560638 1.0004432201385498
1373.6792135383553 1.0004985332489014
1373.7000465158574 1.0002195835113525
1373.7208794931341 1.000472068786621
1373.7417124702058 1.0003620386123657
1373.7625454470613 1.000317096710205
1373.7833784236911 1.000293254852295
1373.8042114001146 1.0003138780593872
1373.8250443763118 0.9999415874481201
1373.8458773523018 1.0003875494003296
1373.8667103280752 1.000643253326416
1373.8875433036208 1.0004661083221436
1373.9083762789592 1.0003468990325928
1373.9292092540793 1.0003522634506226
1373.9500422289716 1.0002354383468628
1373.9708752036556 0.9996324777603149
1373.9917081781207 0.9999920129776001
1374.012541152357 1.0002219676971436
1374.0333741263844 1.0002979040145874
1374.0542071001923 1.00038743019104
1374.0750400737702 1.000396728515625
1374.0958730471384 1.0002334117889404
1374.1167060202863 1.00038743019104
1374.1375389932039 1.0003554821014404
1374.1583719659106 1.0001893043518066
1374.1792049383967 1.000550389289856
1374.2000379106514 1.000152349472046
1374.2208708826947 1.0001736879348755
1374.2417038545161 1.0004868507385254
1374.2625368261058 1.0003437995910645
1374.283369797483 1.0001490116119385
1374.3042027686379 1.000241994857788
1374.3250357395602 1.0000396966934204
1374.345868710269 1.0004172325134277
1374.3667016807453 1.0002756118774414
1374.3875346510079 1.000503420829773
1374.4083676210466 1.0002368688583374
1374.429200590861 1.0002516508102417
1374.4500335604419 1.0001609325408936
1374.4708665298078 1.0000256299972534
1374.4916994989492 1.0003225803375244
1374.5125324678554 1.000354528427124
1374.533365436547 0.9999697208404541
1374.5541984050124 1.0002878904342651
1374.5750313732424 1.0003573894500732
1374.5958643412564 1.0004281997680664
1374.6166973090442 1.0004088878631592
1374.6375302765953 0.999938428401947
1374.65836324393 1.0001412630081177
1374.6791962110271 1.000324010848999
1374.7000291779077 1.00019371509552
1374.7208621445604 0.9999199509620667
1374.7416951109856 1.0000109672546387
1374.7625280771726 1.0001055002212524
1374.7833610431414 1.0000168085098267
1374.804194008872 1.000035047531128
1374.8250269743835 0.9999029636383057
1374.845859939666 1.0000243186950684
1374.8666929047097 1.0001490116119385
1374.8875258695334 0.9999587535858154
1374.9083588341275 1.0001603364944458
1374.9291917984815 1.0000157356262207
1374.9500247626154 0.9999317526817322
1374.9708577265187 1.0001657009124756
1374.991690690181 1.0002319812774658
1375.0125236536228 0.9997507333755493
1375.0333566168333 0.9999547600746155
1375.0541895798017 1.0000327825546265
1375.0750225425488 0.9999834895133972
1375.0958555050634 0.9998704195022583
1375.1166884673362 1.000048279762268
1375.1375214293857 0.9999108910560608
1375.1583543912031 1.000091791152954
1375.179187352777 0.9999976754188538
1375.2000203141276 1.0001776218414307
1375.2208532752445 1.0001448392868042
1375.2416862361176 1.0002480745315552
1375.2625191967663 0.9998287558555603
1375.2833521571808 1.0000650882720947
1375.3041851173482 0.9999219179153442
1375.3250180772907 1.0000905990600586
1375.345851037 0.9999442100524902
1375.3666839964642 1.0001459121704102
1375.387516955703 1.0002440214157104
1375.4083499147048 1.0002843141555786
1375.4291828734606 1.0000864267349243
1375.4500158319902 0.9999192357063293
1375.4708487902824 0.9998703002929688
1375.491681748328 1.000066876411438
1375.5125147061456 0.9998931884765625
1375.5333476637259 1.0003069639205933
1375.554180621058 1.0000449419021606
1375.575013578162 1.0000463724136353
1375.5958465350277 1.0002115964889526
1375.6166794916442 1.0000115633010864
1375.6375124480314 0.9997959733009338
1375.6583454041797 0.9998387694358826
1375.679178360078 0.9999412894248962
1375.7000113157467 1.0000272989273071
1375.7208442711744 1.0002955198287964
1375.7416772263523 1.0000687837600708
1375.762510181299 1.0001282691955566
1375.7833431360045 1.0001354217529297
1375.8041760904587 0.9998470544815063
1375.825009044681 0.9997583627700806
1375.8458419986612 0.9999126195907593
1375.8666749523895 0.9992285966873169
1375.8875079058846 1.0000321865081787
1375.9083408591373 1.0001105070114136
1375.9291738121362 0.9999176859855652
1375.950006764902 0.9998155236244202
1375.9708397174234 0.9998441934585571
1375.9916726696908 1.0001064538955688
1376.012505621724 1.0001161098480225
1376.0333385735119 0.9997437596321106
1376.054171525045 0.9997674226760864
1376.0750044763427 0.999841034412384
1376.0958374273941 0.9998683333396912
1376.1583362790611 1.0007188320159912
1376.1791692291263 1.0003091096878052
1376.2000021789343 1.0000327825546265
1376.2208351285042 1.0004574060440063
1376.241668077826 1.0002491474151611
1376.2625010268894 1.000184178352356
1376.2833339757142 1.0003440380096436
1376.3041669242893 1.000120759010315
1376.3249998726055 1.0005444288253784
1376.3458328206818 1.0005532503128052
1376.3666657685076 1.0004080533981323
1376.3874987160727 1.0002597570419312
1376.4083316633971 1.000294804573059
1376.42916461047 1.000328540802002
1376.4499975572817 1.0002586841583252
1376.470830503851 1.0003937482833862
1376.4916634501683 1.0005831718444824
1376.5124963962223 1.0003023147583008
1376.5333293420335 1.0001221895217896
1376.554162287591 1.000337839126587
1376.5749952328847 1.0003856420516968
1376.5958281779344 1.0005453824996948
1376.6166611227288 1.0003230571746826
1376.6374940672586 1.0002480745315552
1376.658327011543 1.0002185106277466
1376.6791599555713 1.0002113580703735
1376.6999928993332 1.0000345706939697
1376.7208258428486 1.0001527070999146
1376.7416587861069 1.0004578828811646
1376.7624917291078 1.000303864479065
1376.7833246718408 0.9999382495880127
1376.8041576143257 1.000248908996582
1376.8249905565515 1.0002095699310303
1376.845823498508 1.0000872611999512
1376.8666564402151 1.0000931024551392
1376.8874893816624 1.0000510215759277
1376.908322322839 1.0000791549682617
1376.9291552637644 1.000335931777954
1376.949988204429 0.999878466129303
1376.9708211448212 1.0000689029693604
1376.9916540849615 1.0001028776168823
1377.0124870248392 1.0001707077026367
1377.0333199644433 1.000080943107605
1377.054152903794 0.999561071395874
1377.0749858428806 1.000362515449524
1377.0958187817027 1.0000087022781372
1377.1166517202496 1.000032663345337
1377.1374846585409 0.99984210729599
1377.158317596566 1.0002351999282837
1377.1791505343149 0.9998931288719177
1377.1999834718063 0.9993433952331543
1377.2208164090305 1.000064492225647
1377.2416493459764 1.000053882598877
1377.262482282664 1.000154733657837
1377.2833152190822 1.000022053718567
1377.3041481552207 0.9999951124191284
1377.3249810910993 1.0005452632904053
1377.3458140267073 0.9999837279319763
1377.3666469620337 0.9998120069503784
1377.387479897099 1.0001323223114014
1377.4083128318912 1.0001940727233887
1377.429145766401 1.0001593828201294
1377.4499787006469 1.0002189874649048
1377.4708116346192 0.9999868869781494
1377.4916445683166 0.9998465776443481
1377.5124775017289 0.9999246001243591
1377.5333104348758 1.0000638961791992
1377.5541433677458 1.0000171661376953
1377.5749763003394 0.9998556971549988
1377.595809232645 1.000070333480835
1377.6166421646824 0.9999632239341736
1377.6374750964312 1.0002217292785645
1377.6583080279104 1.0003325939178467
1377.67914095911 0.9999247193336487
1377.699973890028 1.0000299215316772
1377.7208068206558 1.0000914335250854
1377.7416397510108 1.0000710487365723
1377.7624726810832 1.000123143196106
1377.7833056108623 0.9999126195907593
1377.8041385403676 1.000058650970459
1377.8249714695878 0.9999246001243591
1377.845804398513 1.000433087348938
1377.8666373271617 1.000154972076416
1377.887470255524 0.9995662569999695
1377.9083031835985 0.9985013604164124
1377.9291361113749 1.0001059770584106
1377.949969038872 0.9999258518218994
1377.9708019660698 0.9998878836631775
1377.991634892987 0.9998201131820679
1378.0124678196128 0.999854326248169
1378.033300745947 0.99790358543396
1378.0541336719778 1.000032663345337
1378.074966597725 1.0000858306884766
1378.0957995231781 0.9997904896736145
1378.1166324483358 0.9999791383743286
1378.1374653731878 1.0001354217529297
1378.158298297753 0.9998192191123962
1378.17913122202 0.9998587369918823
1378.1999641459786 1.000238299369812
1378.2207970696481 0.999913215637207
1378.2416299930173 1.0000572204589844
1378.2624629160753 0.9996651411056519
1378.2832958388408 1.0000808238983154
1378.3041287613041 1.0001198053359985
1378.324961683453 0.9998654127120972
1378.3457946053072 1.000283122062683
1378.3666275268558 0.9995989799499512
1378.3874604480977 0.9999631643295288
1378.4082933690217 0.9999515414237976
1378.4291262896475 1.0003949403762817
1378.4499592099637 0.9997217655181885
1378.470792129959 0.9993230104446411
1378.4916250496526 0.9999175071716309
1378.5124579690337 1.0000929832458496
1378.533290888101 0.9998992085456848
1378.5541238068436 0.9997085332870483
1378.5749567252803 0.9984077215194702
1378.5957896434002 0.9955493211746216
1378.6582883958374 1.0001864433288574
1378.6791213126683 0.9999886751174927
1378.6999542291867 1.0001790523529053
1378.7207871453813 1.000095009803772
1378.741620061241 1.00042724609375
1378.762452976785 1.0002607107162476
1378.783285892001 1.000188946723938
1378.8041188068887 1.0002567768096924
1378.8249517214365 1.0000028610229492
1378.845784635663 1.0002156496047974
1378.866617549557 1.000146746635437
1378.8874504631074 1.0002518892288208
1378.9082833763325 0.999995768070221
1378.9291162892212 0.9999086260795593
1378.9499492017724 1.0001590251922607
1378.9707821139739 0.999884843826294
1378.991615025845 1.0002418756484985
1379.0124479373737 0.99982750415802
1379.0332808485493 1.000160574913025
1379.0541137593896 1.000064730644226
1379.0749466698833 1.0000401735305786
1379.095779580029 0.9999223351478577
1379.1166124898155 1.0000940561294556
1379.1374453992605 1.000126838684082
1379.158278308353 0.9999191164970398
1379.1791112170806 1.0001581907272339
1379.1999441254627 0.9999019503593445
1379.2207770334874 0.9999548196792603
1379.2416099411423 0.9999822378158569
1379.2624428484462 1.0001013278961182
1379.2832757553874 1.0000356435775757
1379.3041086619537 0.99997478723526
1379.3249415681641 0.9997340440750122
1379.345774474006 0.9998398423194885
1379.3666073794782 0.9997580647468567
1379.387440284571 0.9998183846473694
1379.4082731892993 1.0001235008239746
1379.4291060936498 1.0000317096710205
1379.4499389976224 0.9998592138290405
1379.4707719012051 0.9998633861541748
1379.4916048044165 0.999580442905426
1379.512437707244 0.9999867677688599
1379.5332706096758 0.9999505877494812
1379.5541035117292 0.9998552203178406
1379.574936413393 0.9999187588691711
1379.5957693146638 0.9995215535163879
1379.6166022155307 0.9996462464332581
1379.6374351160107 0.9998505115509033
1379.6582680160914 0.9997920393943787
1379.679100915771 0.9994376301765442
1379.6999338150363 0.9995990991592407
1379.720766713906 0.9997587203979492
1379.7415996123664 0.9999336004257202
1379.7624325104064 0.9997374415397644
1379.7832654080423 0.9996800422668457
1379.8040983052624 0.9996262192726135
1379.8249312020534 0.9998350739479065
1379.8457640984334 0.9999448657035828
1379.8665969943888 0.9995414614677429
1379.887429889918 0.9999873042106628
1379.908262785007 0.9995548725128174
1379.9290956796747 0.9995604753494263
1379.9499285739064 0.9995861649513245
1379.9707614676904 0.9996069073677063
1379.991594361043 0.9997832775115967
1380.012427253952 0.9993858933448792
1380.0332601464138 0.9996730089187622
1380.0540930384159 0.9997103810310364
1380.0749259299748 0.9996907711029053
1380.0957588210772 0.9994631409645081
1380.1165917117103 0.9994785189628601
1380.1374246018906 0.9996687173843384
1380.158257491605 0.9996865391731262
1380.1790903808499 0.999944269657135
1380.1999232696123 0.9993178248405457
1380.2207561579087 0.9996528029441833
1380.2415890457253 0.9997029900550842
1380.2624219330587 0.999850869178772
1380.2832548198953 0.9992059469223022
1380.3040877062522 0.9995144009590149
1380.324920592115 0.9995587468147278
1380.3457534774702 0.9994454383850098
1380.3665863623337 0.9994460344314575
1380.3874192466928 0.9994813203811646
1380.4082521305431 0.9994792938232422
1380.4290850138705 0.9997789859771729
1380.4499178966914 0.9990714192390442
1380.4707507789917 0.9995058178901672
1380.491583660768 0.9997122883796692
1380.5124165420057 1.0001267194747925
1380.5332494227216 0.9996274709701538
1380.5540823029005 0.9993782639503479
1380.5749151825298 1.0001788139343262
1380.5957480616244 0.999674916267395
1380.616580940171 0.9996013641357422
1380.6374138181548 0.9995360374450684
1380.6582466955922 0.9997285008430481
1380.6790795724694 0.9994991421699524
1380.699912448782 0.9999128580093384
1380.7207453245264 0.9996050000190735
1380.7415781996879 0.9998846054077148
1380.7624110742831 0.9998132586479187
1380.7832439482984 0.9996423721313477
1380.8040768217193 0.9995201230049133
1380.8249096945626 0.9997598528862
1380.8457425668141 0.9994354844093323
1380.8665754384608 0.9996728897094727
1380.8874083095193 0.99961256980896
1380.9082411799757 0.9997501373291016
1380.929074049827 0.9997951984405518
1380.9499069190701 1.0000160932540894
1380.9707397876923 0.9995536804199219
1380.991572655711 0.9996618032455444
1381.0124055231136 0.9995625615119934
1381.0332383898883 0.9997422695159912
1381.054071256052 0.9997159838676453
1381.0749041215947 0.9995424151420593
1381.095736986514 0.998952329158783
1381.158235577516 1.0001716613769531
1381.1790684399377 1.000029444694519
1381.1999013017257 1.0001628398895264
1381.220734162902 1.0001851320266724
1381.2415670234575 1.0001863241195679
1381.2623998833863 1.0000486373901367
1381.2832327427102 0.9999164342880249
1381.304065601424 0.999874472618103
1381.3248984595325 1.0
1381.3457313170316 1.0000637769699097
1381.3665641739467 0.9999333024024963
1381.3873970302764 1.0000789165496826
1381.4082298860185 0.9996494054794312
1381.4290627412026 0.9999582171440125
1381.4498955958293 0.9999748468399048
1381.4707284499104 0.9997738003730774
1381.4915613034586 1.0000131130218506