1325.3258270957954 0.9997649192810059
1325.346660644074 1.0004067420959473
1325.3674941927204 1.000090479850769
1325.3883277417067 1.000084400177002
1325.409161291036 0.9999730587005615
1325.4299948407104 1.0001509189605713
1325.4508283907012 1.00014328956604
1325.4716619410203 1.0000412464141846
1325.4924954916378 0.9999770522117615
1325.5133290425545 1.0002316236495972
1325.534162593771 0.9999018311500549
1325.5549961452577 1.0002633333206177
1325.5758296970148 1.0005229711532593
1325.5966632490424 1.0006963014602661
1325.6174968013106 1.000058889389038
1325.6383303538194 1.0004680156707764
1325.6591639065687 1.0000888109207153
1325.679997459529 1.0004059076309204
1325.7008310127103 1.0003350973129272
1325.7216645660826 1.0001389980316162
1325.742498119647 1.0003511905670166
1325.7633316734034 1.0001400709152222
1325.7841652273228 1.000344157218933
1325.8049987814054 1.000373125076294
1325.8258323356526 1.0001423358917236
1325.8466658900352 0.9997010231018066
1325.8674994445544 1.0008951425552368
1325.8883329992111 0.9999629855155945
1325.9091665539777 1.000611424446106
1325.9300001088552 0.9996633529663086
1325.950833663846 0.9997705817222595
1325.9716672189213 1.0004029273986816
1325.9925007740933 1.0002155303955078
1326.013334329335 1.0003117322921753
1326.0341678846487 1.0004147291183472
1326.0550014400367 1.0001966953277588
1326.075834995472 0.9999729990959167
1326.0966685509677 0.9998505711555481
1326.1175021064967 1.0000550746917725
1326.1383356620624 1.0004775524139404
1326.1591692176682 0.9998841881752014
1326.180002773288 1.0003178119659424
1326.2008363289247 0.9998632669448853
1326.2216698845832 1.0009921789169312
1326.2425034402372 1.0003395080566406
1326.2633369958905 1.0003756284713745
1326.284170551548 1.0001814365386963
1326.3050041073875 1.0000231266021729
1326.3258376631893 1.0001500844955444
1326.346671218799 1.000437617301941
1326.3675047743707 0.9997971057891846
1326.3883383299203 1.000489354133606
1326.4091718854222 0.999879777431488
1326.4300054408818 1.0003987550735474
1326.450838996304 0.9996917247772217
1326.471672551665 1.0001788139343262
1326.4925061069698 1.000353217124939
1326.513339662224 1.0002995729446411
1326.5341732174036 1.0003615617752075
1326.5550067725242 1.0002161264419556
1326.575840327562 1.0003077983856201
1326.596673882523 1.0002292394638062
1326.617507437413 1.0001156330108643
1326.6383409922084 0.99968022108078
1326.6591745469154 1.0000479221343994
1326.6800081015406 1.0007243156433105
1326.70084165606 0.9999416470527649
1326.721675210481 1.000203251838684
1326.7425087648094 1.0004057884216309
1326.763342319022 1.0000561475753784
1326.784175873136 1.0006316900253296
1326.8050094271282 1.0003498792648315
1326.825842981005 1.0004338026046753
1326.8466765347737 1.0000460147857666
1326.8675100884113 1.0003010034561157
1326.888343641935 0.9999949932098389
1326.909177195322 1.000482439994812
1326.9300107485797 1.0004795789718628
1326.9508443017048 1.0001072883605957
1326.9716778547047 1.0002923011779785
1326.9925114075575 0.9999745488166809
1327.0133449602804 1.0003201961517334
1327.0341785128503 0.9998588562011719
1327.0550120652756 1.0000402927398682
1327.0758456175636 1.0000951290130615
1327.0966791696917 1.0002049207687378
1327.117512721678 1.0001944303512573
1327.1383462735 1.000104308128357
1327.159179825166 0.999455451965332
1327.180013376683 1.0003963708877563
1327.2008469280293 1.0001140832901
1327.221680479213 1.0000470876693726
1327.242514030242 0.9997727274894714
1327.2633475810944 1.0002487897872925
1327.284181131788 0.9998496770858765
1327.3050146823011 0.9996685981750488
1327.3258482326419 1.0003043413162231
1327.3466817828182 1.0003925561904907
1327.3675153328084 1.0005844831466675
1327.3883488826211 1.0002905130386353
1327.4091824322638 1.0000454187393188
1327.4300159817153 1.0001771450042725
1327.450849530984 0.9999680519104004
1327.4716830800785 0.9999344348907471
1327.4925166289763 1.0001698732376099
1327.5133501776963 1.0009702444076538
1327.534183726217 1.0001044273376465
1327.5550172745473 1.0006530284881592
1327.5758508226947 1.0007752180099487
1327.5966843706387 0.9998445510864258
1327.6175179183874 1.0007009506225586
1327.6383514659492 1.0006407499313354
1327.6591850133032 1.0000108480453491
1327.680018560468 1.0006093978881836
1327.7008521074215 1.0002994537353516
1327.7216856541731 0.9999088644981384
1327.7425192007315 0.9998488426208496
1327.7633527470753 0.9998663663864136
1327.784186293213 1.0002827644348145
1327.8050198391536 1.0004315376281738
1327.825853384876 1.0003252029418945
1327.8675204757005 1.0000059604644775
1327.8883540207905 1.0001630783081055
1327.9091875656777 1.0003684759140015
1327.9300211103407 0.9999523162841797
1327.9508546547884 0.9997415542602539
1327.9716881990298 1.0005549192428589
1327.9925217430439 1.0002707242965698
1328.0133552868494 1.0000704526901245
1328.0341888304256 1.000370979309082
1328.0550223737812 0.9998754262924194
1328.075855916925 1.0009571313858032
1328.0966894598369 1.0002268552780151
1328.117523002525 1.0003749132156372
1328.1383565449992 1.000382423400879
1328.1591900872377 1.0002784729003906
1328.1800236292495 1.0007625818252563
1328.2008571710446 1.0000791549682617
1328.2216907126015 1.0002951622009277
1328.2425242539396 1.0004030466079712
1328.2633577950376 1.0007950067520142
1328.284191335915 0.9999760389328003
1328.3050248765508 1.0000931024551392
1328.3258584169541 1.000129222869873
1328.3466919571345 1.000878930091858
1328.3675254970703 1.0009315013885498
1328.3883590367716 1.000075101852417
1328.409192576247 1.000903606414795
1328.4300261154763 1.0005309581756592
1328.4508596544683 1.0001780986785889
1328.4716931932323 0.9997048377990723
1328.4925267317476 1.0003958940505981
1328.5133602700334 1.0004806518554688
1328.5341938080687 1.0001603364944458
1328.5550273458634 1.0003294944763184
1328.5758608834267 1.000704288482666
1328.5966944207373 0.9998578429222107
1328.6175279578051 1.0005866289138794
1328.6383614946392 1.0004138946533203
1328.6591950312188 1.0005443096160889
1328.6800285675633 1.0002001523971558
1328.7008621036523 1.0002429485321045
1328.7216956394948 1.0004090070724487
1328.7425291751 1.0000721216201782
1328.7633627104478 0.9999614357948303
1328.7841962455577 1.0003201961517334
1328.8050297804084 1.000320553779602
1328.8258633150094 1.0002367496490479
1328.8466968493603 1.0007374286651611
1328.8675303834707 1.0005322694778442
1328.8883639173196 1.0002309083938599
1328.9091974509267 1.0000925064086914
1328.9300309842715 1.0002604722976685
1328.950864517373 0.999891996383667
1328.971698050211 1.0001572370529175
1328.992531582795 1.0002399682998657
1329.013365115134 0.9999910593032837
1329.0341986472076 1.0002565383911133
1329.0550321790256 1.0000691413879395
1329.0758657105973 0.9999961853027344
1329.0966992419021 0.9999990463256836
1329.1175327729595 0.9998127222061157
1329.138366303749 1.0006952285766602
1329.1591998342801 1.0004990100860596
1329.1800333645624 1.000185489654541
1329.2008668945748 1.0002638101577759
1329.2217004243275 1.000227451324463
1329.2425339538302 0.9996991753578186
1329.2633674830615 1.000428318977356
1329.2842010120414 1.0003585815429688
1329.3050345407496 0.999968409538269
1329.3258680691954 0.9998536109924316
1329.3467015973888 1.0001308917999268
1329.3675351253082 1.0003662109375
1329.3883686529643 1.000329852104187
1329.4092021803663 1.0004301071166992
1329.4300357074933 1.0003211498260498
1329.4508692343657 1.0004603862762451
1329.4717027609622 0.9998603463172913
1329.4925362872928 1.0006651878356934
1329.5133698133668 0.9999290108680725
1329.5342033391644 0.9996206164360046
1329.5550368646946 1.0007314682006836
1329.5758703899671 0.9999468922615051
1329.5967039149616 1.0001636743545532
1329.6175374396976 1.0002986192703247
1329.6383709641548 1.0003362894058228
1329.6592044883525 1.000350832939148
1329.6800380122704 1.0001329183578491
1329.7008715359182 1.0004031658172607
1329.7217050593154 1.0006405115127563
1329.7425385824304 1.0000072717666626
1329.7633721052657 1.0001436471939087
1329.7842056278394 1.0005968809127808
1329.8050391501308 1.0003522634506226
1329.8258726721497 1.0001989603042603
1329.846706193906 0.9998249411582947
1329.8675397153788 0.9998375177383423
1329.8883732365884 1.0004690885543823
1329.9092067575139 1.0004675388336182
1329.930040278165 1.0002098083496094
1329.9508737985514 1.0002695322036743
1329.971707318653 1.0002262592315674
1329.9925408384893 0.9991421103477478
1330.0133743580395 0.9993254542350769
1330.0342078773135 1.0002667903900146
1330.0550413963213 1.0000897645950317
1330.0758749150423 0.9998563528060913
1330.0967084334961 1.0002706050872803
1330.1175419516626 1.0005191564559937
1330.138375469551 0.9998207092285156
1330.1592089871715 1.0002803802490234
1330.1800425045033 0.9999468326568604
1330.200876021556 1.0001531839370728
1330.2217095383398 1.0000869035720825
1330.2425430548342 1.0001121759414673
1330.2633765710589 0.9998752474784851
1330.2842100869932 1.0002021789550781
1330.3050436026472 0.9998565912246704
1330.3258771180301 1.0002084970474243
1330.3675441479327 1.0004874467849731
1330.3883776624714 1.0001825094223022
1330.4092111767181 1.0004106760025024
1330.4300446906927 0.9997026324272156
1330.4508782043742 1.000309705734253
1330.471711717773 1.00005304813385
1330.4925452308983 1.0005548000335693
1330.51337874373 0.9998337626457214
1330.534212256288 1.0006945133209229
1330.5550457685515 1.0003654956817627
1330.5758792805307 1.0000847578048706
1330.5967127922347 1.0002115964889526
1330.6175463036438 1.0003409385681152
1330.6383798147779 1.0001983642578125
1330.659213325616 1.0001970529556274
1330.6800468361682 1.0002776384353638
1330.700880346444 1.0003695487976074
1330.721713856423 1.000561237335205
1330.7425473661156 1.0002214908599854
1330.7633808755306 1.00025475025177
1330.7842143846485 1.000260353088379
1330.8050478934886 1.0002334117889404
1330.8258814020307 0.9998165965080261
1330.8467149102846 1.0000654458999634
1330.8675484182597 1.0000766515731812
1330.8883819259358 1.0005059242248535
1330.9092154333232 1.000656247138977
1330.9300489404309 1.0004043579101562
1330.950882447239 1.0000672340393066
1330.9717159537672 1.0005038976669312
1330.9925494599952 1.000794768333435
1331.0133829659328 1.0000578165054321
1331.0342164715894 0.9999545216560364
1331.0550499769447 0.9995827674865723
1331.0758834820192 1.00054132938385
1331.096716986792 1.000365972518921
1331.1175504912728 1.0004020929336548
1331.1383839954713 0.999718427658081
1331.1592174993675 0.9999613761901855
1331.1800510029814 1.0004737377166748
1331.200884506292 0.9996865391731262
1331.2217180093091 0.9997442364692688
1331.242551512043 1.0001680850982666
1331.2633850144734 1.0005528926849365
1331.2842185166196 1.0003949403762817
1331.3050520184618 0.9999380111694336
1331.3258855200093 1.0006126165390015
1331.3467190212718 0.9998577833175659
1331.3675525222295 0.9999138116836548
1331.3883860228916 1.0000442266464233
1331.4092195232686 1.000800609588623
1331.4300530233395 1.0002583265304565
1331.4508865231244 0.9998641610145569
1331.471720022603 0.9998565912246704
1331.4925535217849 1.0001473426818848
1331.51338702068 0.9999180436134338
1331.534220519268 1.0007400512695312
1331.5550540175686 0.999400794506073
1331.5758875155614 0.9999809265136719
1331.5967210132565 1.000103235244751
1331.6175545106635 0.9996064305305481
1331.6383880077622 0.9996548295021057
1331.659221504562 1.0000665187835693
1331.680055001073 0.9994049668312073
1331.7008884972752 1.0002440214157104
1331.7217219931874 1.0001212358474731
1331.7425554887902 1.0003412961959839
1331.7633889841031 0.9999261498451233
1331.784222479106 1.0003365278244019
1331.805055973808 0.9998798966407776
1331.82588946822 1.000190258026123
1331.8467229623207 0.9998846054077148
1331.8675564561202 1.000213861465454
1331.8883899496282 0.9999098777770996
1331.9092234428247 1.0001672506332397
1331.930056935729 0.9996355175971985
1331.9508904283214 1.0004690885543823
1331.971723920611 1.0003662109375
1331.9925574126084 1.0006294250488281
1332.0133909042925 0.9998012185096741
1332.0342243956836 1.0001999139785767
1332.055057886761 1.000051736831665
1332.0758913775346 1.0005525350570679
1332.0967248680147 0.9997223615646362
1332.1175583581803 0.9998124241828918
1332.1383918480415 1.000122308731079
1332.159225337608 1.0001206398010254
1332.1800588268593 0.9996553063392639
1332.2008923158157 1.0003395080566406
1332.2217258044566 0.99985671043396
1332.2425592928014 0.9995266199111938
1332.2633927808306 1.00027596950531
1332.2842262685533 1.0003987550735474
1332.3050597559793 0.999893069267273
1332.325893243089 1.0001190900802612
1332.3467267298918 1.0004366636276245
1332.3675602163967 1.0001561641693115
1332.3883937025844 0.9998379349708557
1332.4092271884745 0.9993503093719482
1332.430060674046 0.9997052550315857
1332.45089415932 0.9994394779205322
1332.4717276442748 1.0005555152893066
1332.4925611289211 0.9997581243515015
1332.513394613268 1.0000386238098145
1332.5342280972957 1.0003418922424316
1332.5550615810241 1.000003695487976
1332.5758950644326 0.9998821020126343
1332.5967285475306 1.0001585483551025
1332.6175620303284 0.9996797442436218
1332.6383955128056 1.0002827644348145
1332.6592289949717 1.0004793405532837
1332.6800624768368 1.0000419616699219
1332.7008959583807 1.0000847578048706
1332.7217294396225 1.0002691745758057
1332.7425629205425 1.000245213508606
1332.7633964011602 0.9997598528862
1332.7842298814553 1.0000792741775513
1332.8050633614378 0.9996604323387146
1332.8258968411171 0.9999886751174927
1332.8675637995157 1.0004125833511353
1332.8883972782542 1.000319242477417
1332.9092307566686 0.9995789527893066
1332.930064234779 1.0002323389053345
1332.950897712564 0.9999586939811707
1332.9717311900447 1.0003228187561035
1332.9925646671998 1.0000133514404297
1333.0133981440395 1.0002485513687134
1333.034231620573 0.9999687671661377
1333.055065096781 0.999979555606842
1333.0758985726725 0.9999433159828186
1333.0967320482573 0.999871551990509
1333.117565523515 1.0002344846725464
1333.1383989984654 1.0003451108932495
1333.1592324730887 1.0000940561294556
1333.1800659474038 1.0003734827041626
1333.2008994213911 0.9997718930244446
1333.22173289506 1.0002366304397583
1333.24256636842 1.0001733303070068
1333.2633998414512 1.0005334615707397
1333.284233314179 1.000261664390564
1333.3050667865955 1.000693440437317
1333.3259002586683 1.0001310110092163
1333.3467337304307 1.0000782012939453
1333.367567201863 1.0005232095718384
1333.3884006729743 1.000511646270752
1333.4092341437747 1.0001686811447144
1333.4300676142436 1.0000051259994507
1333.450901084401 1.0002120733261108
1333.471734554226 1.000163197517395
1333.492568023729 0.9999939203262329
1333.5134014929195 1.0000534057617188
1333.534234961777 1.000135064125061
1333.5550684303114 1.0000108480453491
1333.575901898532 0.9999452829360962
1333.596735366419 1.0000826120376587
1333.6175688339918 1.000280499458313
1333.63840230123 1.0001633167266846
1333.659235768153 0.9998850226402283
1333.680069234741 1.0002801418304443
1333.7009027010038 0.9999942183494568
1333.721736166951 1.0001662969589233
1333.7425696325615 0.9999575018882751
1333.7634030978554 0.999899685382843
1333.7842365628128 0.9999544620513916
1333.805070027443 1.0000499486923218
1333.8259034917555 0.9998502731323242
1333.8467369557304 1.000218152999878
1333.867570419387 1.0000108480453491
1333.8884038827048 1.0002988576889038
1333.909237345704 1.0001721382141113
1333.9300708083638 0.9999014139175415
1333.9509042706939 0.9999263882637024
1333.971737732704 0.9999404549598694
1333.9925711943736 0.9999232888221741
1334.0134046557127 0.9997332096099854
1334.0342381167306 1.0003658533096313
1334.0550715774073 1.0001296997070312
1334.075905037762 0.9999943971633911
1334.0967384977744 1.0002355575561523
1334.1175719574542 1.0005966424942017
1334.138405416811 1.0008373260498047
1334.1592388758245 1.000128149986267
1334.1800723345143 1.0001667737960815
1334.2009057928599 1.00059974193573
1334.221739250871 1.0000087022781372
1334.2425727085572 0.9998151063919067
1334.263406165898 0.9999868273735046
1334.2842396229132 1.0002360343933105
1334.3050730795821 1.0001543760299683
1334.3259065359243 1.0006331205368042
1334.3467399919198 1.0003869533538818
1334.3675734475778 1.000136137008667
1334.3884069029077 1.0001392364501953
1334.4092403578895 1.000356674194336
1334.430073812543 0.9995057582855225
1334.450907266847 0.9996424317359924
1334.4717407208116 1.0001044273376465
1334.492574174446 0.9999294877052307
1334.51340762773 0.9996724724769592
1334.5342410806832 0.9998127818107605
1334.555074533285 0.9999566674232483
1334.575907985545 1.0005699396133423
1334.5967414374727 1.0000673532485962
1334.6175748890478 0.9999073147773743
1334.6384083402895 1.0001171827316284
1334.6592417911775 1.000056266784668
1334.6800752417212 0.9999991655349731
1334.7009086919304 0.9999656677246094
1334.7217421417845 1.000420331954956
1334.742575591303 1.0001112222671509
1334.7634090404651 0.9995182752609253
1334.7842424892908 1.0002199411392212
1334.805075937759 1.0002936124801636
1334.8259093858799 0.9998827576637268
1334.8467428336623 1.0003314018249512
1334.867576281086 1.0002092123031616
1334.8884097281607 0.9995827674865723
1334.909243174895 0.9994939565658569
1334.9300766212693 1.0000351667404175
1334.9509100673029 1.0006428956985474
1334.9717435129746 0.9999688863754272
1334.9925769583047 0.9956282377243042
1335.0134104032718 0.9988555908203125
1335.0342438478858 1.0002150535583496
1335.055077292156 0.9999503493309021
1335.0759107360623 0.9995464086532593
1335.096744179623 0.9998183846473694
1335.1175776228188 0.9997162818908691
1335.138411065658 0.9998352527618408
1335.1592445081508 0.9997826814651489
1335.180077950276 0.9997424483299255
1335.2009113920528 0.9996469020843506
1335.2217448334613 0.9997265934944153
1335.2425782745204 1.000056505203247
1335.2634117152097 0.9996098875999451
1335.2842451555382 0.9995026588439941
1335.3050785955156 0.9996004104614258
1335.3259120351208 0.9999974370002747
1335.3675789132528 0.9994485378265381
1335.3884123517678 1.0004721879959106
1335.4092457899283 1.0002915859222412
1335.4300792277131 0.9995884299278259
1335.450912665142 1.0003246068954468
1335.4717461021937 0.9997417330741882
1335.4925795388779 1.0000474452972412
1335.5134129752034 0.9996545314788818
1335.5342464111498 0.9998103976249695
1335.5550798467361 1.000032901763916
1335.5759132819414 0.9997618794441223
1335.5967467167757 0.9999760389328003
1335.617580151247 0.999807596206665
1335.6384135853352 0.9997835159301758
1335.6592470190594 0.9994118809700012
1335.680080452399 0.9996546506881714
1335.7009138853723 1.0001291036605835
1335.7217473179592 0.9996917247772217
1335.7425807501686 1.000151515007019
1335.7634141820095 0.9995529651641846
1335.784247613461 0.9999524354934692
1335.8050810445427 0.9995537996292114
1335.825914475233 0.9993543028831482
1335.8467479055412 0.9994719624519348
1335.8675813354766 0.9997962713241577
1335.8884147650178 0.9999951124191284
1335.9092481941839 0.999847412109375
1335.930081622954 1.0000159740447998
1335.950915051347 1.0000402927398682
1335.9717484793423 0.9993256330490112
1335.9925819069485 0.9996845126152039
1336.0134153341744 0.9996050596237183
1336.0342487609992 0.9998317360877991
1336.0550821874415 0.999705970287323
1336.0759156134807 1.000227928161621
1336.096749039125 0.9997543096542358
1336.1175824643838 0.9998780488967896
1336.1384158892358 0.9997735619544983
1336.1592493136998 0.9998863935470581
1336.1800827377544 0.9996941089630127
1336.200916161419 1.000067114830017
1336.2217495846717 0.9995173811912537
1336.2425830075213 0.9997619986534119
1336.263416429977 1.0001245737075806
1336.284249852017 0.9989398121833801
1336.3050832736603 0.999830424785614
1336.3259166948856 0.9990759491920471
1336.3467501157013 0.9999184012413025
1336.3675835361164 0.9999076128005981
1336.388416956109 0.9994031190872192
1336.4092503756979 0.9994837045669556
1336.4300837948617 0.999690055847168
1336.450917213619 0.999894917011261
1336.471750631948 0.9991440773010254
1336.4925840498574 0.9993723034858704
1336.5134174673558 0.9997748136520386
1336.5342508844217 1.0001862049102783
1336.5550843010728 0.9992124438285828
1336.575917717288 0.999852180480957
1336.5967511330757 0.9997056722640991
1336.6175845484438 1.0001471042633057
1336.638417963371 0.9990835785865784
1336.6592513778753 1.000051736831665
1336.680084791935 0.9999726414680481
1336.7009182055688 0.9984663724899292
1336.721751618754 0.9999091625213623
1336.7425850314992 0.9992249608039856
1336.7634184438123 0.999970555305481
1336.7842518556713 0.9999834299087524
1336.805085267095 0.9997950792312622
1336.82591867806 0.9994301795959473
1336.8467520885752 0.9995977878570557
1336.8675854986484 0.9993898272514343
1336.8884189082573 0.9998752474784851
1336.90925231742 0.9997442960739136
1336.930085726114 0.9994609951972961
1336.9509191343573 1.0000264644622803
1336.9717525421272 0.999687671661377
1336.9925859494317 0.9996539950370789
1337.0134193562785 0.9996349811553955
1337.034252762645 0.9997073411941528
1337.0550861685488 0.9992558360099792
1337.0759195739674 0.999929666519165
1337.0967529789182 0.9991136789321899
1337.1175863833787 0.9995660781860352
1337.138419787356 0.9992032647132874
1337.1592531908575 0.9998827576637268
1337.1800865938603 0.9993019700050354
1337.2009199963825 0.9999523162841797
1337.2217533983999 0.999603807926178
1337.2425867999202 0.9995962381362915
1337.2634202009503 0.9986961483955383
1337.2842536014675 0.9991778135299683
1337.3050870014886 0.9999921917915344
1337.3259204009903 0.9995508790016174
1337.346753799989 0.9996477961540222
1337.3675871984622 0.9991798400878906
1337.3884205964162 0.9994997978210449
1337.4092539938579 0.9996823072433472
1337.4300873907766 0.9995781779289246
1337.450920787174 0.999785304069519
1337.4717541830166 0.9992247223854065
1337.4925875783224 0.9990614056587219
1337.513420973098 0.9996534585952759
1337.5342543673187 0.9996966123580933
1337.5550877610017 0.9997130036354065
1337.5759211541224 0.9995772838592529
1337.596754546697 0.9997071623802185
1337.617587938702 0.9996650218963623
1337.6384213301521 0.9992349743843079
1337.6592547210241 0.9994866251945496
1337.6800881113234 0.9993506073951721
1337.7009215010557 0.9994537234306335
1337.721754890196 1.000006079673767
1337.742588278761 0.999340295791626
1337.7634216667254 0.9994359016418457
1337.7842550540947 0.9993318319320679
1337.8050884408742 0.9992554783821106
1337.8259218270396 0.9994571805000305
1337.8675885975472 0.9989870190620422
1337.88842198188 0.9998020529747009
1337.9092553655787 0.9998146295547485
1337.9300887486488 0.9999663829803467
1337.9509221310946 1.000160813331604
1337.9717555128914 1.0001120567321777
1337.992588894054 0.9996554851531982
1338.0134222745578 0.9999323487281799
1338.0342556544165 0.9996857643127441
1338.0550890336058 0.9992179870605469
1338.0759224121305 0.999733030796051
1338.0967557899949 0.9996294975280762
1338.1175891671746 0.9994186162948608
1338.138422543684 0.9997514486312866
1338.1592559194983 0.9998481273651123
1338.1800892946326 0.9996958374977112
1338.2009226690616 0.9996130466461182
1338.221756042791 0.9994810819625854
1338.2425894158255 0.9990270137786865
1338.2634227881413 0.9994125962257385
1338.284256159753 0.9994847178459167
1338.3050895306376 0.9996384978294373
1338.3259229008108 0.9992192387580872
1338.3467562702483 0.9996378421783447
1338.367589638957 0.9996978044509888
1338.3884230069436 0.9997365474700928
1338.409256374186 0.9993546009063721
1338.430089740701 0.9997242093086243
1338.4509231064667 0.999938428401947
1338.4717564715022 0.9993786215782166
1338.492589835786 0.9998520016670227
1339.680090777921 0.9996148347854614
1339.7009241253238 0.9990281462669373
1339.7217574729677 0.9992401599884033
1339.7425908208331 0.9995003342628479
1339.7634241689398 0.9992331862449646
1339.7842575172663 0.999504804611206
1339.8050908658208 0.9999172687530518
1339.8259242146107 0.9995326399803162
1339.8467575636125 0.9996590614318848
1339.8675909128426 0.9997718334197998
1339.8884242622764 0.9995331168174744
1339.9092576119292 1.0000253915786743
1339.9300909617757 0.9994791746139526
1339.9509243118202 0.9993438720703125
1339.971757662067 0.9996011853218079
1339.9925910124898 0.9999911189079285
1340.0134243631026 1.0000483989715576
1340.0342577138779 0.9995571374893188
1340.0550910648294 0.9996457695960999
1340.0759244159306 1.000133752822876
1340.0967577671838 1.0004159212112427
1340.1175911185924 0.9999049305915833
1340.1384244701287 1.0004445314407349
1340.1592578218062 1.0001137256622314
1340.1800911735972 1.000255823135376
1340.2009245255144 1.0001471042633057
1340.2217578775312 0.9999306201934814
1340.2425912296499 1.0001285076141357
1340.2634245818733 1.0001208782196045
1340.2842579341745 1.0001440048217773
1340.3050912865667 0.9998335838317871
1340.3259246390228 0.9998499155044556
1340.346757991556 0.9995181560516357
1340.3675913441393 0.9996956586837769
1340.3884246967862 1.0005625486373901
1340.40925804947 0.9999326467514038
1340.4300914022042 0.999914824962616
1340.4509247549624 1.0003035068511963
1340.4717581077482 0.9995608925819397
1340.4925914605658 1.0001587867736816
1340.5134248133888 0.9996058344841003
1340.5342581662314 1.000038743019104
1340.5550915190674 1.0006495714187622
1340.5759248719116 0.9998874068260193
1340.5967582247376 1.000634789466858
1340.6175915775607 0.9997929334640503
1340.6384249303546 1.0003926753997803
1340.6592582831245 1.0001089572906494
1340.6800916358752 0.9997695684432983
1340.7009249885818 1.000315546989441
1340.7217583412587 1.0004348754882812
1340.7425916938812 1.0006307363510132
1340.7634250464548 1.000281810760498
1340.7842583989848 1.0003429651260376
1340.805091751446 1.000067949295044
1340.8259251038544 1.0002222061157227
1340.8467584561856 1.0004165172576904
1340.867591808455 1.0002902746200562
1340.8884251606387 1.0009708404541016
1340.9092585127528 0.9999987483024597
1340.9300918647727 1.000576138496399
1340.9509252167145 0.9998645186424255
1340.9717585685546 1.0004825592041016
1340.9925919202994 1.0000797510147095
1341.0134252719547 1.0003639459609985
1341.0342586234972 1.0006307363510132
1341.055091974943 1.0006929636001587
1341.0759253262693 1.0001418590545654
1341.0967586774925 1.0009580850601196
1341.117592028589 1.0004198551177979
1341.1384253795752 1.000430703163147
1341.1592587304287 1.0001600980758667
1341.1800920811565 1.000012755393982
1341.200925431765 1.0005360841751099
1341.2217587822308 1.0005310773849487
1341.242592132572 1.000046968460083
1341.2634254827656 1.0000927448272705
1341.2842588328283 0.9997550249099731
1341.3050921827376 0.9999191164970398
1341.3259255325108 0.999679446220398
1341.3467588821252 1.000124216079712
1341.3675922315986 0.9999161958694458
1341.388425580908 0.9991660118103027
1341.4092589300612 0.9996128082275391
1341.430092279066 0.9996259212493896
1341.4509256278996 0.999768853187561
1341.47175897658 0.9997941255569458
1341.4925923250848 1.0004312992095947
1341.513425673432 0.9991088509559631
1341.5342590215992 1.0002013444900513
1341.5550923696044 0.9996000528335571
1341.5759257174252 0.999967634677887
1341.59675906507 1.0000228881835938
1341.6175924125464 1.0001720190048218
1341.6384257598327 1.000242829322815
1341.6592591069473 0.9999414682388306
1341.6800924538675 1.0002551078796387
1341.7009258006117 0.9985613226890564
1341.7217591471585 0.9995714426040649
1341.742592493526 1.0002634525299072
1341.7634258396922 0.9995613098144531
1341.7842591856754 0.9998142719268799
1341.805092531454 1.0004632472991943
1341.8259258770365 1.0001418590545654
1341.8467592224313 0.9996039867401123
1341.8675925676166 1.0003026723861694
1341.8884259126107 1.0007379055023193
1341.9092592573925 1.0000762939453125
1341.93009260198 0.9999949336051941
1341.9509259463525 1.000247836112976
1341.9717592905174 1.000044345855713
1341.9925926344845 0.9998679161071777
1342.0134259782415 1.0000429153442383
1342.0342593217774 1.0005183219909668
1342.055092665101 1.000162959098816
1342.075926008221 0.9992672801017761
1342.0967593511157 0.9996913075447083
1342.1175926938035 1.0008643865585327
1342.1384260362645 1.0007171630859375
1342.1592593785163 0.9998794198036194
1342.221759403926 1.0004030466079712
1342.2425927452805 1.000320315361023
1342.26342608642 1.0001567602157593
1342.2842594273238 1.000491738319397
1342.3050927680106 1.0005550384521484
1342.3259261084595 1.0003002882003784
1342.3467594486892 1.0007450580596924
1342.3675927886788 1.000357985496521
1342.3884261284472 1.000449776649475
1342.4092594679737 1.000476360321045
1342.4300928072669 1.000138282775879
1342.450926146336 1.0004993677139282
1342.47175948516 1.0001534223556519
1342.492592823758 1.0004674196243286
1342.5134261621092 1.000756025314331
1342.5342595002323 0.9996495246887207
1342.5550928381067 1.0006637573242188
1342.5759261757514 1.0001367330551147
1342.5967595131456 1.0005055665969849
1342.6175928502985 1.000259518623352
1342.638426187219 1.0009175539016724
1342.6592595238967 1.0001955032348633
1342.6800928603202 0.9997969269752502
1342.700926196509 1.0007543563842773
1342.7217595324425 1.000206470489502
1342.7425928681296 1.0003361701965332
1342.7634262035795 1.0004124641418457
1342.7842595387715 1.0004053115844727
1342.805092873725 1.0005685091018677
1342.8259262084196 1.0006099939346313
1342.8467595428733 1.0008670091629028
1342.8675928770667 1.0002392530441284
1342.8884262110187 1.0003254413604736
1342.9092595447084 1.0004582405090332
1342.9300928781447 1.000462532043457
1342.9509262113381 0.9997422695159912
1342.971759544267 1.0007119178771973
1342.9925928769505 1.000573754310608
1343.0134262093688 1.000109076499939
1343.034259541541 1.0005791187286377
1343.0550928734463 1.0007655620574951
1343.075926205104 1.0002228021621704
1343.096759536494 1.0002561807632446
1343.1175928676241 1.0005673170089722
1343.138426198506 1.000477910041809
1343.1592595291274 1.000118374824524
1343.1800928594785 1.0000240802764893
1343.2009261895682 1.0003070831298828
1343.2217595194068 1.0000672340393066
1343.242592848973 1.000625491142273
1343.2634261782857 1.0000661611557007
1343.2842595073255 0.9998536109924316
1343.3050928361117 1.000171184539795
1343.3259261646228 1.0002437829971313
1343.3467594928793 1.0000871419906616
1343.3675928208602 1.000248670578003
1343.3884261485848 1.0005537271499634
1343.4092594760332 1.0000100135803223
1343.4300928032244 1.0002343654632568
1343.450926130138 0.9997981786727905
1343.4717594567835 1.0005625486373901
1343.4925927831705 0.9997072219848633
1343.513426109278 1.000303864479065
1343.5342594351264 1.0004626512527466
1343.5550927606948 0.9995836019515991
1343.5759260860027 1.0001229047775269
1343.5967594110296 1.0003358125686646
1343.6175927357951 1.000038981437683
1343.6384260602788 1.000452995300293
1343.6592593845 1.0002655982971191
1343.6800927084446 0.9994286894798279
1343.7009260321254 1.0004914999008179
1343.721759355517 1.0007370710372925
1343.7425926786345 0.9997991919517517
1343.7634260014877 0.999548077583313
1343.784259324056 1.0003348588943481
1343.805092646359 1.0002799034118652
1343.8259259683762 1.000648856163025
1343.8467592901272 1.0003494024276733
1343.8675926115916 0.9998340010643005
1343.888425932789 1.0002775192260742
1343.909259253699 0.9995003938674927
1343.9300925743414 0.9998746514320374
1343.9509258946955 0.9999308586120605
1343.971759214771 0.9999966025352478
1343.9925925345779 1.0000971555709839
1344.0134258541052 1.000207781791687
1344.0342591733431 1.00017511844635
1344.055092492301 1.00037682056427
1344.075925810988 0.9997237920761108
1344.0967591293845 1.0002423524856567
1344.1175924475097 1.0000972747802734
1344.1384257653435 1.0000888109207153
1344.1592590829057 1.000186562538147
1344.1800924001755 0.999759316444397
1344.2009257171724 1.0002104043960571
1344.2217590338767 1.0001473426818848
1344.242592350308 1.0001232624053955
1344.2634256664455 0.9981794357299805
1344.2842589823088 1.0001205205917358
1344.305092297878 1.0000178813934326
1344.3259256131723 0.9997159242630005
1344.3467589281722 1.0002403259277344
1344.3675922428868 1.0001755952835083
1344.3884255573253 0.999545693397522
1344.4092588714682 0.9999079704284668
1344.4300921853353 1.000113844871521
1344.4509254989055 0.9997910261154175
1344.4717588121985 1.0003231763839722
1344.4925921251947 0.9996431469917297
1344.5134254379132 0.9996394515037537
1344.5342587503342 0.9995781183242798
1344.555092062477 1.000196933746338
1344.5759253743213 1.0000513792037964
1344.5967586858867 1.0002057552337646
1344.6175919971538 1.0003143548965454
1344.638425308131 1.0000414848327637
1344.659258618829 1.0005499124526978
1344.7217585491617 1.0006906986236572
1344.742591858698 1.0001600980758667
1344.7634251679335 1.00011146068573
1344.7842584768878 1.0005260705947876
1344.8050917855403 1.000118374824524
1344.8259250939109 1.0004968643188477
1344.8467584019795 1.000792384147644
1344.8675917097655 1.000632405281067
1344.8884250172487 0.999961793422699
1344.909258324449 1.000929594039917
1344.9300916313462 1.000849723815918
1344.9509249379598 1.0006160736083984
1344.9717582442695 0.9999111294746399
1344.9925915502952 1.0000871419906616
1345.0134248560166 1.0004633665084839
1345.0342581614434 1.0007959604263306
1345.0550914665853 1.0003595352172852
1345.0759247714218 1.000809907913208
1345.0967580759732 1.0003970861434937
1345.117591380219 1.0005521774291992
1345.138424684179 1.0002416372299194
1345.1592579878327 1.0007779598236084
1345.1800912912 1.000333309173584
1345.2009245942606 1.000064492225647
1345.2217578970342 1.0003859996795654
1345.2425911995008 1.0002204179763794
1345.26342450168 1.0003631114959717
1345.284257803551 1.0001951456069946
1345.3050911051346 1.0004603862762451
1345.32592440641 1.0002412796020508
1345.346757707397 1.0001565217971802
1345.3675910080754 1.0005308389663696
1345.388424308455 1.0004856586456299
1345.4092576085447 0.9996575713157654
1345.4300909083356 1.000285267829895
1345.450924207817 1.000374674797058
1345.4717575069978 1.0000280141830444
1345.4925908058892 1.0008633136749268
1345.5134241044702 1.0004256963729858
1345.5342574027602 1.0004298686981201
1345.5550907007396 1.000328779220581
1345.575923998428 1.0005792379379272
1345.5967572958048 0.9997785687446594
1345.6175905928903 1.0002058744430542
1345.638423889664 1.0006097555160522
1345.6592571861456 1.0004112720489502
1345.680090482315 1.0000150203704834
1345.700923778192 1.000471591949463
1345.7217570737562 0.999983549118042
1345.7425903690275 1.000677227973938
1345.7634236639858 1.0001850128173828
1345.7842569586503 1.0001144409179688
1345.8050902530013 1.0003188848495483
1345.8259235470587 0.9997811913490295
1345.8467568408018 0.9999278783798218
1345.8675901342403 1.0000500679016113
1345.8884234273846 1.0003615617752075
1345.9092567202238 1.0003641843795776
1345.9300900127485 1.0004314184188843
1345.9509233049675 1.0001133680343628
1345.9717565968913 1.0003159046173096
1345.9925898884994 1.0001416206359863
1346.0134231798115 0.9998428821563721
1346.0342564708073 1.0001198053359985
1346.055089761507 0.9998312592506409
1346.0759230518897 0.9996890425682068
1346.0967563419758 0.9996758699417114
1346.117589631745 1.0001485347747803
1346.1384229212167 1.0000901222229004
1346.159256210371 1.0001579523086548
1346.1800894992273 0.9996185898780823
1346.200922787766 1.0001939535140991
1346.2217560760066 0.999727725982666
1346.2425893639288 1.0000014305114746
1346.263422651552 1.0000135898590088
1346.2842559388564 0.9999528527259827
1346.305089225852 1.0000572204589844
1346.3259225125482 1.000177025794983
1346.346755798935 1.0003961324691772
1346.3675890850018 0.9998418688774109
1346.3884223707687 0.9999309778213501
1346.4092556562155 0.9995458126068115
1346.4300889413619 0.9997243881225586
1346.4509222261875 0.9997460842132568
1346.471755510702 0.9997667074203491
1346.4925887949157 0.9999861121177673
1346.5134220788082 0.9993285536766052
1346.534255362399 1.0002119541168213
1346.555088645668 0.9997084736824036
1346.5759219286351 1.000303030014038
1346.59675521128 0.9991333484649658
1346.6175884936224 0.9997899532318115
1346.638421775642 0.9998741745948792
1346.6592550573587 0.99993497133255
1346.6800883387525 1.0000070333480835
1346.7009216198426 0.9999304413795471
1346.721754900609 0.9995831251144409
1346.742588181072 0.9996306300163269
1346.763421461211 0.9999832510948181
1346.7842547410453 0.9996744394302368
1346.8050880205553 0.999512255191803
1346.8259212997607 0.9993148446083069
1346.846754578641 0.9996808171272278
1346.8675878572162 0.9997013211250305
1346.8884211354655 0.9998001456260681
1346.9092544134096 1.0000373125076294
1346.9300876910277 0.9998950958251953
1346.9509209683397 0.9999641180038452
1346.9717542453252 0.9999849796295166
1346.9925875220042 1.0005429983139038
1347.0134207983565 1.0000109672546387
1347.0342540743918 0.9997491836547852
1347.0550873501252 0.9997668862342834
1347.0759206255407 1.000036597251892
1347.0967539006228 0.9994176030158997
1347.1175871753976 0.9996329545974731
1347.1384204498438 0.9997416138648987
1347.1592537239715 1.000425100326538
1347.2217535444613 1.000346064567566
1347.2425868173125 1.0001338720321655
1347.2634200898538 1.000750184059143
1347.2842533620756 1.0001603364944458
1347.3050866339665 1.0002797842025757
1347.3259199055376 1.0001431703567505
1347.3467531767978 1.0001270771026611
1347.367586447727 0.9774913787841797
1347.388419718345 0.9967620372772217
1347.4092529886316 0.9997636675834656
1347.430086258606 0.9989553689956665
1347.450919528249 0.9985365271568298
1347.4717527975797 0.998202919960022
1347.4925860665774 0.997407853603363
1347.513419335263 0.9975564479827881
1347.5342526036154 0.999900758266449
1347.5550858716542 0.9968113899230957
1347.5759191393597 1.0001405477523804
1347.5967524067519 0.9974985122680664
1347.6175856738096 0.999660074710846
1347.6384189405526 0.9994775652885437
1347.6592522069616 0.9997450709342957
1347.6800854730557 0.9986572861671448
1347.7009187388142 0.9985780119895935
1347.7217520042577 0.997789204120636
1347.7425852693655 0.9856393337249756
1347.7634185341572 0.9965373873710632
1347.7842517986128 0.9980713725090027
1347.8050850627517 0.9952621459960938
1347.825918326554 0.998964786529541
1347.8467515900393 0.9994837641716003
1347.867584853187 0.9990860819816589
1347.8884181160172 0.9987982511520386
1347.9092513785095 0.9985694885253906
1347.9300846406832 0.9982340931892395
1347.950917902519 0.9990838170051575
1347.9717511640358 0.9979845881462097
1347.9925844252134 0.9989250898361206
1348.0134176860715 0.9918016195297241
1348.0342509465904 0.9887738227844238
1348.0550842067892 0.987856388092041
1348.0759174666475 0.9937453866004944
1348.096750726175 0.9926522970199585
1348.117583985382 0.9987017512321472
1348.1384172442577 0.9987590312957764
1348.1592505027918 0.9973005652427673
1348.180083761004 0.9979631900787354
1348.2009170188742 0.9973803162574768
1348.221750276422 0.994420051574707
1348.2425835336269 0.9965500235557556
1348.2634167905087 0.9956963658332825
1348.284250047047 0.9756914377212524
1348.3050833032514 0.9726375937461853
1348.3259165591319 0.9973936080932617
1348.346749814678 0.9967565536499023
1348.3675830698794 0.9969985485076904
1348.3884163247458 0.9979819655418396
1348.4092495792866 0.9987340569496155
1348.4300828334915 0.9972705245018005
1348.4509160873504 0.9710750579833984
1348.4717493408828 0.9790457487106323
1348.4925825940684 0.9969378113746643
1348.5134158469268 0.9980193972587585
1348.5342490994374 0.9898091554641724
1348.5550823516205 0.9948092699050903
1348.575915603455 0.9979077577590942
1348.596748854951 0.995383620262146
1348.617582106118 0.9977942109107971
1348.6384153569459 0.9964220523834229
1348.6592486074237 0.9908857941627502
1348.6800818575714 0.9877186417579651
1348.7009151073685 0.9852628707885742
1348.7217483568347 0.9937571883201599
1348.7425816059495 0.995785117149353
1348.7634148547327 0.9819762110710144
1348.784248103164 0.9485753178596497
1348.8050813512625 0.9872152805328369
1348.8259145990082 0.993894100189209
1348.8467478464206 0.994748592376709
1348.8675810934792 0.9965583086013794
1348.8884143402038 0.9877726435661316
1348.9092475865737 0.9946768879890442
1348.9300808326084 0.9979520440101624
1348.950914078288 0.9976903200149536
1348.9717473236312 0.9965311288833618
1348.9925805686185 0.9913595914840698
1349.013413813269 0.9963077306747437
1349.0342470575622 0.9950692057609558
1349.0550803015176 0.996411144733429
1349.0759135451149 0.991361677646637
1349.0967467883738 0.9966578483581543
1349.1175800312735 0.9972963929176331
1349.1384132738337 0.9977484345436096
1349.1592465160336 0.976711630821228
1349.1800797578933 0.9329566955566406
1349.200912999392 0.9939476847648621
1349.221746240549 0.9979324340820312
1349.2425794813444 0.993053674697876
1349.2634127217968 0.9506554007530212
1349.2842459618869 0.9561363458633423
1349.3050792016327 0.9949142932891846
1349.3259124410147 1.000136375427246
1349.3467456800522 1.0000258684158325
1349.3675789187243 0.9996205568313599
1349.3884121570513 0.9996843338012695
1349.4092453950118 0.9996513724327087
1349.4300786326253 0.9997143745422363
1349.4509118698716 0.9999424815177917
1349.4717451067704 0.999379575252533
1349.4925783433002 0.9990619421005249
1349.513411579481 0.9999161958694458
1349.5342448152924 0.9996505975723267
1349.5550780507535 0.9996824264526367
1349.5759112858436 0.9998953342437744
1349.5967445205824 1.0000486373901367
1349.617577754949 0.999731183052063
1349.638410988963 0.999869704246521
1349.6592442226035 0.9996845126152039
1349.721743921359 0.9998470544815063
1349.7425771535395 1.0008553266525269
1349.7634103853634 0.9996528029441833
1349.7842436168103 1.0001293420791626
1349.8050768478988 1.0004717111587524
1349.8259100786088 0.99982750415802
1349.8467433089595 1.000288486480713
1349.8675765389298 0.9998894333839417
1349.8884097685393 1.0001916885375977
1349.909242997767 1.000126838684082
1349.9300762266328 0.9998838305473328
1349.950909455115 0.9999116659164429
1349.971742683233 1.000044584274292
1349.9925759109667 1.0001300573349
1350.013409138335 1.0007381439208984
1350.0342423653167 0.999920129776001
1350.0550755919314 0.9996219277381897
1350.075908818158 1.0004018545150757
1350.096742044016 1.0001932382583618
1350.1175752694942 0.9999421238899231
1350.1384084945819 0.9998262524604797
1350.159241719288 1.000342607498169
1350.180074943622 1.0003225803375244
1350.2009081675626 1.0004323720932007
1350.2217413911292 0.9995746612548828
1350.2425746143006 0.9996125102043152
1350.2634078370959 1.0001206398010254
1350.2842410595047 0.9997320771217346
1350.3050742815153 0.9997437000274658
1350.3259075031467 0.9998335242271423
1350.3467407243786 0.9998880624771118
1350.3675739452292 1.000601887702942
1350.3884071656778 1.000363826751709
1350.4092403857433 1.00010347366333
1350.4300736054047 0.999949038028717
1350.450906824681 0.9999579191207886
1350.4717400435509 0.9997668862342834
1350.4925732620334 1.000285267829895
1350.5134064801073 1.000192403793335
1350.5342396977915 1.0000838041305542
1350.5550729150646 0.9999392628669739
1350.5759061319457 0.9993417859077454
1350.5967393484134 1.000026822090149
1350.6175725644866 1.0001221895217896
1350.6384057801438 1.000178575515747
1350.659238995404 0.9996296167373657
1350.6800722102457 0.9999361038208008
1350.7009054246878 1.0002683401107788
1350.7217386387088 0.9996370673179626
1350.7425718523273 1.0000009536743164
1350.763405065522 0.9997444748878479
1350.7842382783112 0.9999495148658752
1350.8050714906842 0.9997434020042419
1350.8259047026286 0.9998306632041931
1350.8467379141534 0.999896764755249
1350.8675711252672 0.9996488094329834
1350.8884043359483 0.9996694922447205
1350.909237546215 0.9996065497398376
1350.930070756046 0.9994598031044006
1350.9509039654595 0.9996500611305237
1350.9717371744437 0.9992858171463013
1350.9925703829872 0.9989244341850281
1351.013403591108 0.9994354844093323
1351.0342367987846 0.9989073276519775
1351.0550700060353 0.9994941353797913
1351.0759032128376 0.999445378780365
1351.0967364192106 0.9993836879730225
1351.1175696251319 0.9990069270133972
1351.1384028306197 0.9988974332809448
1351.159236035652 0.9993770122528076
1351.1800692402467 0.9994164109230042
1351.200902444382 0.9994959831237793
1351.221735648076 0.999967098236084
1351.242568851306 0.9992514848709106
1351.2634020540904 0.9996065497398376
1351.2842352564066 0.9999623894691467
1351.3050684582727 0.9993614554405212
1351.3259016596664 0.9994346499443054
1351.3467348606055 0.9992226362228394
1351.3675680610672 0.9998900294303894
1351.3884012610695 0.9987436532974243
1351.4092344605997 0.9996656775474548
1351.4300676596645 0.9993201494216919
1351.45090085826 0.9995327591896057
1351.4717340563486 0.9991828799247742
1351.4925672539653 0.9992585182189941
1351.5134004510867 0.9998539090156555
1351.5342336477306 0.9990628957748413
1351.5550668438739 0.9996098875999451
1351.575900039534 0.9994739890098572
1351.5967332346877 0.9996362328529358
1351.617566429352 0.9998658299446106
1351.6383996235043 0.9998454451560974
1351.6592328171612 0.99946129322052
1351.6800660102992 0.999299943447113
1351.7008992029357 0.9997796416282654
1351.721732395047 0.9997922778129578
1351.7425655866502 0.9994572401046753
1351.7633987777217 0.999294102191925
1351.7842319682775 0.999354898929596
1351.8050651582948 0.9995952248573303
1351.82589834779 0.9994668364524841
1351.8467315367388 0.9996113181114197
1351.8675647251578 0.9999445080757141
1351.8883979130333 0.999851644039154
1351.9092311003515 1.000201940536499
1351.9300642871278 0.9997645616531372
1351.9508974733387 0.9994268417358398
1351.9717306590003 0.9995302557945251
1351.9925638440882 0.9999394416809082
1352.0133970286179 0.9992092251777649
1352.0342302125655 1.000127911567688
1352.0550633959463 0.999870240688324
1352.0758965787359 0.9993481040000916
1352.09672976095 0.9999208450317383
1352.1175629425636 0.9998019933700562
1352.1383961235924 0.9996572136878967
1352.1592293040112 0.9996483325958252
1352.221728841642 1.0000900030136108
1352.2425620196138 0.9998506903648376
1352.2633951969713 0.9999671578407288
1352.2842283736898 0.9999109506607056
1352.3050615497832 1.0003373622894287
1352.325894725237 1.0005680322647095
1352.3467279000363 1.0002422332763672
1352.3675610741955 1.0007598400115967
1352.3883942476891 1.0000977516174316
1352.4092274205325 1.0000910758972168
1352.4300605927 1.0000560283660889
1352.4508937642067 0.9997059106826782
1352.4717269350274 1.0001699924468994
1352.4925601051766 0.9994259476661682
1352.5133932746294 0.9998348951339722
1352.534226443401 1.0
1352.5550596114663 0.999679446220398
1352.5758927788406 1.0001299381256104
1352.596725945499 0.999993622303009
1352.6175591114572 0.9989741444587708
1352.6383922766913 1.00016188621521
1352.6592254412164 1.0001459121704102
1352.6800586050192 0.9998425245285034
1352.7008917680864 1.0004202127456665
1352.7217249304342 0.9994447231292725
1352.74255809204 0.999961793422699
1352.7633912529216 0.9997988939285278
1352.784224413057 1.0001739263534546
1352.805057572464 1.0004125833511353
1352.8258907311222 0.9996501207351685
1352.8467238890516 1.0000991821289062
1352.8675570462324 1.00043523311615
1352.8883902026853 0.9999014139175415
1352.9092233583924 0.9998798370361328
1352.9300565133763 0.9995899200439453
1352.9508896676307 0.999950110912323
1352.97172282115 0.9996137022972107
1352.9925559739602 0.9999194741249084
1353.0133891260475 0.9998892545700073
1353.03422227744 1.0003808736801147
1353.055055428127 1.000182032585144
1353.0758885781383 0.9998445510864258
1353.0967217274665 1.0001078844070435
1353.117554876144 0.9997151494026184
1353.1383880241658 1.000178575515747
1353.1592211715672 1.0004258155822754