1354.1380404442825 0.9993600845336914
1354.1588738545245 0.9994850754737854
1354.179707265082 0.9993452429771423
1354.2005406759204 0.9995617866516113
1354.2213740870338 0.9996505975723267
1354.2422074984179 0.9995823502540588
1354.263040910037 0.9994853734970093
1354.283874321897 0.9994412064552307
1354.304707733963 0.9994743466377258
1354.3255411462412 0.9996750950813293
1354.3463745586973 0.9995411038398743
1354.3672079713383 0.9994860887527466
1354.3880413841305 0.9995315670967102
1354.4088747970804 0.9994403719902039
1354.429708210156 0.9994869232177734
1354.4505416233644 0.9996274709701538
1354.4713750366736 0.9996396899223328
1354.4922084500818 0.9993069767951965
1354.5130418635877 0.9993239641189575
1354.5338752771604 0.9996519088745117
1354.5547086908082 0.9995015859603882
1354.5755421045017 0.999733567237854
1354.5963755182497 0.999645471572876
1354.617208932023 0.9995434284210205
1354.6380423458318 0.9997063875198364
1354.658875759647 0.9994540810585022
1354.679709173479 0.9995047450065613
1354.7005425872997 0.9995753169059753
1354.72137600111 0.9994364380836487
1354.7422094149124 0.9997108578681946
1354.7630428286786 0.9995805025100708
1354.783876242421 0.9997639060020447
1354.804709656122 0.9999227523803711
1354.825543069765 0.9995754361152649
1354.846376483352 0.9995306134223938
1354.8672098968873 0.9999388456344604
1354.8880433103438 0.9995594024658203
1354.9088767237351 0.9996435642242432
1354.9297101370355 0.9997560977935791
1354.950543550259 0.9995957016944885
1354.9713769633793 0.9998257160186768
1354.9922103764115 1.0000255107879639
1355.01304378933 0.9999025464057922
1355.0338772021498 0.999514102935791
1355.0547106148456 0.9996657967567444
1355.0755440274327 0.9997075796127319
1355.0963774398863 0.9997019171714783
1355.1172108522119 0.9996836185455322
1355.138044264415 0.999789297580719
1355.1588776764713 0.9996487498283386
1355.1797110883972 1.0000720024108887
1355.2005445001678 0.9998500347137451
1355.2213779117997 0.9997677803039551
1355.242211323269 0.999771237373352
1355.263044734592 0.9996973872184753
1355.2838781457453 0.9998644590377808
1355.3047115567458 0.9997932314872742
1355.3255449675696 0.9997432827949524
1355.3463783782336 0.9999750852584839
1355.3672117887147 0.9998539686203003
1355.38804519903 0.999809980392456
1355.4088786091563 0.9996077418327332
1355.4297120191013 0.9997177720069885
1355.4505454288715 0.9999131560325623
1355.4713788384547 1.0000324249267578
1355.4922122478379 1.0001760721206665
1355.513045657029 0.9999569058418274
1355.533879066035 0.9999097585678101
1355.5547124748343 0.9998050928115845
1355.5755458834437 0.9998698234558105
1355.5963792918417 1.0001177787780762
1355.617212700046 0.999868631362915
1355.638046108034 1.0002108812332153
1355.6588795158234 0.9999665021896362
1355.6797129233933 1.000125527381897
1355.7005463307607 1.000001072883606
1355.7213797379045 0.9998365044593811
1355.742213144842 0.9999410510063171
1355.763046551552 0.9999953508377075
1355.7838799580427 1.0001965761184692
1355.8047133643224 0.9999485015869141
1355.825546770369 1.0002187490463257
1355.8463801762018 0.9999460577964783
1355.867213581808 1.0000382661819458
1355.8880469871774 0.9997693300247192
1355.9088803923175 0.999923825263977
1355.9297137972374 1.0001168251037598
1355.950547201915 0.9999319314956665
1355.9713806063698 0.999982476234436
1355.9922140105798 0.9997654557228088
1356.0130474145644 1.0000330209732056
1356.0338808183014 0.9999050498008728
1356.0547142218102 1.0000190734863281
1356.0755476250697 1.0000032186508179
1356.0963810280982 0.9999339580535889
1356.1172144308748 0.9997842907905579
1356.1380478334186 1.0000730752944946
1356.1588812357081 0.9998309016227722
1356.1797146377623 0.9996190667152405
1356.2005480395603 0.9995410442352295
1356.2213814411214 0.9995459318161011
1356.242214842424 1.0002455711364746
1356.2630482434774 1.0002989768981934
1356.2838816442904 1.0001260042190552
1356.3047150448529 0.9999858140945435
1356.325548445153 0.9992172718048096
1356.3463818452 1.0000412464141846
1356.3672152450035 1.000109076499939
1356.3880486445426 0.9997770190238953
1356.408882043836 1.0001944303512573
1356.4297154428637 0.9999738931655884
1356.450548841644 1.0002270936965942
1356.4713822401563 1.0002179145812988
1356.4922156384202 1.000052571296692
1356.5130490364152 1.0001691579818726
1356.5338824341598 1.0002202987670898
1356.5547158316342 1.000146746635437
1356.5755492288565 1.0001636743545532
1356.5963826258073 1.0000801086425781
1356.6172160225053 0.9999347925186157
1356.6588828151002 1.0002384185791016
1356.6797162109963 1.0001581907272339
1356.7005496066367 1.0000804662704468
1356.721383002002 1.000252366065979
1356.7422163971103 1.0000473260879517
1356.7630497919417 0.9999640583992004
1356.7838831865156 1.0002318620681763
1356.8047165808114 1.0002559423446655
1356.8255499748384 1.0001932382583618
1356.846383368607 1.0001351833343506
1356.8672167621048 1.0000120401382446
1356.888050155323 1.0000627040863037
1356.9088835482705 1.0002013444900513
1356.9297169409567 0.999884307384491
1356.9505503333612 1.0001417398452759
1356.9713837255038 1.0000258684158325
1356.9922171173637 1.0001434087753296
1357.0130505089605 1.0000096559524536
1357.0338839002738 1.0000003576278687
1357.0547172913232 1.0001966953277588
1357.075550682088 1.000240445137024
1357.0963840725883 1.0003098249435425
1357.1172174628032 1.0000592470169067
1357.138050852753 1.000012755393982
1357.1588842424162 0.9999693632125854
1357.1797176318132 1.0001484155654907
1357.2005510209233 1.0000402927398682
1357.2213844097664 1.0001978874206543
1357.242217798322 0.9999812841415405
1357.2630511866096 0.9999373555183411
1357.283884574609 0.9997893571853638
1357.3047179623397 0.999808669090271
1357.325551349781 1.0002657175064087
1357.3463847369537 1.0001085996627808
1357.3672181238364 1.0001226663589478
1357.388051510449 1.0002357959747314
1357.4088848967713 1.000285267829895
1357.4297182828232 1.0000171661376953
1357.4505516685838 0.9999169111251831
1357.4713850540631 0.9999369978904724
1357.492218439271 1.0001652240753174
1357.5130518241972 1.0002342462539673
1357.5338852088307 0.9999951124191284
1357.554718593192 0.9994614124298096
1357.5755519772608 0.9998652338981628
1357.5963853610563 1.0000048875808716
1357.6172187445582 1.0001311302185059
1357.6380521277868 1.000237226486206
1357.6588855107213 1.0001263618469238
1357.6797188933815 0.9999433159828186
1357.7005522757472 0.9997896552085876
1357.7213856578285 1.000137448310852
1357.7422190396346 0.9999080300331116
1357.7630524211556 1.0000849962234497
1357.783885802381 0.9998995065689087
1357.804719183321 0.9999173283576965
1357.8255525639845 0.9999197125434875
1357.846385944352 1.0001821517944336
1357.867219324443 1.000007152557373
1357.8880527042372 1.000069499015808
1357.9088860837546 1.0000569820404053
1357.9297194629848 1.0002808570861816
1357.9505528419177 0.9999818205833435
1357.9713862205726 1.0000026226043701
1357.9922195989298 0.9999445080757141
1358.0130529769988 0.9991655349731445
1358.0338863547897 0.9999623894691467
1358.054719732282 1.000017523765564
1358.0755531094956 1.000238060951233
1358.09638648641 1.000112533569336
1358.1172198630454 1.0000113248825073
1358.1380532393814 0.9997981786727905
1358.158886615438 0.9998593926429749
1358.1797199911944 0.9998927712440491
1358.2005533666709 1.0000113248825073
1358.2213867418473 1.0001050233840942
1358.2422201167435 1.000251054763794
1358.2630534913387 0.9997740983963013
1358.2838868656531 1.0003149509429932
1358.304720239667 1.0000431537628174
1358.3255536133993 1.0000628232955933
1358.3463869867967 1.0002074241638184
1358.367220359897 0.9999582171440125
1358.388053732745 0.9999036192893982
1358.408887105311 1.0001250505447388
1358.4297204775746 1.0000441074371338
1358.4505538495562 1.0001424551010132
1358.471387221235 1.000084400177002
1358.4922205926316 0.9999749064445496
1358.513053963725 1.000255823135376
1358.5338873345358 1.0000698566436768
1358.5547207050429 1.0000180006027222
1358.5755540752668 0.9998992681503296
1358.5963874451872 1.0002845525741577
1358.6172208148241 1.0001882314682007
1358.6380541841568 1.0002354383468628
1358.6588875532054 0.9999988675117493
1358.67972092195 1.0001187324523926
1358.7005542904103 1.0000793933868408
1358.7213876585656 1.0000072717666626
1358.7422210264367 0.999937891960144
1358.7630543940024 1.0000476837158203
1358.7838877612833 0.999367356300354
1358.804721128259 0.9993689060211182
1358.8255544949495 0.9995610117912292
1358.846387861334 1.0003573894500732
1358.8672212274328 1.0000513792037964
1358.8880545932261 1.0000232458114624
1358.9088879587332 1.0000691413879395
1358.929721323934 1.0000839233398438
1358.9505546888486 0.9999688863754272
1358.9713880534568 0.999927282333374
1358.9922214177782 1.0000067949295044
1359.0130547817926 0.9999387860298157
1359.0338881455202 1.0001555681228638
1359.0547215089407 1.000275731086731
1359.0755548720738 0.9998464584350586
1359.0963882348995 0.9999702572822571
1359.117221597438 1.0002052783966064
1359.1588883216104 1.0000947713851929
1359.179721683245 1.0002483129501343
1359.2005550445913 1.0000739097595215
1359.221388405629 1.0000979900360107
1359.2422217663786 1.000012755393982
1359.2630551268194 1.00001859664917
1359.2838884869714 1.000020980834961
1359.3047218468141 1.0000287294387817
1359.325555206368 0.9999642968177795
1359.3463885656226 1.0003924369812012
1359.3672219245677 1.0001344680786133
1359.3880552832236 1.0004452466964722
1359.4088886415695 1.000197410583496
1359.4297219996254 1.000292420387268
1359.4505553573715 0.9999533891677856
1359.4713887148173 1.0005451440811157
1359.4922220719732 1.000212550163269
1359.5130554288285 1.0001907348632812
1359.5338887853727 1.0002015829086304
1359.554722141627 1.0000154972076416
1359.5755554975697 1.0002985000610352
1359.5963888532215 1.0002150535583496
1359.6172222085625 0.9999299645423889
1359.638055563612 1.0000710487365723
1359.6588889183497 1.0002572536468506
1359.679722272796 1.0000859498977661
1359.7005556269307 1.0003445148468018
1359.721388980773 1.00010085105896
1359.7422223343037 0.9997656941413879
1359.7630556875422 1.0003165006637573
1359.783889040468 1.0000754594802856
1359.8047223931014 0.999862790107727
1359.825555745422 1.000257134437561
1359.8463890974504 1.0002261400222778
1359.8672224491652 0.9999895095825195
1359.888055800587 1.0001896619796753
1359.9088891516958 1.0000299215316772
1359.9297225025111 1.000047206878662
1359.9505558530127 1.0001996755599976
1359.9713892032207 1.0002548694610596
1359.992222553115 1.0001015663146973
1360.0130559027152 1.0003533363342285
1360.033889252001 1.0001877546310425
1360.0547226009928 0.9999554753303528
1360.07555594967 1.0001627206802368
1360.0963892980526 1.0001356601715088
1360.1172226461204 1.0000098943710327
1360.1380559938937 0.9999073147773743
1360.1588893413616 1.0000224113464355
1360.1797226885144 0.9999161958694458
1360.2005560353616 1.0001583099365234
1360.2213893819135 1.0002405643463135
1360.2422227281497 1.0002593994140625
1360.2630560740902 1.0001529455184937
1360.2838894197243 0.9997203350067139
1360.304722765043 1.0002009868621826
1360.3255561100648 0.9998448491096497
1360.3463894547704 0.9998685717582703
1360.3672227991792 0.9997287392616272
1360.3880561432716 0.9999136328697205
1360.4088894870667 1.000191330909729
1360.4297228305454 1.0000063180923462
1360.4505561737262 0.999943733215332
1360.4713895165899 1.000152826309204
1360.4922228591558 0.9997879266738892
1360.5130562014044 0.9997249841690063
1360.5338895433551 1.0001192092895508
1360.5547228849875 1.0003033876419067
1360.5755562263216 1.0000300407409668
1360.596389567338 1.0000807046890259
1360.6172229080555 0.9999564290046692
1360.6380562484544 1.0001931190490723
1360.6588895885543 0.9999534487724304
1360.6797229283354 1.000195860862732
1360.700556267817 1.0002021789550781
1360.72138960698 1.0001804828643799
1360.742222945843 1.0001055002212524
1360.7630562843863 1.0003761053085327
1360.7838896226299 1.0001569986343384
1360.8047229605534 1.0000163316726685
1360.825556298177 0.9998672604560852
1360.84638963548 1.0000585317611694
1360.8672229724823 1.0000804662704468
1360.8880563091645 1.0000247955322266
1360.9088896455455 0.9997965693473816
1360.9297229816154 1.0000953674316406
1360.9505563173643 1.0000911951065063
1360.9713896528117 1.0000704526901245
1360.9922229879376 1.0000817775726318
1361.0130563227617 0.9998288750648499
1361.0338896572641 1.0000040531158447
1361.0547229914644 1.0002501010894775
1361.0755563253422 0.9999740719795227
1361.0963896589178 0.9999250173568726
1361.1172229921708 0.9999514818191528
1361.1380563251207 0.9997982382774353
1361.1588896577475 0.9940614104270935
1361.1797229900717 0.999653160572052
1361.200556322072 1.0000836849212646
1361.2213896537692 1.0002384185791016
1361.2422229851425 1.0001070499420166
1361.2630563162118 1.0001071691513062
1361.2838896469668 0.9998143911361694
1361.304722977398 1.0000895261764526
1361.3255563075243 0.9998465180397034
1361.3463896373262 1.0000211000442505
1361.367222966813 0.9999029636383057
1361.3880562959948 1.0001343488693237
1361.408889624861 0.9997612237930298
1361.4297229534066 0.999665379524231
1361.4505562816457 0.9998927712440491
1361.4713896095552 0.9997544288635254
1361.4922229371582 0.9997437000274658
1361.5130562644356 0.9997426271438599
1361.5338895914058 1.0001004934310913
1361.55472291805 0.9996768236160278
1361.5755562443867 0.9995684623718262
1361.5963895703967 0.9998025298118591
1361.6172228960993 0.999529242515564
1361.6588895465418 0.9999678134918213
1361.6797228712912 0.9999544024467468
1361.7005561957124 1.0002018213272095
1361.7213895198252 0.9998922348022461
1361.7422228436096 0.9999383687973022
1361.763056167075 0.9997409582138062
1361.7838894902316 1.0002740621566772
1361.8047228130688 1.0001317262649536
1361.8255561355763 1.0001797676086426
1361.8463894577744 1.0000734329223633
1361.8672227796424 1.0000555515289307
1361.8880561012004 1.0002487897872925
1361.908889422428 1.0001906156539917
1361.929722743345 1.000081181526184
1361.950556063931 1.0001024007797241
1361.971389384206 1.0000438690185547
1361.9922227041495 1.000084638595581
1362.0130560237817 1.000192642211914
1362.0338893430921 1.0000988245010376
1362.0547226620704 1.0000100135803223
1362.0755559807264 1.0000287294387817
1362.09638929907 0.9997965693473816
1362.1172226170909 1.000231385231018
1362.1380559347783 1.0000040531158447
1362.158889252153 1.0000722408294678
1362.1797225691937 0.9996933937072754
1362.2005558859207 1.0000734329223633
1362.221389202314 1.0002800226211548
1362.2422225183927 1.0001232624053955
1362.2630558341368 0.9999651908874512
1362.2838891495664 0.9998840689659119
1362.3047224646605 1.000289797782898
1362.3255557794396 1.0001672506332397
1362.3463890938829 0.9998574256896973
1362.3672224080108 1.0000133514404297
1362.3880557218117 0.9998243451118469
1362.4088890352768 0.9999917149543762
1362.429722348425 1.0001775026321411
1362.4505556612362 1.0001671314239502
1362.47138897373 1.0000420808792114
1362.4922222858866 1.0000284910202026
1362.5130555977253 1.0003331899642944
1362.5338889092257 1.0001537799835205
1362.5547222204077 1.0002049207687378
1362.575555531251 1.0001749992370605
1362.5963888417753 1.0000325441360474
1362.6172221519703 0.9999260902404785
1362.6380554618258 1.0002009868621826
1362.6588887713613 1.0001291036605835
1362.6797220805565 0.9997747540473938
1362.7005553894314 1.0000317096710205
1362.7213886979655 0.9999536871910095
1362.7422220061783 0.9998821020126343
1362.7630553140496 1.0002455711364746
1362.7838886215995 1.000173568725586
1362.8047219288069 1.0003156661987305
1362.8255552356918 0.9999346733093262
1362.8463885422343 1.0001661777496338
1362.8672218484537 0.9999740719795227
1362.8880551543295 0.9998315572738647
1362.9088884598818 0.9988359808921814
1362.9297217650999 1.000072956085205
1362.9505550699737 0.9998704791069031
1362.9713883745226 0.9998481869697571
1362.9922216787265 0.9999309778213501
1363.013054982605 0.9996587038040161
1363.0338882861377 0.9999921321868896
1363.054721589344 1.0000473260879517
1363.075554892204 1.0000590085983276
1363.0963881947368 0.9999426007270813
1363.1172214969226 1.0003008842468262
1363.1380547987808 0.9998243451118469
1363.158888100301 0.9999150633811951
1363.1797214014728 0.9999487996101379
1363.2005547023161 0.9999970197677612
1363.2213880028098 1.0001118183135986
1363.2422213029745 0.9998460412025452
1363.263054602789 0.9998709559440613
1363.2838879022731 0.9999497532844543
1363.304721201407 0.9999778270721436
1363.3255545002096 0.9997578859329224
1363.3463877986603 1.000158429145813
1363.3672210967795 0.9998191595077515
1363.3880543945565 1.0001754760742188
1363.4088876919807 1.0000399351119995
1363.4297209890615 0.9999390244483948
1363.450554285809 0.999863862991333
1363.4713875822124 1.000109314918518
1363.4922208782612 0.9999286532402039
1363.5130541739752 0.9997673034667969
1363.5338874693339 1.000078558921814
1363.554720764357 0.9998471736907959
1363.5755540590237 0.9999578595161438
1363.596387353354 1.0000404119491577
1363.617220647337 0.999823272228241
1363.638053940963 0.9996107816696167
1363.6588872342502 0.9961920380592346
1363.6797205271794 0.9998133778572083
1363.700553819769 0.9998648762702942
1363.7213871119998 0.9998437166213989
1363.7422204038905 0.9998366832733154
1363.763053695421 0.9996023774147034
1363.78388698661 0.9998453259468079
1363.804720277438 0.999552845954895
1363.8255535679239 0.9997299909591675
1363.8463868580575 0.9999713897705078
1363.867220147828 0.9999862313270569
1363.888053437255 0.999685525894165
1363.908886726318 0.999413788318634
1363.929720015037 0.9995543360710144
1363.9505533033903 0.9997166395187378
1363.9713865913984 0.9995599389076233
1363.99221987904 0.9994811415672302
1364.0130531663353 1.000060796737671
1364.033886453273 0.9998727440834045
1364.054719739843 0.9997294545173645
1364.0755530260549 0.999727189540863
1364.0963863119175 0.9996907711029053
1364.1172195974207 0.9999839663505554
1364.158886167336 0.9998961687088013
1364.1797194517471 0.9999226927757263
1364.2005527358065 1.000152826309204
1364.221386019503 0.9997702240943909
1364.2422193028265 1.0001307725906372
1364.2630525857962 0.9998078942298889
1364.2838858683913 1.0000308752059937
1364.304719150622 0.9998519420623779
1364.3255524324961 1.0002121925354004
1364.3463857140048 1.0003379583358765
1364.367218995136 1.0000152587890625
1364.3880522759096 1.000005841255188
1364.408885556305 1.0000176429748535
1364.4297188363414 1.000044822692871
1364.4505521159979 1.0001164674758911
1364.4713853952944 0.9999836087226868
1364.4922186742197 0.9998734593391418
1364.5130519527631 0.9998413920402527
1364.5338852309442 1.0000364780426025
1364.5547185087419 0.9999638199806213
1364.575551786176 1.0002864599227905
1364.596385063225 1.000078558921814
1364.6172183399087 0.9998160600662231
1364.6380516162162 1.0001617670059204
1364.6588848921372 0.9998375773429871
1364.6797181676902 0.9998377561569214
1364.7005514428547 0.999966025352478
1364.72138471765 1.0001838207244873
1364.7422179920552 1.000167727470398
1364.7630512660896 0.9999325275421143
1364.7838845397323 1.0002498626708984
1364.8047178130028 1.0001100301742554
1364.8255510858796 1.000100016593933
1364.8463843583827 1.000221610069275
1364.8672176305006 1.000433325767517
1364.8880509022226 1.0000858306884766
1364.9088841735681 0.9999412894248962
1364.929717444516 1.0000407695770264
1364.9505507150864 0.9999091029167175
1364.9713839852568 0.9999732971191406
1364.9922172550466 1.0002440214157104
1365.0130505244354 1.000198483467102
1365.033883793442 1.0001293420791626
1365.0547170620557 1.000137209892273
1365.0755503302657 1.0002691745758057
1365.0963835980906 1.000046968460083
1365.1172168655105 1.0003472566604614
1365.138050132543 1.0000005960464478
1365.1588833991782 1.0001763105392456
1365.1797166654044 1.000090479850769
1365.2005499312413 1.000007152557373
1365.2213831966674 0.9999833106994629
1365.2422164617021 1.0002776384353638
1365.2630497263242 1.0001877546310425
1365.283882990553 1.000059723854065
1365.3047162543667 1.0002357959747314
1365.3255495177848 0.9998295307159424
1365.3463827807966 0.9999405741691589
1365.3672160433903 1.0000803470611572
1365.3880493055854 0.999868631362915
1365.4088825673603 1.000114917755127
1365.4297158287345 1.0001200437545776
1365.4505490896868 0.9999969005584717
1365.4713823502357 0.9999646544456482
1365.4922156103707 0.9999943375587463
1365.5130488700806 0.9999271035194397
1365.5338821293838 0.9999241232872009
1365.5547153882596 1.0001722574234009
1365.5755486467267 1.0002514123916626
1365.5963819047645 0.9998140931129456
1365.6172151623912 0.9998651146888733
1365.638048419586 1.0000839233398438
1365.6588816763676 1.00003981590271
1365.6797149327253 1.0001845359802246
1365.7005481886474 0.9999846816062927
1365.7213814441534 0.9998608231544495
1365.7422146992217 0.9999953508377075
1365.7630479538711 0.9998728036880493
1365.7838812080806 1.000030517578125
1365.8047144618695 0.999725341796875
1365.8255477152259 0.9998437762260437
1365.8463809681393 0.99974125623703
1365.867214220628 0.9999142289161682
1365.888047472672 0.9998244047164917
1365.9088807242888 1.0000510215759277
1365.9297139754583 1.0001804828643799
1365.9505472261992 1.0000594854354858
1365.9713804765004 0.9997590780258179
1365.9922137263507 0.9996033310890198
1366.0130469757692 1.0000364780426025
1366.0338802247347 0.999940812587738
1366.0547134732667 0.9975624680519104
1366.075546721344 0.9983723759651184
1366.0963799689855 0.9999141097068787
1366.1172132161703 0.9999198317527771
1366.1380464629176 1.000045657157898
1366.1588797092168 0.9994382262229919
1366.1797129550566 1.0001214742660522
1366.200546200457 0.9995586276054382
1366.2213794453967 0.9995299577713013
1366.2422126898948 0.9993618130683899
1366.2630459339414 0.9995260238647461
1366.2838791775257 0.9994123578071594
1366.304712420667 0.9995914101600647
1366.3255456633453 0.9998303651809692
1366.3463789055797 0.9993729591369629
1366.3672121473508 0.9995150566101074
1366.3880453886775 0.9995267391204834
1366.4088786295401 0.999779462814331
1366.429711869959 0.999882698059082
1366.4505451099242 0.9997701644897461
1366.4713783494253 0.9994824528694153
1366.4922115884835 0.9998329877853394
1366.513044827079 0.9997471570968628
1366.5338780652328 0.999755322933197
1366.5547113029347 0.9997385740280151
1366.5755445401771 0.9995333552360535
1366.5963777769803 0.9995585680007935
1366.617211013326 0.9996806383132935
1366.6588774847005 1.0001338720321655
1366.6797107197133 1.0000486373901367
1366.7005439542959 1.000273585319519
1366.7213771884312 0.9999786019325256
1366.7422104221416 0.9999232292175293
1366.76304365541 0.9999597668647766
1366.7838768882605 1.000034213066101
1366.8047101206757 0.9999812245368958
1366.8255433526806 1.0001680850982666
1366.8463765842694 1.000144124031067
1366.8672098154366 1.0002691745758057
1366.8880430462073 1.0001146793365479
1366.908876276567 0.9999889731407166
1366.9297095065428 1.0001349449157715
1366.95054273612 1.0002919435501099
1366.971375965326 1.000230073928833
1366.9922091941582 1.00002920627594
1367.0130424226152 1.0000282526016235
1367.0338756507242 1.0000536441802979
1367.0547088784758 1.0000404119491577
1367.075542105899 1.000062346458435
1367.0963753329945 1.0002734661102295
1367.1172085597625 1.0001780986785889
1367.1380417862354 1.0000079870224
1368.638034292061 0.9996557235717773
1368.6588675303624 0.9996291399002075
1368.6797007687708 0.99956214427948
1368.7005340072958 0.9995033144950867
1368.7213672459172 0.9997251033782959
1368.742200484615 0.9994544386863708
1368.7630337233988 0.9997548460960388
1368.7838669622392 0.9995785355567932
1368.8047002011465 0.9995275139808655
1368.8255334401017 0.9996374249458313
1368.8463666790856 0.9991348385810852
1368.8671999181088 0.999274492263794
1368.8880331571431 0.999614953994751
1368.9088663962004 0.9996020197868347
1368.9296996352614 0.999620258808136
1368.9505328743091 0.9993788599967957
1368.971366113355 0.9995784163475037
1368.9921993523724 0.9995670318603516
1369.0130325913724 0.9996763467788696
1369.0338658303394 0.9994664192199707
1369.0546990692553 0.9997736811637878
1369.0755323081337 0.9994555115699768
1369.0963655469477 0.9997094869613647
1369.1171987857115 0.9995893836021423
1369.1380320244082 1.000030279159546
1369.1588652630219 0.9996684789657593
1369.179698501567 0.9998226165771484
1369.2005317400171 0.9996554851531982
1369.2213649783878 0.9996572136878967
1369.2421982166622 0.9997230768203735
1369.2630314548267 0.999711275100708
1369.2838646928947 0.9999149441719055
1369.3046979308522 0.9998862743377686
1369.3255311686837 0.999838650226593
1369.3463644064054 0.9998247027397156
1369.3671976439923 0.9998509287834167
1369.3880308814598 1.0000436305999756
1369.408864118794 0.9995736479759216
1369.429697355981 0.9996783137321472
1369.450530593036 0.9998135566711426
1369.4713638299359 0.9997963309288025
1369.492197066696 0.9997568726539612
1369.5130303032936 0.9997010231018066
1369.5338635397447 0.9998394846916199
1369.5546967760358 1.0000163316726685
1369.5755300121536 0.9998792409896851
1369.596363248115 0.9998241662979126
1369.6171964838964 0.9996402263641357
1369.638029719515 0.999933123588562
1369.658862954958 0.9998357892036438
1369.6796961902123 0.9998751282691956
1369.7005294252947 0.9998853206634521
1369.721362660193 1.0000481605529785
1369.7421958948944 1.0000061988830566
1369.763029129416 1.0000529289245605
1369.7838623637358 0.9998421669006348
1369.804695597871 1.0001521110534668
1369.8255288318092 0.9998540878295898
1369.8463620655384 0.9999958276748657
1369.8671952990758 1.0000368356704712
1369.8880285323996 1.0001801252365112
1369.908861765528 1.0000418424606323
1369.929694998448 1.0001070499420166
1369.9505282311486 0.9995996356010437
1369.971361463647 0.9998384714126587
1369.992194695922 0.9999265074729919
1370.013027927991 1.000025749206543
1370.0338611598431 1.0000033378601074
1370.054694391466 1.000083088874817
1370.0755276228776 0.9997028112411499
1370.0963608540674 1.0000956058502197
1370.1171940850224 0.9999129176139832
1370.138027315762 0.9998723268508911
1370.158860546264 1.0000128746032715
1370.1796937765475 0.9997348189353943
1370.2005270066009 0.9999058246612549
1370.2213602364122 0.9998714327812195
1370.2421934660006 1.0000180006027222
1370.2630266953452 1.0001083612442017
1370.2838599244635 0.9998669624328613
1370.304693153345 0.9999104738235474
1370.325526381978 0.9999931454658508
1370.346359610382 0.9999866485595703
1370.367192838545 0.999953031539917
1370.3880260664564 0.9998241066932678
1370.408859294135 0.9998394846916199
1370.4296925215594 0.9998388886451721
1370.4505257487485 0.9999608397483826
1370.4713589756918 0.9999589323997498
1370.4921922023775 1.0001859664916992
1370.5130254288254 0.9999725818634033
1370.533858655024 0.9999122619628906
1370.5546918809623 0.999838650226593
1370.5755251066598 0.9998858571052551
1370.5963583320952 0.9996635913848877
1370.617191557288 0.9999454021453857
1370.6380247822265 0.9998359680175781
1370.6588580069008 0.9992332458496094
1370.6796912313296 0.9995232820510864
1370.7005244555023 0.9994300603866577
1370.721357679408 0.999843955039978
1370.7421909030659 0.9997859001159668
1370.7630241264553 0.9998152852058411
1370.7838573495956 0.9999646544456482
1370.8046905724655 0.9998736381530762
1370.825523795085 0.9997974634170532
1370.846357017443 0.9999885559082031
1370.867190239529 1.0000029802322388
1370.8880234613625 0.9999262690544128
1370.9088566829323 0.9997566342353821
1370.929689904228 0.9997149705886841
1370.9505231252697 0.9996107816696167
1370.9713563460355 0.9999158382415771
1370.992189566546 0.9997005462646484
1371.0130227867899 0.9996562004089355
1371.0338560067567 0.9999706149101257
1371.054689226466 0.9996702671051025
1371.0755224459072 0.9997578859329224
1371.0963556650702 1.000038504600525
1371.1588553209613 0.999902069568634
1371.1796885390545 1.0000680685043335
1371.2005217568665 0.9999222159385681
1371.221354974417 1.0002933740615845
1371.2421881916955 1.0002808570861816
1371.2630214086912 1.0003780126571655
1371.283854625424 1.0000596046447754
1371.3046878418838 1.000367283821106
1371.3255210580594 1.0001397132873535
1371.346354273971 1.0002599954605103
1371.3671874895977 1.0002999305725098
1371.3880207049594 0.9997892379760742
1371.4088539200459 1.0000361204147339
1371.4296871348463 1.0001295804977417
1371.4505203493807 1.0001109838485718
1371.471353563638 1.0003886222839355
1371.4921867776088 1.0000473260879517
1371.5130199913121 1.0001170635223389
1371.5338532047278 1.000168800354004
1371.5546864178752 1.0003892183303833
1371.5755196307446 1.0003372430801392
1371.596352843325 0.9999901056289673
1371.6171860556362 1.0004099607467651
1371.6380192676681 1.0003193616867065
1371.6588524794108 1.0003002882003784
1371.679685690883 1.000151515007019
1371.700518902065 1.0000154972076416
1371.721352112976 1.0002940893173218
1371.7421853235967 1.0001556873321533
1371.7630185339456 1.0001802444458008
1371.7838517440134 1.0001063346862793
1371.8046849537996 1.000140905380249
1371.825518163293 1.000101089477539
1371.8463513725142 1.0002269744873047
1371.867184581443 1.0000097751617432
1371.888017790099 1.0002907514572144
1371.9088509984713 1.0001693964004517
1371.9296842065507 1.0004229545593262
1371.950517414356 0.9999854564666748
1371.9713506218777 1.0000536441802979
1371.9921838291052 1.0002682209014893
1372.0130170360583 1.0001728534698486
1372.0338502427162 1.0002225637435913
1372.0546834490997 1.0002455711364746
1372.0755166551978 1.0000015497207642
1372.0963498610006 0.99995356798172
1372.1171830665278 1.000234842300415
1372.1380162717692 1.000092625617981
1372.1588494767143 1.0001437664031982
1372.1796826813836 1.0002191066741943
1372.2005158857562 1.0000998973846436
1372.221349089852 1.0001018047332764
1372.242182293661 0.9999260902404785
1372.2630154971725 1.0001190900802612
1372.2838487004071 1.0003668069839478
1372.3046819033323 1.000267744064331
1372.3255151059623 1.0002113580703735
1372.3463483083335 1.000085473060608
1372.3671815104167 1.0002861022949219
1372.3880147122013 1.0001760721206665
1372.4088479137079 1.0000237226486206
1372.4296811149152 0.9997737407684326
1372.450514315844 1.0001477003097534
1372.4713475164835 1.0002862215042114
1372.4921807168241 0.9997386932373047
1372.5130139168848 0.9997527003288269
1372.5338471166565 1.0001254081726074
1372.5546803161278 0.9998898506164551
1372.5755135153192 0.9998311400413513
1372.5963467142108 0.9999719262123108
1372.617179912822 1.000126600265503
1372.6380131111428 1.0003902912139893
1372.6588463091625 0.9998197555541992
1372.679679506902 1.0003242492675781
1372.70051270435 0.9998522400856018
1372.721345901497 0.9999829530715942
1372.7421790983626 0.9999386072158813
1372.763012294937 1.000169277191162
1372.7838454912094 0.9996871948242188
1372.8046786872003 0.999855101108551
1372.825511882889 1.0001254081726074
1372.846345078296 0.9999861717224121
1372.8671782734102 0.9999827146530151
1372.8880114682224 0.9999854564666748
1372.908844662752 0.99964839220047
1372.9296778569887 1.0000908374786377
1372.9505110509226 1.0001041889190674
1372.9713442445736 1.0000499486923218
1372.9921774379316 0.9997190237045288
1373.013010630986 1.0000829696655273
1373.033843823757 1.0001487731933594
1373.054677016234 0.9999908208847046
1373.0755102084079 0.9998121857643127
1373.0963434002979 0.9998325705528259
1373.1171765918837 1.0000717639923096
1373.138009783185 1.000119686126709
1373.1588429741923 0.9998562932014465
1373.179676164895 0.9988844990730286
1373.2005093553134 0.9996430277824402
1373.2213425454368 0.9997156262397766
1373.2421757352554 1.0002191066741943
1373.2630089247891 0.9995776414871216
1373.2838421140275 0.9997207522392273
1373.3046753029607 0.9999352097511292
1373.3255084916086 0.9998893737792969
1373.3463416799611 1.0000077486038208
1373.3671748680074 0.9997841715812683
1373.3880080557683 0.9998262524604797
1373.408841243233 1.0001635551452637
1373.429674430392 0.9998567700386047
1373.4505076172645 0.9999828338623047
1373.4713408038406 0.9997139573097229
1373.4921739901104 1.0002062320709229
1373.5130071760934 1.0000585317611694
1373.5338403617698 1.0002812147140503
1373.5546735471594 0.9997692108154297
1373.5755067322516 0.9998235106468201
1373.596339917037 0.9997344017028809
1373.6588394696294 1.0000114440917969
1373.679672653235 1.0003299713134766
1373.7005058365428 1.0001599788665771
1373.7213390195427 0.9999572038650513
1373.7421722022546 1.0003466606140137
1373.763005384668 1.0002676248550415
1373.7838385667737 1.0002678632736206
1373.8046717485906 1.0003074407577515
1373.8255049300994 1.000080943107605
1373.846338111319 1.0004398822784424
1373.86717129224 1.0002257823944092
1373.8880044728521 1.0002946853637695
1373.9088376531752 1.0001623630523682
1373.929670833199 1.000282645225525
1373.9505040129136 1.000101923942566
1373.971337192339 0.999580979347229
1373.9921703714642 1.000012755393982
1374.0130035502802 1.0004394054412842
1374.0338367288064 1.0002171993255615
1374.0546699070326 1.0001097917556763
1374.0755030849487 1.0003061294555664
1374.0963362625746 1.000095009803772
1374.1171694399 0.999944269657135
1374.138002616915 1.0001215934753418
1374.1588357936394 1.000154733657837
1374.1796689700632 1.000195026397705
1374.2005021461762 1.000389814376831
1374.2213353219984 1.0002433061599731
1374.242168497519 0.9999866485595703
1374.2630016727287 0.9998406171798706
1374.2838348476469 1.0000969171524048
1374.3046680222637 1.0001437664031982
1374.325501196569 1.0001899003982544
1374.346334370582 1.0002774000167847
1374.3671675442838 1.0000587701797485
1374.3880007176933 1.0001283884048462
1374.408833890801 1.0002297163009644
1374.4296670636056 1.000378131866455
1374.4505002360986 1.0002036094665527
1374.4713334082985 1.0001320838928223
1374.492166580196 1.0000340938568115
1374.5129997517806 1.0001040697097778
1374.5338329230726 1.00038480758667
1374.5546660940608 1.0000739097595215
1374.5754992647364 1.00016450881958
1374.5963324351185 1.0003693103790283
1374.617165605197 1.0003293752670288
1374.637998774962 1.000231146812439
1374.6588319444331 1.0001288652420044
1374.6796651135903 1.0
1374.700498282454 1.0000492334365845
1374.721331451013 0.999900758266449
1374.7421646192677 1.0001333951950073
1374.762997787208 0.999900758266449
1374.7838309548538 1.0000542402267456
1374.804664122185 1.000101089477539
1374.825497289221 1.0001472234725952
1374.846330455952 0.9997965693473816
1374.8671636223683 1.000054955482483
1374.8879967884886 0.9997719526290894
1374.908829954304 0.99981290102005
1374.9296631198035 1.0000479221343994
1374.9504962850076 0.9998540282249451
1374.9713294499054 0.9995308518409729
1374.9921626144874 1.0000712871551514
1375.0129957787735 0.99977046251297
1375.033828942753 1.0001407861709595
1375.054662106416 0.9999158978462219
1375.0754952697826 1.0000332593917847
1375.096328432842 0.9997223019599915
1375.117161595585 0.9998974800109863
1375.1379947580303 1.000001311302185
1375.158827920169 1.0000736713409424
1375.17966108199 1.000125527381897
1375.2004942435135 1.0000191926956177
1375.2213274047292 1.000219464302063
1375.2421605656273 0.9997803568840027
1375.2629937262273 0.9999257326126099
1375.2838268865191 0.9999788999557495
1375.3046600464913 0.9998900294303894
1375.3254932061652 0.9997166395187378
1375.3463263655312 0.9997411966323853
1375.367159524579 1.0000296831130981
1375.3879926833276 0.9997354745864868
1375.4088258417667 0.9997510313987732
1375.429658999887 0.9998608231544495
1375.4504921577077 0.9997203350067139
1375.4713253152186 0.9999585747718811
1375.4921584724098 0.9998321533203125
1375.5129916293008 0.9998077750205994
1375.533824785882 0.9999092817306519
1375.554657942143 0.9999163150787354
1375.5754910981032 0.9997650980949402
1375.596324253753 1.0000412464141846
1375.6171574090818 0.9999922513961792
1375.6379905641095 1.0000948905944824
1375.6588237188262 0.9998973608016968
1375.6796568732211 1.0000141859054565
1375.7004900273153 0.9998900294303894
1375.7213231810967 0.999821662902832
1375.7421563345572 0.9999251365661621
1375.762989487715 0.9999676942825317
1375.7838226405609 0.9998213052749634
1375.804655793084 0.9998759031295776
1375.8254889453046 0.9999660849571228
1375.8463220972124 0.9997386336326599
1375.8671552487974 0.9991176724433899
1375.8879884000785 1.000122308731079
1375.908821551047 1.000065803527832
1375.9296547016913 0.999837338924408
1375.9504878520322 0.9999263882637024
1375.9713210020589 1.000082015991211
1375.9921541517613 0.9997681975364685
1376.0129873011597 0.9999789595603943
1376.033820450243 0.9998050332069397
1376.0546535990018 0.9999054074287415
1376.0754867474554 0.9999057054519653
1376.096319895594 0.9997372031211853
1376.158819338106 1.0001552104949951
1376.1796524849815 1.0002011060714722
1376.2004856315311 1.0002970695495605
1376.2213187777738 1.000339388847351
1376.2421519237 1.0002325773239136
1376.262985069299 1.0003305673599243
1376.2838182145913 1.0005356073379517
1376.3046513595657 1.0001418590545654
1376.325484504213 1.0001527070999146
1376.3463176485523 1.0002143383026123
1376.3671507925735 1.0001639127731323
1376.3879839362662 1.0001747608184814
1376.4088170796508 1.0002986192703247
1376.4296502227162 0.9999971985816956
1376.4504833654532 1.0000780820846558
1376.4713165078804 1.0000865459442139
1376.4921496499887 1.000116229057312
1376.512982791767 1.000135898590088
1376.5338159332355 1.0001391172409058
1376.5546490743834 0.999947726726532
1376.5754822152012 1.0001310110092163
1376.5963153557086 1.0001461505889893
1376.6171484958943 1.0002156496047974
1376.6379816357494 1.0000783205032349
1376.658814775293 1.000086784362793
1376.6796479145148 1.0000662803649902
1376.7004810534045 1.0000971555709839
1376.721314191982 1.0000935792922974
1376.742147330237 1.000118374824524
1376.7629804681692 1.000237226486206
1376.7838136057685 0.9998419284820557
1376.8046467430547 1.000556468963623
1376.825479880017 1.0003087520599365
1376.8463130166451 1.0001459121704102
1376.8671461529595 1.0000847578048706
1376.8879792889495 1.0001929998397827
1376.9088124246048 1.0002611875534058
1376.9296455599447 0.9999087452888489
1376.9504786949599 0.9997079372406006
1376.971311829639 0.9999274611473083
1376.9921449640024 0.9998323321342468
1377.0129780980396 1.0001194477081299
1377.0338112317404 0.9998881220817566
1377.0546443651242 0.9991098046302795
1377.075477498181 0.999982476234436
1377.096310630911 1.0001566410064697
1377.1171437633025 0.9998807311058044
1377.1379768953761 1.0000171661376953
1377.1588100271215 1.0002391338348389
1377.1796431585283 0.9997673034667969
1377.2004762896156 0.9991486072540283
1377.2213094203744 0.9999319314956665
1377.2421425507928 1.000036597251892
1377.2629756808917 0.9998166561126709
1377.2838088106598 1.0001558065414429
1377.3046419400875 0.9999145269393921
1377.3254750691942 0.9997692704200745
1377.3463081979696 0.9997837543487549
1377.367141326403 0.9998470544815063
1377.387974454515 0.9996974468231201
1377.408807582294 1.000056266784668
1377.4296407097304 0.9998127222061157
1377.4504738368437 0.999999463558197
1377.4713069636234 1.0001111030578613
1377.4921400900691 0.999983549118042
1377.5129732161706 0.999729335308075
1377.5338063419479 0.9998282194137573
1377.5546394673895 0.9997724890708923
1377.5754725924962 1.0000455379486084
1377.5963057172569 1.0000061988830566
1377.6171388416915 0.9999921321868896
1377.6379719657793 0.9999552369117737
1377.6588050895402 0.9998056292533875
1377.6796382129642 0.9997888207435608
1377.7004713360495 1.0002788305282593
1377.7213044587875 1.0001360177993774
1377.7421375811962 0.9999348521232605
1377.762970703266 1.0000369548797607
1377.7838038249863 0.9998900890350342
1377.8046369463768 0.9998745322227478
1377.825470067427 0.9999686479568481
1377.8463031881265 0.9998876452445984
1377.8671363084943 1.0000107288360596
1377.8879694285208 0.9996954202651978
1377.908802548205 0.9987109899520874
1377.9296356675368 0.9998886585235596
1377.950468786535 0.9996929168701172
1377.9713019051803 0.9998846054077148
1377.9921350234913 0.9996926784515381
1378.0129681414578 0.9998906254768372
1378.0338012590796 0.9970676898956299
1378.0546343763456 1.0000555515289307
1378.0754674932757 0.9998732209205627
1378.0963006098593 0.9995645880699158
1378.117133726096 0.9996650218963623
1378.1379668419754 1.0000858306884766
1378.158799957517 0.999651312828064
1378.1796330727095 0.9998639822006226
1378.2004661875433 0.9997681379318237
1378.2212993020376 0.9997740387916565
1378.2421324161817 0.9999057054519653
1378.2629655299652 0.9996088147163391
1378.283798643407 0.9999541640281677
1378.3046317564979 0.9999898076057434
1378.325464869226 1.0000227689743042
1378.3462979816113 1.0002009868621826
1378.3671310936431 1.0000507831573486
1378.387964205321 1.0001100301742554
1378.4087973166338 0.9996421337127686
1378.429630427602 1.000227451324463
1378.4504635382143 0.9990816116333008
1378.4712966484599 0.9990522265434265
1378.4921297583587 0.9999341368675232
1378.5129628678994 1.0004801750183105
1378.5337959770823 1.0000814199447632
1378.5546290858958 0.9998090267181396
1378.5754621943602 0.9987747073173523
1378.5962953024641 0.9960408806800842
1378.6587946245984 1.000063180923462
1378.6796277312449 1.0001808404922485
1378.7004608375378 1.000298023223877
1378.7212939434664 1.0003660917282104
1378.74212704902 1.000218152999878
1378.7629601542183 1.000035047531128
1378.7837932590498 1.0001220703125
1378.8046263635144 1.000141978263855
1378.8254594676011 1.0002492666244507
1378.846292571329 1.000091314315796
1378.867125674688 1.0003037452697754
1378.8879587776664 1.0000967979431152
1378.9087918802843 1.0002373456954956
1378.9296249825302 1.0002816915512085
1378.9504580844043 1.0002707242965698
1378.9712911858946 1.0000014305114746
1378.9921242870212 1.0000200271606445
1379.0129573877725 1.000123143196106
1379.0337904881387 1.000167965888977
1379.054623588138 0.9999920725822449
1379.0754566877602 1.0003033876419067
1379.096289787004 1.000197410583496
1379.117122885859 1.0002095699310303
1379.137955984344 1.0003520250320435
1379.1587890824483 1.0001555681228638
1379.1796221801608 1.0004836320877075
1379.2004552775009 1.0002155303955078
1379.2212883744576 1.0003347396850586
1379.2421214710196 1.0001496076583862
1379.2629545672062 0.9999105930328369
1379.283787663007 1.0001323223114014
1379.30462075841 1.0001457929611206
1379.3254538534352 1.0001364946365356
1379.346286948071 1.0001078844070435
1379.367120042317 0.9993907809257507
1379.3879531361688 0.9998818635940552
1379.408786229637 1.0002772808074951
1379.4296193227067 1.000103235244751
1379.4504524153817 1.0000483989715576
1379.4712855076516 1.0004222393035889
1379.4921185995356 1.000427007675171
1379.5129516910222 1.0000346899032593
1379.5337847821006 1.000146746635437
1379.5546178727893 1.0003271102905273
1379.575450963078 1.0000040531158447
1379.5962840529646 1.0000548362731934
1379.6171171424392 1.00015127658844
1379.6379502315197 0.9999351501464844
1379.6587833201952 1.0000293254852295
1379.6796164084649 0.9995246529579163
1379.700449496317 0.999772846698761
1379.7212825837717 0.9998924136161804
1379.7421156708158 0.9997539520263672
1379.7629487574402 1.0001040697097778
1379.7837818436624 1.0000213384628296
1379.8046149294717 0.9999444484710693
1379.8254480148564 1.0002397298812866
1379.846281099836 0.9999229311943054
1379.8671141843988 1.000080943107605
1379.8879472685442 1.0001167058944702
1379.90878035226 1.0000964403152466
1379.9296134355664 0.999830424785614
1379.9504465184505 1.0000571012496948
1379.971279600902 0.9998827576637268
1379.9921126829395 1.000182032585144
1380.012945764552 0.9997910857200623
1380.0337788457375 0.9999700784683228
1380.0546119264857 1.0003278255462646
1380.0754450068148 0.9997965693473816
1380.0962780867135 0.9995486736297607
1380.1171111661708 0.9998853206634521
1380.1379442452053 1.0000838041305542
1380.1587773238057 1.0000851154327393
1380.1796104019709 1.0001397132873535
1380.2004434796897 0.9994847178459167
1380.2212765569807 0.9998917579650879
1380.2421096338328 0.9998743534088135
1380.2629427102445 0.9998297095298767
1380.2837757862048 0.9991750717163086
1380.304608861733 0.9998099207878113
1380.3254419368172 1.0003201961517334
1380.3462750114466 0.9996151328086853
1380.3671080856395 0.9998712539672852
1380.3879411593862 0.9999549388885498
1380.4087742326844 0.9997887015342712
1380.4296073055232 0.9999338388442993
1380.450440377922 0.9997286200523376
1380.4712734498694 1.000236988067627
1380.492106521365 0.9997875094413757
1380.5129395923973 0.9998890161514282
1380.5337726629864 1.0000509023666382
1380.55460573312 0.9996640682220459
1380.5754388027892 0.9998559355735779
1380.596271872012 0.9999567866325378
1380.6171049407783 1.0001784563064575
1380.6379380090775 0.9999085068702698
1380.6587710769297 0.9999843835830688
1380.679604144324 1.000219702720642
1380.7004372112601 1.000067949295044
1380.7212702777385 1.0002907514572144
1380.7421033437486 1.0002052783966064
1380.7629364093107 1.000064730644226
1380.7837694744153 1.0000866651535034
1380.8046025390527 1.0001637935638428
1380.8254356032435 1.0000364780426025
1380.846268666978 0.9999827146530151
1380.8671017302477 0.9998301863670349
1380.8879347930738 0.9999801516532898
1380.9087678554474 1.0001416206359863
1380.9296009173695 1.0001708269119263
1380.9504339788427 1.0000113248825073
1380.9712670398587 1.0001157522201538
1380.99210010044 1.000008463859558
1381.0129331605788 1.0000914335250854
1381.0337662202687 1.000260353088379
1381.054599279532 0.9998568892478943
1381.0754323383635 0.9993091225624084
1381.0962653967665 0.9989417791366577
1381.1587645694399 1.0000617504119873
1381.1795976261772 1.0004761219024658
1381.200430682502 1.0003546476364136
1381.221263738442 1.0001420974731445
1381.2420967939934 1.0002977848052979
1381.2629298491552 1.000484585762024
1381.2837629039545 1.0002292394638062
1381.304595958392 1.0005440711975098
1381.325429012476 1.0002169609069824
1381.346262066208 1.000619649887085
1381.3670951196184 1.0004693269729614
1381.3879281727097 0.9999740719795227
1381.408761225484 1.0001745223999023
1381.4295942779752 1.000261664390564
1381.4504273301873 1.0000413656234741
1381.4712603821354 1.000268816947937
1381.492093433835 1.0003248453140259