1381.724746561543 1.0019780397415161
1381.7455800766318 1.001714825630188
1381.7664135917628 1.001733660697937
1381.7872471068742 1.0017410516738892
1381.8080806219182 1.0020194053649902
1381.828914136812 1.002045750617981
1381.849747651472 1.0020309686660767
1381.870581165839 1.0019304752349854
1381.8914146798231 1.0017956495285034
1381.9122481933414 1.0018213987350464
1381.9330817063092 1.0020254850387573
1381.9539152186296 1.0017716884613037
1381.9747487302357 1.00168776512146
1381.9955822410273 1.0014101266860962
1382.0164157509068 1.001424789428711
1382.0372492598044 1.0017926692962646
1382.0580827676217 1.001539707183838
1382.0789162742708 1.0013985633850098
1382.0997497796552 1.0017213821411133
1382.1205832837109 1.0014362335205078
1382.1414167863438 1.0015199184417725
1382.1622502874757 1.001556396484375
1382.1830837870177 1.0010730028152466
1382.2039172849168 1.0012933015823364
1382.2247507810916 1.002018928527832
1382.245584275476 1.00106680393219
1382.2664177679958 1.001624345779419
1382.2872512586125 1.0014859437942505
1382.3080847472615 1.0015393495559692
1382.3289182338913 1.0014746189117432
1382.349751718446 1.001280426979065
1382.370585200903 1.0011337995529175
1382.3914186812144 1.0010395050048828
1382.4122521593467 0.9989778995513916
1382.4330856352599 1.0016199350357056
1382.4539191089489 1.0011787414550781
1382.4747525803812 1.0013161897659302
1382.4955860495397 1.001535177230835
1382.5164195163989 1.001622200012207
1382.6622537198225 0.7550103664398193
1382.6830871682262 0.5256334543228149
1382.7039206143415 0.37539324164390564
1382.7247540581786 0.3253769278526306
1382.7455874997502 0.7059992551803589
1382.76642093906 0.8337609767913818
1382.7872543761443 0.8674811720848083
1382.8080878110088 0.8125196695327759
1382.828921243671 0.9274327754974365
1382.8497546741396 0.9491837620735168
1382.870588102453 0.9131277799606323
1382.8914215286215 0.805047333240509
1382.9122549526548 0.8589908480644226
1382.9330883745943 0.9111326336860657
1382.9539217944503 0.9209527373313904
1382.9747552122449 0.9230418801307678
1382.9955886279988 0.910700261592865
1383.0164220417244 0.7422475218772888
1383.0372554534636 0.6576579809188843
1383.0580888632273 0.8692540526390076
1383.0789222710284 0.9311581254005432
1383.0997556769084 0.9370147585868835
1383.1205890808785 0.9345834255218506
1383.141422482961 0.9409440755844116
1383.1622558831764 0.9103553295135498
1383.183089281537 0.939875602722168
1383.203922678083 0.9595386385917664
1383.2247560728251 0.8729813098907471
1383.2455894657846 0.8795763254165649
1383.2664228569708 0.9669175744056702
1383.2872562464245 0.9553950428962708
1383.3080896341548 0.94521564245224
1383.328923020182 0.9411333203315735
1383.3497564045138 0.9161849021911621
1383.3705897871898 0.9345491528511047
1383.3914231682184 0.9634743928909302
1383.4122565476075 0.9511117339134216
1383.433089925395 0.9434143304824829
1383.4539233015885 0.9341968894004822
1383.4747566762048 0.9594542980194092
1383.4955900492612 0.9166502952575684
1383.5164234207637 0.9356458187103271
1383.5372567907489 0.958014726638794
1383.558090159222 0.9477434754371643
1383.5789235261993 0.9074069261550903
1383.5997568916855 0.9461055994033813
1383.6205902557158 0.9656662344932556
1383.703923697453 1.0003658533096313
1383.7247570543661 1.000016450881958
1383.7455904098958 1.0003411769866943
1383.7664237640556 1.000699520111084
1383.7872571168475 1.0006638765335083
1383.8080904683043 1.000859022140503
1383.8289238184282 1.0004525184631348
1383.8497571672306 1.0010510683059692
1383.8705905147128 1.0007929801940918
1383.8914238609063 1.0008338689804077
1383.9122572058127 1.0009431838989258
1383.9330905494423 1.0006868839263916
1383.9539238917953 1.0007236003875732
1383.974757232903 1.0004665851593018
1383.9955905727643 1.0006920099258423
1384.0164239113903 1.000718593597412
1384.03725724878 1.0007731914520264
1384.0580905849636 1.000652551651001
1384.0789239199391 1.0002249479293823
1384.0997572537171 1.0004647970199585
1384.1205905862953 1.0002480745315552
1384.1414239177032 1.000508189201355
1384.162257247939 1.0007952451705933
1384.1830905770112 1.0002987384796143
1384.2039239049275 1.000286340713501
1384.2247572316867 1.000640630722046
1384.2455905573165 1.0003262758255005
1384.2664238818138 1.0006189346313477
1384.3289238485795 1.0002394914627075
1384.349757168623 1.0005097389221191
1384.3705904875708 1.0008008480072021
1384.3914238054294 1.000822901725769
1384.4122571221956 1.000902533531189
1384.4330904378965 1.0007359981536865
1384.4539237525275 1.000885248184204
1384.4747570660857 1.0009039640426636
1384.4955903785967 1.0005755424499512
1384.5164236900566 1.001389741897583
1384.5372570004718 1.001034140586853
1384.5580903098473 1.0009477138519287
1384.5789236181797 1.0008018016815186
1384.5997569254937 1.0007834434509277
1384.6205902317854 1.0008920431137085
1384.6414235370598 1.0009485483169556
1384.6622568413222 1.0007686614990234
1384.6830901445678 1.0009828805923462
1384.703923446822 1.00071120262146
1384.7247567480797 1.000787615776062
1384.7455900483446 1.000841736793518
1384.7664233476135 1.0010327100753784
1384.7872566459093 1.0007359981536865
1384.8080899432277 1.0008518695831299
1384.8289232395728 1.0008502006530762
1384.8497565349394 1.0006359815597534
1384.8705898293513 1.0009710788726807
1384.8914231228032 1.000932216644287
1384.9122564152995 1.001213550567627
1384.9330897068337 1.0009551048278809
1384.9539229974303 1.0008901357650757
1384.9747562870832 1.0008972883224487
1384.9955895757964 1.0007247924804688
1385.0164228635738 1.000489592552185
1385.0372561504091 1.0007753372192383
1385.058089436326 1.0009303092956543
1385.0789227213181 1.001366376876831
1385.0997560053895 1.0010743141174316
1385.120589288533 1.0011699199676514
1385.1414225707726 1.0011539459228516
1385.1622558521017 1.0011579990386963
1385.1830891325233 1.0006487369537354
1385.203922412041 1.000950813293457
1385.224755690648 1.0008748769760132
1385.2455889683674 1.0009863376617432
1385.2664222451926 1.0010986328125
1385.2872555211268 1.0010440349578857
1385.3080887961723 1.0007768869400024
1385.3289220703234 1.000980019569397
1385.3497553436016 1.0014727115631104
1385.370588616001 1.000999093055725
1385.3914218875236 1.0010950565338135
1385.412255158163 1.0008279085159302
1385.4330884279411 1.00128972530365
1385.4539216968515 1.001500129699707
1385.4747549648969 1.0012731552124023
1385.4955882320787 1.000836730003357
1385.5164214983909 1.0010994672775269
1385.5372547638556 1.0012195110321045
1385.5580880284651 1.0010875463485718
1385.5789212922223 1.001050353050232
1385.5997545551193 1.0012129545211792
1385.6205878171788 1.0010221004486084
1385.641421078393 1.0009472370147705
1385.6622543387648 1.0011875629425049
1385.683087598286 1.001310110092163
1385.7039208569786 1.0010393857955933
1385.7247541148356 1.001173973083496
1385.7455873718586 1.0012367963790894
1385.7664206280504 1.0012413263320923
1385.7872538834026 1.000942349433899
1385.8080871379377 1.0010236501693726
1385.8289203916474 1.001253366470337
1385.8497536445348 1.0011814832687378
1385.8705868966006 0.9737321138381958
1385.9539198966854 1.0008668899536133
1385.9747531446662 1.0010082721710205
1385.995586391848 1.0004509687423706
1386.0164196382227 1.0010112524032593
1386.0372528837922 1.0004725456237793
1386.0580861285573 1.0008493661880493
1386.0789193725113 1.0005192756652832
1386.0997526156748 1.0006523132324219
1386.1205858580402 1.0005828142166138
1386.1414190996086 1.0003418922424316
1386.1622523403826 1.000662922859192
1386.1830855803532 1.000558853149414
1386.2039188195429 1.0008848905563354
1386.2247520579422 1.0007387399673462
1386.2455852955536 1.0010303258895874
1386.2664185323786 1.000658631324768
1386.2872517684082 1.0007740259170532
1386.3080850036645 1.0006552934646606
1386.328918238139 1.000710129737854
1386.3497514718333 1.0003674030303955
1386.370584704739 1.0005735158920288
1386.3914179368778 1.0006107091903687
1386.4122511682403 1.0007963180541992
1386.433084398829 1.0005098581314087
1386.4539176286444 1.0006177425384521
1386.4747508576886 1.0004220008850098
1386.495584085953 1.0004401206970215
1386.5164173134588 1.0008463859558105
1386.5372505401974 1.0005265474319458
1386.5580837661603 1.0006320476531982
1386.5789169913694 1.0004087686538696
1386.5997502158152 1.0006861686706543
1386.6205834394991 1.0005425214767456
1386.6414166624231 1.0005719661712646
1386.662249884588 1.0003799200057983
1386.683083105985 1.0007041692733765
1386.7039163266354 1.0005245208740234
1386.7247495465313 1.0007728338241577
1386.7455827656731 1.0005770921707153
1386.766415984062 1.0008593797683716
1386.7872492016902 1.000597357749939
1386.8080824185777 1.0003162622451782
1386.8289156347166 1.0005754232406616
1386.8497488501075 1.0009453296661377
1386.8705820647522 1.0005102157592773
1386.8914152786415 1.0002461671829224
1386.9122484917966 1.0005234479904175
1386.933081704422 1.0006524324417114
1386.9539149162836 1.0004819631576538
1386.9747481272161 1.0003496408462524
1386.9955813373986 1.000760555267334
1387.0164145468525 1.0005048513412476
1387.0372477555695 1.0004491806030273
1387.0580809635503 1.0003721714019775
1387.078914170786 1.0004663467407227
1387.0997473772975 1.0006812810897827
1387.1205805830766 1.000587821006775
1387.1414137881231 1.000440001487732
1387.1622469924398 1.0004202127456665
1387.1830801960164 1.000319480895996
1387.2039133988742 1.0004993677139282
1387.2247466010044 1.000602126121521
1387.245579802408 1.0006884336471558
1387.2664130030862 1.0002559423446655
1387.2872462030398 1.0003803968429565
1387.30807940226 1.00025475025177
1387.3289126007674 1.0005804300308228
1387.3497457985536 1.0005501508712769
1387.3705789956189 1.000627040863037
1387.3914121919652 1.0004158020019531
1387.4122453875825 1.0005289316177368
1387.4330785824925 1.0007520914077759
1387.4539117766856 1.000376582145691
1387.474744970163 1.0003316402435303
1387.4955781629262 1.000557541847229
1387.5164113549652 1.0004618167877197
1387.5372445463017 1.0005663633346558
1387.5580777369257 1.000158429145813
1387.5789109268394 1.0005236864089966
1387.5997441160428 1.0006346702575684
1387.6205773045272 1.0003818273544312
1387.641410492313 1.0001031160354614
1387.662243679392 1.000481128692627
1387.6830768657644 1.0003445148468018
1387.7039100514314 1.0004887580871582
1387.724743236384 1.000530481338501
1387.7455764206425 0.9128828644752502
1387.7872427870527 1.000429630279541
1387.8080759692057 1.0003676414489746
1387.8289091506583 1.000413179397583
1387.8497423314016 1.000036597251892
1387.8705755114568 1.0001344680786133
1387.8914086908144 1.0002039670944214
1387.912241869475 1.0005732774734497
1387.9330750474403 1.0005823373794556
1387.9539082247002 1.0004984140396118
1387.9747414012759 1.0005221366882324
1387.9955745771583 1.000372052192688
1388.0164077523484 1.0005161762237549
1388.0372409268466 1.0005844831466675
1388.0580741006445 1.0001506805419922
1388.0789072737618 1.0004239082336426
1388.0997404461907 1.0002892017364502
1388.1205736179309 1.0006184577941895
1388.1414067889834 1.000279188156128
1388.1622399593396 1.000530481338501
1388.1830731290197 1.000256896018982
1388.203906298015 1.0004513263702393
1388.224739466326 1.0003859996795654
1388.2455726339535 1.0004005432128906
1388.2664058008988 1.0003947019577026
1388.287238967152 1.000334620475769
1388.308072132734 1.0003015995025635
1388.3289052976363 1.0005735158920288
1388.349738461859 1.000373125076294
1388.370571625403 1.0001170635223389
1388.3914047882593 1.0001906156539917
1388.4122379504488 1.0000340938568115
1388.433071111962 1.000473141670227
1388.4539042728002 1.000390648841858
1388.4747374329634 1.0002723932266235
1388.4955705924428 1.000160813331604
1388.5164037512595 1.0004386901855469
1388.5372369094036 1.0004651546478271
1388.5580700668766 1.0002161264419556
1388.5789032236787 1.0002995729446411
1388.5997363798112 1.0003559589385986
1388.6205695352644 1.0003025531768799
1388.6414026900597 1.0003966093063354
1388.6622358441869 0.9999014139175415
1388.683068997648 0.9999819397926331
1388.7039021504427 1.000244379043579
1388.7247353025627 1.0002856254577637
1388.745568454028 1.0003007650375366
1388.7664016048298 1.000431776046753
1388.787234754969 1.0000741481781006
1388.8080679044458 1.0001575946807861
1388.8289010532615 1.0005100965499878
1388.8497342014068 1.0003753900527954
1388.8705673489026 1.0003238916397095
1388.891400495739 1.000423789024353
1388.912233641918 1.0002278089523315
1388.9330667874392 1.000205397605896
1388.953899932294 1.0000718832015991
1388.9747330765028 1.0003312826156616
1388.9955662200568 1.0002385377883911
1389.0163993629567 1.0003539323806763
1389.037232505203 1.0002261400222778
1389.058065646797 1.0003437995910645
1389.0788987877288 1.000168800354004
1389.09973192802 1.0003023147583008
1389.1205650676607 1.0003557205200195
1389.141398206652 0.9987916946411133
1389.1622313449943 1.000212550163269
1389.183064482679 0.9998592734336853
1389.2038976197264 1.0004419088363647
1389.2247307561277 1.0004143714904785
1389.2455638918832 1.000244140625
1389.2663970269946 1.0001178979873657
1389.2872301614614 0.9999200701713562
1389.3080632952758 1.0000194311141968
1389.3288964284573 1.0003023147583008
1389.3497295610132 1.000470757484436
1389.3705626929266 1.0001484155654907
1389.391395824186 1.0000147819519043
1389.4122289548068 1.00002920627594
1389.4330620847788 1.000124454498291
1389.453895214124 1.0003794431686401
1389.474728342832 1.0004291534423828
1389.4955614709047 1.0001243352890015
1389.5163945983418 1.0001142024993896
1389.5372277251452 1.0001996755599976
1389.5580608513048 1.0001710653305054
1389.5788939768424 1.0004061460494995
1389.599727101748 1.0003490447998047
1389.6205602260227 1.0001260042190552
1389.6413933496674 1.000069260597229
1389.6622264726732 1.0000240802764893
1389.6830595950607 1.0001055002212524
1389.70389271682 1.0000667572021484
1389.7247258379534 1.0001747608184814
1389.7455589584606 1.0001009702682495
1389.7663920783432 1.0001329183578491
1389.7872251975914 1.0000656843185425
1389.8080583162266 1.0000901222229004
1389.828891434239 1.0002260208129883
1389.8497245516305 1.000097393989563
1389.870557668401 1.0002632141113281
1389.8913907845522 1.0003255605697632
1389.9122239000742 1.0000344514846802
1389.9330570149884 0.9998219609260559
1389.9538901292856 0.9999203681945801
1389.9747232429663 0.9999421834945679
1389.9955563560318 1.0002455711364746
1390.0163894684729 1.000157117843628
1390.0372225803208 0.9999722838401794
1390.0580556915356 1.000303030014038
1390.0788888021495 1.0000219345092773
1390.0997219121518 1.0003662109375
1390.1205550215452 1.0001798868179321
1390.141388130329 1.0002734661102295
1390.1622212384952 1.000355839729309
1390.1830543460644 0.9999487996101379
1390.2038874530276 1.000133752822876
1390.2247205593853 0.9998802542686462
1390.2455536651394 0.9234508872032166
1390.2872198748385 1.0000430345535278
1390.308052978776 0.9998895525932312
1390.3288860821228 1.0002325773239136
1390.3497191848705 0.9997515678405762
1390.37055228702 1.000124216079712
1390.3913853885722 0.9997473359107971
1390.4122184895182 1.0001038312911987
1390.4330515898785 0.9998295903205872
1390.4538846896453 0.9998073577880859
1390.474717788818 1.0000710487365723
1390.4955508873993 1.0001884698867798
1390.5163839853888 1.000060796737671
1390.5372170827886 0.9996734857559204
1390.5580501795891 0.9998320937156677
1390.578883275812 1.0000545978546143
1390.5997163714474 1.0001633167266846
1390.6205494664973 0.9998252391815186
1390.6413825609623 0.9999909996986389
1390.6622156548337 1.0001124143600464
1390.6830487481325 1.0000993013381958
1390.70388184085 1.000209093093872
1390.7247149329867 0.9997532963752747
1390.7455480245446 0.9997900128364563
1390.7663811155244 1.0001057386398315
1390.7872142059268 0.9997619986534119
1390.8080472957538 1.0000537633895874
1390.8288803849957 1.0001463890075684
1390.8497134736747 0.999909520149231
1390.8705465617809 0.9998052716255188
1390.8913796493164 0.9999110102653503
1390.9122127362814 1.0000108480453491
1390.9330458226682 0.9999773502349854
1390.9538789084972 1.000210165977478
1390.9747119937601 0.9998676776885986
1390.9955450784578 1.0000125169754028
1391.016378162592 1.0000667572021484
1391.0372112461635 1.0001394748687744
1391.0580443291635 0.9999105930328369
1391.078877411614 0.9995970726013184
1391.0997104935052 0.9997554421424866
1391.1205435748395 1.0000921487808228
1391.1413766556175 0.9997718930244446
1391.1622097358409 1.0001866817474365
1391.1830428155106 0.9999490976333618
1391.2038758946285 0.9999881386756897
1391.2247089731854 1.000036358833313
1391.2455420512033 0.9997804164886475
1391.266375128673 0.9997497200965881
1391.2872082055967 0.9996235966682434
1391.3080412819745 0.9998876452445984
1391.3288743578094 0.9999834895133972
1391.3497074330917 0.9999691843986511
1391.370540507843 0.9999467730522156
1391.3913735820552 0.9999956488609314
1391.4122066557295 0.9997824430465698
1391.4330397288675 0.9998558163642883
1391.4538728014704 0.9999390840530396
1391.4747058735306 1.0001485347747803
1391.4955389450683 0.9995010495185852
1391.5163720160767 0.9999260902404785
1391.5372050865556 0.9999228715896606
1391.5580381565082 0.998429000377655
1391.5788712259352 0.9996350407600403
1391.5997042948381 0.999871015548706
1391.620537363209 0.9996184706687927
1391.6413704310696 0.9998645186424255
1391.6622034984116 0.9999398589134216
1391.683036565236 1.0001858472824097
1391.7038696315453 0.9998946189880371
1391.7247026973414 0.9998369812965393
1391.7455357626247 0.9999346137046814
1391.7663688273883 0.9998560547828674
1391.7872018916537 0.999824583530426
1391.8080349554125 0.9997230768203735
1391.8288680186668 0.9996536374092102
1391.849701081418 1.000003457069397
1391.8705341436685 0.999651312828064
1391.8913672054198 0.9996047019958496
1391.912200266664 0.9995603561401367
1391.9330333274227 0.9998905062675476
1391.9538663876888 0.9996349215507507
1391.9746994474633 0.9997762441635132
1391.9955325067488 0.9996756911277771
1392.0163655655472 0.9999049305915833
1392.0371986238601 1.0001726150512695
1392.0580316816802 1.0000063180923462
1392.078864739029 0.99986732006073
1392.0996977958994 1.0001543760299683
1392.120530852293 0.9999846816062927
1392.1413639082123 0.9999050498008728
1392.1621969636597 0.9998852610588074
1392.1830300186364 0.9995771646499634
1392.2038630731358 1.0001153945922852
1392.2246961271796 0.9998103380203247
1392.2455291807605 0.9995121955871582
1392.2663622338805 0.9978800415992737
1392.2871952865426 0.9986056089401245
1392.3080283387483 0.9994778037071228
1392.3288613904906 0.9986581802368164
1392.3496944418023 0.9995937943458557
1392.3705274926451 0.9999728798866272
1392.3913605430523 0.999318540096283
1392.412193593016 0.9999083876609802
1392.4330266425393 0.9999074339866638
1392.453859691624 0.9997192621231079
1392.474692740274 0.9999242424964905
1392.4955257884806 0.9998771548271179
1392.516358836268 0.9997360706329346
1392.5371918836279 0.999923050403595
1392.5580249305638 0.9992972016334534
1392.5788579770783 0.9998733997344971
1392.5996910231747 0.9999246597290039
1392.6205240688548 0.9996097683906555
1392.6413571141234 0.9997023940086365
1392.6621901589724 0.999426007270813
1392.6830232034247 0.9996041059494019
1392.703856247474 0.9997934699058533
1392.724689291123 0.9998744130134583
1392.7455223343757 0.9137052297592163
1392.7871884197034 0.9999532103538513
1392.8080214617855 0.9996914863586426
1392.828854503474 0.9997535943984985
1392.8496875447925 0.9998756051063538
1392.870520585735 0.9997726082801819
1392.8913536263044 0.9997410178184509
1392.9121866665046 0.9997832179069519
1392.9330197063393 0.9996052384376526
1392.9538527458021 0.9997456669807434
1392.974685784917 0.9996917247772217
1392.9955188236777 0.999985933303833
1393.0163518620882 0.9996958374977112
1393.0371849001529 0.9995987415313721
1393.0580179378746 0.9996254444122314
1393.078850975259 0.9998210072517395
1393.0996840123087 1.0000399351119995
1393.1205170490293 0.9998223781585693
1393.1413500854592 0.9996369481086731
1393.1621831215737 0.9998577237129211
1393.1830161573307 0.9998469948768616
1393.2038491927758 0.9997624158859253
1393.2246822279133 0.9995818138122559
1393.245515262748 0.9995329976081848
1393.2663482972748 0.9994498491287231
1393.2871813315178 0.9993976354598999
1393.308014365473 0.9994390606880188
1393.328847399144 0.999500036239624
1393.349680432537 0.9998220801353455
1393.3705134656566 0.9996122717857361
1393.3913464985083 0.999441921710968
1393.4121795310969 0.9998353719711304
1393.4330125634183 0.9993681907653809
1393.4538455954976 0.9996941685676575
1393.474678627331 0.9996503591537476
1393.4955116589233 0.9995185136795044
1393.5163446902814 0.9993758201599121
1393.5371777214095 0.9996848106384277
1393.5580107523156 0.9995516538619995
1393.5788437830042 0.9996766448020935
1393.5996768134721 0.9995230436325073
1393.6205098437454 0.9996982216835022
1393.6413428738206 0.999561607837677
1393.6621759037043 1.0000237226486206
1393.6830089334028 0.9995757937431335
1393.7038419629232 0.9998545050621033
1393.7246749922724 0.9997560977935791
1393.7455080214565 0.9997228980064392
1393.7663410504736 0.999447226524353
1393.7871740793505 0.9996888041496277
1393.8080071080847 0.9993934035301208
1393.828840136683 0.9996635913848877
1393.8496731651542 0.9997718334197998
1393.8705061935048 0.9994243383407593
1393.8913392217435 0.9996352195739746
1393.9121722498778 0.9996878504753113
1393.9330052779064 0.9995353817939758
1393.9538383058568 0.9995339512825012
1393.974671333728 0.999566912651062
1393.9955043615287 0.9997284412384033
1394.0163373892667 0.9996111989021301
1394.037170416952 0.9995496273040771
1394.058003444593 0.9996266961097717
1394.078836472199 0.9997470378875732
1394.0996694997793 0.9994738101959229
1394.1205025273337 0.9994088411331177
1394.1413355548914 0.9992791414260864
1394.1621685824525 0.9994150996208191
1394.1830016100268 0.9994710683822632
1394.2038346376246 0.9993669986724854
1394.2246676652562 0.999748170375824
1394.245500692932 0.9993283748626709
1394.2663337206627 0.999449610710144
1394.287166748459 0.9992415308952332
1394.3079997763223 0.9995481371879578
1394.328832804283 0.999821662902832
1394.3496658323436 0.9992454648017883
1394.370498860514 0.99943608045578
1394.3913318888076 0.9994668364524841
1394.412164917235 0.9993441700935364
1394.4329979458084 0.9995176792144775
1394.4538309745406 0.9996499419212341
1394.474664003433 0.9994910955429077
1394.4954970325189 0.9993927478790283
1394.5163300618003 0.9991362690925598
1394.5371630912905 0.9994635581970215
1394.5579961210024 0.999534010887146
1394.578829150948 0.9996931552886963
1394.5996621811419 0.999589204788208
1394.6204952115963 0.9995585680007935
1394.6413282423257 0.999610424041748
1394.6621612733325 0.9996421337127686
1394.682994304651 0.9998874664306641
1394.7038273362843 0.999496579170227
1394.7246603682468 0.998318612575531
1394.7454934005518 0.999567449092865
1394.7663264332132 0.99985671043396
1394.7871594662447 0.9989057779312134
1394.8079924996605 0.9998944997787476
1394.8288255334733 1.0
1394.849658567698 0.9999139308929443
1394.8704916023376 0.9993270635604858
1394.8913246374248 0.9991819858551025
1394.912157672964 0.9995980262756348
1394.9329907089673 0.999094545841217
1394.953823745448 0.9992038011550903
1394.9746567824184 0.9993758797645569
1394.995489819891 0.9994239807128906
1395.0163228578767 0.9992814064025879
1395.037155896378 0.9995339512825012
1395.0579889354244 0.9988940954208374
1395.0788219750173 0.9998783469200134
1395.0996550151651 0.9985436201095581
1395.1204880558773 0.9989997744560242
1395.141321097162 0.9994696974754333
1395.1621541390261 0.9989263415336609
1395.182987181476 0.9988607168197632
1395.2038202245164 0.9996535181999207
1395.224653268142 0.9994851350784302
1395.2454863123753 0.8910701870918274
1395.287152402638 0.9991216659545898
1395.3079854486655 0.9991660118103027
1395.3288184952874 0.9993756413459778
1395.349651542497 0.9998018741607666
1395.3704845902885 1.000080943107605
1395.3913176386516 0.9992668032646179
1395.4121506875756 0.999238908290863
1395.4329837370362 1.0000735521316528
1395.5996481499824 0.9995213747024536
1395.6204812033177 1.0001286268234253
1395.6413142569006 0.9996512532234192
1395.6621473107607 0.999752938747406
1395.6829803647793 0.9997749328613281
1395.70381341886 0.9996823072433472
1395.7246464729967 0.9996415376663208
1395.7454795271312 0.9991550445556641
1395.7663125812016 0.9996014833450317
1395.787145635145 1.0001959800720215
1395.8079786888932 0.9997826218605042
1395.828811742379 0.9995898008346558
1395.8496447955197 0.99982088804245
1395.870477848263 0.9997743964195251
1395.8913109005232 1.000046968460083
1395.9121439522246 0.9996619820594788
1395.9329770032891 0.9995526075363159
1395.9538100536388 0.9994772672653198
1395.9746431031947 0.9996503591537476
1395.9954761518784 0.9998438954353333
1396.0163091996099 1.0000474452972412
1396.0371422463124 0.999870240688324
1396.057975291898 0.9994804263114929
1396.0788083363107 0.9997020959854126
1396.099641379466 0.9994997978210449
1396.1204744212914 0.9994836449623108
1396.1413074617158 0.9997212290763855
1396.1621405006717 0.9996834993362427
1396.1829735380927 0.9994828104972839
1396.2038065739168 0.9995994567871094
1396.2246396080836 0.9993928670883179
1396.2454726405374 0.9995047450065613
1396.266305671223 0.9997188448905945
1396.2871387000828 0.9991238713264465
1396.3079717270887 0.9997754693031311
1396.3288047521876 0.9997523427009583
1396.3496377753406 0.9997137188911438
1396.370470796511 0.9997494220733643
1396.3913038156668 0.9998217821121216
1396.412136832778 0.9996109008789062
1396.4329698478195 0.9997105598449707
1396.4538028607678 0.9995905160903931
1396.5163018868755 0.9993547797203064
1396.5371348912768 0.9991415143013
1396.5579678935255 0.998840868473053
1396.6621328722197 1.0011509656906128
1396.682965861453 1.0008748769760132
1396.703798848518 1.0006966590881348
1396.724631833453 1.0013089179992676
1396.7454648162363 1.0009374618530273
1396.7662977968785 1.0007364749908447
1396.7871307754106 1.001243233680725
1396.8079637518356 1.0010977983474731
1396.8287967261665 1.0010716915130615
1396.8496296984176 1.0008056163787842
1396.8704626686042 1.0011188983917236
1396.8912956367415 1.0011920928955078
1396.9121286028455 1.0010311603546143
1396.9329615669333 1.0009862184524536
1396.9537945290217 1.0005977153778076
1396.9746274891181 1.0009585618972778
1396.99546044726 1.0008763074874878
1397.0162934034558 0.9993850588798523
1397.0371263577233 1.0008963346481323
1397.0579593100808 1.000733494758606
1397.0787922605462 1.0008220672607422
1397.0996252091381 1.0009938478469849
1397.120458155875 1.0008901357650757
1397.141291100775 1.0010251998901367
1397.1621240438567 1.001176357269287
1397.1829569851382 1.000923991203308
1397.2037899246372 1.0008348226547241
1397.2246228623626 1.0008022785186768
1397.2454557983508 1.001057505607605
1397.266288732611 1.0008522272109985
1397.2871216651597 1.0010812282562256
1397.307954596014 1.0007107257843018
1397.328787525192 1.0008132457733154
1397.3496204527096 1.0008083581924438
1397.370453378584 1.0005823373794556
1397.3912863028313 1.0007262229919434
1397.4121192254681 1.0008307695388794
1397.43295214651 1.0006542205810547
1397.453785065973 1.0007492303848267
1397.4746179838626 1.0008001327514648
1397.4954509002132 1.0008925199508667
1397.516283815031 1.0009286403656006
1397.5371167283297 1.0008147954940796
1397.5579496401244 1.0008207559585571
1397.578782550429 1.0005847215652466
1397.5996154592576 1.0009363889694214
1397.6204483666238 1.0008975267410278
1397.6412812725412 1.00053870677948
1397.662114177023 1.0008912086486816
1397.682947080082 1.0010231733322144
1397.703779981731 1.0007209777832031
1397.7246128819827 1.000989556312561
1397.745445780839 1.0007784366607666
1397.7662786783328 1.0007953643798828
1397.787111574465 1.0008115768432617
1397.807944469247 1.0007957220077515
1397.828777362691 1.0006709098815918
1397.8496102548079 1.0005898475646973
1397.870443145608 1.0006519556045532
1397.8912760351027 1.0002774000167847
1397.9121089233022 1.000533938407898
1397.932941810217 1.0006773471832275
1397.953774695857 1.0004727840423584
1397.9746075802323 1.0009199380874634
1397.9954404633527 1.0005115270614624
1398.0162733452266 1.0011593103408813
1398.0371062258553 1.0005483627319336
1398.057939105276 1.0005182027816772
1398.0787719834595 1.0004717111587524
1398.0996048604432 1.0004581212997437
1398.1204377362262 1.0007418394088745
1398.141270610817 1.000596284866333
1398.1621034842242 1.0003697872161865
1398.1829363564552 1.0003619194030762
1398.2037692275187 1.0006059408187866
1398.2246020974223 1.000609278678894
1398.2454349661737 1.000225305557251
1398.2662678337801 1.0006413459777832
1398.2871007002498 1.0006153583526611
1398.3079335655789 1.0004563331604004
1398.328766429795 1.000502109527588
1398.3495992929054 1.0007262229919434
1398.3704321548864 1.0005946159362793
1398.3912650157754 1.0004723072052002
1398.4120978755686 1.0007351636886597
1398.4329307342723 1.0006269216537476
1398.4537635918932 1.0005022287368774
1398.4745964484373 1.0003587007522583
1398.4954293039114 1.0007493495941162
1398.51626215832 1.000343918800354
1398.5370950116708 1.0000540018081665
1398.557927863968 1.0006120204925537
1398.5787607152188 1.000492811203003
1398.5995935654278 1.0005779266357422
1398.6204264146004 1.0006173849105835
1398.6412592627426 1.0002938508987427
1398.662092109849 1.0006004571914673
1398.6829249559457 1.0005860328674316
1398.7037578010272 0.9155424237251282
1398.7454234881654 1.000613808631897
1398.766256330231 1.000413179397583
1398.7870891713021 1.0004353523254395
1398.8079220113816 1.0005813837051392
1398.8287548504754 1.000607967376709
1398.8495876885872 1.0006396770477295
1398.8704205257222 1.000475525856018
1398.8912533618843 1.000722050666809
1398.9120861970775 1.0005593299865723
1398.9329190313067 1.0004326105117798
1398.9537518645755 1.0005004405975342
1398.9745846968783 1.0005645751953125
1398.9954175282394 1.0005269050598145
1399.016250358652 1.0003713369369507
1399.037083188121 1.0005074739456177
1399.0579160166492 1.0007981061935425
1399.0787488442413 1.0004360675811768
1399.0995816709 1.0004948377609253
1399.1204144966298 1.0003983974456787
1399.1412473214339 1.0004963874816895
1399.1620801453162 1.0002901554107666
1399.1829129682794 1.0001630783081055
1399.203745790328 1.000452995300293
1399.2245786114645 1.000491738319397
1399.2454114316927 1.0006814002990723
1399.266244251016 1.0004167556762695
1399.2870770694367 1.0008705854415894
1399.3079098869594 1.000612735748291
1399.3287427035857 1.000536322593689
1399.3495755193103 1.0006293058395386
1399.3704083341547 1.0007317066192627
1399.3912411481128 1.0006014108657837
1399.4120739611874 1.0004569292068481
1399.4329067733813 1.0005828142166138
1399.4537395846974 1.000328779220581
1399.4745723951382 1.000312089920044
1399.4954052047074 1.0005048513412476
1399.5162380134066 1.000430941581726
1399.5370708212392 1.0005942583084106
1399.5579036282081 1.000490427017212
1399.578736434315 1.0005401372909546
1399.5995692395636 1.0005156993865967
1399.620402043955 1.0004076957702637
1399.6412348474935 1.0004336833953857
1399.6620676501802 1.0005600452423096
1399.6829004520084 1.000540852546692
1399.7037332529997 1.0000991821289062
1399.7245660531573 1.0005888938903809
1399.745398852453 1.000767469406128
1399.7662316509195 1.0004370212554932
1399.7870644485488 1.000235915184021
1399.8078972453438 1.0005168914794922
1399.8287300413056 1.0004316568374634
1399.8495628364376 1.0005706548690796
1399.8703956307409 1.0006157159805298
1399.8912284242183 1.0005512237548828
1399.912061216872 1.000222086906433
1399.932894008704 1.0004149675369263
1399.9537267997157 1.0005934238433838
1399.9745595899103 1.0004942417144775
1399.9953923792887 1.0000516176223755
1400.016225167854 1.0001946687698364
1400.037057955607 1.0004827976226807
1400.0578907425506 1.0000028610229492
1400.0787235286862 1.0002691745758057
1400.0995563140063 1.000287413597107
1400.1203890985419 1.0002872943878174
1400.1412218822554 1.0002638101577759
1400.1620546651789 1.0002546310424805
1400.1828874473033 1.000413417816162
1400.2037202286313 1.0002202987670898
1400.224553009164 1.0003124475479126
1400.2453857889038 1.0005383491516113
1400.2662185678519 1.0001705884933472
1400.2870513460105 1.0004278421401978
1400.307884123381 1.0002334117889404
1400.3287168999648 1.0004723072052002
1400.3495496757641 1.000473976135254
1400.3703824507802 1.000509262084961
1400.3912152250148 1.0004034042358398
1400.4120479984695 1.0002925395965576
1400.432880771146 1.0002422332763672
1400.4537135430458 1.0004686117172241
1400.4745463141708 1.0001552104949951
1400.4953790845216 1.0002778768539429
1400.516211854101 1.0001311302185059
1400.537044622909 1.0001283884048462
1400.5578773909385 1.0001404285430908
1400.5787101582202 1.0002071857452393
1400.5995429247157 1.000268578529358
1400.6203756904567 1.0003936290740967
1400.6412084554343 1.0004428625106812
1400.66204121965 0.9994605183601379
1400.6828739831053 1.000427484512329
1400.7037067458018 0.9073526859283447
1400.745372268923 1.000485897064209
1400.7662050293509 0.9999938607215881
1400.7870377890245 1.0001031160354614
1400.8078705479465 1.0001286268234253
1400.8287033061174 1.0001736879348755
1400.8495360635384 1.0002857446670532
1400.8703688202113 1.0005584955215454
1400.891201576137 1.0002415180206299
1400.9120343313173 1.0001168251037598
1400.9328670857526 1.000402569770813
1400.953699839445 1.0003973245620728
1400.9745325923952 1.0001832246780396
1400.9953653446048 1.000011682510376
1401.0161980960652 1.0004409551620483
1401.0370308468068 1.0006508827209473
1401.057863596801 1.0003083944320679
1401.0786963460498 1.0001174211502075
1401.0995290948258 1.0001574754714966
1401.1203618428242 1.0003541707992554
1401.1411945898844 1.000179409980774
1401.1620273362234 1.0002906322479248
1401.1828600818121 1.000025987625122
1401.2036928266818 0.9999179244041443
1401.2245255708237 1.0000545978546143
1401.245358314239 1.000210165977478
1401.2661910569284 1.0003167390823364
1401.2870237988936 1.000064730644226
1401.307856540135 1.000209093093872
1401.3286892806545 1.000105381011963
1401.3495220204522 1.0003989934921265
1401.3703547595303 1.0004537105560303
1401.391187497889 1.000520944595337
1401.4120202355296 1.0002100467681885
1401.4328529724532 1.0000725984573364
1401.453685708661 1.0004878044128418
1401.4745184441535 1.0001112222671509
1401.4953511789327 1.0001182556152344
1401.5161839129985 1.000119924545288
1401.5370166463526 1.000276803970337
1401.5578493789958 1.0000667572021484
1401.5786821109293 1.0001330375671387
1401.5995148421543 1.000164270401001
1401.6203475726709 1.0001901388168335
1401.6411803024812 1.0003530979156494
1401.662013031585 1.0001033544540405
1401.6828457599847 1.0004534721374512
1401.7036784876698 0.999947190284729
1401.7245112146725 1.000225305557251
1401.7453439409528 1.000251293182373
1401.7661766665424 1.0003790855407715
1401.7870093914316 1.0000174045562744
1401.807842115622 1.0003597736358643
1401.828674839114 0.9999200701713562
1401.8495075619094 0.9999659657478333
1401.8703402840079 1.0003801584243774
1401.891173005411 0.9999033212661743
1401.9120057261198 1.0001603364944458
1401.9328384461353 1.0003626346588135
1401.953671165458 1.0001459121704102
1401.974503884089 1.000144362449646
1401.995336602029 0.9996601939201355
1402.0161693192795 1.0001500844955444
1402.0370020358407 1.000150442123413
1402.0578347517142 1.0000804662704468
1402.0786674669 1.000065565109253
1402.0995001814 0.9999598860740662
1402.1203328952145 1.0002232789993286
1402.1411656083442 0.999988853931427
1402.1619983207906 1.0000998973846436
1402.1828310325538 1.000212550163269
1402.2036637436358 0.9999319314956665
1402.224496454036 0.9999056458473206
1402.2453291637567 1.0002681016921997
1402.266161872798 1.000271201133728
1402.2869945811603 1.0003163814544678
1402.3078272888456 1.0001927614212036
1402.328659995854 1.0004533529281616
1402.3494927021866 1.0001940727233887
1402.3703254078441 0.9998624324798584
1402.3911581128275 0.9998756051063538
1402.4119908171378 0.9998019933700562
1402.4328235207754 1.0000327825546265
1402.4536562237415 0.9999991655349731
1402.474488926037 0.9997153878211975
1402.4953216276622 1.0003129243850708
1402.5161543286085 0.9999959468841553
1402.5369870289067 0.9999071359634399
1402.5578197285276 1.0000382661819458
1402.5786524274815 0.9999441504478455
1402.59948512577 0.9999316334724426
1402.6203178233832 1.0000174045562744
1402.6411505203525 1.0001413822174072
1402.6619832166384 0.9999926090240479
1402.6828159122722 0.9997206330299377
1402.703648607244 0.9108937978744507
1402.7453139952065 0.9999999403953552
1402.766146688199 1.0003148317337036
1402.7869793805326 0.9998500347137451
1402.8078120722091 0.9997214674949646
1402.8286447632288 1.0002139806747437
1402.8494774535927 0.9998797178268433
1402.8703101433014 0.999955952167511
1402.8911428323559 0.999920666217804
1402.9119755207569 0.9998648762702942
1402.9328082085055 1.0000078678131104
1402.9536408956021 0.9996179938316345
1402.9744735820482 0.9996858835220337
1402.9953062678437 1.0002334117889404
1403.01613895299 1.0001498460769653
1403.0369716374883 1.000123143196106
1403.0578043213382 1.0001047849655151
1403.0786370045419 1.000182032585144
1403.0994696870987 0.9997835755348206
1403.1203023690111 0.9999575614929199
1403.141135050279 0.9998339414596558
1403.161967730903 0.9998448491096497
1403.1828004108843 1.0000033378601074
1403.2036330902233 0.9998375177383423
1403.2244657689216 0.9997417330741882
1403.2452984469794 1.0000332593917847
1403.2661311243978 1.0002176761627197
1403.2869638011775 1.0000386238098145
1403.3077964773195 1.0000735521316528
1403.3286291528243 0.9998348951339722
1403.349461827693 0.9998046159744263
1403.370294501926 0.9999065399169922
1403.391127175525 0.999962329864502
1403.4119598484897 1.0001182556152344
1403.4327925208222 0.9999305605888367
1403.4536251925222 0.999804675579071
1403.474457863591 1.0002106428146362
1403.4952905340292 0.9999203681945801
1403.5161232038383 0.99970543384552
1403.5369558730183 0.9997746348381042
1403.5577885415707 0.9999411702156067
1403.5786212094959 0.9997684955596924
1403.599453876795 0.999981701374054
1403.6202865434686 0.9996793270111084
1403.6411192095177 0.999840259552002
1403.6619518749437 0.9997959136962891
1403.682784539746 0.999779224395752
1403.7036172039273 0.9997552037239075
1403.7244498674866 0.99998539686203
1403.7452825304263 0.999650776386261
1403.7661151927466 0.9998213052749634
1403.786947854448 0.9998396635055542
1403.8077805155322 0.9998820424079895
1403.8286131759992 0.9997687339782715
1403.8494458358507 0.9999666810035706
1403.870278495087 0.9996161460876465
1403.891111153709 0.9997944235801697
1403.911943811718 0.9998868107795715
1403.9327764691143 0.9998658299446106
1403.9536091258994 0.9995535612106323
1403.9744417820739 1.0000510215759277
1403.9952744376387 0.9996896386146545
1404.0161070925944 0.9996649622917175
1404.0369397469426 0.9994997978210449
1404.0577724006835 0.999779462814331
1404.0786050538186 0.9999098181724548
1404.0994377063482 0.9999212622642517
1404.120270358274 0.9998661279678345
1404.1411030095958 0.9998660087585449
1404.161935660316 0.9997256398200989
1404.182768310434 0.9998460412025452
1404.203600959952 0.9995933771133423
1404.22443360887 0.9995984435081482
1404.2452662571893 1.0000112056732178
1404.266098904911 0.9996950030326843
1404.286931552036 0.9996927380561829
1404.3077641985649 0.9995987415313721
1404.3285968444993 0.9996417760848999
1404.3494294898396 0.9998785853385925
1404.3702621345872 0.9996856451034546
1404.391094778743 0.9998252987861633
1404.4119274223074 0.9996260404586792
1404.4327600652823 0.9999316334724426
1404.4535927076677 0.9997661709785461
1404.4744253494657 0.9997258186340332
1404.4952579906765 0.99981689453125
1404.516090631301 0.999950647354126
1404.536923271341 0.9996708631515503
1404.5577559107967 1.0000903606414795
1404.5785885496698 0.9998014569282532
1404.599421187961 0.9993423223495483
1404.6202538256714 0.9997923374176025
1404.6410864628021 0.9999269247055054
1404.661919099354 0.9997226595878601
1404.6827517353283 0.9994808435440063
1404.7035843707263 0.8819559216499329
1404.7452496397964 0.9995865821838379
1404.7660822734704 0.9999134540557861
1404.786914906573 0.9997789263725281
1404.807747539104 0.9997628927230835
1404.8285801710651 0.9997400641441345
1404.8494128024574 0.9997442960739136
1404.870245433282 0.9997221231460571
1404.8910780635397 0.999872624874115
1404.9119106932321 0.9998019933700562
1404.9327433223605 0.9997327327728271
1404.9535759509251 0.999588131904602
1404.9744085789284 0.99953293800354
1404.9952412063703 0.999722957611084
1405.0160738332534 0.9996142387390137
1405.036906459577 0.9997538328170776
1405.0577390853446 0.9995864033699036
1405.078571710555 0.9996600151062012
1405.0994043352116 0.9998863339424133
1405.1202369593145 0.9999186396598816
1405.141069582865 0.9997034072875977
1405.1619022058646 0.999427080154419
1405.1827348283143 0.9996300935745239
1405.2035674502156 0.9998313784599304
1405.2244000715698 0.9996396899223328
1405.245232692378 0.9997618794441223
1405.266065312642 0.9997294545173645
1405.2868979323623 0.9997669458389282
1405.307730551541 0.9999412298202515
1405.3285631701797 0.9994991421699524
1405.3493957882781 0.9996455907821655
1405.3702284058397 0.999591052532196
1405.391061022864 0.9997825622558594
1405.411893639354 0.9996336102485657
1405.4327262553102 0.9996621608734131
1405.4535588707342 0.9998738169670105
1405.4743914856276 0.9996204972267151
1405.4952241000015 0.9998683929443359
1405.5160567138275 0.9993318319320679
1405.5368893271373 0.9995714426040649
1405.5577219399222 0.999670147895813
1405.578554552194 0.9997678399085999
1405.5993871639234 0.9995110630989075
1405.620219775143 0.9995176792144775
1405.641052385844 0.9997457265853882
1405.6618849960273 0.9995391964912415
1405.6827176057052 0.9995406270027161
1405.7035502148597 0.999728262424469
1405.724382823501 0.9996500611305237
1405.7452154316325 0.9991821050643921
1405.7660480392542 0.9997270703315735
1405.786880646369 0.9994749426841736
1405.807713252978 0.9999818205833435
1405.8285458590829 0.9995426535606384
1405.8493784646853 0.9996486306190491
1405.8702110697875 0.9995366334915161
1405.8910436743906 0.9998096823692322
1405.9118762784972 0.9998235106468201
1405.932708882108 0.9996721744537354
1405.953541485226 0.999592125415802
1405.9743740878523 0.9997544288635254
1405.995206689989 0.9994645118713379
1406.0160392916382 0.9998955726623535
1406.036871892801 0.9993972778320312
1406.0577044934803 0.9995862245559692
1406.0785370936771 0.999511182308197
1406.0993696933947 0.9997338056564331
1406.1202022926338 0.9994693398475647
1406.141034891397 0.9997096061706543
1406.1618674896863 0.9995884299278259
1406.1827000875037 0.999616265296936
1406.2035326848513 0.9994242191314697
1406.2243652817313 0.9723142385482788
1406.2868630695873 0.9977142214775085
1406.3076956646187 0.9985638856887817
1406.328528259193 0.9983049631118774
1406.3493608533136 0.9979977011680603
1406.3701934469816 0.9983428120613098
1406.3910260402004 0.9981422424316406
1406.4118586329716 0.9981199502944946
1406.4326912252984 0.9974637627601624
1406.453523817182 0.9975736141204834
1406.4743564086264 0.997121274471283
1406.4951889996328 0.9971174001693726
1406.5160215902047 0.9977902770042419
1406.536854180354 0.9975007772445679
1406.5576867700536 0.9985713362693787
1406.5785193593363 0.9974060654640198
1406.5993519482045 0.9978512525558472
1406.6201845366306 0.9976229071617126
1406.6410171246582 0.9972550272941589
1406.6618497122597 0.9973427057266235
1406.6826822994476 0.9975115656852722
1406.7035148862253 0.9972256422042847
1406.7243474725954 0.9977362155914307
1406.7451800585611 0.9978885054588318
1406.7660126441249 0.9971364140510559
1406.7868452292905 0.9976787567138672
1406.807677814061 0.9973265528678894
1406.8285103984385 0.9966220259666443
1406.8493429824275 0.9973459243774414
1406.87017556603 0.9975748658180237
1406.8910081492506 0.9975382089614868
1406.9118407320916 0.997272789478302
1406.9326733145567 0.9973867535591125
1406.9535058966496 0.9965754151344299
1406.9743384783733 0.9965083003044128
1406.9951710597315 0.9963510632514954
1407.0160036407278 0.9977359175682068
1407.0368362213662 0.9962632060050964
1407.05766880165 0.9975739121437073
1407.078501381583 0.9963749647140503
1407.0993339611691 0.9973366260528564
1407.1201665404126 0.9967568516731262
1407.1409991193163 0.9965913891792297
1407.1618316978854 0.9968810081481934
1407.1826642761234 0.9961265921592712
1407.2034968540445 0.9963528513908386
1407.2243294316233 0.9962966442108154
1407.2451620088937 0.9966192841529846
1407.2659945858597 0.9965981245040894
1407.2868271625066 0.9971352815628052
1407.3076597388863 0.9971582889556885
1407.3284923149617 0.9958935976028442
1407.349324890708 0.9971304535865784
1407.3701574661627 0.9967202544212341
1407.3909900413312 0.9963672757148743
1407.4118226162184 0.9958438873291016
1407.4326551908293 0.9961722493171692
1407.4534877651686 0.9962999224662781
1407.474320339242 0.996624231338501
1407.4951529130549 0.9963722825050354
1407.5159854866113 0.9968318343162537
1407.5368180599185 0.9966721534729004
1407.5576506329803 0.9961466789245605
1407.5784832058039 0.9957218766212463
1407.599315778394 0.9955804347991943
1407.6201483507566 0.9962959289550781
1407.6409809228978 0.9965001940727234
1407.6618134948237 0.9966626167297363
1407.6826460665404 0.9960493445396423
1407.7034786380543 0.9955689907073975
1407.7243112093818 0.9965536594390869
1407.7451437805094 0.9961579442024231
1407.7659763514532 0.9957452416419983
1407.7868089222209 0.9958460330963135
1407.8076414928187 0.9960516691207886
1407.8284740632541 0.9963997006416321
1407.8493066335338 0.9970425367355347
1407.8701392036658 0.9960320591926575
1407.8909717736567 0.9973002076148987
1407.9118043435146 0.9967395067214966
1407.9326369132468 0.9960389733314514
1407.9534694828621 0.9963677525520325
1407.9743020523674 0.996022641658783
1407.9951346217717 0.9964293241500854
1408.0159671910828 0.9971629977226257
1408.0367997603098 0.9961181879043579
1408.0576323294606 0.9966340065002441
1408.078464898545 0.9967362284660339
1408.0992974675712 0.9960317611694336
1408.120130036549 0.9972872734069824
1408.1409626054874 0.9965388774871826
1408.161795174396 0.9965749382972717
1408.182627743285 0.9962875247001648
1408.2034603121735 0.997669517993927
1408.2242928810426 0.9963083863258362
1408.2451254499422 0.9972679615020752
1408.2659580188526 0.9970350861549377
1408.2867905877952 0.9975913763046265
1408.3076231567804 0.9961677193641663
1408.3284557258198 0.9970756769180298
1408.349288294925 0.9971933960914612
1408.3701208641066 0.9977391958236694
1408.3909534333777 0.9970076680183411
1408.4117860027493 0.9975003600120544
1408.432618572235 0.9976767301559448
1408.453451141846 0.9973153471946716
1408.4742837115962 0.9970531463623047
1408.4951162814982 0.9971651434898376
1408.515948851565 0.9971190094947815
1408.5367814218107 0.997577965259552
1408.5576139922487 0.9976755380630493
1408.5784465628933 0.9974158406257629
1408.5992791337583 0.9971818327903748
1408.620111704859 0.9968029856681824
1408.6409442762197 0.9981398582458496
1408.6617768478352 0.9980478286743164
1408.6826094197313 0.9978006482124329
1408.7034419919232 0.9979472756385803
1408.724274564427 0.9984387755393982
1408.745107137258 0.9978891015052795
1408.7659397104335 0.9984130263328552
1408.786772283969 0.998485267162323
1408.8076048578814 0.998915433883667
1408.8284374321881 0.998364269733429
1408.8492700069055 0.9980639219284058
1408.870102582051 0.9980372786521912
1408.8909351576424 0.998810350894928
1408.911767733697 0.9981192946434021
1408.9326003102324 0.998288631439209
1408.9534328872664 0.9983699917793274
1408.9742654648173 0.9986098408699036
1408.9950980429026 0.9986009001731873
1409.0159306215405 0.9985314607620239
1409.036763200759 0.998845100402832
1409.0575957805554 0.9985487461090088
1409.0784283609585 0.9981815814971924
1409.0992609419857 0.9982451796531677
1409.1200935236534 0.9980792999267578
1409.1409261059803 0.998374879360199
1409.161758688982 0.9986770749092102
1409.1825912726763 0.9980174899101257
1409.203423857078 0.9982285499572754
1409.2242564422036 0.9980731010437012
1409.2450890280672 0.9980742931365967
1409.265921614683 0.9979047179222107
1409.286754202065 0.9979572892189026
1409.3075867902246 0.9985243678092957
1409.3284193791737 0.9987089037895203
1409.3492519689219 0.998557984828949
1409.370084559488 0.9983418583869934