1354.1410788372882 0.9994731545448303
1354.1619128109048 0.998950719833374
1354.1827467823055 0.9995267391204834
1354.203580751529 0.9998341202735901
1354.2244147186157 0.9996780157089233
1354.2452486835755 0.9997235536575317
1354.2660826464596 0.9990765452384949
1354.2869166072783 0.9989908337593079
1354.3077505660826 0.9995875358581543
1354.3285845228831 0.9988800287246704
1354.3494184777305 0.9991088509559631
1354.3702524306352 0.9998839497566223
1354.3910863816475 0.9995601177215576
1354.4119203307766 0.9987899661064148
1354.4327542780627 0.9985241889953613
1354.4535882235446 0.9991969466209412
1354.4744221672306 0.9984357953071594
1354.4952561091693 0.9990211725234985
1354.5160900493677 0.9994915127754211
1354.5369239878735 0.999345064163208
1354.5577579246926 0.9993171095848083
1354.5785918598722 0.9987928867340088
1354.5994257934162 0.9996340870857239
1354.6202597253707 0.9993806481361389
1354.6410936557393 0.9988190531730652
1354.6619275845662 0.9994580745697021
1354.6827615118543 0.99982750415802
1354.7035954376465 0.9992488622665405
1354.7244293619447 0.9990794658660889
1354.7452632847906 0.999233067035675
1354.7660972061847 1.0000994205474854
1354.786931126158 0.999087393283844
1354.8077650447403 0.9996011257171631
1354.8285989619305 0.9995860457420349
1354.8494328777679 0.998725414276123
1354.8702667922512 0.9987317323684692
1354.8911007054176 0.9992794990539551
1354.9119346172647 0.9988304972648621
1354.9327685278295 0.9988622665405273
1354.9536024371087 0.9993916153907776
1354.9744363451382 0.9995393753051758
1354.9952702519133 0.9994523525238037
1355.0161041574693 0.9994117021560669
1355.0369380618013 0.9989068508148193
1355.0577719649332 0.9991612434387207
1355.0786058668891 0.9988071322441101
1355.099439767663 0.9994181990623474
1355.1202736672874 0.9993417859077454
1355.1411075657556 0.9994707107543945
1355.1619414631002 0.9993246793746948
1355.182775359313 0.9997048377990723
1355.203609254426 0.9992783665657043
1355.224443148431 0.9996882677078247
1355.2452770413586 0.9996562004089355
1355.2661109332003 1.0001237392425537
1355.2869448239867 1.000280499458313
1355.3077787137074 1.0001581907272339
1355.3286126023934 0.9998102784156799
1355.3494464900336 0.9994733333587646
1355.3702803766585 0.9995008707046509
1355.3911142622567 1.0000545978546143
1355.4119481468474 0.9994961023330688
1355.4327820304493 0.9991291165351868
1355.4536159130614 1.0000686645507812
1355.4744497946813 0.9993451237678528
1355.495283675328 0.9996941685676575
1355.516117555019 0.9993600845336914
1355.536951433742 0.999507486820221
1355.557785311524 0.9997541904449463
1355.5786191883537 0.9994586110115051
1355.5994530642572 0.9992508888244629
1355.6202869392218 0.9999332427978516
1355.641120813274 0.9992116093635559
1355.6619546864008 0.9990549683570862
1355.6827885586288 1.00020170211792
1355.7036224299438 0.9994460344314575
1355.7244563003721 0.9991673827171326
1355.7452901699 0.9994252324104309
1355.7661240385432 0.999704897403717
1355.7869579063174 0.9993668794631958
1355.807791773218 0.9991958737373352
1355.828625639241 0.9994938969612122
1355.8494595044008 0.9991128444671631
1355.8702933687136 0.9995072484016418
1355.8911272321636 0.9993946552276611
1355.9119610947769 0.9991441369056702
1355.9327949565368 0.9984540939331055
1355.953628817469 0.9986916184425354
1355.9744626775582 1.0000050067901611
1355.9952965368286 1.0001031160354614
1356.0161303952646 0.9991602301597595
1356.0369642528908 0.9995242357254028
1356.0577981096912 0.9992626309394836
1356.0786319656897 0.9989805817604065
1356.0994658208706 0.9990515112876892
1356.1202996752581 0.9992318153381348
1356.1411335288353 0.9994661808013916
1356.161967381627 0.9997189044952393
1356.1828012336157 0.9985353946685791
1356.2036350848264 0.9994648694992065
1356.2244689352412 0.998590350151062
1356.2453027848744 0.9996107220649719
1356.2661366337393 0.9996417760848999
1356.2869704818293 0.9993124008178711
1356.307804329137 0.999760091304779
1356.3286381756866 0.9988324642181396
1356.3494720214605 1.0000252723693848
1356.3703058664717 0.9991932511329651
1356.3911397107336 0.9990009665489197
1356.4119735542286 0.9992554187774658
1356.4328073969803 0.9993726015090942
1356.4536412389707 0.9987804889678955
1356.4744750802233 0.9989407658576965
1356.4953089207204 0.9993486404418945
1356.5161427604846 0.9989523887634277
1356.5369765994985 0.9993417859077454
1356.5578104377848 0.9997779130935669
1356.578644275326 0.9992081522941589
1356.5994781121442 0.9994494318962097
1356.620311948222 0.9994105696678162
1356.6619796182065 0.9998306035995483
1356.6828134521177 0.9999575614929199
1356.7036472852972 1.0003606081008911
1356.724481117768 0.9996307492256165
1356.7453149495116 0.999584436416626
1356.766148780541 0.9998700022697449
1356.7869826108672 1.0005887746810913
1356.8078164404828 0.9996129274368286
1356.8286502693798 0.9994503259658813
1356.84948409757 0.9992074966430664
1356.8703179250654 0.9997341632843018
1356.891151751848 0.9993723034858704
1356.911985577939 0.9998074769973755
1356.9328194033214 0.9994228482246399
1356.9536532280158 0.9997625350952148
1356.9744870520049 0.999467134475708
1356.9953208753095 0.9999818801879883
1357.0161546979123 1.000169038772583
1357.0369885198343 0.9997135996818542
1357.0578223410575 1.0006847381591797
1357.078656161603 0.9997556805610657
1357.099489981453 0.9997147917747498
1357.1203238006285 1.0002033710479736
1357.1411576191115 0.9999876618385315
1357.1619914369235 0.9998884797096252
1357.1828252540456 1.0001720190048218
1357.2036590704993 0.9998317360877991
1357.2244928862667 0.9999625086784363
1357.2453267013684 1.0000051259994507
1357.2661605157864 1.0004189014434814
1357.2869943295414 0.9995743632316589
1357.3078281426156 0.9997254014015198
1357.3286619550295 1.0002776384353638
1357.3494957667654 0.9996761083602905
1357.3703295778434 0.9998816847801208
1357.3911633882458 1.000394344329834
1357.411997197993 1.0004013776779175
1357.4328310070669 0.9998058676719666
1357.4536648154885 1.0005511045455933
1357.4744986232392 1.0007601976394653
1357.4953324303294 1.000757098197937
1357.5161662367714 1.000800609588623
1357.5370000425453 1.0005494356155396
1357.557833847673 0.9997330904006958
1357.5786676521452 0.9987638592720032
1357.5995014559533 1.0000630617141724
1357.6203352591183 0.9997053742408752
1357.641169061621 0.999607503414154
1357.6620028634725 0.9999681115150452
1357.6828366646841 1.0001317262649536
1357.703670465237 0.9995138049125671
1357.7245042651516 0.9992318153381348
1357.7453380644195 0.9991193413734436
1357.7661718630313 0.9997768998146057
1357.787005660998 0.999148428440094
1357.8078394583306 1.000411033630371
1357.8286732550102 0.9991620182991028
1357.8495070510578 0.9998562335968018
1357.8703408464542 0.9993934035301208
1357.89117464122 0.9998148679733276
1357.9120084353467 0.9993810057640076
1357.932842228825 0.9997036457061768
1357.9536760216654 0.9993833899497986
1357.9745098138792 0.9998978972434998
1357.9953436054473 0.9996880888938904
1358.01617739639 0.9989896416664124
1358.0370111866887 0.9999186992645264
1358.0578449763643 0.9997633099555969
1358.078678765397 1.000366449356079
1358.0995125538084 0.9998670816421509
1358.1203463415784 1.0002713203430176
1358.141180128729 1.0005369186401367
1358.1620139152399 1.0001009702682495
1358.182847701132 0.999541163444519
1358.2036814863868 1.000474214553833
1358.2245152710245 1.00080406665802
1358.2453490550258 1.0001275539398193
1358.2661828384119 1.0004878044128418
1358.2870166211633 1.0005372762680054
1358.3078504033003 1.0008752346038818
1358.3286841848042 1.0007004737854004
1358.3495179658062 1.0007869005203247
1358.3703517461643 1.0007883310317993
1358.3911855258132 1.0005766153335571
1358.4120193048313 1.0010117292404175
1358.4328530832402 1.000728726387024
1358.4536868610194 1.0007727146148682
1358.4745206381904 1.0008907318115234
1358.4953544147338 1.0003286600112915
1358.5161881906704 1.0005046129226685
1358.53702196598 1.0004454851150513
1358.5578557406845 0.9998733997344971
1358.578689514764 1.0001569986343384
1358.5995232882387 1.0004268884658813
1358.6203570610899 0.9999080300331116
1358.641190833338 1.0000321865081787
1358.6620246049633 1.0000165700912476
1358.682858375987 0.9996950030326843
1358.7036921463894 0.9996232986450195
1358.7245259161916 0.999678373336792
1358.7453596853732 0.9996058344841003
1358.7661934539556 0.9997661709785461
1358.787027221919 0.9988901615142822
1358.8078609892846 0.9991745948791504
1358.8286947560323 0.9989354610443115
1358.8495285221832 0.9997674226760864
1358.8703622877176 0.9992645978927612
1358.8911960526561 0.9991652369499207
1358.9120298169796 0.998697817325592
1358.9328635807083 0.9991458654403687
1358.9536973438228 0.9997289180755615
1358.9745311063439 0.9992555379867554
1358.9953648682517 0.9992456436157227
1359.0161986295677 0.9991670846939087
1359.0370323902714 0.9998149275779724
1359.057866150384 0.9997056722640991
1359.078699909886 0.9994126558303833
1359.0995336687977 0.999359130859375
1359.1203674270996 0.9999869465827942
1359.1620349419172 1.0007044076919556
1359.1828686984336 0.9999996423721313
1359.2037024543426 1.0003385543823242
1359.2245362096648 1.0003662109375
1359.2453699643804 1.0007655620574951
1359.2662037185103 1.001030445098877
1359.2870374720346 1.0002100467681885
1359.3078712249749 1.0007058382034302
1359.32870497731 1.000921607017517
1359.3495387290618 1.00124192237854
1359.3703724802103 1.0009455680847168
1359.3912062307763 1.0005905628204346
1359.4120399807498 1.0013014078140259
1359.4328737301219 1.0005744695663452
1359.4537074789127 1.0006901025772095
1359.4745412271031 1.0008174180984497
1359.495374974703 1.0010313987731934
1359.5162087217236 1.000921607017517
1359.5370424681448 1.0006362199783325
1359.5578762139878 1.0007269382476807
1359.5787099592424 1.0010905265808105
1359.5995437038998 1.0004632472991943
1359.6203774479795 1.0004117488861084
1359.6412111914628 1.0008057355880737
1359.6620449343604 1.0003106594085693
1359.6828786766823 0.9995361566543579
1359.703712418409 0.9997391700744629
1359.724546159561 1.0001238584518433
1359.745379900129 1.0005056858062744
1359.7662136401038 1.0000931024551392
1359.787047379505 0.9997180700302124
1359.807881118314 0.999974250793457
1359.8287148565507 1.0003314018249512
1359.849548594196 1.0001839399337769
1359.8703823312699 1.000428557395935
1359.8912160677537 1.0000829696655273
1359.912049803667 0.9999566078186035
1359.9328835389908 0.9998278617858887
1359.9537172737455 0.9991593360900879
1359.9745510079117 0.9994941353797913
1359.9953847415095 0.9996408820152283
1360.01621847452 1.0000840425491333
1360.0370522069632 0.9998477101325989
1360.0578859388202 0.9998847246170044
1360.0787196701106 0.9993866682052612
1360.0995534008155 0.9993749260902405
1360.120387130955 0.9997485280036926
1360.1412208605102 0.9997471570968628
1360.162054589501 0.9996100664138794
1360.1828883179085 1.0000241994857788
1360.2037220457526 1.000026822090149
1360.2245557730141 1.0005501508712769
1360.2453894997134 1.000111699104309
1360.266223225831 1.0001565217971802
1360.2870569513875 1.0002751350402832
1360.3078906763635 1.0004446506500244
1360.328724400779 1.0005005598068237
1360.3495581246254 1.0006511211395264
1360.3703918478923 1.0006248950958252
1360.3912255706007 1.000423550605774
1360.4120592927306 1.0004463195800781
1360.4328930142933 1.000056505203247
1360.4537267352987 1.0001884698867798
1360.474560455728 0.999542236328125
1360.4953941756005 1.0001856088638306
1360.5162278949076 1.0005789995193481
1360.5370616136397 0.999919056892395
1360.5578953318172 1.0000040531158447
1360.5787290494209 1.0011736154556274
1360.5995627664706 1.0002437829971313
1360.6203964829474 1.0006505250930786
1360.6412301988723 1.0005427598953247
1360.6620639142245 1.0004645586013794
1360.6828976290258 1.0007282495498657
1360.7037313432559 1.0010738372802734
1360.7245650569357 1.0006108283996582
1360.7453987700458 1.000687599182129
1360.766232482606 1.0000110864639282
1360.787066194598 1.0013427734375
1360.8078999060417 1.000304937362671
1360.8287336169174 0.9999665021896362
1360.849567327246 1.000332236289978
1360.8704010370082 1.0002059936523438
1360.891234746224 0.999679684638977
1360.9120684548843 0.9990944862365723
1360.9329021629799 1.0000576972961426
1360.9537358705309 0.9994985461235046
1360.9745695775175 1.0000072717666626
1360.9954032839614 0.9993389844894409
1361.0162369898421 0.9995556473731995
1361.0370706951808 0.9997547268867493
1361.0579043999576 0.9993493556976318
1361.0787381041937 0.9994431138038635
1361.0995718078689 0.9989476799964905
1361.1204055110043 0.9991130828857422
1361.14123921358 1.000056266784668
1361.1620729156175 0.9921793937683105
1361.1829066170963 0.999681293964386
1361.2037403180375 0.9998244643211365
1361.224574018422 0.9998039603233337
1361.2454077182697 0.999971330165863
1361.2662414175613 0.9995349645614624
1361.287075116318 0.9997488260269165
1361.30790881452 0.9992725849151611
1361.3287425121878 1.000090479850769
1361.349576209312 0.9998524785041809
1361.3704099058837 0.9998016953468323
1361.3912436019223 0.9994215965270996
1361.4120772974102 0.9998750686645508
1361.4329109923867 1.0004633665084839
1361.4537446868299 1.0000513792037964
1361.4745783807061 1.001091480255127
1361.4954120740335 1.0002397298812866
1361.516245766832 1.0001801252365112
1361.5370794590833 1.000744104385376
1361.5579131508068 1.000647783279419
1361.578746841984 1.000221848487854
1361.599580532635 1.0002026557922363
1361.620414222741 1.0001169443130493
1361.6620816013597 1.0004304647445679
1361.6829152898733 1.0004264116287231
1361.703748977845 1.0005216598510742
1361.7245826652943 0.9995648860931396
1361.7454163522027 1.0000998973846436
1361.7662500385902 0.9999873638153076
1361.787083724438 1.000153660774231
1361.8079174097666 0.9998378157615662
1361.8287510945668 1.0000576972961426
1361.8495847788292 1.000480055809021
1361.8704184625747 0.9999879598617554
1361.8912521457835 1.000228762626648
1361.9120858284768 1.000607967376709
1361.9329195106354 1.0007843971252441
1361.9537531922797 1.000418782234192
1361.9745868733903 1.0005346536636353
1361.9954205539889 1.0010429620742798
1362.016254234055 1.0005393028259277
1362.0370879136103 1.0005218982696533
1362.0579215926348 1.0005762577056885
1362.07875527115 1.0006128549575806
1362.0995889491464 1.0000611543655396
1362.1204226266143 1.0006150007247925
1362.1412563035651 0.9999974370002747
1362.1620899800096 1.0006181001663208
1362.182923655938 1.0003554821014404
1362.2037573313419 1.0004873275756836
1362.2245910062413 1.0001819133758545
1362.2454246806176 0.9997444748878479
1362.2662583544916 1.0000449419021606
1362.287092027844 0.9999039173126221
1362.3079257006953 1.0000194311141968
1362.3287593730267 1.0002034902572632
1362.349593044859 1.0004383325576782
1362.3704267161734 1.0002286434173584
1362.39126038699 1.0006579160690308
1362.4120940572902 1.0000393390655518
1362.4329277270951 1.0006370544433594
1362.453761396395 1.0002790689468384
1362.4745950651811 1.0009630918502808
1362.4954287334745 0.9999765157699585
1362.5162624012555 1.0006771087646484
1362.537096068546 1.0007611513137817
1362.5579297353258 1.001043438911438
1362.5787634016165 1.0007994174957275
1362.599597067399 1.000839352607727
1362.6204307326943 1.0009751319885254
1362.641264397483 1.001009225845337
1362.6620980617865 1.0005651712417603
1362.6829317255856 1.000572919845581
1362.703765388901 0.9998167753219604
1362.7245990517242 0.9998683333396912
1362.7454327140463 1.000298261642456
1362.7662663758877 1.0003762245178223
1362.7871000372297 0.9994691610336304
1362.8079336980934 1.0000871419906616
1362.82876735846 0.9999121427536011
1362.84960101835 1.0003812313079834
1362.870434677745 0.9995468854904175
1362.8912683366664 0.9998268485069275
1362.9121019950942 0.9993067383766174
1362.9329356530504 1.000417947769165
1362.9537693105258 1.0000373125076294
1362.9746029675116 0.9996236562728882
1362.9954366240286 1.0000956058502197
1363.0162702800585 1.0000958442687988
1363.037103935622 0.9999647736549377
1363.0579375907007 0.9995004534721375
1363.0787712453152 0.9999337196350098
1363.0996048994473 1.0008761882781982
1363.1204385531178 0.9994056224822998
1363.141272206308 1.0004409551620483
1363.1621058590392 1.0002071857452393
1363.1829395112927 0.9999906420707703
1363.2037731630892 1.000473141670227
1363.2246068144211 1.0005052089691162
1363.2454404652785 1.000001311302185
1363.2662741156832 1.0001001358032227
1363.2871077656166 1.0006413459777832
1363.3079414151 1.0006506443023682
1363.3287750641146 1.0005550384521484
1363.3496087126816 1.0006612539291382
1363.3704423607828 1.0002964735031128
1363.3912760084393 1.0003132820129395
1363.4121096556323 0.9998833537101746
1363.4329433023838 0.9998217821121216
1363.4537769486844 0.9997783303260803
1363.4746105945264 0.9999842643737793
1363.4954442399307 1.000182032585144
1363.5162778848792 0.9989476203918457
1363.5371115293926 0.9996532201766968
1363.5579451734532 0.9998791217803955
1363.5787788170821 0.9993419647216797
1363.5996124602614 0.9999099373817444
1363.6204461030118 0.9996880888938904
1363.6412797453152 0.9992051124572754
1363.6621133871934 0.9937428832054138
1363.6829470286382 0.9993354082107544
1363.7037806696405 0.9994624853134155
1363.7246143102227 0.9994854927062988
1363.7454479503658 0.9994121789932251
1363.7662815900924 0.9996315240859985
1363.787115229383 0.9995290637016296
1363.8079488682602 0.9997470378875732
1363.8287825067057 0.9989902377128601
1363.849616144741 0.9996205568313599
1363.870449782358 0.9993366599082947
1363.8912834195482 0.9995311498641968
1363.912117056334 1.0000735521316528
1363.9329506926967 0.9996402263641357
1363.9537843286585 0.9990159273147583
1363.9746179642013 1.0005332231521606
1363.995451599347 0.9997180104255676
1364.0162852340773 1.0006216764450073
1364.0371188684144 0.9999916553497314
1364.0579525023404 0.9997377991676331
1364.078786135877 1.0000633001327515
1364.0996197690165 1.000128149986267
1364.1204534017509 0.9997971653938293
1364.1621206660525 1.0003043413162231
1364.182954297624 0.9997941851615906
1364.2037879287993 1.0006563663482666
1364.2246215595997 0.9996737837791443
1364.2454551900084 0.999754011631012
1364.266288820047 1.0005018711090088
1364.287122449708 1.0002344846725464
1364.3079560789838 1.0008257627487183
1364.3287897078967 1.000536561012268
1364.3496233364287 1.0003100633621216
1364.3704569646031 1.0003268718719482
1364.3912905924014 1.000113844871521
1364.4121242198466 0.9997458457946777
1364.432957846931 1.000482439994812
1364.4537914736475 1.0000067949295044
1364.4746251000079 1.0002319812774658
1364.4954587260256 1.0003869533538818
1364.5162923516928 1.0002895593643188
1364.5371259770027 1.0004631280899048
1364.557959601977 1.00026273727417
1364.5787932265994 0.9998973608016968
1364.5996268508923 1.00058114528656
1364.6204604748386 0.9996872544288635
1364.6412940984612 1.0002955198287964
1364.662127721743 1.0000495910644531
1364.6829613447067 1.0001120567321777
1364.7037949673456 0.9998112320899963
1364.7246285896529 0.9993118047714233
1364.7454622116509 0.9997909665107727
1364.7662958333235 0.9997780919075012
1364.7871294546935 0.9998615384101868
1364.807963075744 1.0003409385681152
1364.8287966964986 1.0003749132156372
1364.8496303169502 0.9994118213653564
1364.8704639370926 0.9998105764389038
1364.8912975569485 0.9998854994773865
1364.912131176502 0.9999237656593323
1364.9329647957763 1.0003266334533691
1364.9537984148053 0.9998646974563599
1364.9746320335576 1.0002182722091675
1364.9954656519762 1.000402808189392
1365.01629927013 1.0004926919937134
1365.0371328880128 0.9999485611915588
1365.0579665056184 1.0001732110977173
1365.0788001229703 1.0003502368927002
1365.0996337400534 1.0009053945541382
1365.1204673568902 1.0005987882614136
1365.1413009734658 1.0010228157043457
1365.1621345898038 1.001023769378662
1365.1829682058888 0.9997522830963135
1365.2038018217445 1.0004984140396118
1365.224635437365 1.0008127689361572
1365.2454690527452 1.0002087354660034
1365.266302667909 1.000180959701538
1365.287136282841 1.0008283853530884
1365.3079698975657 1.0002988576889038
1365.328803512068 1.0004016160964966
1365.3496371263718 1.0002024173736572
1365.3704707404725 1.0004348754882812
1365.3913043543644 1.0001710653305054
1365.4121379680723 1.0001060962677002
1365.4329715815818 1.0004658699035645
1365.4538051949169 1.000596046447754
1365.4746388080637 1.000274896621704
1365.495472421046 1.0000115633010864
1365.5163060338502 1.0009660720825195
1365.5371396465011 1.0000321865081787
1365.557973258994 1.0003999471664429
1365.5788068713243 0.9999728202819824
1365.5996404835175 1.0002859830856323
1365.6204740955593 1.0002485513687134
1365.6413077074753 1.0006096363067627
1365.662141319261 1.0001314878463745
1365.6829749309125 1.0002808570861816
1365.7038085424556 1.000100016593933
1365.7246421538757 1.0003994703292847
1365.7454757652 1.0004446506500244
1365.7663093764131 1.0007396936416626
1365.7871429875424 1.0002650022506714
1365.807976598574 1.0003557205200195
1365.8288102095335 1.0010273456573486
1365.8496438204181 1.0004788637161255
1365.8704774312241 1.0002367496490479
1365.8913110419776 1.0007058382034302
1365.9121446526658 1.0009571313858032
1365.9329782633151 1.0007487535476685
1365.9538118739126 1.0005943775177002
1365.974645484485 1.0009758472442627
1365.995479095029 1.0002230405807495
1366.016312705542 1.000663161277771
1366.037146316051 0.9999092817306519
1366.0579799265424 0.9975993037223816
1366.0788135370444 0.9986903667449951
1366.0996471475437 1.0006650686264038
1366.120480758068 1.00045645236969
1366.1413143686138 1.0004202127456665
1366.1621479791795 1.0004483461380005
1366.1829815897918 1.00022554397583
1366.2038152004386 1.0002690553665161
1366.2246488111468 1.0001845359802246
1366.2454824219046 0.9993202090263367
1366.266316032739 1.0002726316452026
1366.2871496436378 1.000386357307434
1366.3079832546282 0.9999211430549622
1366.328816865708 0.9991209506988525
1366.3496504768743 0.9997358918190002
1366.370484088155 0.999713659286499
1366.3913176995472 0.9997241497039795
1366.412151311048 0.9996098279953003
1366.432984922685 0.9997010231018066
1366.453818534445 0.9995711445808411
1366.474652146355 1.0000722408294678
1366.495485758402 1.0002870559692383
1366.516319370613 1.0001246929168701
1366.537152982974 1.0003883838653564
1366.5579865955115 1.0006213188171387
1366.5788202082115 1.000096082687378
1366.5996538211002 0.999808132648468
1366.6204874341731 1.0000814199447632
1366.662154660881 1.001227855682373
1366.6829882745255 1.0016191005706787
1366.7038218883827 1.0012378692626953
1366.7246555024462 1.0003750324249268
1366.745489116709 1.0004979372024536
1366.7663227311937 1.0012871026992798
1366.7871563458818 1.000699758529663
1366.8079899607947 1.0009005069732666
1366.828823575923 1.0009949207305908
1366.8496571912565 1.0015788078308105
1366.8704908068135 1.001503586769104
1366.8913244225723 1.0006588697433472
1366.91215803855 1.0004422664642334
1366.9329916547222 1.0007432699203491
1366.9538252711038 1.001011848449707
1366.974658887678 1.0007617473602295
1366.9954925044278 1.001205563545227
1367.0163261213636 1.0007045269012451
1367.0371597384544 1.002000093460083
1367.057993355709 1.0002472400665283
1367.0788269731029 1.0015980005264282
1367.099660590611 1.000998616218567
1367.1204942082356 1.0011571645736694
1367.1413278259379 1.0006887912750244
1368.6413456060284 0.9986809492111206
1368.6621791172463 0.9984613060951233
1368.6830126265493 0.9990407228469849
1368.703846133951 0.9992093443870544
1368.7246796394647 0.9987202882766724
1368.7455131431343 0.998958945274353
1368.7663466449621 0.9993305802345276
1368.7871801449917 0.9988955855369568
1368.8080136432263 0.999184250831604
1368.8288471397082 0.9996780157089233
1368.84968063445 0.9992879629135132
1368.8705141274634 0.9990283846855164
1368.891347618791 0.9992395639419556
1368.9121811084342 0.9989446401596069
1368.933014596434 0.9992594718933105
1368.9538480828016 0.9987442493438721
1368.974681567548 0.9995406270027161
1368.9955150507126 0.9996057748794556
1369.0163485322958 1.0001580715179443
1369.0371820123366 0.9992521405220032
1369.058015490845 0.9990987777709961
1369.0788489678293 0.9991055130958557
1369.0996824433278 0.9989632368087769
1369.1205159173487 0.9993439316749573
1369.1413493899 0.9996987581253052
1369.162182861018 0.9992771148681641
1369.1830163307009 0.9995360970497131
1369.203849798984 0.9997461438179016
1369.2246832658648 0.9998529553413391
1369.2455167313783 0.9993111491203308
1369.2663501955299 0.9992326498031616
1369.2871836583254 0.9997401833534241
1369.308017119799 0.9999720454216003
1369.3288505799555 0.9996259808540344
1369.3496840387986 0.999448835849762
1369.370517496363 0.9993804097175598
1369.3913509526412 0.9990829229354858
1369.412184407667 0.9993895292282104
1369.433017861443 0.9999106526374817
1369.4538513139719 0.9995602965354919
1369.4746847652855 0.9984520673751831
1369.495518215377 0.9991230368614197
1369.5163516642767 0.9998943209648132
1369.537185111987 0.9993526935577393
1369.5580185585084 0.9997301697731018
1369.5788520038725 0.9996504187583923
1369.5996854480793 0.9997807741165161
1369.6205188911297 0.999841034412384
1369.6413523330534 0.9997293949127197
1369.662185773841 1.0001133680343628
1369.6830192135214 1.0003892183303833
1369.7038526520846 0.9997068047523499
1369.7246860895596 0.9997305870056152
1369.7455195259456 0.9998812079429626
1369.7663529612414 1.000240683555603
1369.7871863954751 0.9995303750038147
1369.8080198286361 0.9994804859161377
1369.8288532607519 0.999640703201294
1369.8496866918208 0.9995641708374023
1369.8705201218402 0.9997335076332092
1369.8913535508386 0.9997190833091736
1369.9121869788028 0.9994576573371887
1369.9330204057603 0.9992327094078064
1369.9538538317086 0.9993091225624084
1369.9746872566445 0.9990724921226501
1369.9955206805946 0.9998129606246948
1370.016354103556 1.000258207321167
1370.0371875255248 1.0001189708709717
1370.058020946528 0.9998252987861633
1370.0788543665512 0.9990125298500061
1370.099687785621 1.0000571012496948
1370.1205212037332 0.9994768500328064
1370.141354620884 0.9992339015007019
1370.1621880370983 0.9998547434806824
1370.1830214523627 0.9992715120315552
1370.203854866702 0.9993036985397339
1370.224688280112 0.9995749592781067
1370.2455216925875 0.9990622997283936
1370.2663551041544 0.9988460540771484
1370.287188514797 0.9990276098251343
1370.3080219245405 0.9990894794464111
1370.3288553333803 0.9986371397972107
1370.3496887413098 0.9988016486167908
1370.370522148355 0.9993389248847961
1370.3913555544993 0.9994084239006042
1370.4121889597682 0.9989677667617798
1370.4330223641557 0.9992378354072571
1370.4538557676553 0.9995809197425842
1370.4746891702923 0.9999014735221863
1370.4955225720505 0.9999619722366333
1370.5163559729535 1.000040054321289
1370.5371893729955 0.9997592568397522
1370.5580227721703 0.9996091723442078
1370.578856170502 1.0006542205810547
1370.599689567984 1.0001763105392456
1370.6205229646098 1.0001884698867798
1370.6413563604033 0.9999151229858398
1370.662189755358 0.9986780285835266
1370.6830231494673 0.9992571473121643
1370.7038565427545 0.9995447397232056
1370.7246899352026 0.9999833106994629
1370.7455233268354 1.0000712871551514
1370.766356717646 0.9993299245834351
1370.7871901076269 0.9995962381362915
1370.808023496802 0.9994320869445801
1370.8288568851638 0.9993101954460144
1370.8496902727059 1.0000261068344116
1370.8705236594503 0.9989433288574219
1370.8913570453803 0.9989239573478699
1370.9121904305186 0.9994118213653564
1370.9330238148584 0.9991081357002258
1370.9538571983917 0.9995256662368774
1370.9746905811417 0.9991798996925354
1370.9955239631006 0.9994149208068848
1371.0163573442617 0.9993770122528076
1371.0371907246465 0.9998171329498291
1371.0580241042383 0.9995891451835632
1371.078857483059 0.9993399381637573
1371.0996908611014 0.999761700630188
1371.1621909905605 1.0002336502075195
1371.1830243655124 1.0009944438934326
1371.203857739697 1.0006142854690552
1371.2246911131062 1.0006797313690186
1371.245524485763 1.0001320838928223
1371.266357857659 1.000559687614441
1371.2871912287865 1.0004181861877441
1371.308024599167 1.001224398612976
1371.3288579687837 1.0005353689193726
1371.349691337657 0.9999259114265442
1371.3705247057799 1.0006449222564697
1371.391358073144 1.000008225440979
1371.412191439771 0.9991633892059326
1371.433024805653 0.9995999932289124
1371.453858170782 1.0
1371.4746915351793 0.9997557401657104
1371.4955248988272 0.9999701380729675
1371.5163582617465 0.999593198299408
1371.5371916239303 0.9997472763061523
1371.5580249853692 1.0003113746643066
1371.5788583460853 0.9995803236961365
1371.5996917060702 0.9993829727172852
1371.6205250653154 0.9994298815727234
1371.6413584238426 0.9992308616638184
1371.662191781633 1.000256061553955
1371.6830251387091 0.999509871006012
1371.7038584950612 0.9998176097869873
1371.724691850682 1.000032663345337
1371.745525205592 1.000152587890625
1371.7663585597834 1.000007152557373
1371.787191913247 1.0000890493392944
1371.8080252660047 0.9990165829658508
1371.8288586180377 0.9998831152915955
1371.8496919693673 0.9998632073402405
1371.870525319985 1.0000016689300537
1371.8913586698827 1.0000050067901611
1371.9121920190805 0.9994975924491882
1371.933025367571 0.999541163444519
1371.9538587153443 1.000259518623352
1371.9746920624227 0.9998109936714172
1371.995525408797 1.0003454685211182
1372.0163587544582 1.0002360343933105
1372.0371920994282 1.0001726150512695
1372.0580254436877 1.0006221532821655
1372.078858787258 1.000105619430542
1372.0996921301305 1.0002648830413818
1372.120525472296 0.9998055100440979
1372.1413588137762 1.00029456615448
1372.1621921545618 1.0000669956207275
1372.183025494644 0.999676525592804
1372.203858834044 0.9998953938484192
1372.224692172753 0.9995264410972595
1372.2455255107623 0.9994970560073853
1372.2663588480923 0.9995666146278381
1372.2871921847245 1.0004750490188599
1372.3080255206994 1.000476598739624
1372.3288588559867 1.0001596212387085
1372.349692190562 1.0000959634780884
1372.3705255244638 1.0000343322753906
1372.3913588576831 1.0000035762786865
1372.4121921902104 1.000227689743042
1372.433025522067 1.0006153583526611
1372.4538588532341 1.0006760358810425
1372.4746921837327 1.0007761716842651
1372.4955255135533 1.0006474256515503
1372.5163588426874 0.9997487664222717
1372.5371921711553 1.0001769065856934
1372.5580254989486 1.0000196695327759
1372.5788588260577 0.9997040033340454
1372.5996921525038 0.9996660351753235
1372.620525478278 0.999855101108551
1372.6413588033708 0.999441921710968
1372.6621921278033 0.9997286200523376
1372.6830254515664 0.999832272529602
1372.7038587746506 0.9995048642158508
1372.7246920970774 0.9991855621337891
1372.7455254188271 0.9992794394493103
1372.7663587399213 0.9991161227226257
1372.78719206035 0.9989003539085388
1372.8080253801045 0.9991965889930725
1372.8288586992053 0.9994882345199585
1372.8496920176435 0.9991373419761658
1372.8705253354099 0.9992761611938477
1372.891358652525 0.9988722205162048
1372.9121919689803 0.9986394643783569
1372.933025284766 0.999279797077179
1372.9538585999028 0.9995595812797546
1372.9746919143822 0.9991762638092041
1372.9955252281943 0.9991997480392456
1373.01635854136 0.999764621257782
1373.0371918538704 0.999116063117981
1373.0580251657157 0.9994358420372009
1373.078858476917 0.9999634027481079
1373.0996917874552 0.9994262456893921
1373.120525097351 0.999925971031189
1373.141358406595 1.0003166198730469
1373.1621917151774 1.0005651712417603
1373.1830250231203 0.9984189867973328
1373.2038583304131 0.999763011932373
1373.2246916370473 1.0001059770584106
1373.245524943043 1.0001338720321655
1373.2663582483815 1.000118613243103
1373.2871915530834 0.9997807145118713
1373.3080248571391 1.000815987586975
1373.3288581605495 1.000770092010498
1373.3496914633054 1.0003647804260254
1373.3705247654268 1.000690221786499
1373.3913580668957 0.9999209642410278
1373.4121913677316 1.0004502534866333
1373.4330246679258 1.0003081560134888
1373.4538579674686 1.0006098747253418
1373.4746912663813 0.9996607303619385
1373.4955245646538 1.0005351305007935
1373.5163578622771 1.0006417036056519
1373.5371911592722 0.9999832510948181
1373.558024455629 1.0002286434173584
1373.578857751339 1.0003306865692139
1373.5996910464219 1.000482439994812
1373.6621909278488 1.0007388591766357
1373.683024220382 1.0004338026046753
1373.7038575122926 1.0005844831466675
1373.7246908035697 1.0003228187561035
1373.7455240942154 1.0001102685928345
1373.7663573842194 1.0002734661102295
1373.7871906736027 1.0000348091125488
1373.8080239623455 1.0002154111862183
1373.8288572504694 0.999546229839325
1373.849690537964 0.9995501637458801
1373.87052382482 0.9998444318771362
1373.8913571110593 1.0001829862594604
1373.9121903966707 1.0000768899917603
1373.9330236816463 0.999466598033905
1373.9538569660056 0.9994006156921387
1373.97469024974 0.9991205930709839
1373.9955235328396 0.9998779892921448
1374.0163568153255 0.9999513030052185
1374.037190097188 0.9998500943183899
1374.0580233784176 1.000028133392334
1374.078856659035 0.9995487332344055
1374.0996899390213 0.9995826482772827
1374.1205232183966 1.0005087852478027
1374.1413564971515 1.0001885890960693
1374.1621897752764 1.000136137008667
1374.1830230527926 1.0005064010620117
1374.20385632969 0.9996318221092224
1374.2246896059596 0.9997480511665344
1374.2455228816225 0.9999465346336365
1374.2663561566676 0.9998565316200256
1374.2871894310877 1.00044584274292
1374.3080227049015 0.9996633529663086
1374.3288559781008 1.000136375427246
1374.3496892506755 1.0002076625823975
1374.3705225226468 1.0008689165115356
1374.391355794005 1.0012404918670654
1374.4121890647405 1.0011135339736938
1374.433022334874 1.0005818605422974
1374.4538556043965 0.9998814463615417
1374.474688873298 1.0010560750961304
1374.4955221415994 1.0010944604873657
1374.5163554092917 1.0011045932769775
1374.5371886763646 1.001086711883545
1374.5580219428393 1.000785231590271
1374.5788552087065 1.0011577606201172
1374.5996884739563 1.0009891986846924
1374.6205217386093 1.0013031959533691
1374.6413550026568 1.0005666017532349
1374.6621882660888 1.001163363456726
1374.6830215289265 1.001279592514038
1374.7038547911495 1.000855803489685
1374.7246880527791 1.0002013444900513
1374.7455213138057 1.000618815422058
1374.7663545742203 1.0000619888305664
1374.7871878340427 1.0005731582641602
1374.8080210932642 1.0003780126571655
1374.8288543518754 1.0002593994140625
1374.8496876098964 1.0001919269561768
1374.8705208673182 1.0005462169647217
1374.891354124131 1.0003546476364136
1374.9121873803563 0.9996677041053772
1374.9330206359834 0.9999427199363708
1374.9538538910042 0.9996472597122192
1374.9746871454386 0.9999988675117493
1374.9955203992772 0.9998566508293152
1375.0163536525206 0.9998358488082886
1375.0371869051596 1.000374436378479
1375.0580201572152 0.9997379183769226
1375.0788534086773 0.9995693564414978
1375.099686659537 1.000422477722168
1375.120519909815 0.9992544054985046
1375.1413531595013 0.999330997467041
1375.1621864085869 1.0001816749572754
1375.1830196570925 0.9993451237678528
1375.2038529049985 1.0000101327896118
1375.2246861523263 0.9999247789382935
1375.2455193990652 0.9998279809951782
1375.2663526452072 0.9992333054542542
1375.287185890772 0.9999690055847168
1375.30801913577 0.9997020959854126
1375.3288523801807 1.0002317428588867
1375.3496856239788 0.9998014569282532
1375.3705188672022 1.0001249313354492
1375.3913521098327 1.0001360177993774
1375.4121853518895 1.0002514123916626
1375.4330185933645 1.0012562274932861
1375.4538518342474 1.0004581212997437
1375.4746850745596 1.0005954504013062
1375.495518314291 0.9998582005500793
1375.516351553433 1.0005450248718262
1375.5371847920062 1.000417709350586
1375.5580180300003 1.0002267360687256
1375.5788512674071 1.0001453161239624
1375.599684504247 1.0003855228424072
1375.6205177405106 1.0000721216201782
1375.6413509761983 1.0004867315292358
1375.6621842113009 1.001373052597046
1375.6830174458396 1.00100839138031
1375.7038506797946 1.000952959060669
1375.7246839131867 1.000943660736084
1375.7455171460067 1.0011751651763916
1375.7663503782449 1.00137197971344
1375.7871836099223 1.0008456707000732
1375.8080168410302 1.0009056329727173
1375.8288500715682 1.0000547170639038
1375.8496833015279 1.0004334449768066
1375.8705165309298 0.9995110630989075
1375.8913497597641 1.0006970167160034
1375.9121829880219 1.000101923942566
1375.9330162157244 1.0000030994415283
1375.9538494428618 1.0004260540008545
1375.974682669425 0.9997892379760742
1375.9955158954342 0.9998335242271423
1376.0163491208814 0.9999845623970032
1376.0371823457565 0.9998906850814819
1376.05801557008 0.9995402097702026
1376.0788487938435 0.9995967149734497
1376.099682017037 0.9995051026344299
1376.1621816832876 1.0004870891571045
1376.1830149042603 1.0002168416976929
1376.2038481246773 0.9999494552612305
1376.224681344529 1.0001362562179565
1376.2455145638369 1.0002868175506592
1376.2663477825913 1.0003803968429565
1376.2871810007837 1.0001556873321533
1376.3080142184338 0.9999076128005981
1376.3288474355334 1.0009769201278687
1376.3496806520727 1.0002520084381104
1376.370513868073 1.0003116130828857
1376.3913470835248 1.0003514289855957
1376.4121802984291 1.0004794597625732
1376.433013512777 1.0007963180541992
1376.4538467265886 1.000443935394287
1376.474679939856 1.0008498430252075
1376.4955131525692 1.000404715538025
1376.5163463647489 1.00105619430542
1376.5371795763765 1.000313639640808
1376.5580127874728 1.00087308883667
1376.5788459980288 1.000506043434143
1376.599679208045 1.000871181488037
1376.620512417513 1.0009561777114868
1376.6413456264527 1.000250220298767
1376.6621788348561 1.0005375146865845
1376.6830120427132 1.0008118152618408
1376.703845250046 1.0007041692733765
1376.7246784568442 1.0005898475646973
1376.7455116631002 1.0007011890411377
1376.7663448688336 1.0003637075424194
1376.787178074036 1.0009765625
1376.8080112786986 1.000594973564148
1376.828844482842 1.0001215934753418
1376.8496776864572 1.000043272972107
1376.870510889536 1.0000520944595337
1376.8913440920978 1.0001691579818726
1376.9121772941355 1.0004042387008667
1376.933010495649 0.9999813437461853
1376.9538436966293 1.0001071691513062
1376.9746768970979 1.0002723932266235
1376.9955100970458 0.9999476075172424
1377.016343296464 0.9998304843902588
1377.0371764953732 1.0001037120819092
1377.0580096937651 0.9992676973342896
1377.0788428916308 0.9999074339866638
1377.0996760889907 0.9993816018104553
1377.1205092858365 0.9997872114181519
1377.1413424821592 0.9997375011444092
1377.16217567798 0.9995756149291992
1377.18300887329 0.9994013905525208
1377.2038420680803 0.9982256293296814
1377.2246752623726 0.9995915293693542
1377.2455084561573 0.99945467710495
1377.2663416494258 1.0002877712249756
1377.2871748421996 0.9995803236961365
1377.3080080344694 0.9994084239006042
1377.3288412262373 0.9989214539527893
1377.3496744174936 0.9995629787445068
1377.3705076082604 0.9998725056648254
1377.3913407985278 1.0002156496047974
1377.4121739882887 0.9997314214706421
1377.433007177563 0.9998910427093506
1377.4538403663425 1.0001952648162842
1377.4746735546187 1.0002151727676392
1377.4955067424128 1.000536322593689
1377.5163399297162 1.0005112886428833
1377.5371731165199 1.000724196434021
1377.5580063028453 1.0002341270446777
1377.5788394886845 1.0002954006195068
1377.5996726740382 1.0004911422729492
1377.6205058588982 1.0006572008132935
1377.6413390432858 1.0003529787063599
1377.662172227192 1.0006293058395386
1377.683005410609 1.0004864931106567
1377.703838593558 1.0004276037216187
1377.7246717760304 1.0005524158477783
1377.7455049580174 1.0006979703903198
1377.766338139541 1.000085711479187
1377.787171320593 1.0001285076141357
1377.8080045011645 0.999867856502533
1377.8288376812766 1.0003268718719482
1377.8496708609218 0.9996390342712402
1377.8705040401012 1.0000317096710205
1377.8913372188065 0.9991805553436279
1377.9121703970595 0.998067319393158
1377.933003574852 0.9997581839561462
1377.9538367521752 1.000233769416809
1377.9746699290508 0.9999199509620667
1377.9955031054712 1.0000454187393188
1378.0163362814276 0.999809980392456
1378.037169456942 0.9972714781761169
1378.0580026320058 1.0000885725021362
1378.0788358066109 1.0001424551010132
1378.0996689807798 0.9994291067123413
1378.120502154503 0.9997626543045044
1378.141335327774 0.9998571872711182
1378.1621685006132 0.999834418296814
1378.1830016730137 0.9996012449264526
1378.2038348449764 0.9990860819816589
1378.2246680164938 0.9995449185371399
1378.2455011875882 0.9994433522224426
1378.266334358251 0.9993535876274109
1378.2871675284846 0.9993649125099182
1378.308000698281 0.9996045827865601
1378.3288338676618 0.9997055530548096
1378.3496670366198 0.9990534782409668
1378.3705002051465 1.0001378059387207
1378.3913333732648 1.00001859664917
1378.4121665409662 1.0000070333480835
1378.432999708243 0.9998839497566223
1378.4538328751182 0.9965156316757202
1378.4746660415829 0.995770275592804
1378.4954992076302 0.9998977780342102
1378.5163323732822 0.9997154474258423
1378.537165538531 1.000417709350586
1378.5579987033796 0.9989961385726929
1378.5788318678199 0.997730016708374
1378.5996650318746 0.9940893650054932
1378.6621645216787 1.0005788803100586
1378.6829976841757 1.0006831884384155
1378.7038308462893 1.0014697313308716
1378.7246640080132 1.0003957748413086
1378.7454971693687 1.0010555982589722
1378.76633033035 1.000899076461792
1378.7871634909486 1.000830888748169
1378.8079966511882 1.0010802745819092
1378.8288298110608 1.000938057899475
1378.8496629705603 1.0003225803375244
1378.870496129709 1.0003432035446167
1378.8913292884993 1.0006386041641235
1378.9121624469353 1.0005227327346802
1378.9329956050094 1.000490665435791
1378.9538287627445 1.0004045963287354
1378.9746619201344 1.0004650354385376
1378.9954950771717 1.0011820793151855
1379.0163282338801 1.0003998279571533
1379.037161390252 1.0006004571914673
1379.0579945462819 1.000160813331604
1379.0788277019924 1.0003029108047485
1379.0996608573769 1.0002403259277344
1379.120494012439 1.0003076791763306
1379.1413271671718 1.0003981590270996
1379.1621603215992 1.0000919103622437
1379.1829934757152 1.0000135898590088
1379.203826629523 1.0002542734146118
1379.2246597830165 0.999955415725708
1379.2454929362186 0.999961256980896
1379.2663260891247 1.0002127885818481
1379.2871592417275 1.0000251531600952
1379.3079923940513 0.9992125630378723
1379.32882554609 0.9994959235191345
1379.3496586978376 0.9992620944976807
1379.3704918493186 0.9989606738090515
1379.3913250005692 1.0003139972686768
1379.4121581515476 0.9991787672042847
1379.4329913022132 0.9992232918739319
1379.4538244526293 0.9993489384651184
1379.4746576027896 0.99992835521698
1379.4954907526994 0.9999306201934814
1379.5163239023527 0.9999012351036072
1379.5371570517743 0.999605119228363
1379.5579902009592 0.9994959235191345
1379.578823349902 0.9998680353164673
1379.5996564986272 1.0000624656677246
1379.62048964713 1.0000940561294556
1379.6413227954056 1.00045645236969
1379.6621559434786 0.9993168711662292
1379.682989091345 0.9994603395462036
1379.7038222389992 0.9998717308044434
1379.7246553864668 1.0001448392868042
1379.7454885337434 0.9994603991508484
1379.766321680834 0.9997356534004211
1379.7871548277349 1.0004863739013672
1379.807987974471 1.000483751296997
1379.8288211210388 1.000563144683838
1379.8496542674434 1.0012269020080566
1379.8704874136815 1.0008301734924316
1379.8913205597783 1.0007076263427734
1379.9121537057306 1.00099515914917
1379.9329868515338 1.0008469820022583
1379.953819997215 1.0012935400009155
1379.9746531427704 1.0010148286819458
1379.9954862882064 1.001661777496338
1380.0163194335296 1.0013705492019653
1380.0371525787364 1.000846028327942
1380.0579857238538 1.0015084743499756
1380.0788188688684 1.000720500946045
1380.0996520138076 1.001291036605835
1380.1204851586685 1.0010018348693848
1380.141318303458 1.000241756439209
1380.1621514481735 1.0004252195358276
1380.1829845928426 0.9996635317802429
1380.2038177374618 1.0005472898483276
1380.2246508820301 0.9998410940170288
1380.245484026574 1.000187873840332
1380.266317171092 1.000780701637268
1380.2871503155914 1.0003637075424194
1380.3079834600808 0.999904453754425
1380.3288166045577 0.9998885989189148
1380.3496497490505 1.0005290508270264
1380.3704828935574 0.999755322933197
1380.3913160380769 0.9998936653137207
1380.412149182637 0.9999798536300659
1380.4329823272367 1.0000652074813843
1380.4538154718841 0.999089241027832
1380.4746486165784 0.9996005892753601
1380.495481761348 0.9996336698532104
1380.5163149061918 1.0003241300582886
1380.5371480511083 1.0002503395080566
1380.557981196127 0.999704122543335
1380.578814341246 1.0001401901245117
1380.5996474864753 0.999545693397522
1380.620480631813 1.0010367631912231
1380.6413137772888 1.0011696815490723
1380.6621469229012 1.0002188682556152
1380.6829800686596 1.000709891319275
1380.703813214563 1.0004396438598633
1380.72464636064 0.9999434947967529
1380.7454795068795 1.000016450881958
1380.766312653311 1.0003353357315063
1380.7871457999324 1.0011637210845947
1380.8079789467524 1.0002862215042114
1380.8288120937802 1.0016855001449585
1380.8496452410131 1.00067937374115
1380.87047838848 1.0016318559646606
1380.8913115361784 1.001929521560669
1380.912144684106 1.001312494277954
1380.9329778322904 1.0011056661605835
1380.9538109807283 1.0009819269180298
1380.9746441294267 1.000018835067749
1380.9954772783817 1.000253677368164
1381.0163104276185 1.0007317066192627
1381.0371435771333 1.0012423992156982
1381.0579767269298 0.999985933303833
1381.078809877003 1.0001211166381836
1381.0996430273758 0.9999955892562866
1381.162142480244 1.0008047819137573
1381.1829756317934 1.0011259317398071
1381.2038087836363 1.0000033378601074
1381.2246419357605 1.0011165142059326
1381.2454750881827 0.9999845623970032
1381.2663082408876 1.0002824068069458
1381.2871413938694 0.9999200701713562
1381.3079745471098 1.001632809638977
1381.32880770062 1.0008957386016846
1381.3496408543774 1.0003644227981567
1381.3704740083701 1.000760555267334
1381.391307162572 1.000255823135376
1381.4121403169866 1.0006787776947021
1381.4329734715836 1.000327706336975
1381.453806626342 1.0005075931549072
1381.474639781227 1.0005255937576294
1381.4954729362314 1.000448226928711