1325.3253920923976 1.000169277191162
1325.3462251365265 0.9999998211860657
1325.3670581816946 0.9998642206192017
1325.3878912278676 0.9999788403511047
1325.4087242750425 1.0001647472381592
1325.4295573232125 1.0001842975616455
1325.450390372342 0.9999290704727173
1325.4712234224342 0.9999901056289673
1325.4920564734505 1.000001311302185
1325.5128895253831 1.0002328157424927
1325.5337225782234 1.0004316568374634
1325.5545556319325 1.0000697374343872
1325.5753886865016 0.9998185634613037
1325.596221741921 1.0000184774398804
1325.6170547981515 1.000104308128357
1325.6378878551834 1.0001763105392456
1325.658720913008 1.0002120733261108
1325.6795539715854 1.0002076625823975
1325.700387030917 1.000167965888977
1325.721220090963 1.0003347396850586
1325.7420531517157 0.9999426603317261
1325.7628862131655 1.0001088380813599
1325.783719275275 1.0003315210342407
1325.8045523380351 1.0001248121261597
1325.8253854014388 1.0001249313354492
1325.846218465448 1.0002363920211792
1325.8670515300557 1.0002374649047852
1325.8878845952547 1.0001273155212402
1325.908717661009 0.999995231628418
1325.9295507273118 1.000396728515625
1325.9503837941577 1.0001238584518433
1325.9712168615101 0.9996986985206604
1325.9920499293742 0.9999663233757019
1326.012882997715 1.0005091428756714
1326.0337160665279 1.0001775026321411
1326.0545491358084 1.0000238418579102
1326.0753822055228 1.0002256631851196
1326.096215275677 1.000200629234314
1326.1170483462374 1.000325083732605
1326.1378814172017 1.0001566410064697
1326.1587144885664 1.0003135204315186
1326.1795475602992 1.0002942085266113
1326.2003806323976 1.0001654624938965
1326.2212137048605 1.0003093481063843
1326.2420467776556 1.000256896018982
1326.262879850782 1.0003693103790283
1326.283712924238 1.0003756284713745
1326.3045459981972 1.0001354217529297
1326.3253790724348 1.0002403259277344
1326.346212146791 1.000380516052246
1326.367045221415 1.0001709461212158
1326.387878296318 1.0003407001495361
1326.4087113714693 1.0001049041748047
1326.42954444687 1.00009024143219
1326.450377522521 1.0001916885375977
1326.4712105983938 1.0001715421676636
1326.4920436744887 1.000295877456665
1326.5128767508077 1.0003609657287598
1326.5337098273228 1.0001392364501953
1326.5545429040453 1.000136137008667
1326.575375980948 1.0002143383026123
1326.596209058033 1.0001392364501953
1326.6170421353024 1.0003488063812256
1326.6378752127289 1.0004297494888306
1326.6587082903154 1.0004549026489258
1326.679541368065 1.0001370906829834
1326.7003744459505 1.0000526905059814
1326.7212075239756 1.000246524810791
1326.7420406021436 1.000029444694519
1326.762873680428 1.0002974271774292
1326.7837067588425 1.000401258468628
1326.804539837361 1.0004230737686157
1326.8253729159878 1.0001561641693115
1326.8462059947267 1.0001722574234009
1326.867039073552 0.9999102354049683
1326.8878721524784 1.0003881454467773
1326.9087052314803 0.999937117099762
1326.9295383105625 0.9999433755874634
1326.9503713897193 0.9999184608459473
1326.9712044689556 0.9999056458473206
1326.992037548247 1.000325083732605
1327.0128706276084 1.000241756439209
1327.0337037070142 1.0002622604370117
1327.0545367864709 1.0000076293945312
1327.0753698659832 1.0002692937850952
1327.096202945527 0.9996263980865479
1327.1170360251172 1.0001097917556763
1327.1378691047305 1.0000979900360107
1327.1587021843718 0.9996645450592041
1327.1795352640472 1.000239372253418
1327.2003683437326 0.9999347925186157
1327.2212014234344 1.0001128911972046
1327.2420345031585 0.9999358057975769
1327.2628675828812 0.9998369216918945
1327.2837006626185 1.000074863433838
1327.3045337423468 1.0002449750900269
1327.3253668220725 0.9998976588249207
1327.3461999018023 1.0000391006469727
1327.3670329815125 1.0000308752059937
1327.3878660612102 1.000051736831665
1327.408699140901 1.000308871269226
1327.4295322205628 0.9998325705528259
1327.450365300202 1.0000673532485962
1327.4711983798256 1.0001212358474731
1327.49203145941 1.000036597251892
1327.5128645389725 1.0001953840255737
1327.5336976184901 1.0002331733703613
1327.5545306979707 0.999782145023346
1327.5753637774203 0.9999042749404907
1327.5961968568165 0.9999502897262573
1327.6170299361665 0.9999692440032959
1327.6378630154777 1.000328540802002
1327.6586960947275 1.0000108480453491
1327.6795291739336 1.000171422958374
1327.7003622530726 1.0001648664474487
1327.7211953321525 0.9998481869697571
1327.742028411181 1.0000003576278687
1327.7628614901357 1.0000439882278442
1327.7836945690237 0.9999617338180542
1327.804527647853 0.9999935626983643
1327.8253607266015 0.9999808073043823
1327.867026883886 1.0003507137298584
1327.887859962408 1.000103235244751
1327.9086930408598 1.0000792741775513
1327.9295261192199 0.9999380707740784
1327.950359197496 0.9999477863311768
1327.971192275696 0.9999293684959412
1327.992025353798 0.9998354315757751
1328.01285843182 1.000003457069397
1328.0336915097398 1.0000735521316528
1328.0545245875658 1.0000156164169312
1328.0753576653055 1.0000712871551514
1328.096190742938 1.0000628232955933
1328.117023820471 0.9999176859855652
1328.137856897913 1.0001521110534668
1328.158689975242 1.0000454187393188
1328.1795230524656 0.9999090433120728
1328.200356129593 1.0001963376998901
1328.2211892066023 0.9998750686645508
1328.242022283512 0.9999254941940308
1328.2628553602997 1.000110387802124
1328.2836884369847 0.9999634623527527
1328.3045215135448 1.0000414848327637
1328.3253545899888 1.0001243352890015
1328.346187666325 0.9998039603233337
1328.3670207425318 1.0000381469726562
1328.387853818618 1.0001392364501953
1328.4086868945917 0.999751627445221
1328.429519970432 1.0001146793365479
1328.450353046147 1.0000498294830322
1328.4711861217454 1.0001202821731567
1328.4920191972058 0.9994816780090332
1328.512852272547 0.999923050403595
1328.5336853477472 1.000052571296692
1328.5545184228156 0.9998754262924194
1328.5753514977607 0.9999445080757141
1328.5961845725612 1.000166893005371
1328.6170176472258 1.0001057386398315
1328.6378507217632 1.0000944137573242
1328.6586837961522 0.999896764755249
1328.6795168704114 1.0001821517944336
1328.70034994452 1.0001362562179565
1328.7211830184863 1.0000884532928467
1328.742016092319 1.0000368356704712
1328.7628491659977 1.0000253915786743
1328.7836822395411 1.0001554489135742
1328.8045153129276 1.0000858306884766
1328.8253483861663 0.9998489618301392
1328.8461814592556 1.0001800060272217
1328.8670145322053 1.0003350973129272
1328.8878476049938 1.0000404119491577
1328.9086806776402 1.0000735521316528
1328.9295137501233 1.0000486373901367
1328.9503468224623 0.9999604225158691
1328.9711798946357 1.0000907182693481
1328.992012966653 1.000081181526184
1329.0128460385229 1.000244379043579
1329.0336791102243 1.000108242034912
1329.0545121817665 1.0000884532928467
1329.0753452531585 0.9999082088470459
1329.0961783243793 0.9998452067375183
1329.117011395448 1.0000990629196167
1329.1378444663435 0.9999122619628906
1329.158677537075 0.9999250769615173
1329.1795106076515 0.9999286532402039
1329.200343678052 0.999960720539093
1329.2211767482859 0.9999222755432129
1329.2420098183625 0.9998807907104492
1329.2628428882604 1.0002822875976562
1329.2836759579984 1.00003981590271
1329.3045090275568 0.9999064803123474
1329.3253420969438 0.9999638795852661
1329.3461751661694 1.0000096559524536
1329.3670082352116 1.0001285076141357
1329.3878413040804 1.000141978263855
1329.408674372785 0.9999290108680725
1329.4295074413044 1.000016689300537
1329.450340509658 1.0002411603927612
1329.4711735778246 0.9997703433036804
1329.4920066458137 0.9999673366546631
1329.5128397136343 0.9999088048934937
1329.533672781266 1.0001617670059204
1329.554505848718 0.9998084902763367
1329.5753389159993 1.0000420808792114
1329.5961719830893 1.0000660419464111
1329.6170050500075 0.999996542930603
1329.6378381167326 0.9998738169670105
1329.6586711832842 1.0003165006637573
1329.6795042496417 0.999713659286499
1329.700337315814 1.0000697374343872
1329.7211703818273 1.0000237226486206
1329.7420034476424 0.9999003410339355
1329.7628365132562 1.0000030994415283
1329.7836695786923 0.9999237656593323
1329.80450264393 1.0000569820404053
1329.8253357089786 0.9997426271438599
1329.8461687738477 0.9999045133590698
1329.867001838516 0.9999188780784607
1329.8878349030037 0.9999729990959167
1329.9086679672896 0.9998883605003357
1329.9295010313833 0.9999039173126221
1329.9503340952938 1.0000264644622803
1329.971167159001 0.999776303768158
1329.9920002225242 0.9996052384376526
1330.0128332858421 0.9996337294578552
1330.0336663489647 0.9995044469833374
1330.0544994119014 0.9997048377990723
1330.0753324746313 0.9994358420372009
1330.096165537174 0.9998301863670349
1330.1169985995089 0.999882161617279
1330.1378316616454 1.000048279762268
1330.158664723593 1.0000245571136475
1330.1794977853306 0.9998195767402649
1330.200330846868 0.9998453259468079
1330.2211639082147 0.9997071027755737
1330.2419969693503 0.9997835755348206
1330.2628300302938 0.9996587634086609
1330.283663091025 0.999755322933197
1330.3044961515532 0.9996481537818909
1330.3253292118875 0.9995193481445312
1330.3669953319234 1.0000348091125488
1330.3878283916436 0.9999741911888123
1330.4086614511482 1.0000337362289429
1330.4294945104566 0.9999303817749023
1330.450327569548 1.0003018379211426
1330.471160628432 0.9997578263282776
1330.491993687118 0.999727189540863
1330.512826745586 0.999906063079834
1330.5336598038543 0.9999403953552246
1330.5544928619036 0.9999334812164307
1330.5753259197427 0.9999387264251709
1330.5961589773813 1.0001729726791382
1330.6169920347988 0.9998232126235962
1330.6378250920152 0.9999844431877136
1330.6586581490092 0.999954342842102
1330.6794912057908 1.0000745058059692
1330.700324262369 1.0002429485321045
1330.721157318724 0.9997853636741638
1330.7419903748648 1.0001575946807861
1330.7628234308013 0.9998025894165039
1330.7836564865124 0.999916136264801
1330.8044895420182 0.9998002052307129
1330.825322597298 1.0000215768814087
1330.8461556523616 0.9999917149543762
1330.8669887072178 1.0001897811889648
1330.8878217618467 1.0000118017196655
1330.9086548162577 0.9999428987503052
1330.9294878704602 0.9998444318771362
1330.950320924434 1.0001128911972046
1330.9711539781986 1.0001585483551025
1330.991987031733 0.9999885559082031
1331.0128200850475 0.9999986886978149
1331.033653138151 0.9998407363891602
1331.0544861910232 0.9998633861541748
1331.0753192436841 1.000051498413086
1331.0961522961127 0.9999784827232361
1331.1169853483186 1.0002351999282837
1331.1378184003115 0.9997242093086243
1331.158651452071 0.9999299049377441
1331.1794845036165 1.00002920627594
1331.2003175549276 1.0000224113464355
1331.2211506060137 0.9999123215675354
1331.2419836568845 0.999967098236084
1331.2628167075195 0.9999505877494812
1331.2836497579385 0.9998246431350708
1331.3044828081206 0.9998703598976135
1331.3253158580758 0.9997875690460205
1331.3461489078131 0.9999471306800842
1331.3669819573129 0.9996902942657471
1331.3878150065837 0.9998524188995361
1331.4086480556357 1.000120997428894
1331.4294811044485 0.9999862313270569
1331.4503141530417 0.9998447299003601
1331.4711472013946 1.000035047531128
1331.4919802495167 0.9998602867126465
1331.5128132974178 1.0000183582305908
1331.5336463450774 1.0002110004425049
1331.554479392515 0.9999265074729919
1331.57531243971 1.0000526905059814
1331.5961454866724 1.0001477003097534
1331.6169785334114 1.000279426574707
1331.6378115799068 1.000123143196106
1331.658644626168 1.0002365112304688
1331.6794776722047 0.9997751712799072
1331.7003107179964 1.0003490447998047
1331.7211437635624 1.000270962715149
1331.7419768088826 1.0001622438430786
1331.7628098539763 1.0001596212387085
1331.7836428988235 0.9998940229415894
1331.8044759434335 1.0000135898590088
1331.825308987816 1.000100016593933
1331.8461420319504 1.0002710819244385
1331.866975075846 1.000076413154602
1331.8878081195128 1.0003303289413452
1331.9086411629303 1.0000399351119995
1331.9294742061181 1.0001050233840942
1331.9503072490556 1.000217318534851
1331.9711402917524 1.0002063512802124
1331.991973334218 1.0001561641693115
1332.0128063764323 1.0001271963119507
1332.0336394184146 1.000315546989441
1332.0544724601446 1.000180959701538
1332.0753055016314 1.0000629425048828
1332.096138542885 1.0004113912582397
1332.116971583885 1.0003573894500732
1332.1378046246411 1.0002851486206055
1332.1586376651624 1.0002237558364868
1332.1794707054287 1.0001121759414673
1332.2003037454597 0.9998681545257568
1332.2211367852349 1.0000522136688232
1332.2419698247732 1.0002933740615845
1332.262802864055 1.0001351833343506
1332.2836359030896 1.0002696514129639
1332.3044689418864 0.9999430775642395
1332.3253019804254 1.0000276565551758
1332.3461350187158 1.00008225440979
1332.366968056767 1.000133991241455
1332.3878010945589 1.0002145767211914
1332.4086341321108 0.9992137551307678
1332.4294671694024 1.0001161098480225
1332.4503002064534 1.0000958442687988
1332.471133243243 1.0001623630523682
1332.491966279781 1.0000741481781006
1332.5127993160766 1.0002005100250244
1332.5336323521099 1.000252604484558
1332.5544653879003 1.000525951385498
1332.575298423427 1.0002418756484985
1332.5961314586993 1.0003727674484253
1332.6169644937277 0.9999953508377075
1332.637797528491 1.0001945495605469
1332.6586305629992 1.0001140832901
1332.6794635972615 1.0000566244125366
1332.7002966312573 0.9998706579208374
1332.7211296650064 1.0001517534255981
1332.7419626984886 1.0001933574676514
1332.7627957317227 1.0003447532653809
1332.7836287646887 1.0000228881835938
1332.804461797396 0.9998358488082886
1332.8252948298543 1.0001590251922607
1332.866960893972 1.0001840591430664
1332.88779392565 1.0001437664031982
1332.908626957057 1.00025475025177
1332.9294599882126 1.000313401222229
1332.9502930190959 1.000331997871399
1332.971126049727 1.0000079870224
1332.991959080085 1.0001518726348877
1333.0127921101794 1.0003734827041626
1333.0336251400197 1.0003914833068848
1333.0544581695856 1.0001959800720215
1333.0752911988868 1.0005959272384644
1333.0961242279323 1.0003314018249512
1333.1169572567012 1.0003126859664917
1333.1377902852141 1.0006259679794312
1333.1586233134499 1.000414252281189
1333.179456341428 1.0002667903900146
1333.200289369128 1.0002353191375732
1333.2211223965596 1.000308632850647
1333.2419554237315 1.0003294944763184
1333.2627884506242 1.0004452466964722
1333.283621477257 1.0000967979431152
1333.304454503628 1.0003639459609985
1333.3252875297082 1.000499963760376
1333.346120555527 1.0003223419189453
1333.3669535810632 1.000100016593933
1333.3877866063265 1.0002704858779907
1333.4086196313262 1.0004318952560425
1333.429452656042 1.000186562538147
1333.4502856804934 1.0003573894500732
1333.4711187046591 1.0000768899917603
1333.4919517285493 1.0003665685653687
1333.5127847521733 1.0003397464752197
1333.5336177755105 1.0001776218414307
1333.55445079857 1.0001438856124878
1333.5752838213618 1.0001380443572998
1333.5961168438646 1.000049352645874
1333.6169498660984 1.0001115798950195
1333.6377828880425 1.000203251838684
1333.6586159097158 1.0002256631851196
1333.6794489310982 1.0004212856292725
1333.700281952199 1.0001745223999023
1333.7211149730279 1.0003100633621216
1333.7419479935638 1.0001072883605957
1333.7627810138258 1.0003269910812378
1333.783614033794 1.0001248121261597
1333.8044470534774 1.0003399848937988
1333.8252800728853 1.0002892017364502
1333.8461130919975 1.0001863241195679
1333.8669461108327 1.0000922679901123
1333.8877791293708 1.000154733657837
1333.9086121476307 1.0001859664916992
1333.9294451655921 1.0003527402877808
1333.9502781832643 1.0003365278244019
1333.9711112006562 0.999976634979248
1333.9919442177475 1.000260591506958
1334.0127772345475 1.0002586841583252
1334.0336102510655 1.0002148151397705
1334.0544432672807 1.0003948211669922
1334.0752762832124 1.0001336336135864
1334.09610929884 1.0003223419189453
1334.1169423141728 1.0003454685211182
1334.1377753292197 1.000071406364441
1334.1586083439604 1.0000587701797485
1334.1794413584141 1.0002199411392212
1334.20027437256 1.000139594078064
1334.2211073864073 0.9999650716781616
1334.2419403999652 1.0002968311309814
1334.2627734132132 1.0003470182418823
1334.28360642617 1.0000718832015991
1334.3044394388155 1.0002272129058838
1334.3252724511685 1.0002162456512451
1334.3461054632082 1.0000169277191162
1334.366938474944 1.0003634691238403
1334.3877714863845 1.0002086162567139
1334.4086044975097 1.0002862215042114
1334.4294375083389 0.999891996383667
1334.4502705188502 1.0005017518997192
1334.4711035290536 0.99992835521698
1334.4919365389576 1.0002349615097046
1334.512769548542 1.0000102519989014
1334.5336025578258 1.0001786947250366
1334.554435566788 1.0004863739013672
1334.5752685754376 1.0002069473266602
1334.5961015837838 1.0003207921981812
1334.6169345918058 1.000018835067749
1334.6377675995225 1.00009286403656
1334.658600606913 1.000107765197754
1334.6794336139865 1.0003198385238647
1334.700266620752 1.000003457069397
1334.7210996271886 1.0000532865524292
1334.7419326333152 1.0001368522644043
1334.762765639111 0.9999261498451233
1334.7835986445948 1.0002058744430542
1334.8044316497458 1.0002628564834595
1334.8252646545727 1.0002385377883911
1334.846097659085 1.0001220703125
1334.866930663261 1.000158429145813
1334.8877636671102 1.0003249645233154
1334.9085966706411 1.0000357627868652
1334.929429673833 1.000249981880188
1334.9502626767048 0.9998432993888855
1334.9710956792353 0.9998118281364441
1334.9919286814436 0.9964028596878052
1335.012761683308 0.9996835589408875
1335.0335946848377 1.000096321105957
1335.054427686042 0.9997984170913696
1335.0752606868991 1.0000125169754028
1335.096093687428 0.999739944934845
1335.1169266876077 0.9998340606689453
1335.1377596874468 0.9998047947883606
1335.1585926869545 1.0000238418579102
1335.1794256861087 0.9998525381088257
1335.2002586849287 1.000048041343689
1335.2210916833935 0.9999479055404663
1335.2419246815211 0.9998477101325989
1335.262757679291 0.999799370765686
1335.2835906767116 0.9998160004615784
1335.3044236737912 0.9996256232261658
1335.325256670509 0.999671220779419
1335.3669226628924 1.0002379417419434
1335.3877556585453 0.9998658299446106
1335.4085886538508 1.0001996755599976
1335.4294216487872 1.0003163814544678
1335.450254643373 1.0001274347305298
1335.4710876375866 0.9999886751174927
1335.4919206314369 1.0000216960906982
1335.5127536249322 1.000148892402649
1335.5335866180508 1.000027060508728
1335.5544196108112 0.9998975396156311
1335.5752526031918 1.00014066696167
1335.5960855952014 1.000159502029419
1335.6169185868478 0.9999678730964661
1335.6377515781094 0.9998250603675842
1335.658584569005 1.0000191926956177
1335.6794175595128 0.9996955990791321
1335.7002505496503 0.9999662637710571
1335.7210835393967 1.0000696182250977
1335.74191652876 1.0000369548797607
1335.7627495177476 0.9997811913490295
1335.783582506339 1.000051736831665
1335.8044154945514 0.9998924136161804
1335.8252484823633 1.0001232624053955
1335.8460814697828 1.0000369548797607
1335.866914456818 0.9999378323554993
1335.8877474434464 0.9996919631958008
1335.9085804296865 0.999886691570282
1335.9294134155161 1.0000447034835815
1335.9502464009531 0.9998281002044678
1335.9710793859758 0.9998384118080139
1335.9919123705922 0.9995458126068115
1336.0127453548093 1.0000064373016357
1336.0335783386054 0.9999842047691345
1336.054411321998 0.9998821020126343
1336.0752443049657 0.9999229311943054
1336.096077287515 0.9999194145202637
1336.1169102696545 1.0000540018081665
1336.1377432513616 1.0000487565994263
1336.1585762326536 0.9998974204063416
1336.1794092135083 0.9998148679733276
1336.2002421939433 0.9999367594718933
1336.2210751739358 1.0000057220458984
1336.2419081534936 0.9999422430992126
1336.2627411326237 1.0000816583633423
1336.2835741113036 0.9997270703315735
1336.3044070895508 0.999854326248169
1336.3252400673423 0.9999402761459351
1336.3460730446855 0.9997339844703674
1336.3669060215873 0.9998201131820679
1336.3877389980253 0.9995512366294861
1336.4085719740162 0.9996907114982605
1336.429404949537 0.9999386072158813
1336.4502379246048 0.9992837905883789
1336.4710708991963 0.9996939301490784
1336.4919038733187 1.0001112222671509
1336.512736846979 0.9998553395271301
1336.5335698201534 0.9998520612716675
1336.5544027928586 0.9997743368148804
1336.5752357650715 0.999836802482605
1336.596068736799 0.9998104572296143
1336.6169017080467 0.999684751033783
1336.6377346787917 0.9995495080947876
1336.6585676490504 0.9999607801437378
1336.679400618799 0.9997937679290771
1336.700233588054 0.9980490803718567
1336.7210665567911 0.999101459980011
1336.7418995250168 0.999976634979248
1336.7627324927366 0.9996248483657837
1336.7835654599273 0.9996522068977356
1336.8043984266046 1.0000689029693604
1336.8252313927435 0.9995337128639221
1336.8460643583508 0.9998681545257568
1336.8668973234317 1.0000061988830566
1336.8877302879616 0.9995600581169128
1336.9085632519564 0.9996532797813416
1336.9293962153913 0.9998568296432495
1336.9502291782817 0.9997528791427612
1336.971062140603 0.9996797442436218
1336.9918951023596 0.9996783137321472
1337.0127280635575 0.9996134042739868
1337.0335610241714 0.9999397397041321
1337.054393984216 0.9997066855430603
1337.075226943666 0.999707818031311
1337.0960599025364 0.999401330947876
1337.1168928608013 0.9993589520454407
1337.1377258184657 0.9998958706855774
1337.1585587755335 0.9995095729827881
1337.179391731979 0.9997166395187378
1337.200224687817 0.9997467994689941
1337.2210576430205 0.9995444416999817
1337.241890597594 0.9999018311500549
1337.2627235515408 0.9996415376663208
1337.2835565048354 0.9997181296348572
1337.3043894574907 0.9996667504310608
1337.3252224094806 0.9996898174285889
1337.3460553608177 0.9998263716697693
1337.3668883114753 0.9995918273925781
1337.3877212614573 0.9995430707931519
1337.408554210766 0.999663233757019
1337.4293871593813 0.9995532035827637
1337.4502201073078 0.9996170997619629
1337.471053054512 0.9989290833473206
1337.4918860010032 0.9995171427726746
1337.5127189467835 0.9999250769615173
1337.5335518918248 0.9996958374977112
1337.5543848361392 0.9995984435081482
1337.5752177796985 0.9996660351753235
1337.596050722514 0.9999468922615051
1337.6168836645581 0.9994288682937622
1337.6377166058412 0.9998676776885986
1337.6585495463346 0.9995325207710266
1337.6793824860397 0.9996157884597778
1337.700215424957 0.9998331069946289
1337.7210483630572 0.9998255372047424
1337.7418813003515 0.9993215799331665
1337.7627142368096 0.9997448325157166
1337.7835471724325 0.9993725419044495
1337.80438010722 0.9993730783462524
1337.825213041142 0.9996151924133301
1337.8668789063895 0.9998221397399902
1337.8877118376945 0.9997524619102478
1337.9085447680927 0.9996708035469055
1337.9293776975844 0.999584436416626
1337.950210626168 0.9999258518218994
1337.9710435538134 1.0000678300857544
1337.9918764805298 0.9998214244842529
1338.0127094062861 0.9997100234031677
1338.0335423310912 0.9996939301490784
1338.0543752549145 0.9998699426651001
1338.075208177755 0.999806821346283
1338.0960410996115 0.9999533295631409
1338.1168740204537 0.9996333122253418
1338.1377069402904 0.9995719790458679
1338.158539859091 0.9994151592254639
1338.1793727768647 0.999857485294342
1338.2002056935814 0.9997655153274536
1338.2210386092408 0.9996735453605652
1338.2418715238425 0.9995806217193604
1338.2627044373571 0.9996516704559326
1338.283537349795 0.9999284744262695
1338.3043702611276 0.9998398423194885
1338.3252031713664 0.9998140931129456
1338.346036080483 0.9998257756233215
1338.3668689884798 0.9997670650482178
1338.3877018953604 0.9999960064888
1338.4085348010988 0.9995793104171753
1338.429367705709 0.9997672438621521
1338.450200609167 0.9994874000549316
1338.4710335114898 0.9999892115592957
1338.4918664126546 0.9997602701187134
1339.679340721634 0.9995174407958984
1339.7001736108632 0.9996044635772705
1339.7210065010015 0.9997400641441345
1339.7418393920304 0.9996894598007202
1339.76267228397 0.9997587203979492
1339.783505176798 0.9998859167098999
1339.8043380705205 0.9999839067459106
1339.8251709651427 0.999696671962738
1339.8460038606381 1.000022530555725
1339.866836757019 0.9995278716087341
1339.8876696542566 1.0001035928726196
1339.9085025523614 1.00007963180542
1339.9293354513022 0.9998655915260315
1339.9501683510784 0.9999235272407532
1339.9710012516875 0.9998959898948669
1339.991834153097 0.9997608065605164
1340.0126670553143 1.0002132654190063
1340.033499958305 0.9999104738235474
1340.0543328620752 1.0001128911972046
1340.0751657665912 0.9996690154075623
1340.0959986718487 0.9998388290405273
1340.1168315778427 0.9999306201934814
1340.1376644845384 0.9999520182609558
1340.1584973919414 0.999870240688324
1340.1793303000163 1.0001471042633057
1340.2001632087686 1.0001741647720337
1340.2209961181632 0.9999628067016602
1340.2418290281953 1.0001338720321655
1340.2626619388602 0.9999029040336609
1340.2834948501231 0.9998683333396912
1340.30432776199 1.0001846551895142
1340.3251606744261 1.0002224445343018
1340.3459935874373 1.0001918077468872
1340.3668265009896 1.0000687837600708
1340.3876594150893 1.0001821517944336
1340.4084923297023 0.9998846650123596
1340.4293252448354 0.9999473094940186
1340.4501581604552 0.9999411106109619
1340.4709910765584 1.0000253915786743
1340.4918239931428 1.0000015497207642
1340.5126569101756 0.9997466206550598
1340.5334898276642 0.9999390840530396
1340.5543227455764 1.00007963180542
1340.5751556639204 1.0001308917999268
1340.5959885826646 1.0000078678131104
1340.6168215018174 1.0002336502075195
1340.6376544213472 0.9999380707740784
1340.6584873412532 1.0001448392868042
1340.679320261535 1.0001001358032227
1340.7001531821618 1.0000855922698975
1340.7209861031424 1.0002797842025757
1340.7418190244478 1.000220775604248
1340.7626519460773 0.9999850392341614
1340.7834848680318 1.000194787979126
1340.8043177902812 0.9999877214431763
1340.8251507128361 1.0001953840255737
1340.8459836356678 1.0001084804534912
1340.866816558787 1.0000818967819214
1340.8876494821652 1.0003772974014282
1340.908482405814 1.000059723854065
1340.9293153297049 1.0001112222671509
1340.9501482538492 1.0000766515731812
1340.9709811782195 0.9998226165771484
1340.9918141028181 0.9999555945396423
1341.0126470276464 1.0001236200332642
1341.033479952678 0.9999039769172668
1341.0543128779248 1.0003654956817627
1341.0751458033599 1.000170350074768
1341.0959787289967 0.9999839663505554
1341.1168116548076 1.0001624822616577
1341.137644580806 0.9998287558555603
1341.1584775069657 1.000245213508606
1341.1793104332903 0.9999715089797974
1341.200143359783 0.9998096227645874
1341.2209762864177 1.000008463859558
1341.2418092132089 0.999698281288147
1341.2626421401303 0.9996441602706909
1341.2834750671964 0.9997811317443848
1341.3043079943811 0.9998008608818054
1341.3251409216991 1.0000828504562378
1341.3459738491251 0.99986732006073
1341.3668067766737 0.9998060464859009
1341.3876397043198 0.9995288252830505
1341.4084726320677 0.9999126195907593
1341.4293055599235 0.9997882843017578
1341.4501384878615 1.0000810623168945
1341.4709714158973 1.0000343322753906
1341.491804344006 0.9999218583106995
1341.5126372722032 0.9998390674591064
1341.5334702004643 0.9997773170471191
1341.5543031288048 1.0000313520431519
1341.5751360572006 0.9998951554298401
1341.5959689856572 1.0000206232070923
1341.6168019141808 0.9999133348464966
1341.637634842747 1.0001366138458252
1341.6584677713727 0.999993622303009
1341.6793007000326 1.00003981590271
1341.7001336287437 0.9975000023841858
1341.7209665574821 0.9996582865715027
1341.7417994862644 0.9998399615287781
1341.7626324150665 0.9996706247329712
1341.7834653439054 0.9997438788414001
1341.804298272757 0.9999913573265076
1341.8251312016284 0.9998494386672974
1341.8459641305262 0.9998674988746643
1341.8667970594272 0.9998850226402283
1341.8876299883475 0.9996857047080994
1341.9084629172648 1.0000114440917969
1341.9292958461958 0.9995627403259277
1341.9501287751173 0.9996667504310608
1341.9709617040357 0.9999809265136719
1341.9917946329597 0.9998986124992371
1342.0126275618748 1.0000041723251343
1342.0334604907691 0.999837338924408
1342.0542934196494 0.9999784231185913
1342.0751263485236 0.9985620379447937
1342.0959592773681 0.9994175434112549
1342.1167922062007 0.9998636245727539
1342.1376251349993 0.9996517896652222
1342.1584580637807 0.9996562004089355
1342.220956849918 1.000063419342041
1342.241789778557 1.0000029802322388
1342.2626227071669 1.0000178813934326
1342.2834556357254 1.0004236698150635
1342.3042885642508 1.0002753734588623
1342.32512149272 1.0001275539398193
1342.3459544211516 1.0001929998397827
1342.3667873495228 1.0000947713851929
1342.3876202778522 1.0000306367874146
1342.4084532061172 1.0001386404037476
1342.429286134326 1.000274896621704
1342.4501190624867 1.0003777742385864
1342.470951990577 1.000146508216858
1342.4917849186152 1.0004642009735107
1342.5126178465794 1.0002087354660034
1342.5334507744876 1.0004829168319702
1342.554283702318 1.0002509355545044
1342.5751166300888 1.0000172853469849
1342.5959495577783 1.0001025199890137
1342.6167824853949 1.0003631114959717
1342.6376154129464 1.0003880262374878
1342.6584483404215 1.000365138053894
1342.6792812678082 1.0000957250595093
1342.700114195125 1.0003327131271362
1342.7209471223503 1.0002387762069702
1342.7417800494925 1.000303030014038
1342.7626129765597 1.000422477722168
1342.783445903531 1.0002244710922241
1342.8042788304244 1.0002858638763428
1342.8251117572188 1.0000829696655273
1342.8459446839317 0.999964714050293
1342.8667776105428 1.0000431537628174
1342.8876105370703 1.0001709461212158
1342.9084434634926 1.0002843141555786
1342.9292763898177 1.000137448310852
1342.9501093160557 1.0001425743103027
1342.970942242184 1.000258445739746
1342.9917751682215 1.0001126527786255
1343.0126080941473 1.000179648399353
1343.0334410199796 1.000027060508728
1343.0542739456976 1.000226616859436
1343.0751068713196 1.0001336336135864
1343.0959397968245 1.000101923942566
1343.1167727222207 0.9999372959136963
1343.1376056475178 1.000214695930481
1343.1584385727037 1.0001623630523682
1343.179271497768 1.0001345872879028
1343.200104422719 1.0003103017807007
1343.220937347566 0.9998213648796082
1343.241770272287 1.0000522136688232
1343.2626031969016 0.9998947381973267
1343.2834361213886 1.0001157522201538
1343.304269045767 1.000152826309204
1343.3251019700149 1.000138521194458
1343.3459348941522 1.000059962272644
1343.3667678181573 0.9998091459274292
1343.3876007420495 1.000191330909729
1343.4084336658075 1.0001144409179688
1343.4292665894504 1.0000965595245361
1343.4500995129572 0.9997008442878723
1343.4709324363366 0.9998684525489807
1343.4917653595983 1.000195026397705
1343.5125982827203 0.9996488094329834
1343.5334312057225 1.000028133392334
1343.5542641285838 0.9989432096481323
1343.5750970513232 0.9999099373817444
1343.5959299739195 0.9999127388000488
1343.6167628963922 0.999798059463501
1343.63759581872 0.9999480247497559
1343.6584287409223 1.0000468492507935
1343.6792616629846 1.0000587701797485
1343.7000945849188 1.000046968460083
1343.7209275066987 0.9997968673706055
1343.7417604283398 0.999770998954773
1343.762593349851 0.9996317028999329
1343.7834262712113 0.9999534487724304
1343.80425919244 0.9997951984405518
1343.8250921135163 0.9997925162315369
1343.8459250344592 0.999739944934845
1343.8667579552482 0.9999933242797852
1343.8875908759023 0.9996449947357178
1343.9084237964007 1.0000380277633667
1343.9292567167627 0.9997875690460205
1343.9500896369675 1.0000165700912476
1343.9709225570243 0.9995647072792053
1343.9917554769427 0.9999786615371704
1344.0125883967114 0.9999765157699585
1344.0334213163198 0.9998750686645508
1344.0542542357775 1.0001344680786133
1344.0750871550933 0.999820351600647
1344.0959200742468 0.9999421238899231
1344.116752993257 0.9996893405914307
1344.1375859121038 0.9996195435523987
1344.158418830806 0.9999673962593079
1344.179251749343 0.999808132648468
1344.2000846677338 0.9997809529304504
1344.2209175859584 0.9998008012771606
1344.2417505040357 0.9997366070747375
1344.2625834219452 0.9970529079437256
1344.2834163397058 0.999291718006134
1344.3042492572974 0.9996597766876221
1344.3250821747388 0.999837338924408
1344.3459150920103 0.9997334480285645
1344.3667480091203 0.9998506307601929
1344.3875809260785 0.9996023774147034
1344.4084138428643 0.9996233582496643
1344.4292467594973 0.9998499751091003
1344.4500796759564 0.9999582767486572
1344.4709125922611 0.9999561309814453
1344.4917455083912 0.9997985363006592
1344.5125784243655 0.9996170997619629
1344.5334113401643 0.9992467164993286
1344.554244255806 0.9998180270195007
1344.5750771712706 0.9997812509536743
1344.595910086577 0.9998241066932678
1344.6167430017056 0.9996737837791443
1344.637575916665 0.9998693466186523
1344.6584088314646 0.9999731183052063
1344.7209075748203 1.0000635385513306
1344.7417404889363 1.0001261234283447
1344.7625734028697 1.000086784362793
1344.7834063166401 1.0000488758087158
1344.8042392302273 0.999984860420227
1344.8250721436502 1.0003873109817505
1344.8459050568888 1.0000920295715332
1344.8667379699623 1.000206708908081
1344.8875708828498 1.000112771987915
1344.9084037955715 1.0002943277359009
1344.9292367081066 1.000149130821228
1344.9500696204746 1.0002923011779785
1344.970902532655 1.0001622438430786
1344.9917354446668 1.0002189874649048
1345.0125683564902 0.999825656414032
1345.0334012681342 1.0001630783081055
1345.0542341796086 1.0003520250320435
1345.0750670908926 1.0000272989273071
1345.095900002006 1.000096082687378
1345.1167329129282 1.0001966953277588
1345.1375658236786 1.000011920928955
1345.158398734237 1.0003470182418823
1345.1792316446226 1.0000697374343872
1345.200064554815 1.000234842300415
1345.2208974648338 1.000097393989563
1345.2417303746583 1.0001637935638428
1345.2625632843083 0.9999749660491943
1345.2833961937629 1.0000886917114258
1345.3042291030422 1.0000392198562622
1345.3250620121255 1.0001752376556396
1345.3458949210321 1.0000805854797363
1345.366727829742 1.0003207921981812
1345.3875607382645 1.000108003616333
1345.4083936466086 0.9999914169311523
1345.4292265547645 0.999997615814209
1345.4500594627218 0.9998387694358826
1345.470892370489 1.000099778175354
1345.4917252780774 0.9999547600746155
1345.5125581854652 1.000317931175232
1345.5333910926722 0.9998735189437866
1345.5542239996782 0.9999926686286926
1345.5750569065028 1.0000046491622925
1345.595889813125 1.0001097917556763
1345.6167227195651 1.0001174211502075
1345.6375556258022 1.0000271797180176
1345.6583885318557 0.9997263550758362
1345.6792214377056 1.0000381469726562
1345.700054343371 0.9998578429222107
1345.720887248832 0.9999944567680359
1345.741720154108 1.0000115633010864
1345.7625530591781 1.0000892877578735
1345.783385964062 1.000083565711975
1345.8042188687398 0.9998501539230347
1345.8250517732308 1.0000866651535034
1345.8458846775143 0.9999773502349854
1345.8667175816 0.9998173117637634
1345.8875504854973 1.0002825260162354
1345.9083833891962 0.9999526143074036
1345.929216292686 0.9999109506607056
1345.9500491959766 1.0001752376556396
1345.970882099077 0.9998562335968018
1345.991715001967 1.0004160404205322
1346.0125479046662 1.0000439882278442
1346.0333808071543 0.9999010562896729
1346.0542137094508 0.9998421669006348
1346.075046611535 0.9996903538703918
1346.0958795134268 0.9997705817222595
1346.1167124151057 0.999816358089447
1346.1375453165913 1.000148892402649
1346.1583782178632 1.0001198053359985
1346.1792111189404 0.999876856803894
1346.2000440198037 0.9997736215591431
1346.2208769204715 0.9998467564582825
1346.241709820924 0.9998160600662231
1346.2625427211801 0.999795138835907
1346.2833756212203 1.00010085105896
1346.3042085210536 1.0000436305999756
1346.3250414206898 1.0001260042190552
1346.3458743201184 0.9999251961708069
1346.3667072193289 0.9998595714569092
1346.387540118341 1.0000150203704834
1346.408373017134 0.9999173283576965
1346.4292059157278 1.0001815557479858
1346.4500388141018 0.9999063611030579
1346.4708717122655 0.9998154044151306
1346.4917046102287 1.0001976490020752
1346.5125375079708 1.0001208782196045
1346.5333704055115 0.999988853931427
1346.5542033028303 1.00007164478302
1346.5750361999467 1.0000234842300415
1346.5958690968405 0.9997254014015198
1346.616701993531 0.9999493360519409
1346.6375348899978 1.000362753868103
1346.6583677862607 0.9999396800994873
1346.6792006822989 1.0000826120376587
1346.700033578132 0.9999539852142334
1346.72086647374 0.9998888373374939
1346.7416993691422 0.9999001622200012
1346.7625322643182 0.9998447299003601
1346.7833651592873 1.0000293254852295
1346.8041980540295 0.999686598777771
1346.825030948564 1.000123143196106
1346.8458638428706 0.9997371435165405
1346.8666967369686 1.000232219696045
1346.8875296308377 0.9998968243598938
1346.9083625244975 0.9999118447303772
1346.9291954179275 1.0001133680343628
1346.9500283111474 1.0002548694610596
1346.9708612041366 0.9998956918716431
1346.9916940969147 0.9998335242271423
1347.012526989461 1.0002020597457886
1347.0333598817858 1.0001634359359741
1347.054192773897 0.9997763633728027
1347.0750256657857 0.9999265074729919
1347.095858557441 0.9997747540473938
1347.116691448883 0.9999120235443115
1347.1375243400905 0.9997256398200989
1347.158357231073 0.9998005628585815
1347.2208559026874 1.000372052192688
1347.2416887927661 1.0000940561294556
1347.2625216826275 1.0003652572631836
1347.2833545722615 1.0000635385513306
1347.304187461657 1.0003101825714111
1347.3250203508244 1.0002094507217407
1347.3458532397726 1.000507116317749
1347.3666861284812 0.9759929180145264
1347.38751901697 0.9973581433296204
1347.4083519052178 0.9998182058334351
1347.4291847932448 0.9997285008430481
1347.4500176810302 0.9994820356369019
1347.470850568594 0.9990019202232361
1347.4916834559147 0.9985994696617126
1347.5125163430127 0.9982233047485352
1347.5333492298673 0.9998836517333984
1347.5541821164975 0.9986952543258667
1347.5750150028834 0.9996629953384399
1347.5958478890445 0.9990215301513672
1347.6166807749598 0.9997671842575073
1347.6375136606487 0.9995485544204712
1347.6583465460913 0.9998959898948669
1347.679179431307 0.9995172619819641
1347.7000123162745 0.9995453953742981
1347.720845201014 0.999240517616272
1347.7416780855049 0.9882967472076416
1347.7625109697665 0.9972169399261475
1347.7833438537782 0.9992918968200684
1347.8041767375596 0.9972254037857056
1347.82500962109 0.9994633197784424
1347.8458425043889 0.9992810487747192
1347.8666753874359 0.9995911717414856
1347.88750827025 0.999647855758667
1347.908341152811 0.999388575553894
1347.9291740351382 0.9987831115722656
1347.9500069172116 0.9996799826622009
1347.9708397990498 0.9992514252662659
1347.9916726806327 0.9994965195655823
1348.0125055619792 0.9965029358863831
1348.0333384430694 0.9941180944442749
1348.0541713239222 0.995370626449585
1348.0750042045174 0.996992290019989
1348.0958370848637 0.9944673776626587
1348.1166699649712 0.9991906881332397
1348.137502844829 0.9989748597145081
1348.1583357244267 0.998083770275116
1348.1791686037834 0.9984453320503235
1348.2000014828784 0.9990777969360352
1348.2208343617315 0.9950499534606934
1348.2416672403217 0.998507559299469
1348.2625001186684 0.9975637197494507
1348.283332996751 0.9834739565849304
1348.3041658745785 0.9800795316696167
1348.324998752161 0.9986182451248169
1348.3458316294875 0.9990227818489075
1348.366664506547 0.9983994960784912
1348.3874973833492 0.9988227486610413
1348.4083302599033 0.9995449781417847
1348.4291631361987 0.9980686902999878
1348.4499960122243 0.9697677493095398
1348.470828888 0.9782465696334839
1348.4916617635045 0.9980584383010864
1348.5124946387575 0.9992544651031494
1348.533327513738 0.9940434098243713
1348.5541603884656 0.9967284798622131
1348.5749932629194 0.9986147880554199
1348.5958261371086 0.9966998100280762
1348.6166590110424 0.9988824129104614
1348.6374918847102 0.9972957968711853
1348.6583247581013 0.9947145581245422
1348.6791576312348 0.9940691590309143
1348.6999905040898 0.9896712303161621
1348.7208233766858 0.9960780143737793
1348.7416562490014 0.9970136284828186
1348.7624891210567 0.9851700067520142
1348.7833219928302 0.9619123935699463
1348.8041548643414 0.9907994866371155
1348.8249877355695 0.995560884475708
1348.8458206065334 0.9961276650428772
1348.8666534772124 0.9974492192268372
1348.8874863476256 0.9914746284484863
1348.9083192177523 0.9967415928840637
1348.9291520876116 0.9989815950393677
1348.9499849571823 0.9983432292938232
1348.9708178264837 0.9973618388175964
1348.9916506954949 0.99085932970047
1349.0124835642355 0.9966610670089722
1349.033316432684 0.9962422847747803
1349.054149300859 0.9983019232749939
1349.0749821687405 0.993613064289093
1349.0958150363474 0.9982206225395203
1349.1166479036583 0.9980525374412537
1349.1374807706925 0.9978998303413391
1349.1583136374288 0.9795070290565491
1349.1791465038864 0.9285310506820679
1349.1999793700445 0.995567262172699
1349.2208122359218 0.9984718561172485
1349.2416451014974 0.9949094653129578
1349.26247796679 0.9631032943725586
1349.283310831779 0.9680909514427185
1349.3041436964827 0.995967447757721
1349.3249765608805 0.9995988607406616
1349.345809424991 1.0001112222671509
1349.3666422887934 0.9999317526817322
1349.3874751523067 1.0001519918441772
1349.4083080155094 0.9998806118965149
1349.4291408784202 1.0001486539840698
1349.4499737410185 0.9998814463615417
1349.470806603323 0.9999552965164185
1349.4916394653121 0.9996243715286255
1349.5124723270046 0.9999685287475586
1349.5333051883797 0.9996967911720276
1349.5541380494562 0.9998646378517151
1349.5749709102124 0.9996476173400879
1349.5958037706673 0.9999744296073914
1349.6166366307996 1.0003737211227417
1349.6374694906278 0.9999890327453613
1349.658302350131 0.9998193979263306
1349.7208009267551 0.9999834895133972
1349.7416337849836 1.0001925230026245
1349.7624666428999 1.0001050233840942
1349.7832995004826 1.0003397464752197
1349.8041323577502 1.000511646270752
1349.8249652146815 1.000174641609192
1349.8457980712951 1.000077247619629
1349.866630927569 1.000230312347412
1349.8874637835215 1.0001496076583862
1349.908296639132 1.000100016593933
1349.9291294944182 1.0002760887145996
1349.9499623493587 1.0001426935195923
1349.9707952039714 1.0001392364501953
1349.9916280582356 1.000454306602478
1350.0124609121688 0.9999873638153076
1350.03329376575 1.0001220703125
1350.0541266189966 1.0004687309265137
1350.0749594718877 1.0002200603485107
1350.0957923244412 1.0000934600830078
1350.1166251766454 1.000080943107605
1350.137458028488 1.0003008842468262
1350.1582908799778 1.0002145767211914
1350.1791237311227 1.0004066228866577
1350.1999565819006 1.0003002882003784
1350.2207894323296 1.0004339218139648
1350.241622282388 1.0000935792922974
1350.2624551320935 1.0001826286315918
1350.2832879814348 1.000215768814087
1350.3041208303987 0.9999827742576599
1350.3249536790038 1.0004322528839111
1350.345786527228 1.0002869367599487
1350.366619375089 0.9998801946640015
1350.3874522225644 1.0005440711975098
1350.4082850696723 1.0001479387283325
1350.4291179163902 1.0004597902297974
1350.449950762736 1.0004165172576904
1350.4707836086873 1.0001569986343384
1350.4916164542617 1.0003372430801392
1350.5124492994369 1.0002009868621826
1350.5332821442303 1.0002106428146362
1350.5541149886194 1.0003782510757446
1350.5749478326218 1.0001059770584106
1350.5957806762146 1.0001778602600098
1350.6166135194158 1.0001276731491089
1350.6374463622017 1.000180959701538
1350.6582792045906 1.0000596046447754
1350.6791120465593 1.0001909732818604
1350.6999448881254 1.0002164840698242
1350.7207777292654 1.0003477334976196
1350.7416105699967 1.0000799894332886
1350.7624434102966 1.0001976490020752
1350.7832762501816 1.0002121925354004
1350.804109089639 1.0000346899032593
1350.8249419286556 1.0000187158584595
1350.8457747672378 1.0003541707992554
1350.866607605393 0.9999641180038452
1350.8874404430978 1.0000109672546387
1350.9082732803688 1.0
1350.9291061171825 0.9999111890792847
1350.9499389535556 1.0001542568206787
1350.9707717894742 0.9998792409896851
1350.991604624925 0.9998920559883118
1351.0124374599245 1.0001596212387085
1351.0332702944486 0.9998165369033813
1351.0541031285136 0.9995328783988953
1351.0749359620954 0.9997554421424866
1351.095768795211 0.9998905062675476
1351.1166016278353 0.9998962879180908
1351.1374344599847 0.9999100565910339
1351.158267291635 0.9998106956481934
1351.179100122802 1.0000303983688354
1351.1999329534613 0.9997996687889099
1351.2207657836284 0.9999489188194275
1351.2415986132787 0.9997269511222839
1351.2624314424281 0.9998684525489807
1351.2832642710512 0.9999454617500305
1351.3040970991638 0.9999958276748657
1351.324929926741 0.99973464012146
1351.3457627537978 0.9999490976333618
1351.3665955803087 0.9998992681503296
1351.3874284062892 0.9996163249015808
1351.4082612317238 0.9999278783798218
1351.4290940566032 0.9997535943984985
1351.4499268809348 0.9997358322143555
1351.4707597046881 1.000024437904358
1351.4915925278835 0.9997861385345459
1351.5124253504948 0.9999744296073914
1351.5332581725365 1.0001181364059448
1351.5540909939825 0.9997842907905579
1351.5749238148464 1.0002080202102661
1351.5957566351021 1.0000911951065063
1351.6165894547632 0.9997615814208984
1351.6374222738032 0.9995801448822021
1351.658255092235 0.9999179840087891
1351.6790879100324 1.0000020265579224
1351.6999207272083 0.9996283054351807
1351.720753543735 1.0001249313354492
1351.7415863596264 1.0000685453414917
1351.7624191748546 0.9998093843460083
1351.7832519894316 0.999096691608429
1351.8040848033306 0.999965250492096
1351.8249176165632 0.9998676776885986
1351.8457504291018 0.9998222589492798
1351.866583240958 0.9997094869613647
1351.8874160521138 0.9998804330825806
1351.9082488625509 0.9999367594718933
1351.9290816722803 0.9999637603759766
1351.9499144812733 0.9999293684959412
1351.9707472895414 0.9996533989906311
1351.991580097055 0.9997597336769104
1352.0124129038256 0.9991152882575989
1352.0332457098232 1.0000627040863037
1352.0540785150583 0.9994819164276123
1352.0749113195016 0.9999253153800964
1352.0957441231628 0.9998729228973389
1352.1165769260122 1.000195026397705
1352.1374097280593 0.9996646046638489
1352.1582425292738 0.9996539950370789
1352.2207409278972 1.0000746250152588
1352.2415737257156 1.000064492225647
1352.2624065226676 1.0001643896102905
1352.2832393187225 1.0003970861434937
1352.304072113888 1.0001287460327148
1352.324904908144 1.0001119375228882
1352.3457377014681 1.000144124031067
1352.3665704938694 1.000095009803772
1352.387403285316 1.000067949295044
1352.4082360758166 1.0001945495605469
1352.4290688653396 1.0002554655075073
1352.4499016538932 1.0000959634780884
1352.4707344414462 1.0002456903457642
1352.491567228007 1.0001418590545654
1352.512400013544 1.0000392198562622
1352.5332327980666 1.000165343284607
1352.554065581543 1.0002985000610352
1352.5748983639833 1.0002100467681885
1352.5957311453558 1.0001662969589233
1352.6165639256717 1.000303864479065
1352.6373967049005 1.0001577138900757
1352.6582294830525 1.000076413154602
1352.6790622601095 1.000374674797058
1352.699895036053 0.9999746084213257
1352.7207278108954 1.0003430843353271
1352.7415605846097 1.000162959098816
1352.7623933572104 1.000054955482483
1352.7832261286721 1.000061273574829
1352.8040588990107 0.999825656414032
1352.8248916682035 1.0002256631851196
1352.845724436269 1.000368595123291
1352.866557203187 0.9999071359634399
1352.887389968979 0.9999805688858032
1352.9082227336278 1.0000096559524536
1352.929055497158 1.0000399351119995
1352.9498882595667 1.0000933408737183
1352.9707210208524 0.9999185800552368
1352.991553781046 1.000350832939148
1353.0123865401408 1.00010085105896
1353.0332192981728 1.0003421306610107
1353.0540520551401 1.0000982284545898
1353.0748848110838 1.0003232955932617
1353.0957175660085 1.0000860691070557
1353.1165503199607 0.9997996091842651
1353.1373830729503 1.0002996921539307
1353.1582158250305 1.000401496887207