1325.3253172965117 0.9989244937896729
1325.3461505475111 0.9993465542793274
1325.3669837994044 0.9995466470718384
1325.3878170521555 0.9996013641357422
1325.408650305759 0.9996138215065002
1325.4294835602072 0.9996432065963745
1325.4503168154636 0.9994800686836243
1325.4711500715302 1.0000842809677124
1325.4919833283682 0.9995218515396118
1325.5128165859696 0.9993892312049866
1325.5336498443253 0.9995895624160767
1325.5544831033974 0.9993986487388611
1325.5753163631766 0.9995583891868591
1325.5961496236544 0.9999927878379822
1325.6169828847922 0.9997382760047913
1325.6378161465814 0.999579131603241
1325.6586494090134 0.9999184012413025
1325.6794826720504 0.9996261596679688
1325.700315935694 0.9996047019958496
1325.7211491999067 0.9995362758636475
1325.7419824646813 0.9997012615203857
1325.7628157300103 0.9995667934417725
1325.783648995857 0.9996190667152405
1325.8044822622144 0.99931800365448
1325.8253155290768 0.9995529055595398
1325.8461487964078 0.999765932559967
1325.8669820642017 0.9997859597206116
1325.8878153324533 0.9999114274978638
1325.908648601128 0.9998671412467957
1325.929481870221 1.0000815391540527
1325.9503151397282 0.9998372197151184
1325.971148409615 0.9997000694274902
1325.9919816798877 0.9999098777770996
1326.0128149505135 0.9998844265937805
1326.0336482214896 0.9999256134033203
1326.0544814928126 1.000089406967163
1326.0753147644505 0.9998291730880737
1326.0961480364113 0.9998739361763
1326.116981308663 1.0005263090133667
1326.1378145812043 1.000032901763916
1326.158647854034 0.9998356103897095
1326.1794811271209 0.9998875260353088
1326.2003144004645 0.9997410774230957
1326.2211476740647 0.9998791813850403
1326.2419809478913 0.9997351169586182
1326.2628142219442 0.9994617104530334
1326.2836474962241 0.9995367527008057
1326.3044807709146 0.9999030828475952
1326.325314045782 0.9998237490653992
1326.3461473206612 0.9999796152114868
1326.3669805957106 0.999687135219574
1326.387813870943 0.9999828338623047
1326.4086471463295 0.9998243451118469
1326.4294804218719 0.9998546242713928
1326.4503136975725 1.0000545978546143
1326.471146973404 0.999965488910675
1326.491980249369 0.999951958656311
1326.5128135254693 1.0001734495162964
1326.533646801679 0.9998612403869629
1326.5544800780103 1.0001509189605713
1326.5753133544374 0.9999920129776001
1326.5961466309634 1.000053882598877
1326.6169799075915 1.0002304315567017
1326.637813184296 0.9999052286148071
1326.6586464610803 1.0002650022506714
1326.679479737949 0.9997374415397644
1326.7003130148755 0.9999834299087524
1326.7211462918651 0.9997316598892212
1326.7419795689218 0.999632716178894
1326.7628128460203 0.9999532699584961
1326.7836461231752 0.9999176859855652
1326.8044794003617 1.0001178979873657
1326.8253126775844 1.0002965927124023
1326.8461459548485 0.9998223185539246
1326.866979232129 0.9997609257698059
1326.8878125094418 0.9997749924659729
1326.908645786762 0.9994993805885315
1326.9294790640954 1.0000417232513428
1326.950312341437 1.0001987218856812
1326.971145618793 0.9996829628944397
1326.991978896139 1.00019371509552
1327.0128121734913 0.9996994733810425
1327.0336454508251 0.9999598264694214
1327.0544787281476 1.0002108812332153
1327.0753120054644 1.000136375427246
1327.0961452827516 0.999980628490448
1327.1169785600257 1.0002212524414062
1327.1378118372636 0.9997711777687073
1327.1586451144713 0.9994626641273499
1327.179478391655 0.9999373555183411
1327.200311668792 1.0001734495162964
1327.221144945889 1.0001078844070435
1327.2419782229524 1.0002018213272095
1327.2628114999593 1.000135898590088
1327.2836447769266 0.9999105334281921
1327.3044780538312 0.9998164176940918
1327.3253113306803 0.9998094439506531
1327.346144607481 1.000027060508728
1327.36697788421 0.9999750852584839
1327.3878111608753 0.9998054504394531
1327.4086444374834 0.9996447563171387
1327.4294777140121 1.000045657157898
1327.4503109904688 0.9999090433120728
1327.471144266861 1.0001963376998901
1327.4919775431656 0.9999269843101501
1327.5128108194003 0.9998225569725037
1327.5336440955432 0.9999479651451111
1327.5544773716017 1.0000559091567993
1327.5753106475831 0.9995346665382385
1327.5961439234657 0.999962568283081
1327.6169771992568 1.000187635421753
1327.637810474964 1.0002994537353516
1327.6586437505657 1.0002763271331787
1327.6794770260797 0.9999670386314392
1327.7003103014833 0.9996815323829651
1327.7211435767854 1.0000290870666504
1327.7419768519933 0.9999980330467224
1327.7628101270852 0.9997765421867371
1327.7836434020692 0.9999273419380188
1327.8044766769533 0.9999714493751526
1327.8253099517158 0.9996966123580933
1327.866976500908 0.9999169111251831
1327.8878097753247 1.0002254247665405
1327.9086430496322 1.0002368688583374
1327.9294763238092 0.9999010562896729
1327.950309597864 0.9999728798866272
1327.9711428718047 0.9996841549873352
1327.99197614561 1.0000977516174316
1328.012809419298 1.0004032850265503
1328.0336426928473 1.0001381635665894
1328.0544759662662 1.000152587890625
1328.0753092395632 0.9999200701713562
1328.096142512717 1.0000661611557007
1328.116975785736 0.9999064207077026
1328.137809058629 0.999810516834259
1328.158642331374 1.0000457763671875
1328.1794756039797 0.9999246597290039
1328.2003088764552 1.000422477722168
1328.2211421487787 0.999916136264801
1328.241975420969 0.9999393820762634
1328.262808693005 0.9998958706855774
1328.283641964905 1.000159502029419
1328.3044752366477 0.9999864101409912
1328.3253085082422 0.9997575283050537
1328.346141779697 1.000267505645752
1328.3669750509907 1.0003321170806885
1328.3878083221327 1.0003132820129395
1328.4086415931313 1.0001051425933838
1328.4294748639654 1.0003721714019775
1328.450308134644 1.0002470016479492
1328.471141405176 1.0000081062316895
1328.49197467554 0.9996955394744873
1328.512807945755 1.0003857612609863
1328.5336412157997 1.0001133680343628
1328.5544744856836 1.0001628398895264
1328.5753077554152 1.0002866983413696
1328.5961410249736 1.0000587701797485
1328.6169742943675 0.99998539686203
1328.6378075636064 0.9998292922973633
1328.6586408326687 0.9999797940254211
1328.679474101574 1.000138759613037
1328.7003073703006 1.0000940561294556
1328.7211406388583 1.0002336502075195
1328.7419739072554 0.9998896718025208
1328.7628071754716 1.0003212690353394
1328.7836404435259 0.9998548626899719
1328.8044737113971 1.0000730752944946
1328.8253069790942 1.000079870223999
1328.8461402466164 0.9997938275337219
1328.866973513973 0.9999126195907593
1328.8878067811434 1.0002796649932861
1328.908640048146 0.9999939799308777
1328.9294733149604 1.000103235244751
1328.9503065816057 1.0000272989273071
1328.971139848061 1.000338077545166
1328.9919731143357 0.9997904896736145
1329.0128063804389 1.0001921653747559
1329.0336396463492 1.0002508163452148
1329.0544729120768 0.9999303221702576
1329.0753061776302 0.9995368123054504
1329.096139442989 1.0005779266357422
1329.1169727081724 1.0000072717666626
1329.1378059731594 0.9997918009757996
1329.1586392379595 0.9999421834945679
1329.1794725025818 0.9999470710754395
1329.2003057670054 0.9995490312576294
1329.22113903124 1.0000553131103516
1329.241972295295 0.9996447563171387
1329.2628055591492 1.0003941059112549
1329.2836388228218 0.9997860789299011
1329.3044720862927 0.999841034412384
1329.3253053495707 0.9997085928916931
1329.3461386126658 0.9999746084213257
1329.3669718755561 0.9996880292892456
1329.3878051382521 0.9998214244842529
1329.4086384007628 0.999773383140564
1329.4294716630675 1.0001317262649536
1329.4503049251853 0.9998287558555603
1329.4711381870961 1.000058650970459
1329.4919714488087 0.9999498128890991
1329.5128047103326 0.9999265074729919
1329.5336379716477 1.0000557899475098
1329.5544712327628 0.999968409538269
1329.5753044936878 1.0002065896987915
1329.5961377544015 1.0000152587890625
1329.6169710149238 1.0001583099365234
1329.6378042752337 1.0001773834228516
1329.658637535351 0.9997691512107849
1329.679470795255 0.9998703598976135
1329.7003040549546 1.0002222061157227
1329.7211373144733 0.9997807145118713
1329.7419705737755 1.000101089477539
1329.7628038328605 1.000342607498169
1329.7836370917491 1.0000712871551514
1329.804470350421 1.000320315361023
1329.8253036088856 1.0001789331436157
1329.8461368671526 1.000336766242981
1329.8669701252009 1.0001919269561768
1329.8878033830506 0.9998156428337097
1329.908636640681 1.0001789331436157
1329.9294698981012 1.0001986026763916
1329.9503031553209 1.000158429145813
1329.9711364123195 0.9998282790184021
1329.9919696691172 0.9991287589073181
1330.0128029256925 0.9992644786834717
1330.033636182055 1.0001240968704224
1330.054469438215 1.0002690553665161
1330.0753026941513 0.9989761114120483
1330.0961359498835 0.9998977184295654
1330.1169692053916 1.0001896619796753
1330.1378024606845 0.9998974204063416
1330.1586357157719 0.9999489188194275
1330.1794689706335 0.9998242259025574
1330.2003022252784 0.9998602867126465
1330.2211354797166 1.0001176595687866
1330.2419687339275 0.9999067187309265
1330.2628019879305 0.999582827091217
1330.2836352417053 0.9999812841415405
1330.3044684952613 0.9995599985122681
1330.3253017486081 0.9996305704116821
1330.3669682546224 1.0000343322753906
1330.3878015073087 1.0002819299697876
1330.4086347597643 1.0006088018417358
1330.4294680120086 1.000211238861084
1330.4503012640207 1.0003528594970703
1330.4711345158105 0.9999194145202637
1330.4919677673875 1.0002468824386597
1330.5128010187314 1.0001384019851685
1330.5336342698615 0.9999142289161682
1330.5544675207575 1.0002585649490356
1330.5753007714293 1.0000593662261963
1330.5961340218857 1.0003714561462402
1330.616967272107 1.0001903772354126
1330.637800522113 1.0001404285430908
1330.6586337718825 1.0000479221343994
1330.6794670214251 1.0005626678466797
1330.7003002707509 1.000120759010315
1330.7211335198392 1.000379204750061
1330.7419667686997 1.0003751516342163
1330.762800017342 1.0000396966934204
1330.7836332657455 1.0000288486480713
1330.80446651393 1.0001451969146729
1330.825299761875 1.0000394582748413
1330.8461330095902 1.0005857944488525
1330.866966257085 0.9997847676277161
1330.887799504339 1.0002503395080566
1330.9086327513621 1.0005302429199219
1330.9294659981636 1.0002111196517944
1330.9502992447233 1.0002331733703613
1330.9711324910609 1.0002423524856567
1330.9919657371556 1.0001890659332275
1331.0127989830173 1.000316858291626
1331.0336322286555 1.000256061553955
1331.0544654740497 1.0001732110977173
1331.07529871922 1.0002658367156982
1331.0961319641456 1.0004303455352783
1331.1169652088363 1.000524878501892
1331.1377984533012 1.0005706548690796
1331.1586316975206 1.0000852346420288
1331.179464941514 1.0001665353775024
1331.2002981852606 1.0000070333480835
1331.2211314287701 0.9999908804893494
1331.2419646720525 0.9997953772544861
1331.2627979150873 1.0000571012496948
1331.283631157894 0.9999512434005737
1331.3044644004522 0.9996753334999084
1331.3252976427716 1.0005797147750854
1331.3461308848619 0.9999437928199768
1331.3669641267024 1.00031316280365
1331.387797368303 1.0003015995025635
1331.4086306096733 0.9999109506607056
1331.429463850793 1.0001651048660278
1331.4502970916815 1.0001846551895142
1331.4711303323186 1.0002119541168213
1331.491963572714 1.0001550912857056
1331.512796812877 1.0000795125961304
1331.5336300527874 0.9999049305915833
1331.554463292465 0.9998501539230347
1331.575296531889 1.000119924545288
1331.5961297710696 0.9998795986175537
1331.616963010016 0.9999435544013977
1331.6377962487081 1.0001212358474731
1331.6586294871554 0.9999598264694214
1331.6794627253673 0.9998657703399658
1331.7002959633242 1.0001220703125
1331.7211292010445 0.999874472618103
1331.7419624385088 1.0003849267959595
1331.7627956757362 0.9998480677604675
1331.7836289127067 0.9999933838844299
1331.8044621494298 0.9998542666435242
1331.8252953859155 0.9998202919960022
1331.8461286221427 0.9996540546417236
1331.8669618581216 1.0002096891403198
1331.887795093861 1.0002776384353638
1331.9086283293416 0.999754011631012
1331.9294615645827 0.9999017715454102
1331.9502947995636 0.9999985098838806
1331.971128034294 0.9997841715812683
1331.9919612687838 0.9997868537902832
1332.0127945030124 1.0001574754714966
1332.0336277369995 0.9999952912330627
1332.0544609707247 1.0001283884048462
1332.0752942041975 1.0000079870224
1332.0961274374279 1.0002663135528564
1332.1169606703952 1.0002458095550537
1332.1377939031092 1.0003739595413208
1332.1586271355793 1.0003390312194824
1332.1794603677854 0.9999424815177917
1332.2002935997468 0.9993798136711121
1332.2211268314436 1.0002562999725342
1332.2419600628948 1.0004634857177734
1332.2627932940804 0.9998591542243958
1332.28362652501 1.000035285949707
1332.304459755693 1.000106692314148
1332.3252929861092 0.9997535347938538
1332.3461262162687 1.0000886917114258
1332.3669594461799 1.0002241134643555
1332.3877926758234 0.9999786615371704
1332.4086259052187 0.999308168888092
1332.4294591343448 0.9997459053993225
1332.4502923632224 0.9998042583465576
1332.4711255918303 1.0000375509262085
1332.491958820178 0.9996561408042908
1332.5127920482753 0.9999690651893616
1332.5336252761022 0.9999068379402161
1332.554458503678 1.0000079870224
1332.5752917309821 0.9996322393417358
1332.5961249580243 1.0000711679458618
1332.6169581848142 1.0002732276916504
1332.6377914113314 1.0001766681671143
1332.6586246375855 1.0000895261764526
1332.679457863586 1.0002883672714233
1332.700291089313 1.000296711921692
1332.7211243147851 1.000076413154602
1332.7419575399826 1.0001810789108276
1332.7627907649253 1.0000123977661133
1332.783623989592 1.0001856088638306
1332.8044572139927 0.9998428225517273
1332.8252904381372 1.000123143196106
1332.8669568856053 1.0002444982528687
1332.887790108948 1.0000566244125366
1332.9086233320127 1.000699520111084
1332.929456554819 1.000187635421753
1332.950289777346 1.0002769231796265
1332.971122999614 1.0002925395965576
1332.9919562216019 1.0004903078079224
1333.0127894433197 1.0003674030303955
1333.0336226647767 1.0003163814544678
1333.0544558859526 1.0005993843078613
1333.0752891068573 1.0004183053970337
1333.0961223274999 1.0003472566604614
1333.1169555478596 1.0009268522262573
1333.1377887679566 1.0005807876586914
1333.1586219877704 1.0004445314407349
1333.1794552073204 0.9999607801437378
1333.2002884265862 1.000388264656067
1333.221121645577 1.0002331733703613
1333.241954864303 1.000199317932129
1333.262788082743 1.0008050203323364
1333.2836213009175 1.0006428956985474
1333.3044545188243 1.0002151727676392
1333.325287736435 1.000366449356079
1333.346120953778 1.0006309747695923
1333.366954170833 0.9999849200248718
1333.3877873876097 1.0003418922424316
1333.4086206041172 1.0000178813934326
1333.4294538203355 1.000001072883606
1333.4502870362837 1.0003082752227783
1333.4711202519413 1.0000519752502441
1333.4919534673181 1.0005381107330322
1333.5127866824234 1.0004234313964844
1333.533619897237 1.0008739233016968
1333.554453111768 1.0007917881011963
1333.5752863260261 1.0005794763565063
1333.596119539991 1.0006093978881836
1333.6169527536815 1.0003918409347534
1333.6377859670777 1.000930666923523
1333.6586191801987 1.000500202178955
1333.6794523930241 1.00034499168396
1333.7002856055635 1.0007257461547852
1333.7211188178267 1.0003485679626465
1333.7419520297924 1.0003330707550049
1333.76278524148 1.0004075765609741
1333.7836184528699 1.0006595849990845
1333.8044516639707 1.0005786418914795
1333.8252848747923 1.00050687789917
1333.846118085314 1.000227928161621
1333.866951295555 1.0006380081176758
1333.8877845054951 1.0005208253860474
1333.9086177151535 1.000471830368042
1333.9294509245096 1.0004719495773315
1333.950284133573 1.0006247758865356
1333.9711173423527 1.000356674194336
1333.9919505508285 1.0003591775894165
1334.0127837590098 1.0006287097930908
1334.033616966906 1.0003920793533325
1334.0544501744964 1.0009843111038208
1334.0752833818003 1.0002344846725464
1334.0961165887973 1.0006145238876343
1334.1169497954966 1.0008608102798462
1334.1377830019073 1.0007152557373047
1334.158616208009 1.0007864236831665
1334.1794494138217 1.0006755590438843
1334.2002826193238 1.0009088516235352
1334.2211158245252 1.0000215768814087
1334.2419490294349 1.0006109476089478
1334.2627822340326 1.0005584955215454
1334.2836154383374 1.00084388256073
1334.3044486423285 1.0005929470062256
1334.3252818460255 1.000380039215088
1334.3461150494074 1.0006017684936523
1334.3669482524838 1.0007113218307495
1334.3877814552636 1.0002144575119019
1334.4086146577267 1.0002939701080322
1334.4294478598922 1.0004684925079346
1334.4502810617391 1.000351905822754
1334.4711142632768 1.0003939867019653
1334.4919474645142 1.000133991241455
1334.5127806654311 1.0008080005645752
1334.5336138660468 1.00084388256073
1334.5544470663401 1.000343680381775
1334.5752802663205 1.0002206563949585
1334.5961134659972 1.0010930299758911
1334.6169466653494 1.0007704496383667
1334.637779864396 1.000117301940918
1334.6586130631167 1.000327229499817
1334.6794462615203 1.0002846717834473
1334.7002794596162 1.000519037246704
1334.7211126573836 1.0006496906280518
1334.7419458548416 1.00016188621521
1334.7627790519693 1.000410795211792
1334.783612248786 1.0003873109817505
1334.8044454452709 1.0003520250320435
1334.8252786414325 1.0006128549575806
1334.846111837281 1.0002866983413696
1334.8669450327943 0.9999379515647888
1334.8877782279824 1.0005695819854736
1334.9086114228537 1.0005542039871216
1334.929444617388 1.0000437498092651
1334.950277811604 1.0000638961791992
1334.971111005481 0.9998394250869751
1334.9919441990376 0.9962948560714722
1335.0127773922532 0.9994906187057495
1335.0336105851363 1.0000215768814087
1335.0544437776966 1.0004924535751343
1335.0752769699131 1.0001660585403442
1335.096110161804 0.9998892545700073
1335.1169433533491 0.9998515248298645
1335.137776544557 1.0000121593475342
1335.158609735437 0.9996326565742493
1335.1794429259676 1.000309944152832
1335.2002761161675 0.9998131990432739
1335.2211093060164 0.9998576641082764
1335.2419424955326 1.000022053718567
1335.2627756846955 1.0001707077026367
1335.2836088735135 0.9999437928199768
1335.3044420619956 0.9999387860298157
1335.3252752501207 1.0000314712524414
1335.3669416253354 1.000105619430542
1335.387774812412 1.0002340078353882
1335.4086079991473 1.0000091791152954
1335.4294411855196 1.0003490447998047
1335.4502743715475 1.0001585483551025
1335.4711075572102 0.9997385740280151
1335.491940742516 1.0002785921096802
1335.5127739274735 0.9997706413269043
1335.5336071120619 1.0000720024108887
1335.5544402962996 0.9996725916862488
1335.575273480165 1.000805377960205
1335.5961066636673 1.0002278089523315
1335.6169398468146 0.999916672706604
1335.6377730295858 1.000002384185791
1335.6586062119993 1.000375509262085
1335.6794393940343 1.000273585319519
1335.7002725757081 1.0001620054244995
1335.7211057570003 1.0001424551010132
1335.7419389379188 0.9999270439147949
1335.7627721184722 1.000075340270996
1335.7836052986395 0.9998703002929688
1335.8044384784384 1.0005863904953003
1335.825271657848 0.999754011631012
1335.846104836876 0.9997334480285645
1335.8669380155313 1.0000923871994019
1335.887771193792 1.0002233982086182
1335.9086043716761 1.000192642211914
1335.9294375491627 0.999744176864624
1335.9502707262693 1.0003403425216675
1335.9711039029746 1.0000203847885132
1335.991937079287 1.0003445148468018
1336.0127702552143 0.9998387694358826
1336.0336034307345 0.9999112486839294
1336.054436605866 1.0003538131713867
1336.0752697805872 1.000382661819458
1336.0961029549055 1.0004692077636719
1336.1169361288298 1.0002697706222534
1336.1377693023376 1.0000789165496826
1336.158602475447 1.0002120733261108
1336.1794356481357 0.9999984502792358
1336.2002688204223 0.9999133348464966
1336.221101992284 1.0002524852752686
1336.241935163729 1.0002436637878418
1336.2627683347653 1.0006526708602905
1336.28360150537 0.9999489784240723
1336.3044346755617 0.9999802112579346
1336.3252678453177 0.9999855756759644
1336.346101014646 0.9999618530273438
1336.366934183554 0.9994946122169495
1336.3877673520192 0.99997478723526
1336.4086005200593 1.0004438161849976
1336.4294336876521 1.000259518623352
1336.4502668548148 1.000191330909729
1336.4711000215248 0.9999329447746277
1336.4919331877898 0.9999240636825562
1336.5127663536168 0.9999881386756897
1336.533599518984 0.9998371601104736
1336.5544326839074 1.0003479719161987
1336.575265848365 0.9996142387390137
1336.5960990123644 1.0002973079681396
1336.6169321759116 0.9997872114181519
1336.6377653389845 1.0000450611114502
1336.6585985016 0.999968945980072
1336.6794316637352 0.9998253583908081
1336.700264825407 0.9982588887214661
1336.7210979865922 0.999562680721283
1336.7419311472975 1.0000391006469727
1336.7627643075298 0.9996480941772461
1336.783597467266 0.999601423740387
1336.8044306265228 0.9999588131904602
1336.8252637852763 0.9998373985290527
1336.8460969435337 1.0001152753829956
1336.866930101301 0.999994695186615
1336.8877632585552 1.0000396966934204
1336.908596415312 0.9998122453689575
1336.929429571548 1.0000699758529663
1336.9502627272798 0.9999375343322754
1336.971095882483 0.9997544884681702
1336.9919290371638 0.9997929930686951
1337.0127621913286 0.9999378323554993
1337.0335953449533 0.9999223351478577
1337.0544284980535 0.9995173215866089
1337.0752616506052 0.9997203946113586
1337.0960948026238 0.9998661279678345
1337.1169279540857 1.0002422332763672
1337.137761104996 1.000223159790039
1337.15859425536 0.9997878074645996
1337.1794274051533 1.000027060508728
1337.200260554392 1.0004351139068604
1337.2210937030504 1.0000802278518677
1337.241926851134 0.9995890259742737
1337.2627599986477 0.9997870326042175
1337.2835931455668 1.0001450777053833
1337.3044262919063 0.9998329877853394
1337.325259437641 0.999761164188385
1337.346092582785 0.9996640086174011
1337.3669257273139 0.9996863007545471
1337.3877588712317 0.99992835521698
1337.4085920145433 0.9996864795684814
1337.429425157231 0.9997782111167908
1337.4502582992998 0.9997069239616394
1337.4710914407174 0.9987480640411377
1337.4919245814951 0.9997396469116211
1337.5127577216379 0.9997891783714294
1337.5335908611182 1.0000041723251343
1337.554423999951 0.9999927282333374
1337.5752571381097 0.9995099902153015
1337.5960902756074 0.9998974800109863
1337.6169234124186 0.9998070597648621
1337.637756548556 1.0000327825546265
1337.658589683993 0.9996188879013062
1337.6794228187327 0.9997527003288269
1337.7002559527784 0.9997767210006714
1337.7210890861031 0.9999756813049316
1337.7419222187202 0.9997445940971375
1337.7627553506022 0.9997771978378296
1337.7835884817518 0.9994761943817139
1337.804421612172 0.9997403621673584
1337.8252547418354 0.9997630715370178
1337.8669209989016 0.9995277523994446
1337.8877541262898 0.9998126029968262
1337.9085872528908 0.9998722672462463
1337.9294203787078 1.0003117322921753
1337.9502535037427 1.0001102685928345
1337.9710866279681 1.000024676322937
1337.9919197513964 0.9999951720237732
1338.012752874 1.0001318454742432
1338.0335859957909 0.9998321533203125
1338.054419116742 1.0001726150512695
1338.075252236856 1.0000977516174316
1338.0960853561348 0.9998239278793335
1338.116918474552 1.0003962516784668
1338.1377515921201 0.999958872795105
1338.1585847088122 1.0005089044570923
1338.1794178246414 0.9997515678405762
1338.200250939581 1.0001063346862793
1338.2210840536356 0.9995854496955872
1338.2419171668078 1.000146746635437
1338.2627502790729 1.00005042552948
1338.283583390445 0.9999210238456726
1338.3044165009 0.9998726844787598
1338.325249610453 1.0000436305999756
1338.3460827190804 1.0003434419631958
1338.3669158267885 0.9999570846557617
1338.3877489335846 1.0000983476638794
1338.4085820394475 1.0002093315124512
1338.4294151443955 1.0002964735031128
1338.4502482484081 0.9997989535331726
1338.4710813515067 0.999956488609314
1338.4919144536723 1.0002366304397583
1339.6794005526324 0.9997699856758118
1339.7002336504047 0.9999009966850281
1339.7210667489658 0.9998539686203003
1339.741899848292 0.9995492100715637
1339.7627329483994 0.9997531771659851
1339.783566049261 0.9993413686752319
1339.8043991508803 0.9997336268424988
1339.8252322532585 0.999738872051239
1339.8460653563666 0.9997421503067017
1339.866898460214 1.0001157522201538
1339.8877315647703 0.9996433854103088
1339.9085646700437 0.9994284510612488
1339.9293977760017 0.9997223615646362
1339.9502308826422 0.9999854564666748
1339.9710639899615 0.9996845722198486
1339.9918970979268 0.9997144937515259
1340.0127302065443 0.9996983408927917
1340.0335633157795 0.9995836019515991
1340.0543964256385 1.0001412630081177
1340.0752295360876 0.9995215535163879
1340.096062647122 0.9998349547386169
1340.1168957587372 0.9999496340751648
1340.137728870899 1.0002576112747192
1340.1585619836135 0.999922513961792
1340.179395096846 1.000186800956726
1340.2002282106023 0.9995585680007935
1340.2210613248487 0.9997999668121338
1340.2418944395808 0.9997406601905823
1340.2627275547952 0.9999610185623169
1340.283560670458 0.9997377395629883
1340.3043937865762 1.0000358819961548
1340.3252269031161 1.0001927614212036
1340.3460600200851 0.9998694062232971
1340.36689313745 1.0001603364944458
1340.3877262552185 0.9994359612464905
1340.408559373358 1.0003644227981567
1340.4293924918763 0.9998570680618286
1340.4502256107417 1.0000214576721191
1340.471058729952 0.9998827576637268
1340.4918918495061 1.000133752822876
1340.512724969373 1.0002024173736572
1340.5335580895612 1.0001853704452515
1340.5543912100402 0.9999743103981018
1340.575224330819 1.000072717666626
1340.596057451868 1.0002896785736084
1340.6168905731965 1.0001320838928223
1340.6377236947746 0.9999157190322876
1340.6585568166029 1.0000404119491577
1340.6793899386819 0.9999258518218994
1340.7002230609824 0.9997590780258179
1340.721056183515 1.0000836849212646
1340.741889306251 1.0000466108322144
1340.7627224291923 0.9997566342353821
1340.7835555523402 0.9998356699943542
1340.804388675666 1.0000059604644775
1340.8252217991817 1.0000618696212769
1340.84605492286 1.0001206398010254
1340.8668880467128 0.999760091304779
1340.887721170713 1.0002549886703491
1340.9085542948728 1.0002405643463135
1340.9293874191653 0.9999317526817322
1340.950220543603 0.999829888343811
1340.97105366816 0.9999019503593445
1340.9918867928393 0.9999727606773376
1341.0127199176436 1.000197410583496
1341.0335530425475 1.0002825260162354
1341.0543861675642 1.0001755952835083
1341.075219292668 0.9998193979263306
1341.096052417873 0.9997931718826294
1341.1168855431529 1.0002145767211914
1341.1377186685222 1.0000345706939697
1341.1585517939554 0.9999457001686096
1341.1793849194578 1.0002561807632446
1341.200218045033 0.9999390840530396
1341.221051170656 0.9999039769172668
1341.2418842963423 0.999643087387085
1341.2627174220668 0.999315619468689
1341.2835505478442 0.9998655915260315
1341.3043836736504 1.000025749206543
1341.3252167995004 1.0000420808792114
1341.34604992537 0.9995512962341309
1341.366883051274 0.9996089339256287
1341.387716177189 0.9995431303977966
1341.40854930312 1.0000159740447998
1341.4293824290735 0.9997793436050415
1341.4502155550254 0.9997840523719788
1341.4710486809913 0.9994427561759949
1341.4918818069475 0.9995992183685303
1341.5127149329103 1.0000925064086914
1341.533548058856 1.0001237392425537
1341.5543811848008 0.9997088313102722
1341.5752143107213 0.9996242523193359
1341.5960474366238 0.9997330904006958
1341.616880562515 0.9999443888664246
1341.6377136883718 1.0001280307769775
1341.658546814211 0.9995705485343933
1341.6793799400086 0.9997077584266663
1341.700213065782 0.9978047013282776
1341.7210461915083 0.9996146559715271
1341.7418793172042 0.9995754361152649
1341.7627124428468 1.0000414848327637
1341.7835455684533 0.9999755620956421
1341.8043786940004 1.000149130821228
1341.825211819496 1.0001187324523926
1341.8460449449472 0.9998061656951904
1341.866878070331 0.9996920824050903
1341.887711195665 1.000083327293396
1341.9085443209265 1.0006362199783325
1341.9293774461332 0.9996299743652344
1341.9502105712627 1.0001999139785767
1341.9710436963217 0.9997659921646118
1341.991876821319 0.9999276995658875
1342.0127099462416 0.999704897403717
1342.0335430710772 1.0004448890686035
1342.054376195834 0.9998109340667725
1342.0752093205197 0.9987403750419617
1342.0960424451114 0.9995445609092712
1342.1168755696276 1.000038743019104
1342.1377086940463 1.0001651048660278
1342.1585418183852 0.9996775388717651
1342.221041190823 1.000268816947937
1342.2418743147728 1.0006006956100464
1342.2627074386332 1.0003697872161865
1342.2835405623825 1.0004327297210693
1342.3043736860386 0.9998809099197388
1342.3252068095796 1.000311255455017
1342.346039933024 1.0003341436386108
1342.36687305635 0.9997434020042419
1342.3877061795758 1.000378966331482
1342.40853930268 1.000268816947937
1342.4293724256709 1.0003738403320312
1342.4502055485566 1.0000526905059814
1342.471038671316 1.0003232955932617
1342.491871793967 1.0008964538574219
1342.5127049164885 1.0000815391540527
1342.5335380388988 1.0005462169647217
1342.5543711611763 1.0003366470336914
1342.5752042833396 1.0004702806472778
1342.5960374053677 1.0002562999725342
1342.6168705272687 1.0005966424942017
1342.6377036490514 1.0004011392593384
1342.6585367707046 1.0001128911972046
1342.6793698922165 1.0002213716506958
1342.7002030136061 1.000178337097168
1342.721036134852 1.0004303455352783
1342.7418692559631 1.0002292394638062
1342.7627023769476 1.0005067586898804
1342.783535497785 1.0005502700805664
1342.8043686184935 1.0004310607910156
1342.8252017390523 1.0002758502960205
1342.8460348594797 1.0006729364395142
1342.866867979755 1.0003999471664429
1342.887701099897 1.0004116296768188
1342.9085342198844 1.0004369020462036
1342.9293673397256 1.0003687143325806
1342.9502004594308 1.000091791152954
1342.9710335789775 1.0002986192703247
1342.9918666983854 1.0003026723861694
1343.0126998176333 1.000350832939148
1343.0335329367404 1.0007327795028687
1343.0543660556853 1.000185251235962
1343.075199174487 1.0004169940948486
1343.0960322931246 1.000364899635315
1343.1168654116068 0.9999443292617798
1343.1376985299432 1.000324010848999
1343.1585316481226 0.9999306797981262
1343.1793647661339 1.0000427961349487
1343.2001978839862 1.0001904964447021
1343.2210310016892 1.0001521110534668
1343.241864119221 1.0004737377166748
1343.262697236601 1.0005760192871094
1343.2835303538086 1.0001875162124634
1343.304363470863 1.0001485347747803
1343.3251965877428 1.0003999471664429
1343.3460297044674 0.9999778866767883
1343.3668628210162 1.0002731084823608
1343.3876959374081 0.9996572732925415
1343.4085290536223 1.000119924545288
1343.4293621696781 1.0006216764450073
1343.4501952855546 1.0001864433288574
1343.471028401261 1.0001158714294434
1343.4918615168067 1.000285267829895
1343.5126946321705 0.9999235272407532
1343.533527747372 1.0000981092453003
1343.5543608623905 0.999315083026886
1343.5751939772451 0.9998542070388794
1343.596027091915 0.999912679195404
1343.6168602064195 1.0002683401107788
1343.637693320738 1.0004284381866455
1343.6585264348896 1.000139832496643
1343.6793595488598 1.0005282163619995
1343.7001926626613 1.000322699546814
1343.721025776268 1.00017511844635
1343.7418588896955 1.0002409219741821
1343.762692002953 0.9998487830162048
1343.783525116019 0.9997994303703308
1343.8043582289138 1.0000602006912231
1343.8251913416163 1.000449299812317
1343.846024454146 1.0001814365386963
1343.866857566482 1.0001332759857178
1343.8876906786438 1.000317096710205
1343.9085237906106 1.0002968311309814
1343.929356902402 1.000147819519043
1343.9501900139978 1.0002796649932861
1343.9710231254066 0.9997144341468811
1343.9918562366386 1.0001767873764038
1344.0126893476825 1.0002986192703247
1344.0335224585278 1.0001121759414673
1344.0543555691845 1.0002632141113281
1344.075188679661 1.0000149011611938
1344.0960217899376 1.0002779960632324
1344.1168549000333 1.0002096891403198
1344.1376880099278 1.0000368356704712
1344.158521119641 0.9996708035469055
1344.1793542291512 1.0003217458724976
1344.2001873384784 1.0000200271606445
1344.221020447602 0.9999480247497559
1344.241853556542 0.9998904466629028
1344.2626866652772 0.997219979763031
1344.283519773827 0.9995468854904175
1344.3043528821715 0.9996288418769836
1344.3251859903296 1.000015139579773
1344.3460190982814 1.0000022649765015
1344.3668522060357 1.0002245903015137
1344.387685313602 0.9999985694885254
1344.4085184209607 1.0004206895828247
1344.4293515281306 0.9998254776000977
1344.4501846350913 0.9999844431877136
1344.471017741862 1.0001518726348877
1344.4918508484225 1.000422477722168
1344.5126839547922 0.9999071359634399
1344.5335170609515 0.9994036555290222
1344.5543501669185 0.9997969269752502
1344.5751832726737 1.0004875659942627
1344.596016378236 0.9999971389770508
1344.6168494835858 0.9997715353965759
1344.6376825887316 1.0002338886260986
1344.6585156936837 1.0001606941223145
1344.7210150072913 1.000426173210144
1344.741848111423 1.0003349781036377
1344.7626812153383 1.000683307647705
1344.783514319057 1.0002001523971558
1344.8043474225587 1.0002840757369995
1344.8251805258626 0.999959409236908
1344.8460136289489 0.9997846484184265
1344.8668467318364 1.0001897811889648
1344.887679834505 1.000372290611267
1344.9085129369746 1.0003033876419067
1344.9293460392244 1.0006953477859497
1344.9501791412742 1.0001665353775024
1344.9710122431034 1.0003985166549683
1344.9918453447317 1.000839114189148
1345.0126784461386 1.0005872249603271
1345.0335115473335 1.0004711151123047
1345.0543446483264 1.0001182556152344
1345.0751777490966 1.0006074905395508
1345.0960108496638 0.9999953508377075
1345.1168439500077 1.0007399320602417
1345.1376770501477 1.0004795789718628
1345.1585101500634 1.0003714561462402
1345.1793432497745 1.0004502534866333
1345.2001763492608 1.000290036201477
1345.2210094485415 1.0002338886260986
1345.2418425475964 1.0006723403930664
1345.2626756464451 1.000068187713623
1345.2835087450671 1.0005321502685547
1345.3043418434822 1.0006928443908691
1345.32517494167 1.000312328338623
1345.3460080396499 1.0005980730056763
1345.366841137402 1.0004303455352783
1345.3876742349353 1.0000993013381958
1345.4085073322594 1.0004125833511353
1345.4293404293646 1.0003044605255127
1345.4501735262404 1.0001423358917236
1345.4710066228952 1.0002866983413696
1345.4918397193405 1.0000181198120117
1345.5126728155547 1.0000832080841064
1345.5335059115573 1.0001201629638672
1345.5543390073287 1.000359296798706
1345.5751721028882 1.0003749132156372
1345.5960051982154 1.0004717111587524
1345.61683829333 1.0002169609069824
1345.6376713882114 1.000169038772583
1345.6585044828794 1.0003297328948975
1345.6793375773136 1.000231385231018
1345.7001706715337 1.0000576972961426
1345.721003765519 1.0002164840698242
1345.74183685929 1.0003337860107422
1345.7626699528255 1.0003056526184082
1345.7835030461451 1.0001641511917114
1345.804336139229 1.0003368854522705
1345.8251692320969 1.000720500946045
1345.8460023247276 1.0002319812774658
1345.8668354171311 1.0002869367599487
1345.8876685093173 1.0002926588058472
1345.9085016012757 1.0005135536193848
1345.9293346929962 1.000430703163147
1345.950167784488 0.9998683929443359
1345.9710008757609 0.9998209476470947
1345.9918339667947 0.9999070167541504
1346.0126670576087 0.9999998807907104
1346.0335001481828 0.9996843934059143
1346.0543332385366 1.0000507831573486
1346.0751663286496 1.0002591609954834
1346.0959994185416 1.0005053281784058
1346.1168325081924 0.9998944997787476
1346.1376655976212 1.00009024143219
1346.1584986868081 1.000118374824524
1346.1793317757722 1.0002079010009766
1346.200164864494 1.000048041343689
1346.220997952992 1.0001335144042969
1346.2418310412468 1.0002079010009766
1346.2626641292773 0.9997733235359192
1346.2834972170638 0.9998062252998352
1346.3043303046156 1.0001285076141357
1346.3251633919424 0.9999602437019348
1346.3459964790338 0.9998061656951904
1346.3668295658795 0.9999342560768127
1346.3876626524993 1.000049352645874
1346.4084957388725 0.9998565912246704
1346.4293288250187 0.9998669028282166
1346.450161910918 1.0000312328338623
1346.4709949965793 1.0000442266464233
1346.4918280820132 0.9999529123306274
1346.5126611671985 1.0000134706497192
1346.5334942521554 0.9997401237487793
1346.554327336863 1.0004221200942993
1346.5751604213415 1.0004639625549316
1346.5959935055703 1.0001623630523682
1346.6168265895687 0.9997525215148926
1346.6376596733169 0.9998352527618408
1346.6584927568342 0.9998965859413147
1346.6793258401 0.9999049305915833
1346.7001589231343 1.0001399517059326
1346.720992005917 0.9996839165687561
1346.741825088467 0.9998130798339844
1346.7626581707646 1.000220775604248
1346.7834912528288 0.9999826550483704
1346.8043243346397 1.000010371208191
1346.8251574162166 1.000543475151062
1346.8459904975396 0.9997801780700684
1346.8668235786276 1.0001356601715088
1346.8876566594606 1.0002405643463135
1346.9084897400585 0.9996287822723389
1346.9293228204008 0.9999864101409912
1346.9501559005066 0.9999788999557495
1346.9709889803562 1.0000654458999634
1346.9918220599686 1.0000088214874268
1347.012655139324 0.9999690055847168
1347.0334882184318 0.9998169541358948
1347.0543212973016 0.9997398853302002
1347.0751543759231 1.0001469850540161
1347.0959874542853 1.0002797842025757
1347.1168205324084 0.999969482421875
1347.1376536102716 1.0001240968704224
1347.1584866878848 0.9995833039283752
1347.22098591924 1.0004279613494873
1347.241818995849 1.0008081197738647
1347.2626520722156 1.0004026889801025
1347.28348514833 1.0001461505889893
1347.304318224181 1.0005537271499634
1347.3251512997795 1.0001081228256226
1347.3459843751336 1.0002036094665527
1347.3668174502238 0.9817187190055847
1347.3876505250694 0.9974372386932373
1347.40848359965 0.9998819828033447
1347.4293166739849 0.9994527697563171
1347.4501497480542 0.9988675117492676
1347.4709828218774 0.9989376664161682
1347.4918158954333 0.9988895058631897
1347.5126489687425 0.9988276362419128
1347.533482041784 1.0002011060714722
1347.5543151145773 0.9984375238418579
1347.5751481871023 0.9998853206634521
1347.5959812593785 0.9988643527030945
1347.616814331385 0.9997148513793945
1347.6376474031417 0.9996860027313232
1347.6584804746283 0.9997424483299255
1347.6793135458643 0.9990454316139221
1347.7001466168285 0.9994716048240662
1347.7209796875416 0.9990133047103882
1347.7418127579824 0.9884135723114014
1347.7626458281704 0.9969407916069031
1347.7834788980856 0.9996365904808044
1347.8043119677473 0.9972213506698608
1347.825145037135 0.9993699193000793
1347.845978106268 0.9996780157089233
1347.866811175126 0.9996860027313232
1347.8876442437288 0.9997792840003967
1347.908477312055 0.9991452097892761
1347.9293103801251 0.9985536336898804
1347.9501434479187 1.000038981437683
1347.9709765154544 0.9990038275718689
1347.9918095827122 0.9993559718132019
1348.0126426497116 0.9945833086967468
1348.0334757164321 0.9920941591262817
1348.054308782893 0.9928249716758728
1348.0751418490738 0.9958195090293884
1348.095974914984 0.9947472214698792
1348.1168079806332 0.9991681575775146
1348.137641046011 0.9992117881774902
1348.1584741111064 0.9977010488510132
1348.1793071759394 0.9985064268112183
1348.200140240489 0.9990684986114502
1348.2209733047748 0.9954812526702881
1348.2418063687765 0.9979650378227234
1348.262639432513 0.9973002076148987
1348.2834724959641 0.9833407402038574
1348.304305559139 0.9796014428138733
1348.3251386220477 0.9984220862388611
1348.3459716846792 0.9986603260040283
1348.3668047470228 0.9982605576515198
1348.3876378090881 0.9991409778594971
1348.4084708708845 0.9993287324905396
1348.4293039324011 0.9978453516960144
1348.450136993628 0.9725366234779358
1348.4709700545839 0.9797699451446533
1348.4918031152486 0.9983293414115906
1348.512636175641 0.9989855289459229
1348.533469235741 0.9929046630859375
1348.5543022955676 0.9959431886672974
1348.5751353551007 0.9983099699020386
1348.595968414349 0.9966937303543091
1348.6168014733223 0.9985948801040649
1348.6376345320098 0.9970822334289551
1348.6584675904007 0.9944174289703369
1348.6793006485145 0.9920092821121216
1348.7001337063305 0.9892252683639526
1348.7209667638679 0.9955633878707886
1348.741799821106 0.9971354007720947
1348.7626328780646 0.9849410057067871
1348.7834659347225 0.959822952747345
1348.804298991099 0.9902224540710449
1348.8251320471736 0.9955044388771057
1348.8459651029655 0.9960008263587952
1348.8667981584538 0.9969426989555359
1348.887631213658 0.991227388381958
1348.9084642685573 0.996787965297699
1348.9292973231709 0.9985693097114563
1348.950130377478 0.9987888932228088
1348.970963431498 0.9974372386932373
1348.9917964852098 0.9910398721694946
1349.0126295386333 0.9960795044898987
1349.033462591747 0.9962676167488098
1349.05429564457 0.9978724122047424
1349.075128697082 0.9936051964759827
1349.0959617493022 0.9980188012123108
1349.1167948012094 0.9984803795814514
1349.1376278528232 0.9986864924430847
1349.1584609041222 0.9807266592979431
1349.179293955126 0.9364287257194519
1349.2001270058136 0.9950321316719055
1349.220960056204 0.998404324054718
1349.2417931062766 0.9954630136489868
1349.2626261560501 0.962091863155365
1349.2834592055044 0.9670147895812988
1349.3042922546574 0.9956218600273132
1349.325125303489 0.9998233318328857
1349.345958352018 1.0001858472824097
1349.3667914002233 0.9999132752418518
1349.3876244481246 0.999870777130127
1349.4084574957003 0.9998918771743774
1349.4292905429693 1.0004122257232666
1349.450123589911 1.0000802278518677
1349.4709566365448 1.000008463859558
1349.4917896828488 0.9993433356285095
1349.5126227288422 0.9997121691703796
1349.5334557745043 0.9996880888938904
1349.554288819854 0.9995266199111938
1349.5751218648697 0.9994947910308838
1349.5959549095708 0.9999687671661377
1349.6167879539362 1.0000293254852295
1349.6376209979849 1.000076413154602
1349.6584540416952 0.999888002872467
1349.720953170867 1.0003349781036377
1349.7417862132538 1.0002295970916748
1349.7626192553166 1.0005528926849365
1349.7834522970345 1.0003384351730347
1349.8042853384256 1.0004141330718994
1349.8251183794696 1.0003165006637573
1349.8459514201852 1.0007338523864746
1349.8667844605502 1.0003654956817627
1349.8876175005837 1.0007948875427246
1349.9084505402645 1.0002514123916626
1349.9292835796116 0.9999162554740906
1349.9501166186033 1.0005799531936646
1349.9709496572577 0.9999508857727051
1349.9917826955543 0.999807596206665
1350.0126157335112 1.0000734329223633
1350.0334487711073 1.0002055168151855
1350.0542818083609 1.0002204179763794
1350.0751148452505 1.0003842115402222
1350.095947881795 1.000110149383545
1350.1167809179822 0.9998990297317505
1350.137613953801 0.9999051094055176
1350.15844698926 1.000016212463379
1350.1792800243675 0.9995000958442688
1350.2001130591016 0.9998815059661865
1350.220946093481 0.9999685287475586
1350.2417791274838 0.9999390840530396
1350.2626121611286 0.9997798800468445
1350.2834451944038 1.0002442598342896
1350.3042782272973 1.0000526905059814
1350.3251112598273 1.0000643730163574
1350.3459442919727 1.000016450881958
1350.3667773237512 1.0000393390655518
1350.3876103551409 0.9996725916862488
1350.40844338616 0.9999642372131348
1350.4292764167865 1.0004345178604126
1350.4501094470388 0.9998161792755127
1350.470942476895 1.0005617141723633
1350.491775506373 0.9999601244926453
1350.5126085354505 1.0001453161239624
1350.5334415641457 0.9997668266296387
1350.5542745924367 0.9998622536659241
1350.5751076203412 1.0000919103622437
1350.595940647837 0.9999148845672607
1350.6167736749421 1.0003458261489868
1350.637606701634 1.000206708908081
1350.658439727931 0.9996711015701294
1350.6792727538102 0.9995940923690796
1350.7001057792897 0.999861478805542
1350.7209388043473 0.9998105764389038
1350.741771829 0.9999208450317383
1350.7626048532259 1.0000673532485962
1350.7834378770422 0.9997270107269287
1350.8042709004367 0.9996563792228699
1350.8251039233965 0.9994061589241028
1350.8459369459288 0.9995808601379395
1350.8667699680416 0.9997323751449585
1350.8876029897121 0.9998730421066284
1350.9084360109573 0.9994412660598755
1350.9292690317543 0.9996750950813293
1350.9501020521207 0.9993795156478882
1350.9709350720434 0.9991739988327026
1350.9917680915094 0.9997164607048035
1351.0126011105356 0.9993669390678406
1351.0334341290993 0.9993749856948853
1351.0542671472172 0.99946528673172
1351.075100164866 0.9995467662811279
1351.095933182063 0.9996956586837769
1351.1167661987845 0.9994016885757446
1351.1375992150474 0.9993712902069092
1351.1584322308283 0.9998225569725037
1351.1792652461436 0.9996146559715271
1351.20009826097 0.9999129772186279
1351.220931275324 0.9994294047355652
1351.2417642891817 0.9993221163749695
1351.2625973025597 1.0000625848770142
1351.2834303154336 0.9994116425514221
1351.3042633278205 0.999403715133667
1351.325096339696 0.9998533129692078
1351.3459293510764 1.0002468824386597
1351.3667623619374 0.9995524287223816
1351.3875953722948 0.9992474317550659
1351.4084283821346 0.9996858835220337
1351.4292613914506 0.9996377825737
1351.450094400249 0.9994180202484131
1351.4709274084996 0.9998189806938171
1351.491760416225 0.9998666048049927
1351.5125934234002 0.9993997812271118
1351.5334264300411 0.9998822212219238
1351.554259436123 0.9992591738700867
1351.5750924416607 0.9997092485427856
1351.5959254466293 0.9994096755981445
1351.6167584510438 0.9995914697647095
1351.6375914548792 0.9995746612548828
1351.6584244581502 0.9991543889045715
1351.6792574608314 0.9997437000274658
1351.7000904629376 0.9993119239807129
1351.7209234644429 1.000017762184143
1351.7417564653622 0.9996314644813538
1351.7625894656696 0.9995588064193726
1351.783422465379 0.9988008141517639
1351.804255464465 0.9998948574066162
1351.8250884629413 0.9994668364524841
1351.845921460782 0.9995732307434082
1351.8667544580003 0.99971604347229
1351.8875874545806 0.9999920725822449
1351.9084204505061 0.9996132254600525
1351.9292534457902 0.9998111128807068
1351.9500864404063 0.9997057318687439
1351.970919434368 0.9997605681419373
1351.991752427648 0.9996514916419983
1352.0125854202597 0.9992594122886658
1352.033418412176 0.999902069568634
1352.0542514034096 0.999958336353302
1352.0750843939334 1.0
1352.09591738376 0.9995706081390381
1352.1167503728618 1.0003104209899902
1352.1375833612517 0.9997220635414124
1352.1584163489017 0.9998021721839905
1352.2209153074168 0.9999750852584839
1352.241748292071 0.999987006187439
1352.2625812759663 1.0002087354660034
1352.2834142590752 1.0000004768371582
1352.3042472414093 1.0000848770141602
1352.3250802229509 1.0000901222229004
1352.3459132036821 0.9997628927230835
1352.3667461836149 1.0001353025436401
1352.3875791627208 0.9997611045837402
1352.4084121410128 0.9998866319656372
1352.4292451184629 1.0002435445785522
1352.4500780950832 1.000014066696167
1352.4709110708461 1.0001065731048584
1352.4917440457643 1.000097393989563
1352.5125770198106 1.0001205205917358
1352.5334099929978 1.0000513792037964
1352.5542429652992 1.0003966093063354
1352.5750759367284 1.0000226497650146
1352.595908907259 0.9999576807022095
1352.6167418769057 1.0001074075698853
1352.6375748456433 1.0002223253250122
1352.6584078134858 1.00005042552948
1352.6792407804203 1.000214695930481
1352.7000737464325 0.9997798204421997
1352.720906711539 0.9999314546585083
1352.7417396757185 1.0000929832458496
1352.762572638989 1.0001461505889893
1352.78340560133 1.0001903772354126
1352.804238562762 0.9998068809509277
1352.8250715232664 1.0001298189163208
1352.8459044828667 0.9999943971633911
1352.866737441546 1.0000609159469604
1352.8875703993303 0.9997053742408752
1352.9084033562065 0.9997142553329468
1352.9292363122026 0.9998654723167419
1352.9500692673191 0.9995740652084351
1352.970902221558 1.000312089920044
1352.991735174953 1.00019371509552
1353.0125681275 1.0004463195800781
1353.033401079237 0.9997072815895081
1353.0542340301643 0.9998855590820312
1353.075066980324 1.0002340078353882
1353.0958999297213 0.9999611973762512
1353.1167328784034 0.9998999238014221
1353.13756582638 1.0000337362289429
1353.158398773703 1.0000810623168945