1354.1388183756683 0.9994220733642578
1354.159652351258 0.9994341135025024
1354.1804863263542 0.9994162321090698
1354.2013203009246 0.9995098114013672
1354.2221542749667 0.9996687173843384
1354.24298824848 0.9996069669723511
1354.263822221434 0.999222457408905
1354.28465619384 0.9995611310005188
1354.3054901656687 0.999322772026062
1354.3263241369334 0.999499499797821
1354.3471581076062 0.9994500875473022
1354.3679920777017 0.9994086623191833
1354.3888260471938 0.9995404481887817
1354.4096600160972 0.9993011355400085
1354.4304939843873 0.9994868636131287
1354.4513279520804 0.9994357228279114
1354.472161919153 0.9994285106658936
1354.4929958856117 0.9993516206741333
1354.5138298514637 0.9995288848876953
1354.5346638166875 0.9997296929359436
1354.5554977813001 0.9995402097702026
1354.5763317452806 0.9995092749595642
1354.5971657086475 0.999643087387085
1354.61799967138 0.9994271397590637
1354.638833633497 0.9995750188827515
1354.6596675949786 0.9994063377380371
1354.6805015558436 0.9998337626457214
1354.701335516073 0.9995623826980591
1354.7221694756759 0.9994292855262756
1354.7430034346635 0.999754786491394
1354.7638373930158 0.9995331764221191
1354.7846713507536 0.9995935559272766
1354.8055053078676 0.9996606707572937
1354.826339264349 0.9995793700218201
1354.847173220208 0.9998721480369568
1354.8680071754566 0.9997189044952393
1354.8888411300754 0.9999161958694458
1354.9096750840856 0.9998614192008972
1354.9305090374692 0.9996052980422974
1354.951342990247 0.9999631643295288
1354.9721769424004 0.9996729493141174
1354.9930108939518 0.9998793601989746
1355.0138448448818 0.999836802482605
1355.0346787952126 0.9998324513435364
1355.0555127449254 0.9998177886009216
1355.0763466940425 0.9999572038650513
1355.0971806425453 0.9996989369392395
1355.1180145904452 0.9997758865356445
1355.1388485377547 0.9996581673622131
1355.159682484455 0.9995390772819519
1355.1805164305683 0.9998036623001099
1355.2013503760759 0.999750018119812
1355.2221843210002 0.9996606111526489
1355.2430182653225 0.99993896484375
1355.263852209065 1.000059962272644
1355.284686152209 0.9998481273651123
1355.305520094777 0.9998167753219604
1355.3263540367507 0.9995068907737732
1355.3471879781514 0.9996705651283264
1355.3680219189614 0.9999539852142334
1355.3888558592023 0.9997064471244812
1355.4096897988559 0.9997588396072388
1355.4305237379344 0.9998910427093506
1355.4513576764487 0.9998224377632141
1355.4721916143915 0.9999309182167053
1355.4930255517536 0.9999098181724548
1355.5138594885477 0.999701976776123
1355.5346934247848 0.9997128248214722
1355.555527360447 0.999859631061554
1355.576361295556 0.9995561242103577
1355.5971952300933 0.9998559951782227
1355.6180291640808 0.9998067021369934
1355.6388630974998 0.9996568560600281
1355.659697030372 1.000212550163269
1355.6805309626795 1.0001482963562012
1355.7013648944433 1.000043272972107
1355.7221988256454 0.999634861946106
1355.743032756307 0.9998335242271423
1355.7638666864098 0.9995017051696777
1355.7847006159657 0.9997045993804932
1355.8055345449857 0.9999250769615173
1355.8263684734513 0.9998139142990112
1355.8472024013845 0.9998547434806824
1355.868036328776 0.999811589717865
1355.8888702556183 0.9997398853302002
1355.9097041819218 0.9998519420623779
1355.9305381076983 0.9998350739479065
1355.9513720329292 0.999834418296814
1355.972205957636 1.0001996755599976
1355.9930398817999 1.0001320838928223
1356.0138738054425 1.0000114440917969
1356.0347077285446 0.9998790621757507
1356.0555416511277 0.9999648928642273
1356.0763755731734 0.9999693036079407
1356.0972094947028 0.9997953772544861
1356.118043415697 0.9998821020126343
1356.1388773361778 1.0001471042633057
1356.1597112561255 0.999795138835907
1356.1805451755622 0.9996344447135925
1356.2013790944684 0.9997856020927429
1356.2222130128657 0.9998806715011597
1356.243046930735 0.999894380569458
1356.263880848088 0.9999282956123352
1356.284714764935 1.000063419342041
1356.305548681268 1.0001379251480103
1356.3263825970773 0.9989237785339355
1356.3472165123744 1.0002793073654175
1356.3680504271704 0.9998887777328491
1356.3888843414463 0.9999998807907104
1356.4097182552227 0.9997888207435608
1356.4305521684819 1.0000603199005127
1356.4513860812433 0.9997711181640625
1356.472219993489 0.9999352097511292
1356.4930539052395 1.0003011226654053
1356.5138878164762 1.0002201795578003
1356.5347217272197 0.999815821647644
1356.5555556374513 0.9998507499694824
1356.5763895471912 1.0000920295715332
1356.597223456421 1.0000652074813843
1356.6180573651618 0.9998819828033447
1356.6597251811384 1.0000566244125366
1356.6805590883764 1.0000994205474854
1356.7013929951283 0.9999416470527649
1356.7222269013757 1.0000300407409668
1356.7430608071388 1.0004334449768066
1356.7638947123987 0.9998217225074768
1356.784728617176 1.0001717805862427
1356.8055625214517 1.000311017036438
1356.8263964252365 0.9999272227287292
1356.8472303285416 0.9999150633811951
1356.8680642313568 1.0001399517059326
1356.8888981336743 0.9999472498893738
1356.9097320355038 1.0000187158584595
1356.9305659368563 0.999783456325531
1356.9513998377124 0.9998949766159058
1356.972233738093 0.9999546408653259
1356.9930676379793 1.0000170469284058
1357.0139015373913 1.000118613243103
1357.0347354363098 0.9998968839645386
1357.0555693347558 1.0000606775283813
1357.0764032327097 1.0002495050430298
1357.0972371301923 1.0000269412994385
1357.1180710271842 1.0000122785568237
1357.1389049237066 1.0001156330108643
1357.1597388197395 0.9998522400856018
1357.1805727153035 0.9999426603317261
1357.2014066103795 0.9999964833259583
1357.2222405049883 1.0000649690628052
1357.2430743991101 0.9997009634971619
1357.263908292766 0.9998586773872375
1357.2847421859362 1.0000157356262207
1357.3055760786415 0.9993646740913391
1357.3264099708622 1.0001450777053833
1357.3472438626193 0.9998318552970886
1357.3680777538932 1.0002871751785278
1357.3889116447042 1.0003306865692139
1357.4097455350332 1.0001078844070435
1357.430579424901 0.9999598264694214
1357.4514133142875 0.9996797442436218
1357.4722472032033 1.0000311136245728
1357.4930810916596 0.9996271133422852
1357.5139149796464 0.9999955296516418
1357.5347488671541 1.0000896453857422
1357.555582754204 0.9993211627006531
1357.5764166407755 0.9997984766960144
1357.59725052689 1.0000708103179932
1357.6180844125274 0.9999033212661743
1357.6389182977086 0.9999798536300659
1357.659752182414 1.0001916885375977
1357.6805860666636 0.9999648928642273
1357.7014199504383 0.9998950958251953
1357.7222538337487 1.000229001045227
1357.7430877166053 0.999912679195404
1357.7639215989982 0.9998263120651245
1357.784755480918 1.0000666379928589
1357.805589362375 1.00008225440979
1357.8264232433798 1.0001916885375977
1357.847257123913 0.99981290102005
1357.8680910039948 1.0001158714294434
1357.8889248836056 1.0000247955322266
1357.909758762766 0.9998364448547363
1357.930592641466 1.0000169277191162
1357.9514265196967 1.0002037286758423
1357.9722603974778 1.0002319812774658
1357.99309427479 1.0002501010894775
1358.013928151644 0.999552845954895
1358.0347620280497 0.9997825026512146
1358.0555959039878 1.0002508163452148
1358.0764297794785 1.000131607055664
1358.0972636545023 1.0002154111862183
1358.1180975290793 1.0000741481781006
1358.1389314031903 1.0003165006637573
1358.1597652768555 0.9999728202819824
1358.1805991500548 1.0002890825271606
1358.2014330228094 1.0001691579818726
1358.2222668950988 1.0000388622283936
1358.2431007669443 1.0003610849380493
1358.2639346383253 1.0002193450927734
1358.2847685092624 0.9998648762702942
1358.3056023797365 1.000150203704834
1358.3264362497675 1.0001386404037476
1358.3472701193643 1.0000098943710327
1358.3681039884968 0.9998235106468201
1358.388937857161 1.000184416770935
1358.4097717253835 0.9998837113380432
1358.430605593144 1.0000298023223877
1358.451439460464 0.9997790455818176
1358.4722733273225 0.9999397397041321
1358.4931071937408 0.9998731017112732
1358.5139410596985 1.0000064373016357
1358.5347749252169 1.0001111030578613
1358.555608790275 1.0001716613769531
1358.5764426548938 1.000113606452942
1358.5972765190536 0.9999009370803833
1358.6181103827748 1.0000640153884888
1358.6389442460372 1.0000602006912231
1358.6597781088615 0.9999595880508423
1358.6806119712278 0.9997678399085999
1358.7014458331566 0.9999591112136841
1358.7222796946276 0.9997803568840027
1358.7431135556617 0.9999052882194519
1358.7639474162386 1.0002162456512451
1358.7847812763791 0.9996470808982849
1358.8056151360631 0.9996519088745117
1358.8264489953112 0.9995681643486023
1358.8472828541032 1.000062346458435
1358.8681167124596 0.9998539090156555
1358.8889505703607 1.0001444816589355
1358.9097844278267 0.9998260140419006
1358.9306182848377 1.0000678300857544
1358.9514521414142 1.0000354051589966
1358.9722859975363 1.0002650022506714
1358.9931198532242 0.9998584389686584
1359.0139537084578 1.0000269412994385
1359.034787563258 1.0000120401382446
1359.0556214176047 1.0001376867294312
1359.0764552715182 0.999779224395752
1359.0972891249783 1.0001096725463867
1359.1181229780063 1.0001168251037598
1359.1597906827235 0.9998394846916199
1359.180624534414 0.9997447729110718
1359.2014583856726 0.9999570250511169
1359.222292236479 0.9996417164802551
1359.2431260868543 1.0000360012054443
1359.2639599367783 0.9998751878738403
1359.2847937862712 1.0001327991485596
1359.3056276353127 1.0001511573791504
1359.3264614839238 1.0002636909484863
1359.3472953320945 1.0001133680343628
1359.3681291798146 1.0000598430633545
1359.3889630271046 1.000118374824524
1359.409796873945 1.0000150203704834
1359.430630720355 1.0002416372299194
1359.451464566316 0.9997996687889099
1359.4722984118373 1.0000555515289307
1359.4931322569296 1.0001111030578613
1359.5139661015828 1.00009024143219
1359.534799945787 1.000132441520691
1359.5556337895632 0.9998520016670227
1359.5764676328902 0.999951183795929
1359.597301475789 1.0003684759140015
1359.61813531824 0.9998849034309387
1359.638969160263 1.0004446506500244
1359.659803001838 0.9998542070388794
1359.6806368429857 1.0000648498535156
1359.7014706836858 1.0001413822174072
1359.7223045239584 1.0002506971359253
1359.7431383637843 1.0000025033950806
1359.7639722031831 0.9996220469474792
1359.784806042135 1.0001500844955444
1359.8056398806605 1.0001133680343628
1359.8264737187394 0.9996538162231445
1359.8473075563925 1.0001335144042969
1359.8681413935988 1.0000394582748413
1359.8889752303792 1.0003533363342285
1359.909809066714 1.000244379043579
1359.930642902623 0.9998902678489685
1359.9514767380865 1.0002461671829224
1359.9723105731248 1.0001909732818604
1359.9931444077179 0.9999287724494934
1360.013978241886 1.0000230073928833
1360.0348120756087 1.0003585815429688
1360.055645908907 1.000245213508606
1360.0764797417605 0.9998666644096375
1360.0973135741897 0.9999883770942688
1360.1181474061743 0.9999899864196777
1360.1389812377352 1.0001533031463623
1360.1598150688615 1.0000613927841187
1360.1806488995442 0.9999885559082031
1360.2014827297928 1.0001976490020752
1360.222316559618 1.000116229057312
1360.2431503889995 0.9999251961708069
1360.263984217958 1.0000338554382324
1360.2848180464828 1.000013828277588
1360.3056518745652 1.000002145767212
1360.326485702224 1.0001641511917114
1360.3473195294403 1.0003938674926758
1360.3681533562335 0.9998399019241333
1360.3889871825845 1.0003941059112549
1360.4098210085128 0.9998374581336975
1360.4306548339991 1.0000373125076294
1360.451488659063 0.9999456405639648
1360.472322483685 0.9999609589576721
1360.4931563078846 1.0003950595855713
1360.513990131643 1.0001658201217651
1360.5348239549794 1.0001566410064697
1360.5556577778743 1.0001060962677002
1360.5764916003475 1.0000816583633423
1360.59732542238 1.0001256465911865
1360.6181592439907 1.0001884698867798
1360.6389930651608 1.0001808404922485
1360.6598268859095 1.0001296997070312
1360.6806607062179 0.9998779296875
1360.701494526105 0.9997871518135071
1360.7223283455521 1.0000665187835693
1360.7431621645783 0.9998339414596558
1360.7639959831645 1.0002065896987915
1360.78482980133 1.0001484155654907
1360.8056636190556 1.0000889301300049
1360.8264974363615 1.0003974437713623
1360.847331253227 1.000079870223999
1360.8681650696728 0.9999698996543884
1360.8889988856795 1.0001200437545776
1360.9098327012662 1.0000067949295044
1360.9306665164236 1.000235915184021
1360.9515003311415 1.000056266784668
1360.9723341454403 1.0000625848770142
1360.9931679592999 1.000105381011963
1361.0140017727408 0.9998157620429993
1361.0348355857427 1.000058650970459
1361.055669398326 0.9998948574066162
1361.0765032104703 0.9995394945144653
1361.0973370221964 0.9998520612716675
1361.118170833484 0.9998971819877625
1361.1390046443532 1.0000050067901611
1361.1598384547842 0.9958446025848389
1361.1806722647975 0.9997928142547607
1361.2015060743724 0.999889075756073
1361.2223398835297 0.9998874664306641
1361.2431736922488 1.0000659227371216
1361.2640075005506 1.0000287294387817
1361.2848413084248 0.9999675154685974
1361.3056751158617 1.0001238584518433
1361.3265089228812 0.9999848008155823
1361.3473427294637 0.9999694228172302
1361.3681765356189 1.000357747077942
1361.389010341357 0.9999207258224487
1361.4098441466683 0.9999056458473206
1361.4306779515543 0.9998041391372681
1361.4515117560222 0.9998570680618286
1361.4723455600435 1.0001716613769531
1361.493179363648 0.9998945593833923
1361.514013166817 1.0000680685043335
1361.5348469695691 0.9999221563339233
1361.5556807718856 0.9995343685150146
1361.5765145737857 0.9995659589767456
1361.59734837525 0.9998461604118347
1361.618182176299 1.000062108039856
1361.659849777109 0.9998512864112854
1361.6806835768812 1.000167727470398
1361.7015173762177 1.0001275539398193
1361.7223511751392 0.9998764395713806
1361.7431849736256 1.0000215768814087
1361.764018771687 1.0002052783966064
1361.7848525693335 1.0004626512527466
1361.8056863665552 0.9999829530715942
1361.8265201633421 1.000282645225525
1361.8473539597148 1.00026535987854
1361.8681877556528 1.0001009702682495
1361.8890215511767 1.0001180171966553
1361.9098553462666 1.0000580549240112
1361.9306891409421 0.9999505877494812
1361.951522935184 0.9999415874481201
1361.9723567290118 1.000282645225525
1361.9931905224057 1.0001336336135864
1362.0140243153865 1.0000243186950684
1362.0348581079436 1.0000861883163452
1362.0556919000674 0.9999703168869019
1362.076525691768 0.9998129606246948
1362.0973594830555 1.0001705884933472
1362.11819327392 1.0000704526901245
1362.1390270643515 1.0001327991485596
1362.1598608543704 1.0001964569091797
1362.180694643957 1.000128984451294
1362.2015284331305 1.0000793933868408
1362.2223622218721 1.0002477169036865
1362.2431960102015 1.0002496242523193
1362.2640297980986 1.0002965927124023
1362.284863585584 0.9998909831047058
1362.305697372637 1.0001702308654785
1362.3265311592788 0.9999783635139465
1362.3473649454888 1.0001477003097534
1362.368198731288 1.0002260208129883
1362.389032516665 1.0000263452529907
1362.4098663016118 1.0000154972076416
1362.430700086147 1.0002832412719727
1362.4515338702515 0.999951183795929
1362.472367653945 1.0000722408294678
1362.4932014372082 1.0002888441085815
1362.514035220061 1.0002119541168213
1362.5348690024837 1.0001765489578247
1362.555702784496 1.00005042552948
1362.5765365660782 1.000187635421753
1362.5973703472505 0.999640166759491
1362.6182041280035 1.0001271963119507
1362.6390379083268 1.00023353099823
1362.6598716882406 1.0002954006195068
1362.6807054677251 1.0004390478134155
1362.701539246801 1.0001957416534424
1362.7223730254477 0.9998172521591187
1362.7432068036858 0.9999768137931824
1362.764040581495 0.9999772906303406
1362.7848743588966 1.000268816947937
1362.805708135869 1.00001859664917
1362.8265419124339 1.000226378440857
1362.8473756885708 0.9999848008155823
1362.8682094643 1.000098466873169
1362.8890432396015 0.9998694658279419
1362.909877014496 0.999743640422821
1362.930710788973 1.000083565711975
1362.9515445630232 1.0001479387283325
1362.9723783366667 1.000319242477417
1362.9932121098836 1.0000184774398804
1363.0140458826938 1.0001658201217651
1363.0348796550782 1.000003695487976
1363.0557134270564 1.0002013444900513
1363.076547198609 1.0001163482666016
1363.0973809697555 1.0000743865966797
1363.118214740477 1.0000996589660645
1363.1390485107931 0.9999690651893616
1363.1598822806943 1.0002846717834473
1363.180716050171 0.9999821186065674
1363.2015498192432 1.0000392198562622
1363.2223835878906 1.0001801252365112
1363.2432173561342 1.0000475645065308
1363.2640511239542 1.0001500844955444
1363.2848848913702 1.000137448310852
1363.305718658363 1.0000767707824707
1363.3265524249528 1.00009286403656
1363.3473861911193 1.0000890493392944
1363.3682199568836 1.0003482103347778
1363.3890537222353 1.0000663995742798
1363.4098874871652 1.0003701448440552
1363.4307212516826 0.999828577041626
1363.451555015799 1.0002726316452026
1363.472388779504 0.9998284578323364
1363.4932225427874 0.9999210834503174
1363.5140563056707 1.0001200437545776
1363.5348900681329 1.0000333786010742
1363.5557238301953 1.000085473060608
1363.5765575918376 1.0002588033676147
1363.5973913530806 1.0000914335250854
1363.618225113914 1.0003652572631836
1363.6390588743288 1.000099539756775
1363.6598926343445 0.9976901412010193
1363.680726393942 1.0002617835998535
1363.7015601531414 1.0000779628753662
1363.7223939119233 0.9999333620071411
1363.7432276703078 1.0002095699310303
1363.7640614282752 1.0003660917282104
1363.7848951858457 0.9999473690986633
1363.8057289430003 0.9999070167541504
1363.8265626997586 0.9996325373649597
1363.8473964561117 1.000000238418579
1363.8682302120494 1.00038480758667
1363.8890639675922 0.9998522996902466
1363.9098977227209 0.9996482729911804
1363.9307314774553 0.9998087882995605
1363.9515652317762 0.9998732209205627
1363.9723989857039 0.9998224973678589
1363.9932327392187 0.9999456405639648
1364.0140664923415 1.0000847578048706
1364.0349002450619 0.9997185468673706
1364.0557339973711 0.999609649181366
1364.0765677492795 0.9999669790267944
1364.0974015007973 0.9998948574066162
1364.1182352519147 1.0000687837600708
1364.1599027529417 1.0001273155212402
1364.1807365028521 0.9998763799667358
1364.2015702523745 0.9999597668647766
1364.2224040014992 1.0002069473266602
1364.2432377502168 0.9999716877937317
1364.2640714985482 1.000213384628296
1364.2849052464735 1.0003728866577148
1364.3057389940038 0.9998190999031067
1364.3265727411488 0.9998669028282166
1364.3474064879003 1.0001776218414307
1364.3682402342477 1.0000618696212769
1364.3890739802123 1.0002070665359497
1364.4099077257745 0.9997896552085876
1364.4307414709554 0.9999091029167175
1364.4515752157347 1.0000680685043335
1364.472408960134 1.000110387802124
1364.4932427041438 1.0001572370529175
1364.5140764477546 0.999857485294342
1364.534910190987 0.9999373555183411
1364.5557439338218 1.000077247619629
1364.57657767628 1.000184178352356
1364.597411418342 1.0002467632293701
1364.6182451600291 1.0002583265304565
1364.6390789013315 1.00023353099823
1364.6599126422404 0.9998763799667358
1364.6807463827768 1.000279426574707
1364.701580122921 1.000067114830017
1364.722413862694 1.0002751350402832
1364.7432476020772 1.0002050399780273
1364.7640813410908 1.0001170635223389
1364.7849150797163 0.9997879862785339
1364.8057488179745 1.0002673864364624
1364.826582555846 1.0004199743270874
1364.8474162933526 0.9999141693115234
1364.8682500304847 1.0003412961959839
1364.8890837672332 0.9999765157699585
1364.9099175036197 1.0001593828201294
1364.930751239625 1.000295877456665
1364.9515849752859 0.9999170303344727
1364.972418710566 1.0002623796463013
1364.9932524454746 1.0002137422561646
1365.0140861800069 0.9999521374702454
1365.0349199141838 1.000252366065979
1365.0557536479964 1.0001946687698364
1365.0765873814369 1.0001083612442017
1365.0974211145256 1.0000817775726318
1365.1182548472445 0.9999460577964783
1365.1390885796147 0.9998964071273804
1365.1599223116277 1.0001176595687866
1365.1807560432749 1.0002063512802124
1365.2015897745778 0.9999763369560242
1365.222423505518 1.0001758337020874
1365.2432572361172 0.9998689293861389
1365.2640909663567 0.9998468160629272
1365.2849246962587 1.0001634359359741
1365.3057584258042 1.0000433921813965
1365.3265921550153 0.9999615550041199
1365.3474258838842 1.0000954866409302
1365.3682596124017 1.0001647472381592
1365.3890933405905 1.0002048015594482
1365.4099270684321 0.9999375343322754
1365.430760795949 0.9999452829360962
1365.4515945231228 0.9999107718467712
1365.4724282499756 1.0000271797180176
1365.4932619764998 1.0001164674758911
1365.5140957026872 1.0000066757202148
1365.5349294285604 1.0000377893447876
1365.5557631541017 1.0002970695495605
1365.576596879333 1.000016450881958
1365.5974306042374 1.0001434087753296
1365.6182643288373 1.000158667564392
1365.639098053115 1.0000747442245483
1365.6599317770929 1.0000373125076294
1365.6807655007644 1.0001140832901
1365.7015992241218 0.9998536109924316
1365.7224329471883 1.0001071691513062
1365.7432666699467 1.0003279447555542
1365.76410039242 0.9997697472572327
1365.7849341145911 1.0002309083938599
1365.8057678364835 1.0001877546310425
1365.8266015580905 1.000129222869873
1365.8474352794055 0.9999096989631653
1365.8682690004516 0.9999864101409912
1365.8891027212132 0.9999284148216248
1365.909936441713 0.9999338388442993
1365.9307701619355 1.0002018213272095
1365.9516038819045 1.0000208616256714
1365.9724376016136 1.0001490116119385
1365.9932713210574 1.0000300407409668
1366.0141050402601 1.000006914138794
1366.0349387592055 0.9995822310447693
1366.0557724779187 0.9986072778701782
1366.0766061963843 0.9992253184318542
1366.0974399146269 0.999957799911499
1366.1182736326311 1.0002610683441162
1366.1391073504224 1.000095248222351
1366.1599410679958 1.0000429153442383
1366.1807747853466 0.999943733215332
1366.2016085025004 0.9998687505722046
1366.2224422194429 0.9998346567153931
1366.2432759361996 0.9994097948074341
1366.2641096527668 0.9999012351036072
1366.2849433691406 0.9996218085289001
1366.305777085347 0.9997590780258179
1366.3266108013731 0.9996305704116821
1366.347444517245 0.9996607303619385
1366.3682782329506 0.9995830655097961
1366.3891119485158 0.9995041489601135
1366.4099456639283 0.999378502368927
1366.4307793792161 0.9997671246528625
1366.4516130943764 0.9999105334281921
1366.4724468094073 0.9996060729026794
1366.493280524337 0.999674379825592
1366.5141142391537 0.9997445344924927
1366.5349479538866 0.9998549222946167
1366.5557816685334 0.99935382604599
1366.5766153830943 0.9999889135360718
1366.5974490975982 0.9996796250343323
1366.6182828120347 0.999643087387085
1366.6599502407948 0.9999938011169434
1366.6807839551188 1.0003621578216553
1366.7016176694362 1.0001707077026367
1366.722451383738 1.000055193901062
1366.7432850980547 1.0002108812332153
1366.7641188123778 1.0000417232513428
1366.7849525267388 0.9999755620956421
1366.8057862411297 1.0004866123199463
1366.8266199555826 0.9998909831047058
1366.8474536700994 1.0001062154769897
1366.8682873846828 1.0001659393310547
1366.8891210993652 1.0000982284545898
1366.9099548141394 1.000127911567688
1366.930788529039 0.9998434782028198
1366.9516222440564 1.0001882314682007
1366.9724559592255 1.0002057552337646
1366.9932896745493 1.0001193284988403
1367.014123390032 0.99997478723526
1367.0349571057059 1.0000511407852173
1367.055790821566 1.0001366138458252
1367.0766245376453 0.9997308850288391
1367.0974582539475 0.9998371601104736
1367.1182919704756 0.9998747110366821
1367.1391256872637 1.0002961158752441
1368.6391538061866 0.9995629787445068
1368.6599875224563 0.9996430277824402
1368.6808212380972 0.9994633197784424
1368.7016549531238 0.9992919564247131
1368.7224886675203 0.9997363686561584
1368.743322381272 0.999518871307373
1368.764156094394 0.9994757175445557
1368.784989806862 0.9995313882827759
1368.805823518693 0.9995058178901672
1368.826657229873 0.9993852376937866
1368.8474909403894 0.9993649125099182
1368.8683246502592 0.9993484616279602
1368.8891583594602 0.9994555711746216
1368.9099920680112 0.9997409582138062
1368.9308257758992 0.9996047019958496
1368.9516594831136 0.9996085166931152
1368.972493189673 0.999713659286499
1368.9933268955567 0.9996752142906189
1369.014160600783 0.9997541308403015
1369.034994305343 0.9994686245918274
1369.0558280092246 0.9997196793556213
1369.0766617124486 0.9995683431625366
1369.097495414995 0.9997757077217102
1369.1183291168834 0.999961793422699
1369.1391628181048 0.9997956156730652
1369.1599965186488 0.9998506307601929
1369.1808302185366 1.0000200271606445
1369.2016639177484 0.9996699690818787
1369.2224976163056 0.9997519850730896
1369.2433313141978 0.9995223879814148
1369.2641650114174 0.9996935725212097
1369.2849987079842 0.9998957514762878
1369.30583240389 0.9998546242713928
1369.3266660991253 0.9997218251228333
1369.3474997937121 0.9997677206993103
1369.3683334876314 0.9997571110725403
1369.389167180904 1.0000534057617188
1369.4100008735218 0.9999473094940186
1369.430834565476 0.9997075796127319
1369.4516682567878 0.9997135400772095
1369.4725019474392 1.000217318534851
1369.4933356374513 0.9996903538703918
1369.5141693268058 0.9999473690986633
1369.5350030155241 1.0000172853469849
1369.5558367035978 0.9996102452278137
1369.5766703910188 0.9999977946281433
1369.5975040778083 0.9998069405555725
1369.6183377639477 1.0001248121261597
1369.6391714494594 0.9998566508293152
1369.6600051343344 0.9999955892562866
1369.6808388185643 0.9998759031295776
1369.701672502171 1.000062346458435
1369.7225061851461 0.9996337890625
1369.7433398674814 0.9998766779899597
1369.764173549198 0.9999286532402039
1369.785007230278 0.9999854564666748
1369.805840910743 0.9997231364250183
1369.8266745905846 0.9999628067016602
1369.8475082697942 0.9997848272323608
1369.8683419483934 0.9996103644371033
1369.8891756263642 0.9999717473983765
1369.9100093037284 0.9999376535415649
1369.9308429804764 0.9998455047607422
1369.9516766566012 0.9997578263282776
1369.9725103321234 0.9997839331626892
1369.9933440070251 0.9997260570526123
1370.0141776813277 1.0000731945037842
1370.0350113550228 0.9996487498283386
1370.0558450281017 0.9997975826263428
1370.076678700586 0.9998819231987
1370.0975123724677 1.0000073909759521
1370.1183460437376 0.9998458027839661
1370.1391797144174 0.9997974634170532
1370.1600133844886 0.9997576475143433
1370.180847053973 0.9998437166213989
1370.2016807228617 1.0001013278961182
1370.222514391146 0.9999018907546997
1370.2433480588472 1.0000885725021362
1370.2641817259478 0.9996669888496399
1370.2850153924678 0.9997223019599915
1370.3058490583994 0.9997283816337585
1370.3266827237337 0.9999068975448608
1370.347516388492 1.0000454187393188
1370.3683500526658 0.9997373223304749
1370.3891837162464 0.9999200701713562
1370.4100173792551 1.0000962018966675
1370.4308510416731 0.9995687007904053
1370.4516847035216 0.9998449087142944
1370.472518364792 0.9998445510864258
1370.4933520254756 0.9999974370002747
1370.5141856855935 0.999855637550354
1370.5350193451372 1.0000255107879639
1370.5558530040976 0.9999148845672607
1370.576686662496 0.9999476671218872
1370.5975203203136 0.9996250867843628
1370.6183539775718 0.9999481439590454
1370.6391876342611 1.0000534057617188
1370.6600212903734 0.9994564652442932
1370.6808549459292 0.9996364116668701
1370.70168860092 0.9996241331100464
1370.7225222553368 0.9999375343322754
1370.743355909201 0.9997885823249817
1370.7641895624934 0.9999560713768005
1370.7850232152348 1.0001416206359863
1370.8058568674064 0.9997228384017944
1370.8266905190299 0.9996715784072876
1370.847524170095 0.9999827742576599
1370.8683578205942 0.9996751546859741
1370.8891914705478 0.9999868273735046
1370.9100251199463 0.9998432397842407
1370.9308587687815 0.9999850988388062
1370.9516924170744 0.9998779296875
1370.972526064805 0.9999071359634399
1370.9933597119953 0.9998989105224609
1371.0141933586358 0.9998188018798828
1371.0350270047172 0.9999106526374817
1371.055860650261 0.9998008012771606
1371.0766942952573 0.9995730519294739
1371.097527939698 0.9998142123222351
1371.1600288697712 0.9998220801353455
1371.180862512046 1.0002843141555786
1371.2016961537686 0.9999374747276306
1371.2225297949603 1.0002343654632568
1371.243363435612 1.00010347366333
1371.2641970757143 0.9999964237213135
1371.285030715288 1.0001791715621948
1371.3058643543243 1.0001901388168335
1371.3266979928135 1.0001815557479858
1371.3475316307763 0.9999587535858154
1371.3683652681939 1.0002180337905884
1371.3891989050867 0.9999831318855286
1371.4100325414458 1.000276803970337
1371.4308661772616 1.0000673532485962
1371.4516998125553 0.9999442100524902
1371.4725334473167 1.0001486539840698
1371.4933670815374 1.000068187713623
1371.514200715238 1.0003355741500854
1371.535034348399 1.0000944137573242
1371.555867981041 0.9999565482139587
1371.576701613155 1.0002938508987427
1371.597535244731 1.000136137008667
1371.6183688757908 1.0002562999725342
1371.639202506324 1.000057578086853
1371.6600361363219 1.000173568725586
1371.6808697658048 1.0004284381866455
1371.7017033947536 1.0001113414764404
1371.7225370231886 1.0000851154327393
1371.7433706510906 1.0000516176223755
1371.7642042784803 1.000408411026001
1371.7850379053482 1.0000437498092651
1371.8058715316954 0.9998438954353333
1371.8267051575115 1.0002397298812866
1371.8475387828178 1.0001373291015625
1371.8683724075947 1.0001327991485596
1371.889206031863 0.9998905062675476
1371.9100396556128 0.9999175071716309
1371.9308732788352 1.0003849267959595
1371.95170690155 0.9999977946281433
1371.9725405237489 1.0001288652420044
1371.9933741454215 1.0000255107879639
1372.0142077665887 0.9998844265937805
1372.0350413872309 1.0001633167266846
1372.0558750073687 1.0002654790878296
1372.0767086269925 0.999883234500885
1372.0975422460933 1.0002648830413818
1372.1183758646907 0.999890148639679
1372.1392094827763 1.000354528427124
1372.1600431003399 1.0000325441360474
1372.1808767174023 1.0002031326293945
1372.2017103339435 0.9999576210975647
1372.2225439499846 1.000257134437561
1372.2433775655159 1.0002044439315796
1372.2642111805274 1.0000433921813965
1372.2850447950402 1.000299334526062
1372.3058784090415 0.9999967217445374
1372.3267120225257 1.0000265836715698
1372.3475456355145 1.0001434087753296
1372.3683792479962 0.9999729990959167
1372.3892128599614 0.9999492168426514
1372.4100464714304 0.9999275803565979
1372.4308800823833 0.9996615052223206
1372.4517136928412 1.0
1372.4725473027938 0.999823272228241
1372.4933809122326 1.0000115633010864
1372.5142145211764 0.9998903274536133
1372.5350481296173 0.9998042583465576
1372.5558817375445 0.9998212456703186
1372.5767153449788 0.999869704246521
1372.5975489519008 1.0003678798675537
1372.6183825583307 1.0002199411392212
1372.639216164259 0.9997654557228088
1372.6600497696759 0.9998949766159058
1372.6808833746022 1.0001732110977173
1372.7017169790274 0.999833881855011
1372.7225505829426 0.9999985694885254
1372.7433841863683 1.0001130104064941
1372.7642177892947 1.0001164674758911
1372.7850513917117 0.9999459981918335
1372.8058849936401 0.9999200105667114
1372.8267185950601 0.9997607469558716
1372.8475521959926 1.000045895576477
1372.868385796427 1.0001015663146973
1372.8892193963543 1.0001003742218018
1372.910052995795 1.0001544952392578
1372.9308865947387 0.9997472763061523
1372.9517201931762 0.9997118711471558
1372.9725537911281 1.0002894401550293
1372.9933873885843 1.0001530647277832
1373.014220985535 1.000289797782898
1373.035054582001 1.0002001523971558
1373.0558881779723 1.0002210140228271
1373.0767217734394 0.9998390078544617
1373.0975553684227 1.0001213550567627
1373.1183889629024 1.000177264213562
1373.1392225568984 0.9998871684074402
1373.1600561504015 0.9999739527702332
1373.1808897434016 0.9993717670440674
1373.2017233359197 1.0001461505889893
1373.2225569279453 1.0000245571136475
1373.2433905194694 1.000058889389038
1373.264224110512 1.0000026226043701
1373.285057701063 0.9999437928199768
1373.3058912911133 0.9999388456344604
1373.3267248806828 0.9999728202819824
1373.3475584697621 1.0000154972076416
1373.368392058341 1.0000336170196533
1373.38922564644 0.9997923374176025
1373.4100592340496 0.9999973177909851
1373.43089282116 0.9999420046806335
1373.451726407791 0.9998939037322998
1373.4725599939334 0.9996280670166016
1373.4933935795775 0.9998524188995361
1373.5142271647433 0.9999123215675354
1373.5350607494108 0.9999013543128967
1373.555894333601 1.000030517578125
1373.5767279173033 1.000187873840332
1373.5975615005086 1.000078558921814
1373.6600622472236 1.000186800956726
1373.6808958284926 1.0002238750457764
1373.7017294092757 1.0004247426986694
1373.7225629895627 1.0000089406967163
1373.7433965693742 1.0002905130386353
1373.7642301487006 1.0000654458999634
1373.785063727532 1.0003629922866821
1373.805897305888 1.0001788139343262
1373.8267308837503 0.9999340772628784
1373.8475644611376 0.9999833703041077
1373.868398038041 1.0000797510147095
1373.8892316144504 1.0004392862319946
1373.9100651903864 1.0000050067901611
1373.9308987658385 0.9999793767929077
1373.9517323407977 0.9999558329582214
1373.9725659152837 0.9995669722557068
1373.9933994892867 1.0001078844070435
1374.0142330627975 0.9999051690101624
1374.0350666358356 1.0001708269119263
1374.0559002083917 0.9997277855873108
1374.0767337804557 1.0000289678573608
1374.097567352048 1.0000755786895752
1374.1184009231586 1.000154972076416
1374.1392344937778 0.9999975562095642
1374.1600680639258 1.0002471208572388
1374.180901633593 1.0001013278961182
1374.2017352027694 0.999877393245697
1374.2225687714754 0.9998438954353333
1374.2434023397007 1.0003162622451782
1374.264235907436 0.9999139308929443
1374.285069474701 1.000125527381897
1374.3059030414865 1.000097632408142
1374.3267366077825 1.0002185106277466
1374.3475701736088 1.000346064567566
1374.368403738946 1.0001369714736938
1374.3892373038143 1.0000883340835571
1374.4100708682035 1.0001229047775269
1374.4309044321137 1.000197172164917
1374.451737995536 1.0000663995742798
1374.4725715584896 1.0000662803649902
1374.4934051209652 1.0001599788665771
1374.5142386829527 1.0002284049987793
1374.5350722444728 1.000389814376831
1374.5559058055146 1.0003266334533691
1374.5767393660694 1.0000782012939453
1374.5975729261568 0.9999997019767761
1374.6184064857673 1.0000042915344238
1374.6392400448906 0.999962568283081
1374.6600736035473 1.0003260374069214
1374.6809071617172 1.0001527070999146
1374.701740719421 1.0005686283111572
1374.7225742766482 1.000344157218933
1374.7434078333997 1.000354290008545
1374.7642413896647 0.9998689293861389
1374.7850749454644 1.000175952911377
1374.8059085007785 0.9999794363975525
1374.8267420556267 1.0003888607025146
1374.8475756100001 0.9999656081199646
1374.8684091638884 0.9998381733894348
1374.8892427173112 1.000109314918518
1374.9100762702597 1.0002087354660034
1374.9309098227232 1.000223994255066
1374.9517433747224 1.0
1374.972576926247 0.9997931718826294
1374.9934104772876 1.0000677108764648
1375.0142440278644 1.0001899003982544
1375.0350775779673 0.9998360276222229
1375.0559111275861 0.999823272228241
1375.0767446767416 0.9998693466186523
1375.0975782254234 1.0000842809677124
1375.1184117736223 1.0002492666244507
1375.1392453213575 1.0001353025436401
1375.1600788686205 0.9999793767929077
1375.1809124154 1.0001888275146484
1375.201745961717 1.000130534172058
1375.2225795075615 1.0000709295272827
1375.2434130529236 1.0001294612884521
1375.2642465978236 1.0002752542495728
1375.2850801422512 0.9999257922172546
1375.305913686201 1.0003665685653687
1375.3267472296882 1.0001782178878784
1375.3475807727002 0.9998304843902588
1375.3684143152311 1.000109314918518
1375.3892478573007 1.0002111196517944
1375.4100813988985 0.9999829530715942
1375.4309149400156 1.0000691413879395
1375.4517484806718 1.000168800354004
1375.4725820208569 1.0001449584960938
1375.4934155605613 0.9999830722808838
1375.5142490998053 0.9998770356178284
1375.5350826385788 1.0002949237823486
1375.5559161768724 1.0003557205200195
1375.5767497147053 1.0001726150512695
1375.597583252069 1.0001333951950073
1375.6184167889521 1.0003033876419067
1375.6392503253758 0.9996944069862366
1375.66008386133 1.000009536743164
1375.6809173968043 0.9998202919960022
1375.70175093182 0.9998950362205505
1375.722584466366 0.9998966455459595
1375.7434180004334 1.0002162456512451
1375.7642515340417 1.000054955482483
1375.7850850671812 0.9997977614402771
1375.805918599842 0.9997431635856628
1375.8267521320447 0.9998337626457214
1375.8475856637788 0.999975860118866
1375.868419195035 0.9986597299575806
1375.8892527258326 1.000046730041504
1375.910086256163 0.999732255935669
1375.930919786015 0.9999013543128967
1375.9517533154096 1.000022053718567
1375.9725868443365 0.9998183250427246
1375.9934203727862 0.9997779130935669
1376.0142539007788 0.9999898076057434
1376.035087428304 1.0001343488693237
1376.0559209553526 0.9997366666793823
1376.0767544819441 0.9994838833808899
1376.097588008069 0.9999874234199524
1376.160088583635 1.0001142024993896
1376.1809221078943 1.0001016855239868
1376.2017556316782 1.0001715421676636
1376.2225891550056 1.0001726150512695
1376.2434226778678 1.0000967979431152
1376.264256200254 1.0000454187393188
1376.2850897221854 1.0001643896102905
1376.3059232436508 1.0004386901855469
1376.3267567646417 1.0000256299972534
1376.3475902851774 1.0001329183578491
1376.368423805248 1.0001212358474731
1376.3892573248438 1.0000795125961304
1376.4100908439855 1.0000112056732178
1376.4309243626624 0.9999786019325256
1376.4517578808654 1.0001662969589233
1376.4725913986138 1.0001164674758911
1376.4934249158987 1.0003000497817993
1376.5142584327093 1.0001095533370972
1376.5350919490666 1.0000077486038208
1376.5559254649602 1.0001221895217896
1376.5767589803804 0.9997886419296265
1376.5975924953477 1.00007963180542
1376.6184260098512 0.9998481273651123
1376.6392595238824 1.0002378225326538
1376.6600930374607 1.0001734495162964
1376.6809265505765 1.000168800354004
1376.7017600632194 1.0000946521759033
1376.7225935754102 1.0001659393310547
1376.7434270871388 1.0004661083221436
1376.7642605984056 1.0002385377883911
1376.7850941092004 0.9998751282691956
1376.805927619544 1.0001143217086792
1376.8267611294257 1.000329613685608
1376.847594638836 1.0003246068954468
1376.8684281477952 1.0001814365386963
1376.8892616562935 1.0001271963119507
1376.910095164321 1.0001659393310547
1376.9309286718974 1.0000325441360474
1376.951762179014 1.0003492832183838
1376.9725956856598 1.0002530813217163
1376.9934291918557 0.9999546408653259
1377.0142626975917 0.9999286532402039
1377.0350962028576 1.0000364780426025
1377.0559297076738 0.9995920062065125
1377.076763212031 0.9999006390571594
1377.097596715929 1.000044584274292
1377.1184302193578 1.000252366065979
1377.1392637223378 0.9999820590019226
1377.1600972248589 1.0000654458999634
1377.1809307269118 0.9998993873596191
1377.201764228516 0.9996301531791687
1377.2225977296625 1.0001723766326904
1377.2434312303408 1.0002349615097046
1377.2642647305718 1.000240683555603
1377.2850982303448 0.9999669194221497
1377.3059317296506 0.9999536871910095
1377.3267652285097 1.000117540359497
1377.3475987269117 1.0002192258834839
1377.3684322248469 1.0000684261322021
1377.3892657223362 1.0000580549240112
1377.4100992193687 1.000213623046875
1377.4309327159356 1.0000343322753906
1377.4517662120563 0.9999801516532898
1377.4725997077217 0.9996702671051025
1377.4934332029316 0.9999409914016724
1377.5142666976765 1.0001611709594727
1377.5351001919769 1.0000102519989014
1377.5559336858223 1.0005239248275757
1377.5767671792134 1.0002132654190063
1377.5976006721405 0.9999619722366333
1377.6184341646235 1.0001888275146484
1377.6392676566431 0.9998719096183777
1377.6601011482192 1.0002118349075317
1377.6809346393425 1.0003509521484375
1377.7017681300124 1.0000050067901611
1377.7226016202203 1.0002498626708984
1377.7434351099855 1.0000120401382446
1377.764268599299 1.0001485347747803
1377.7851020881503 0.9999638795852661
1377.8059355765606 0.9999595880508423
1377.8267690645193 1.0002681016921997
1377.8476025520179 0.9999921321868896
1377.868436039075 0.9998449683189392
1377.8892695256825 0.9997392296791077
1377.9101030118397 0.9993568062782288
1377.9309364975375 1.000166654586792
1377.9517699827957 1.000096082687378
1377.972603467595 0.9999496936798096
1377.9934369519558 0.9994989037513733
1378.014270435868 1.0000473260879517
1378.0351039193324 0.9966230392456055
1378.055937402339 1.0000181198120117
1378.0767708849082 1.000190019607544
1378.0976043670307 1.0001909732818604
1378.1184378487064 0.9997806549072266
1378.1392713299263 1.0001040697097778
1378.1601048107104 0.9996855854988098
1378.1809382910485 1.000032663345337
1378.2017717709318 1.0001189708709717
1378.2226052503806 1.000045657157898
1378.2434387293852 1.00011146068573
1378.2642722079358 1.0001099109649658
1378.2851056860527 1.0000916719436646
1378.3059391637273 0.9999355673789978
1378.326772640949 1.0000460147857666
1378.3476061177387 0.9997714757919312
1378.3684395940868 0.9998961091041565
1378.3892730699934 1.0001015663146973
1378.4101065454495 1.000007152557373
1378.4309400204754 0.9999570846557617
1378.4517734950618 0.9990047216415405
1378.4726069691988 0.9982805252075195
1378.493440442907 1.000092625617981
1378.514273916177 1.0001189708709717
1378.5351073890095 0.9999293088912964
1378.5559408613944 0.9997318983078003
1378.5767743333533 0.9989954829216003
1378.597607804876 0.9974693655967712
1378.6601082168238 1.0001143217086792
1378.680941686598 1.000671625137329
1378.7017751559497 1.0003662109375
1378.7226086248688 1.0003260374069214
1378.743442093346 1.0002541542053223
1378.7642755614027 1.0002684593200684
1378.7851090290285 1.0003488063812256
1378.8059424962248 0.9999542236328125
1378.8267759629823 0.9998617172241211
1378.8476094293212 1.000273585319519
1378.8684428952329 1.000104308128357
1378.8892763607078 1.0002503395080566
1378.9101098257665 1.0001219511032104
1378.9309432904001 1.0003459453582764
1378.9517767546097 1.000144362449646
1378.9726102183854 1.0004938840866089
1378.9934436817484 1.0002532005310059
1379.0142771446897 1.0002379417419434
1379.0351106071998 1.0002535581588745
1379.0559440693 1.0004522800445557
1379.0767775309812 1.0002292394638062
1379.097610992244 1.0001929998397827
1379.1184444530802 1.0003069639205933
1379.1392779135094 1.0002857446670532
1379.160111373524 1.0003629922866821
1379.180944833114 1.000357985496521
1379.2017782923012 1.0003376007080078
1379.2226117510768 0.9999704957008362
1379.2434452094308 1.000178337097168
1379.2642786673853 1.0002211332321167
1379.2851121249312 1.0003215074539185
1379.3059455820598 1.0003639459609985
1379.3267790387924 1.0000381469726562
1379.3476124951198 1.0000241994857788
1379.368445951044 0.9994286894798279
1379.3892794065748 0.9998297691345215
1379.410112861712 1.000025749206543
1379.4309463164334 1.000012755393982
1379.4517797707565 1.0003962516784668
1379.472613224673 1.0001533031463623
1379.4934466782047 0.9998849034309387
1379.5142801313427 1.0001494884490967
1379.5351135840788 1.0001832246780396
1379.555947036434 1.0002174377441406
1379.5767804884013 1.0002411603927612
1379.5976139399809 1.0000824928283691
1379.618447391166 1.0002514123916626
1379.6392808419773 0.9996635913848877
1379.660114292407 1.0000954866409302
1379.6809477424572 0.9998313784599304
1379.7017811921194 1.0000882148742676
1379.7226146414162 1.0000207424163818
1379.7434480903387 1.0001150369644165
1379.7642815388804 0.999764621257782
1379.7851149870623 0.9999361634254456
1379.8059484348773 1.0002202987670898
1379.8267818823172 1.0002162456512451
1379.8476153294046 0.9997031092643738
1379.8684487761318 0.9999493956565857
1379.8892822225018 0.9998744130134583
1379.9101156685065 0.9999740123748779
1379.9309491141692 1.0003399848937988
1379.9517825594817 1.0002094507217407
1379.9726160044377 1.0000683069229126
1379.9934494490592 0.999893307685852
1380.01428289334 1.0000804662704468
1380.0351163372825 0.9999181628227234
1380.0559497808804 0.9999989867210388
1380.0767832241565 0.9999603033065796
1380.0976166671041 0.9998986124992371
1380.1184501097168 1.0000877380371094
1380.139283552018 0.999602198600769
1380.1601169940013 0.9997878074645996
1380.1809504356706 0.9999032616615295
1380.2017838770198 0.9991398453712463
1380.2226173180725 0.9996557235717773
1380.243450758823 0.9998452067375183
1380.264284199275 1.00005304813385
1380.2851176394233 0.9991829991340637
1380.3059510792928 0.9996199607849121
1380.3267845188773 1.0000001192092896
1380.347617958172 0.9998250007629395
1380.368451397201 0.9998052716255188
1380.3892848359606 0.9998080730438232
1380.410118274455 0.9999213218688965
1380.4309517126799 1.0000479221343994
1380.4517851506607 0.9998425245285034
1380.472618588393 0.9998540282249451
1380.4934520258832 0.9997726678848267
1380.5142854631265 0.9999104738235474
1380.53511890015 1.0000234842300415
1380.555952336949 0.9998536705970764
1380.5767857735218 1.0001662969589233
1380.5976192098935 1.0002732276916504
1380.6184526460622 1.0000238418579102
1380.6392860820247 0.999981164932251
1380.6601195178089 0.999998152256012
1380.680952953412 0.9997615814208984
1380.7017863888423 0.9997522234916687
1380.7226198241083 0.9997340440750122
1380.7434532592076 1.0000178813934326
1380.7642866941694 1.000016689300537
1380.7851201289932 0.9997796416282654
1380.8059535636773 0.9998990297317505
1380.8267869982521 0.9995959401130676
1380.847620432717 0.9996825456619263
1380.8684538670718 0.9996470808982849
1380.889287301348 1.0000184774398804
1380.9101207355454 0.9999935030937195
1380.930954169675 1.0002295970916748
1380.9517876037485 1.0002574920654297
1380.9726210377673 0.9999952912330627
1380.9934544717637 0.9997265338897705
1381.0142879057396 0.9998135566711426
1381.0351213396982 1.0001726150512695
1381.0559547736714 0.9997768402099609
1381.0767882076636 0.9995973110198975
1381.0976216416877 0.999444842338562
1381.1601219440824 0.9998003840446472
1381.1809553783767 1.0001767873764038
1381.2017888127652 1.0001380443572998
1381.2226222472839 1.000107765197754
1381.2434556819371 1.0001329183578491
1381.264289116732 0.999893844127655
1381.2851225517036 0.9999614953994751
1381.3059559868586 0.9999197125434875
1381.3267894222129 0.9999716877937317
1381.3476228577733 1.00002121925354
1381.3684562935755 0.9998920559883118
1381.3892897296266 1.0001559257507324
1381.4101231659324 0.9998085498809814
1381.4309566025297 0.9997388124465942
1381.4517900394242 0.9997543692588806
1381.4726234766322 0.9997703433036804
1381.4934569141687 1.0001763105392456