1381.7245874282733 1.002024531364441
1381.745421351445 1.0030597448349
1381.766255275331 1.0053306818008423
1381.787089199878 1.006522536277771
1381.8079231250454 1.0069557428359985
1381.8287570507578 1.007541537284851
1381.8495909769367 1.0064960718154907
1381.8704249035277 1.0073919296264648
1381.8912588304436 1.006514549255371
1381.912092757603 1.0065284967422485
1381.9329266849209 1.0047156810760498
1381.9537606122994 1.0043833255767822
1381.9745945396683 1.003218412399292
1381.9954284669232 1.000103235244751
1382.01626239396 1.0006111860275269
1382.0370963207015 0.9988165497779846
1382.05793024704 0.9967106580734253
1382.0787641728778 0.9991850852966309
1382.0995980981054 0.9951406121253967
1382.1204320226461 0.9954692125320435
1382.1412659463913 0.9959168434143066
1382.1620998692467 0.9926453232765198
1382.1829337911074 0.996444046497345
1382.203767711902 0.9951233863830566
1382.2246016315305 0.9949454665184021
1382.2454355499076 0.9989259243011475
1382.266269466939 0.9963735342025757
1382.287103382566 0.9983804225921631
1382.3079372967031 1.001871109008789
1382.3287712092767 0.9985389709472656
1382.3496051202103 1.003260612487793
1382.3704390294597 1.0038785934448242
1382.391272936955 1.0016025304794312
1382.4121068426416 1.0039974451065063
1382.432940746458 1.0040154457092285
1382.453774648378 1.005973219871521
1382.4746085483487 1.0064250230789185
1382.4954424463324 1.0037611722946167
1382.5162763422836 1.006156325340271
1382.662113555261 0.7179780602455139
1382.682947434239 0.5314505696296692
1382.7037813110412 0.39766377210617065
1382.7246151856637 0.3479550778865814
1382.7454490581056 0.663621187210083
1382.7662829283581 0.7963926792144775
1382.7871167964452 0.845353901386261
1382.8079506623606 0.7687929272651672
1382.8287845261111 0.9060782194137573
1382.8496183876948 0.9319994449615479
1382.8704522471398 0.8997024893760681
1382.8912861044478 0.7916267514228821
1382.912119959619 0.8368940949440002
1382.9329538126863 0.8862576484680176
1382.9537876636523 0.9128931164741516
1382.9746215125313 0.9093071818351746
1382.9954553593375 0.8935180306434631
1383.016289204076 0.7312291264533997
1383.037123046783 0.6245155334472656
1383.0579568874634 0.8636108636856079
1383.0787907261245 0.9256700277328491
1383.0996245628023 0.9284878969192505
1383.1204583975039 0.9403228759765625
1383.1412922302463 0.9367183446884155
1383.1621260610466 0.9087725281715393
1383.1829598899126 0.9448249936103821
1383.2037937168807 0.956035852432251
1383.2246275419586 0.8760031461715698
1383.2454613651641 0.8757051825523376
1383.2662951865038 0.9555273056030273
1383.2871290060154 0.9510066509246826
1383.307962823706 0.9425211548805237
1383.328796639593 0.9407401084899902
1383.3496304536823 0.895392119884491
1383.3704642660111 0.9319812655448914
1383.3912980765863 0.9558870792388916
1383.412131885414 0.9451432824134827
1383.4329656925306 0.9391618967056274
1383.453799497942 0.9360851645469666
1383.4746333016642 0.9614711999893188
1383.495467103713 0.9162511825561523
1383.5163009040932 0.9322326183319092
1383.537134702841 0.961126983165741
1383.5579684999605 0.941962718963623
1383.5788022954666 0.9074667096138
1383.5996360893641 0.9524095058441162
1383.6204698816875 0.96043461561203
1383.7038050354042 1.0007284879684448
1383.7246388200124 1.0005686283111572
1383.7454726031167 1.0026662349700928
1383.7663063847306 1.0026649236679077
1383.787140164856 1.0028568506240845
1383.8079739435257 1.0028369426727295
1383.8288077207415 1.0012962818145752
1383.8496414965152 1.0015982389450073
1383.8704752708486 0.9987965822219849
1383.8913090437725 1.0022152662277222
1383.9121428152891 1.0000334978103638
1383.9329765854086 1.000036358833313
1383.9538103541317 1.0014833211898804
1383.9746441214897 0.9981896877288818
1383.9954778874824 0.9983862042427063
1384.01631165212 0.9975619912147522
1384.0371454154026 0.995980978012085
1384.0579791773607 0.9990256428718567
1384.0788129379926 0.9958550333976746
1384.0996466973088 0.9960683584213257
1384.120480455308 0.9991112947463989
1384.1413142120198 0.9967167377471924
1384.1621479674427 0.9995300769805908
1384.1829817215857 0.999581515789032
1384.2038154744573 0.9994818568229675
1384.2246492260563 1.003493309020996
1384.2454829764108 1.0007686614990234
1384.2663167255182 1.004693865776062
1384.3288179654319 1.0094761848449707
1384.349651709632 1.005460500717163
1384.3704854526245 1.0053826570510864
1384.3913191944162 1.0078824758529663
1384.412152935004 1.0036416053771973
1384.432986674416 1.0078407526016235
1384.453820412648 1.0037603378295898
1384.4746541496972 1.0023460388183594
1384.4954878855904 1.001347541809082
1384.5163216203234 0.9968447089195251
1384.5371553539037 0.9971067905426025
1384.5579890863366 0.9961272478103638
1384.5788228176193 0.994870126247406
1384.599656547777 0.9968022704124451
1384.6204902768059 0.9938632249832153
1384.641324004712 0.9962169528007507
1384.662157731501 0.9948574304580688
1384.6829914571686 0.9942119121551514
1384.7038251817403 0.996471107006073
1384.724658905212 0.9954125881195068
1384.745492627588 0.9987696409225464
1384.766326348865 1.0014870166778564
1384.787160069067 0.9992354512214661
1384.8079937881898 1.0040277242660522
1384.828827506238 1.004355788230896
1384.849661223207 1.0046749114990234
1384.870494939121 1.0073812007904053
1384.8913286539757 1.0035300254821777
1384.9121623677752 1.0078668594360352
1384.932996080514 1.00774347782135
1384.9538297922165 1.004320502281189
1384.974663502878 1.0073275566101074
1384.995497212502 1.003909707069397
1385.0163309210934 1.002753496170044
1385.0371646286462 1.0036258697509766
1385.057998335185 0.9981347918510437
1385.078832040703 1.0020796060562134
1385.0996657452054 0.999284565448761
1385.1204994486852 0.9970145225524902
1385.141333151167 0.998752236366272
1385.1621668526443 0.9958705306053162
1385.183000553121 0.9952630400657654
1385.203834252601 0.9964423179626465
1385.2246679510774 0.9929667115211487
1385.2455016485749 0.9957742094993591
1385.266335345086 0.9958961606025696
1385.287169040615 0.9965866208076477
1385.3080027351646 0.9980146288871765
1385.3288364287293 0.9988303184509277
1385.3496701213314 0.9997064471244812
1385.370503812965 1.001055359840393
1385.3913375036325 1.0029585361480713
1385.412171193328 1.0035959482192993
1385.433004882074 1.0050042867660522
1385.4538385698645 1.0063003301620483
1385.474672256702 1.006220817565918
1385.4955059425888 1.006820797920227
1385.5163396275193 1.0065672397613525
1385.5371733115157 1.0051610469818115
1385.558006994571 1.0062299966812134
1385.5788406766878 1.0044549703598022
1385.5996743578594 1.0030134916305542
1385.6205080381085 1.0037740468978882
1385.6413417174276 0.9994850158691406
1385.66217539582 1.0002590417861938
1385.6830090732776 0.9970288276672363
1385.7038427498233 0.9961383938789368
1385.7246764254498 0.9946150183677673
1385.7455101001597 0.9940050840377808
1385.7663437739554 0.9926662445068359
1385.7871774468294 0.9928994178771973
1385.8080111188044 0.9934825301170349
1385.8288447898726 0.9924717545509338
1385.8496784600368 0.9926106929779053
1385.8705121292985 0.9696903228759766
1385.9538467973634 0.9993383288383484
1385.97468046214 1.0040925741195679
1385.9955141260382 1.0033507347106934
1386.0163477890505 1.0046712160110474
1386.0371814511789 1.0083204507827759
1386.0580151124248 1.004046082496643
1386.0788487727814 1.0084102153778076
1386.09968243227 1.0075432062149048
1386.1205160908828 1.0045745372772217
1386.1413497486217 1.0083056688308716
1386.162183405489 1.0045299530029297
1386.1830170614764 1.0038185119628906
1386.2038507166067 1.0044269561767578
1386.2246843708704 0.9987086653709412
1386.24551802427 1.0023939609527588
1386.266351676808 0.9989433288574219
1386.287185328475 0.9964563250541687
1386.3080189792938 0.9999428391456604
1386.328852629256 0.9955326914787292
1386.3496862783634 0.997061014175415
1386.3705199266078 0.9976880550384521
1386.391353574011 0.996084451675415
1386.4121872205642 0.9998440742492676
1386.4330208662698 0.9978331327438354
1386.4538545111288 0.9988918900489807
1386.4746881551437 1.0015523433685303
1386.4955217983052 0.9991721510887146
1386.5163554406358 1.0036033391952515
1386.5371890821268 1.002728819847107
1386.5580227227695 1.0034269094467163
1386.5788563625865 1.0058647394180298
1386.5996900015682 1.0028105974197388
1386.6205236397166 1.0042537450790405
1386.6413572770332 1.00516939163208
1386.6621909135197 1.0032333135604858
1386.6830245491674 1.0055580139160156
1386.7038581839977 1.0013858079910278
1386.7246918180024 1.0038000345230103
1386.745525451183 1.0043151378631592
1386.7663590835402 1.0015618801116943
1386.7871927150668 1.0046523809432983
1386.8080263457828 1.001839518547058
1386.8288599756804 1.0026330947875977
1386.8496936047607 1.0028934478759766
1386.8705272330255 0.9999667406082153
1386.8913608604655 1.0031073093414307
1386.9121944871026 1.0017675161361694
1386.9330281131886 1.0003176927566528
1386.9538617384378 1.0040473937988281
1386.9746953626473 0.9991104006767273
1386.9955289860384 1.001373291015625
1387.016362608633 1.0011125802993774
1387.0371962304228 0.9977090954780579
1387.0580298514085 1.0004264116287231
1387.0788634715814 0.997890055179596
1387.0996970909628 0.9976892471313477
1387.1205307095445 0.9993306994438171
1387.1413643273265 0.9977406859397888
1387.1621979443116 0.9998186230659485
1387.1830315604898 0.9983711242675781
1387.2038651758826 0.999644935131073
1387.2246987904812 1.0006475448608398
1387.2455324042867 1.0003159046173096
1387.2663660173007 1.0021023750305176
1387.287199629524 1.002242088317871
1387.308033240948 1.0033944845199585
1387.3288668515931 1.0060997009277344
1387.3497004614517 1.0046615600585938
1387.3705340705235 1.0051017999649048
1387.3913676788109 1.0060266256332397
1387.412201286304 1.006200909614563
1387.4330348930248 1.005698800086975
1387.4538684989634 1.0046942234039307
1387.474702104122 1.0053131580352783
1387.495535708501 1.0031594038009644
1387.5163693120912 1.0008807182312012
1387.5372029149144 1.0012643337249756
1387.5580365169608 0.9980078339576721
1387.5788701182325 0.9987739324569702
1387.5997037187296 0.9973427057266235
1387.620537318444 0.9937302470207214
1387.6413709173955 0.9962243437767029
1387.6622045155764 0.9945974349975586
1387.6830381129869 0.9941664338111877
1387.7038717096284 0.9944928884506226
1387.7247053054919 0.9936590790748596
1387.7455389005981 0.9217929840087891
1387.7872060885134 0.9978789687156677
1387.8080396813243 0.9999297261238098
1387.8288732733718 1.0006643533706665
1387.849706864647 1.0028804540634155
1387.870540455171 1.0023850202560425
1387.891374044935 1.0038752555847168
1387.9122076339393 1.004767656326294
1387.9330412221857 1.0051403045654297
1387.953874809664 1.0078680515289307
1387.9747083963962 1.006718635559082
1387.9955419823725 1.006469488143921
1388.0163755675944 1.0064780712127686
1388.0372091520624 1.0031229257583618
1388.0580427357677 1.0037533044815063
1388.0788763187306 1.0006457567214966
1388.0997099009433 1.0015348196029663
1388.1205434824055 1.003077745437622
1388.1413770631182 0.9978779554367065
1388.162210643073 1.0004743337631226
1388.1830442222902 0.9986216425895691
1388.203877800761 0.9961041212081909
1388.2247113784858 0.9986392855644226
1388.2455449554664 0.9944720268249512
1388.2663785317031 0.9966607689857483
1388.2872121071864 0.9976589679718018
1388.3080456819375 0.9946106672286987
1388.3288792559479 0.9996004104614258
1388.3497128292177 0.9981632828712463
1388.3705464017478 0.9978342056274414
1388.3913799735292 1.0016193389892578
1388.4122135445832 0.9986178874969482
1388.4330471148999 1.0017896890640259
1388.453880684481 1.0042747259140015
1388.4747142533265 1.001536250114441
1388.4955478214276 1.0077931880950928
1388.5163813888055 1.0058481693267822
1388.5372149554503 1.007641315460205
1388.5580485213636 1.007148265838623
1388.5788820865455 1.0053229331970215
1388.5997156509975 1.0083513259887695
1388.62054921471 1.0054433345794678
1388.6413827777044 1.0067514181137085
1388.6622163399707 1.0051320791244507
1388.6830499015105 1.0013748407363892
1388.7038834623238 1.0034005641937256
1388.7247170224027 0.9978586435317993
1388.7455505817666 0.9967625737190247
1388.7663841404074 0.998369038105011
1388.7872176983253 0.9940670132637024
1388.8080512555214 0.9967771768569946
1388.8288848119964 0.9943138957023621
1388.849718367741 0.9920544624328613
1388.8705519227767 0.9953911304473877
1388.891385477093 0.9913574457168579
1388.9122190306925 0.9935646653175354
1388.9330525835744 0.9966811537742615
1388.9538861357305 0.9939858317375183
1388.974719687181 0.9996376037597656
1388.9955532379172 0.9998505115509033
1389.0163867879396 0.999276340007782
1389.0372203372492 1.004305124282837
1389.058053885847 1.0023040771484375
1389.0788874337231 1.0051021575927734
1389.0997209808993 1.007882833480835
1389.1205545273656 1.0059688091278076
1389.1413880731232 1.0064579248428345
1389.1622216181727 1.0071446895599365
1389.183055162505 1.0040680170059204
1389.2038887061412 1.0054237842559814
1389.2247222490719 1.0039927959442139
1389.2455557912976 1.0033206939697266
1389.26638933282 1.0020091533660889
1389.2872228736387 0.9996023774147034
1389.3080564137458 0.9984405040740967
1389.328889953161 0.9967642426490784
1389.3497234918907 0.9959814548492432
1389.3705570299192 0.9936672449111938
1389.391390567235 0.9953703880310059
1389.412224103853 0.9948230981826782
1389.4330576397638 0.9958873391151428
1389.4538911749883 0.9966667294502258
1389.4747247095167 0.996258556842804
1389.4955582433508 0.9989227056503296
1389.5163917764903 0.9984495043754578
1389.5372253089374 0.9980515241622925
1389.558058840682 1.001224160194397
1389.578892371745 1.0012166500091553
1389.5997259021174 1.0023587942123413
1389.6205594318003 1.0042228698730469
1389.6413929607938 1.0032341480255127
1389.6622264890896 1.0045524835586548
1389.6830600167084 1.003432035446167
1389.7038935436403 1.0046732425689697
1389.7247270698872 1.004030466079712
1389.7455605954492 1.0030434131622314
1389.7663941203275 1.0044801235198975
1389.7872276445125 1.003784418106079
1389.808061168026 1.0030850172042847
1389.8288946908579 1.0029945373535156
1389.8497282130095 1.0005918741226196
1389.8705617344817 1.0013165473937988
1389.8913952552757 1.0002481937408447
1389.9122287753817 1.0008251667022705
1389.933062294821 1.0017988681793213
1389.9538958135843 0.9994598031044006
1389.9747293316725 1.001383662223816
1389.9955628490868 1.0010114908218384
1390.0163963658176 0.9990517497062683
1390.0372298818963 1.0022284984588623
1390.0580633972834 0.9990949034690857
1390.0788969120106 0.9984506964683533
1390.0997304260673 1.0008082389831543
1390.1205639394561 0.9975137114524841
1390.1413974521768 0.9998884797096252
1390.162230964221 0.9987019300460815
1390.183064475609 0.997847318649292
1390.2038979863323 1.0008043050765991
1390.2247314963915 0.9971246123313904
1390.2455650057877 0.9338327050209045
1390.287232022595 0.9994169473648071
1390.3080655299982 1.003594160079956
1390.3288990367519 1.0012671947479248
1390.3497325428475 1.0030232667922974
1390.3705660482856 1.006356954574585
1390.391399553068 1.0012083053588867
1390.412233057185 1.0052897930145264
1390.4330665606574 1.0047607421875
1390.4539000634772 1.0036001205444336
1390.474733565644 1.0079772472381592
1390.4955670671604 1.0033459663391113
1390.5164005680263 1.0049177408218384
1390.5372340682432 1.0048363208770752
1390.5580675678018 1.0001815557479858
1390.5789010667236 1.0020297765731812
1390.599734564999 0.9988213181495667
1390.62056806263 0.998911440372467
1390.6414015596167 0.9985745549201965
1390.662235055951 0.9963083863258362
1390.6830685516536 0.9979759454727173
1390.7039020467157 0.9957941174507141
1390.724735541138 0.9965108633041382
1390.745569034922 0.9975584745407104
1390.766402528069 0.9943833351135254
1390.7872360205795 0.9981618523597717
1390.8080695124554 0.9968165159225464
1390.8289030036872 0.9977734088897705
1390.8497364942966 1.0007680654525757
1390.8705699842737 0.9987519979476929
1390.8914034736215 1.0032780170440674
1390.9122369623392 1.003716230392456
1390.9330704504196 1.0033526420593262
1390.9539039378828 1.0075916051864624
1390.9747374247208 1.0054599046707153
1390.9955709109342 1.0055053234100342
1391.0164043965246 1.0066757202148438
1391.0372378814932 1.0022450685501099
1391.058071365831 1.0063227415084839
1391.0789048495599 1.0062017440795898
1391.09973833267 1.0044962167739868
1391.120571815164 1.005197286605835
1391.1414052970424 1.0021412372589111
1391.1622387783066 1.001126766204834
1391.1830722589577 1.0008175373077393
1391.2039057389977 0.9980335831642151
1391.2247392184174 0.9980003237724304
1391.2455726972385 0.9965730905532837
1391.266406175452 0.995344877243042
1391.2872396530597 0.9951701164245605
1391.3080731300624 0.9957342147827148
1391.3289066064626 0.9964534044265747
1391.3497400822507 0.9956721067428589
1391.3705735574486 0.9984731078147888
1391.3914070320475 0.9956666231155396
1391.412240506049 0.9981933832168579
1391.433073979455 0.9992971420288086
1391.4539074522663 0.9980888366699219
1391.4747409244753 1.000817060470581
1391.4955743961023 1.0023738145828247
1391.5164078671403 1.0023417472839355
1391.5372413375894 1.0056017637252808
1391.5580748074528 1.0025490522384644
1391.578908276731 1.0064713954925537
1391.5997417454255 1.0085453987121582
1391.6205752135286 1.006894826889038
1391.6414086810616 1.0090245008468628
1391.6622421480165 1.0067524909973145
1391.6830756143945 1.0047818422317505
1391.703909080198 1.0063153505325317
1391.7247425454284 1.0028010606765747
1391.7455760100868 1.0015703439712524
1391.766409474166 1.002012014389038
1391.7872429376873 0.9997427463531494
1391.8080764006427 0.9988886117935181
1391.828909863034 0.9958531856536865
1391.849743324863 0.9955280423164368
1391.8705767861316 0.9936121106147766
1391.8914102468418 0.9933686256408691
1391.9122437069855 0.993512749671936
1391.9330771665843 0.9919673800468445
1391.9539106256311 0.9946244955062866
1391.974744084127 0.9939178228378296
1391.9955775420744 0.995204746723175
1392.0164109994757 0.9981247782707214
1392.0372444563325 0.9959024786949158
1392.0580779126367 1.0012383460998535
1392.0789113684111 1.0010184049606323
1392.0997448236476 1.0009020566940308
1392.1205782783481 1.007453203201294
1392.1414117325155 1.00376558303833
1392.162245186152 1.0056911706924438
1392.1830786392586 1.0102205276489258
1392.2039120918294 1.0042834281921387
1392.2247455438855 1.0096064805984497
1392.2455789954201 1.006385087966919
1392.2664124464347 1.000754475593567
1392.287245896933 1.0036066770553589
1392.3080793469162 1.0001963376998901
1392.3289127963778 0.9987567067146301
1392.34974624535 1.0001024007797241
1392.370579693795 0.9952712655067444
1392.3914131417462 0.9977040886878967
1392.4122465891953 0.9950481653213501
1392.4330800361463 0.9941567182540894
1392.4539134826007 0.9951198697090149
1392.474746928562 0.9917933940887451
1392.4955803740227 0.9949411153793335
1392.516413819006 0.993330180644989
1392.5372472635042 0.9943014979362488
1392.5580807075212 0.9977477192878723
1392.578914151059 0.9953674077987671
1392.5997475941217 1.0002038478851318
1392.6205810367112 1.000205159187317
1392.6414144788316 1.0007110834121704
1392.662247920476 1.0053443908691406
1392.6830813616668 1.0015242099761963
1392.7039148023982 1.0046515464782715
1392.724748242673 1.0057926177978516
1392.745581682495 0.9294357895851135
1392.7872485607936 1.0033092498779297
1392.8080819992774 1.0038594007492065
1392.8289154373124 1.0045713186264038
1392.849748874922 1.0006169080734253
1392.8705823121004 1.0021973848342896
1392.8914157488512 1.0016127824783325
1392.9122491851776 1.0018987655639648
1392.9330826210846 1.0039725303649902
1392.9539160565655 0.9993880391120911
1392.9747494916446 1.000878930091858
1392.9955829263158 0.9999691843986511
1393.0164163605837 0.997060239315033
1393.0372497944525 0.9998416900634766
1393.0580832279256 0.9993616938591003
1393.078916661009 0.999498724937439
1393.0997500937056 1.0004162788391113
1393.1205835260214 0.9989502429962158
1393.1414169579932 0.9999129772186279
1393.1622503895983 0.9995763897895813
1393.1830838207973 0.9991971254348755
1393.203917251634 1.000181794166565
1393.2247506821132 1.0002669095993042
1393.2455841122403 0.9994465708732605
1393.26641754201 1.0004178285598755
1393.2872509714475 1.0004833936691284
1393.308084400549 1.0002405643463135
1393.3289178293187 1.0010257959365845
1393.3497512577633 1.0017567873001099
1393.3705846858875 1.002287745475769
1393.3914181136977 1.0025427341461182
1393.4122515411993 1.002373218536377
1393.433084968389 1.0042904615402222
1393.453918395292 1.0038937330245972
1393.4747518219053 1.003676176071167
1393.4955852482342 1.0057085752487183
1393.5164186742866 1.004239559173584
1393.5372521000672 1.0028809309005737
1393.5580855255846 1.0044525861740112
1393.5789189508444 1.0026373863220215
1393.5997523758435 1.0031548738479614
1393.6205858006097 1.0032432079315186
1393.6414192251395 0.998792290687561
1393.662252649441 0.9995484352111816
1393.6830860735208 0.9989739656448364
1393.7039194973875 0.9958189129829407
1393.7247529210483 0.998022198677063
1393.745586344511 0.9943830966949463
1393.766419767774 0.994785726070404
1393.7872531908658 0.9963463544845581
1393.8080866137846 0.9950767755508423
1393.8289200365386 0.9967829585075378
1393.8497534591374 0.9965957999229431
1393.8705868815891 0.9974704384803772
1393.8914203039035 0.999093770980835
1393.9122537260896 0.9969071745872498
1393.9330871481473 1.0018260478973389
1393.9539205701053 1.0008759498596191
1393.9747539919647 1.002883791923523
1393.995587413735 1.0048186779022217
1394.016420835426 1.0028480291366577
1394.0372542570494 1.0078176259994507
1394.0580876786148 1.0057481527328491
1394.078921100134 1.0040924549102783
1394.0997545216176 1.007810354232788
1394.1205879430672 1.0027920007705688
1394.1414213645144 1.0059070587158203
1394.1622547859613 1.0042994022369385
1394.1830882074196 1.0001391172409058
1394.2039216289015 1.0023212432861328
1394.2247550504203 0.9993026256561279
1394.2455884719882 1.0000132322311401
1394.2664218936188 1.0029516220092773
1394.287255315325 0.9967349767684937
1394.308088737111 1.0000801086425781
1394.3289221590096 0.9977391958236694
1394.3497555810266 0.9950018525123596
1394.3705890031747 0.9983377456665039
1394.3914224254702 0.9950977563858032
1394.4122558479273 0.9968602657318115
1394.4330892705611 1.0003581047058105
1394.4539226933878 0.9956132769584656
1394.4747561164127 1.0009957551956177
1394.4955895396722 0.9999030828475952
1394.516422963173 1.0007761716842651
1394.5372563869314 1.0032424926757812
1394.5580898109652 1.0015869140625
1394.5789232352904 1.0056203603744507
1394.599756659926 1.0065912008285522
1394.6205900848888 1.0077803134918213
1394.641423510198 1.0084855556488037
1394.662256935861 1.006571650505066
1394.6830903619173 1.0089589357376099
1394.7039237883755 1.007442593574524
1394.7247572152553 1.0031479597091675
1394.7455906425755 1.0077922344207764
1394.7664240703564 1.005355715751648
1394.7872574986175 1.0056565999984741
1394.8080909273795 1.0034419298171997
1394.828924356662 0.9992287158966064
1394.8497577864862 1.0009770393371582
1394.8705912168623 0.9968906044960022
1394.8914246478307 0.9962830543518066
1394.912258079403 0.9973161816596985
1394.9330915115995 0.9934715628623962
1394.9539249444415 0.996386706829071
1394.9747583779492 0.9926852583885193
1394.9955918121443 0.9918825626373291
1395.0164252470468 0.9965776801109314
1395.0372586826677 0.9951863288879395
1395.0580921190465 0.9959626793861389
1395.0789255561945 0.9985690116882324
1395.09975899413 0.9987422823905945
1395.1205924328729 1.002915859222412
1395.1414258724417 1.002417802810669
1395.1622593128545 1.0057494640350342
1395.1830927541291 1.0074635744094849
1395.2039261962818 1.006151795387268
1395.2247596393186 1.0087006092071533
1395.2455930832743 0.9100476503372192
1395.2872599739646 1.0072112083435059
1395.3080934207228 1.0068602561950684
1395.328926868437 1.0066442489624023
1395.349760317114 1.003353238105774
1395.370593766761 1.0024062395095825
1395.391427217381 0.9997571706771851
1395.4122606689773 0.9977824091911316
1395.4330941215387 1.0008876323699951
1395.5997617763353 0.9958855509757996
1395.620595237227 0.9961403012275696
1395.6414286989236 0.9983637928962708
1395.6622621614733 0.9998477101325989
1395.683095624759 1.0011892318725586
1395.703929088688 1.0030605792999268
1395.7247625532698 1.0035357475280762
1395.7455960184536 1.0068097114562988
1395.7664294841848 1.0053294897079468
1395.7872629504066 1.00484299659729
1395.8080964170558 1.007500410079956
1395.828929884069 1.0053198337554932
1395.8497633513664 1.0057592391967773
1395.8705968188972 1.0049711465835571
1395.8914302865762 1.002339482307434
1395.9122637543267 1.004333257675171
1395.933097222069 1.0015225410461426
1395.953930689721 1.0008670091629028
1395.9747641571994 1.0010801553726196
1395.99559762442 0.9990058541297913
1396.0164310912958 1.001456618309021
1396.0372645577415 0.9970738291740417
1396.0580980236593 0.9984781742095947
1396.078931488983 1.000239372253418
1396.0997649536164 0.9954448342323303
1396.1205984174737 0.999140739440918
1396.1414318804707 0.9981207251548767
1396.162265342525 0.9969295263290405
1396.1830988035551 1.001365065574646
1396.2039322634828 0.9967544078826904
1396.2247657222313 0.9998852014541626
1396.2455991797272 1.0015068054199219
1396.2664326358986 0.9988195896148682
1396.2872660906687 1.0026895999908447
1396.308099543992 1.0002415180206299
1396.3289329957968 1.0011440515518188
1396.3497664460256 1.0043197870254517
1396.3705998946232 0.9998375773429871
1396.3914333415387 1.0037035942077637
1396.4122667867239 1.002986192703247
1396.4331002301349 1.0020006895065308
1396.4539336717307 1.0068687200546265
1396.5164339852695 1.0048420429229736
1396.5372674192536 1.000510334968567
1396.5581008512772 1.0044195652008057
1396.6622679811785 1.001844882965088
1396.6831014010183 0.9998119473457336
1396.7039348187795 0.9985798001289368
1396.724768234488 0.9989697337150574
1396.7456016481103 0.9974719882011414
1396.7664350596451 0.9980788230895996
1396.7872684691124 0.996195912361145
1396.8081018765047 0.9951733350753784
1396.8289352818247 0.9994502663612366
1396.8497686850772 0.9958968162536621
1396.870602086268 0.9985208511352539
1396.8914354854037 0.9988157153129578
1396.9122688824923 0.9974205493927002
1396.933102277542 0.9995734095573425
1396.953935670563 0.9995138645172119
1396.974769061555 1.0007295608520508
1396.9956024505489 1.0033913850784302
1397.0164358375466 0.9989442229270935
1397.0372692225596 1.0047385692596436
1397.0581026056007 1.0039081573486328
1397.0789359866822 1.002428650856018
1397.0997693658178 1.0054556131362915
1397.1206027430208 1.0056524276733398
1397.141436118305 1.0053471326828003
1397.1622694916841 1.005812168121338
1397.1831028631727 1.0052464008331299
1397.2039362327844 1.0037040710449219
1397.2247696005245 1.0023232698440552
1397.2456029664263 1.0021358728408813
1397.2664363304953 1.0000823736190796
1397.2872696927454 1.0
1397.308103053191 0.9985513091087341
1397.328936411847 0.9976916313171387
1397.3497697687274 0.9973031282424927
1397.3706031238469 0.9960923194885254
1397.3914364772193 0.997498095035553
1397.4122698288595 0.9950721859931946
1397.433103178781 0.9951470494270325
1397.4539365269982 0.9976676106452942
1397.474769873515 0.9948175549507141
1397.495603218364 0.996479868888855
1397.5164365615506 0.9986546635627747
1397.5372699030868 0.996324360370636
1397.5581032429864 1.0004878044128418
1397.5789365812625 1.0012742280960083
1397.5997699179281 0.9997802972793579
1397.6206032529958 1.0045089721679688
1397.641436586479 1.0035454034805298
1397.662269918389 1.0061899423599243
1397.6831032487387 1.0087507963180542
1397.7039365775406 1.0057405233383179
1397.7247699048057 1.0083057880401611
1397.7456032305365 1.007128119468689
1397.7664365547646 1.0059220790863037
1397.787269877491 1.0077892541885376
1397.8081031987272 1.0048245191574097
1397.8289365184842 1.0065397024154663
1397.8497698367728 1.0035682916641235
1397.8706031536037 1.0021207332611084
1397.8914364689879 1.0003738403320312
1397.912269782935 0.997861921787262
1397.933103095456 0.9980544447898865
1397.9539364065604 0.9966605305671692
1397.9747697162584 0.9939917922019958
1397.9956030245598 0.9970383644104004
1398.0164363314732 0.9937295913696289
1398.0372696369996 0.9955208897590637
1398.0581029411765 0.9966433644294739
1398.0789362439746 0.9930647015571594
1398.0997695454316 0.9982362389564514
1398.120602845547 0.995228111743927
1398.141436144329 0.9983668923377991
1398.1622694417863 1.0023337602615356
1398.1831027379271 0.9991463422775269
1398.20393603276 1.0056184530258179
1398.224769326293 1.0063894987106323
1398.2456026185334 1.0057201385498047
1398.2664359094895 1.0102760791778564
1398.287269199169 1.0057837963104248
1398.3081024875692 1.0076026916503906
1398.3289357747174 1.0094131231307983
1398.3497690606212 1.0054473876953125
1398.3706023452576 1.007392406463623
1398.3914356286639 1.0049151182174683
1398.4122689108367 1.0020662546157837
1398.4331021917828 1.0015170574188232
1398.453935471509 0.998300313949585
1398.474768750022 0.9975199699401855
1398.4956020273285 0.9955772757530212
1398.5164353034336 0.9942383766174316
1398.5372685783454 0.9940988421440125
1398.5581018520684 0.9921115636825562
1398.5789351246099 0.9942895770072937
1398.5997683959752 0.9920606017112732
1398.6206016661702 0.9914457201957703
1398.6414349352008 0.9956871271133423
1398.6622682030625 0.9936720132827759
1398.6831014697811 0.9962319135665894
1398.7039347353518 0.9219722747802734
1398.7456012630723 1.0010005235671997
1398.7664345252317 1.001150369644165
1398.7872677862654 1.002902865409851
1398.8081010461765 1.0048956871032715
1398.8289343049719 1.0030009746551514
1398.849767562655 1.004932165145874
1398.8706008192314 1.0045219659805298
1398.891434074706 1.0037386417388916
1398.9122673290829 1.0046970844268799
1398.933100582367 1.002695918083191
1398.9539338345626 1.0029330253601074
1398.9747670856646 1.0014777183532715
1398.9956003356974 1.0002963542938232
1399.0164335846548 1.0012099742889404
1399.0372668325415 0.9985296726226807
1399.0581000793613 0.9980025887489319
1399.0789333251194 0.998833954334259
1399.0997665698183 0.9957044124603271
1399.1205998134633 0.9974531531333923
1399.1414330560574 0.9958968162536621
1399.1622662976051 0.9966943860054016
1399.1830995381101 0.9978994131088257
1399.2039327775765 0.9970128536224365
1399.2247660160072 0.9968565702438354
1399.2455992534067 0.9981352686882019
1399.2664324897785 0.9976005554199219
1399.2872657251255 0.9988118410110474
1399.3080989594523 1.0006529092788696
1399.328932192761 1.0007853507995605
1399.3497654250466 1.001391053199768
1399.3705986563311 1.0013965368270874
1399.3914318866086 1.001960039138794
1399.4122651158818 1.0032355785369873
1399.4330983441548 1.0046063661575317
1399.45393157143 1.0028002262115479
1399.474764797711 1.0042511224746704
1399.4955980230006 1.0040768384933472
1399.516431247302 1.0030715465545654
1399.5372644706183 1.0044604539871216
1399.5580976929527 1.0024598836898804
1399.578930914307 1.003150463104248
1399.5997641346858 1.0036958456039429
1399.6205973540903 0.9999361038208008
1399.6414305725248 1.002493143081665
1399.662263789991 1.0010206699371338
1399.683097006482 0.9991025924682617
1399.7039302220205 1.0004712343215942
1399.7247634366097 0.9996731877326965
1399.7455966502212 0.9992936253547668
1399.7664298628886 1.0002459287643433
1399.7872630746037 0.9963400363922119
1399.80809628537 1.0000336170196533
1399.828929495189 0.9978798627853394
1399.8497627040638 0.9982144236564636
1399.8705959119966 0.9996581077575684
1399.89142911899 0.9977755546569824
1399.912262325046 1.000009536743164
1399.9330955301675 0.9988418221473694
1399.9539287343564 0.9997639060020447
1399.974761937615 1.0007851123809814
1399.995595139946 0.9990682005882263
1400.0164283413515 1.003746509552002
1400.0372615418332 1.0019068717956543
1400.0580947413941 1.0003581047058105
1400.0789279400358 1.0047738552093506
1400.0997611377509 1.0006641149520874
1400.120594334571 1.0049159526824951
1400.1414275304585 1.0057764053344727
1400.1622607254455 1.001132607460022
1400.1830939195238 1.0063552856445312
1400.203927112696 1.003012776374817
1400.2247603049632 1.0015926361083984
1400.2455934963282 1.0027649402618408
1400.2664266867923 0.9978805780410767
1400.2872598763581 1.0025664567947388
1400.3080930650272 1.0009018182754517
1400.3289262528012 0.9984948039054871
1400.3497594396827 1.0018999576568604
1400.3705926256725 0.9970719814300537
1400.3914258107736 0.9976155757904053
1400.4122589949868 0.9988439679145813
1400.4330921783148 0.9944581985473633
1400.4539253607586 0.997995913028717
1400.4747585423206 0.9957916140556335
1400.4955917230018 0.9958012104034424
1400.5164249028048 0.9988628625869751
1400.5372580817307 0.9952153563499451
1400.5580912597711 0.9979285597801208
1400.5789244369582 0.9983038902282715
1400.5997576132531 0.9973957538604736
1400.6205907886879 1.0008571147918701
1400.6414239632538 1.0000834465026855
1400.6622571369528 1.0002797842025757
1400.683090309786 1.001921534538269
1400.7039234817555 0.9218553304672241
1400.745589823109 1.0057390928268433
1400.7664229924962 1.0074292421340942
1400.787256161025 1.007397174835205
1400.808089328698 1.0061326026916504
1400.8289224955163 1.007418155670166
1400.849755661481 1.0041799545288086
1400.8705888265938 1.0044347047805786
1400.8914219908559 1.0043590068817139
1400.9122551542694 1.0006394386291504
1400.933088316835 1.0007587671279907
1400.9539214785545 1.0002521276474
1400.9747546394292 0.9993069171905518
1400.9955877994607 0.9976792335510254
1401.0164209586403 0.9954108595848083
1401.0372541169988 0.9933902621269226
1401.058087274508 0.9938952922821045
1401.0789204311693 0.9924064874649048
1401.0997535873012 0.994192898273468
1401.1205867425492 0.9939503073692322
1401.141419896718 0.9948511719703674
1401.1622530500636 0.9958423972129822
1401.1830862025577 0.9976822137832642
1401.2039193542316 0.9981956481933594
1401.2247525050764 1.001075267791748
1401.2455856550937 1.0014032125473022
1401.266418804284 1.003024697303772
1401.2872519526497 1.0056980848312378
1401.3080851001907 1.0077017545700073
1401.3289182469096 1.0067260265350342
1401.3497513928062 1.0097850561141968
1401.3705845378827 1.0076221227645874
1401.39141768214 1.0071567296981812
1401.412250825579 1.0086270570755005
1401.4330839682011 1.0043853521347046
1401.4539171100073 1.0045831203460693
1401.474750250999 1.0023640394210815
1401.4955833911772 0.9993137717247009
1401.516416530543 1.0007151365280151
1401.5372496690975 0.9963381886482239
1401.5580828068419 0.9958013892173767
1401.5789159437775 0.9950385689735413
1401.5997490799052 0.992545485496521
1401.6205822152258 0.9932399988174438
1401.641415349741 0.9922345280647278
1401.662248483451 0.9930249452590942
1401.683081616358 0.995262622833252
1401.7039147484522 0.9936976432800293
1401.7247478797651 0.9970853924751282
1401.7455810102574 0.9965466260910034
1401.7664141399607 0.997506856918335
1401.7872472688653 1.002176284790039
1401.8080803969729 1.0012123584747314
1401.828913524284 1.0035816431045532
1401.8497466508004 1.0053123235702515
1401.8705797765222 1.0046945810317993
1401.8914129014508 1.0075645446777344
1401.9122460255871 1.0063626766204834
1401.9330791489326 1.0061854124069214
1401.9539122714875 1.0085291862487793
1401.9747453932532 1.0041390657424927
1401.9955785142306 1.0056304931640625
1402.016411634421 1.003950595855713
1402.0372447538248 1.0014208555221558
1402.0580778724436 1.0021616220474243
1402.0789109902778 0.999434232711792
1402.0997441073287 0.9999730587005615
1402.1205772235974 0.9971098303794861
1402.1414103390841 0.996826171875
1402.1622434537908 0.9984816908836365
1402.183076567717 0.9942923784255981
1402.2039096808655 0.9967992901802063
1402.2247427932355 0.9963415265083313
1402.2455759048294 0.9931608438491821
1402.266409015647 0.9970358610153198
1402.2872421256895 0.994042694568634
1402.308075234958 0.995230495929718
1402.3289083434533 0.9991012811660767
1402.3497414511764 0.9950069189071655
1402.370574558128 1.0001174211502075
1402.3914076643096 1.001619577407837
1402.4122407697214 0.9984793663024902
1402.4330738743645 1.0040489435195923
1402.45390697824 1.0011755228042603
1402.4747400813487 1.0025185346603394
1402.4955731836908 1.0050227642059326
1402.5164062852582 1.0013684034347534
1402.5372393860814 1.0047099590301514
1402.5580724861316 1.0042232275009155
1402.5789055854186 1.0037246942520142
1402.5997386839445 1.0042215585708618
1402.6205717816993 1.0022372007369995
1402.6414048787146 1.0024058818817139
1402.6622379749506 1.0002038478851318
1402.6830710704385 0.9988115429878235
1402.7039041651692 0.9216455221176147
1402.745570352362 0.9994143843650818
1402.7664034448262 0.9979755282402039
1402.7872365365363 0.9976785182952881
1402.8080696274933 0.9986128211021423
1402.8289027176984 0.9959301352500916
1402.849735807152 0.9998610615730286
1402.870568895855 0.9984515905380249
1402.8914019838085 0.9974037408828735
1402.9122350710131 0.9995293617248535
1402.9330681574697 0.9972440600395203
1402.9539012431792 0.9985207319259644
1402.9747343281426 1.0017470121383667
1402.9955674123605 1.000290870666504
1403.0164004958338 1.0029170513153076
1403.0372335785637 1.0029094219207764
1403.05806666055 1.0016565322875977
1403.0788997417947 1.003227710723877
1403.0997328222975 1.0019813776016235
1403.1205659020604 1.002097487449646
1403.1413989810837 1.003685712814331
1403.162232059368 1.0027492046356201
1403.1830651369146 1.0054265260696411
1403.2038982137237 1.0036219358444214
1403.2247312897969 1.0035443305969238
1403.2455643651344 1.0027201175689697
1403.2663974397374 1.0028156042099
1403.2872305136066 1.0006861686706543
1403.3080635867427 1.0007439851760864
1403.328896659147 1.0015791654586792
1403.34972973082 1.0000368356704712
1403.370562801762 1.0022538900375366
1403.391395871975 1.0022497177124023
1403.4122289414586 0.9990215301513672
1403.4330620102148 1.0008546113967896
1403.4538950782432 0.9972977638244629
1403.474728145546 0.9972737431526184
1403.4955612121228 0.9994492530822754
1403.516394277975 0.9953157901763916
1403.5372273431035 0.9996140003204346
1403.558060407509 0.9981980919837952
1403.5788934711923 0.995312511920929
1403.5997265341546 0.9991857409477234
1403.620559596396 0.9960802793502808
1403.641392657918 0.9989539980888367
1403.6622257187216 0.9994049072265625
1403.6830587788065 0.9978918433189392
1403.7038918381752 1.002101182937622
1403.7247248968267 1.0008810758590698
1403.7455579547639 1.0018941164016724
1403.766391011986 1.0046991109848022
1403.7872240684942 1.0024062395095825
1403.80805712429 1.0074588060379028
1403.8288901793733 1.0058643817901611
1403.8497232337459 1.0051469802856445
1403.8705562874081 1.0071723461151123
1403.8913893403608 1.0043796300888062
1403.9122223926054 1.0061392784118652
1403.9330554441417 1.0048712491989136
1403.9538884949718 1.0013729333877563
1403.9747215450957 1.0055538415908813
1403.9955545945147 0.9981092810630798
1404.0163876432293 0.9988287687301636
1404.037220691241 0.9987542033195496
1404.0580537385497 0.9938252568244934
1404.0788867851577 0.9970898628234863
1404.0997198310645 0.993381917476654
1404.1205528762719 0.992865264415741
1404.1413859207803 0.9962380528450012
1404.1622189645911 0.9912691712379456
1404.1830520077046 0.9958507418632507
1404.2038850501222 0.9949462413787842
1404.2247180918444 0.9942842721939087
1404.2455511328724 1.0011444091796875
1404.266384173207 0.9963238835334778
1404.287217212849 1.0001856088638306
1404.3080502517998 1.0040013790130615
1404.32888329006 1.0023624897003174
1404.3497163276304 1.0072194337844849
1404.3705493645123 1.0058125257492065
1404.3913824007068 1.0062843561172485
1404.4122154362137 1.0096487998962402
1404.4330484710356 1.0053855180740356
1404.453881505172 1.0075187683105469
1404.474714538625 1.0059880018234253
1404.495547571395 1.0026819705963135
1404.5163806034827 1.0036405324935913
1404.5372136348897 0.9995676875114441
1404.5580466656165 0.9985556602478027
1404.5788796956647 0.9978018999099731
1404.5997127250346 0.9948616027832031
1404.6205457537276 0.9939154386520386
1404.6413787817448 0.9935362339019775
1404.6622118090868 0.9932975769042969
1404.6830448357553 0.9925246238708496
1404.703877861751 0.8822134733200073
1404.745543911727 0.9941705465316772
1404.7663769357096 0.9945165514945984
1404.7872099590243 0.9971020817756653
1404.8080429816707 0.9966461658477783
1404.828876003651 1.000159740447998
1404.8497090249655 1.00127375125885
1404.870542045616 1.0021610260009766
1404.891375065603 1.0037652254104614
1404.9122080849277 1.0032840967178345
1404.9330411035917 1.0055783987045288
1404.9538741215954 1.0060948133468628
1404.9747071389406 1.0058937072753906
1404.9955401556279 1.007607102394104
1405.016373171659 1.0050545930862427
1405.0372061870341 1.0059739351272583
1405.058039201756 1.005372405052185
1405.0788722158238 1.0028905868530273
1405.0997052292407 1.0040103197097778
1405.1205382420067 1.0003374814987183
1405.141371254123 0.999619722366333
1405.1622042655913 0.99934983253479
1405.1830372764125 0.99664306640625
1405.203870286588 0.9961966276168823
1405.2247032961188 0.9951333403587341
1405.2455363050065 0.9953819513320923
1405.2663693132524 0.9957257509231567
1405.2872023208572 0.9952526688575745
1405.308035327823 0.9965705275535583
1405.328868334151 0.995544970035553
1405.3497013398412 0.9975747466087341
1405.370534344897 0.997275710105896
1405.3913673493178 0.9972769618034363
1405.4122003531063 1.000016450881958
1405.4330333562632 0.9988478422164917
1405.4538663587903 1.002284049987793
1405.4746993606889 1.0028183460235596
1405.49553236197 1.0014476776123047
1405.5163653626053 1.0046873092651367
1405.5371983626262 1.004778504371643
1405.5580313620244 1.003792405128479
1405.5788643608112 1.00651216506958
1405.5996973589577 1.0029935836791992
1405.620530356496 1.005276083946228
1405.6413633534173 1.0040301084518433
1405.6621963497232 1.0019683837890625
1405.683029345425 1.003661870956421
1405.7038623405049 1.0002226829528809
1405.7246953349736 0.9997747540473938
1405.7455283288336 1.0007774829864502
1405.7663613220857 0.9966053366661072
1405.787194314732 0.9986103773117065
1405.8080273067742 0.9960635900497437
1405.8288602982138 0.9958391189575195
1405.8496932890523 0.9956833720207214
1405.8705262792919 0.9937342405319214
1405.8913592689337 0.9964970350265503
1405.91219225798 0.9955652356147766
1405.933025246432 0.9961075186729431
1405.9538582342923 0.9985744953155518
1405.974691221562 0.9968321919441223
1405.9955242082433 1.0001908540725708
1406.016357194338 0.999808669090271
1406.0371901798476 1.000170350074768
1406.0580231647748 1.0033559799194336
1406.0788561491204 0.9997926950454712
1406.0996891328875 1.0043268203735352
1406.1205221160776 1.0042006969451904
1406.1413550986924 1.0022011995315552
1406.1621880807343 1.007104754447937
1406.1830210622052 1.0023292303085327
1406.2038540431072 1.0027344226837158
1406.2246870234424 0.9756383895874023
1406.2871859610689 0.9998605251312256
1406.3080189391587 0.9987977147102356
1406.3288519166924 1.002894639968872
1406.349684893673 0.9961223006248474
1406.370517870102 0.9977266192436218
1406.3913508459823 0.9999200105667114
1406.412183821316 0.9946448802947998
1406.433016796106 0.9973752498626709
1406.4538497703536 0.9943722486495972
1406.4746827440629 0.993142306804657
1406.4955157172349 0.997747540473938
1406.516348689873 0.9940413236618042
1406.5371816619897 0.994550347328186
1406.5580146335574 0.9963061213493347
1406.5788476046089 0.993628740310669
1406.599680575147 0.9954724907875061
1406.6205135451441 0.99363774061203
1406.6413465146436 0.9936748147010803
1406.6621794836178 0.9951707124710083
1406.6830124520795 0.9937728047370911
1406.7038454200322 0.9954431056976318
1406.7246783874782 0.994210958480835
1406.745511354421 0.9985830783843994
1406.7663443208633 0.9976195096969604
1406.7871772868086 0.997142493724823
1406.8080102522601 0.9995205402374268
1406.8288432172203 0.9973106980323792
1406.8496761816932 1.0005220174789429
1406.8705091456814 1.0021508932113647
1406.8913421091893 0.9986326098442078
1406.9121750722193 1.0010404586791992
1406.9330080347756 1.0011110305786133
1406.9538409968613 0.9974014759063721
1406.9746739584798 0.9995529651641846
1406.9955069196355 0.9972512722015381
1407.0163398803313 0.9986187219619751
1407.0371728405717 0.9952366948127747
1407.05800580036 0.994900643825531
1407.0788387597004 0.992992639541626
1407.0996717185965 0.9940047264099121
1407.1205046770533 0.9911611676216125
1407.1413376350738 0.9887046217918396
1407.1621705926627 0.9885302186012268
1407.1830035498242 0.9872763752937317
1407.2038365065725 0.9891017079353333
1407.2246694628827 0.9896488189697266
1407.2455024187886 0.9877046942710876
1407.2663353742946 0.9893274903297424
1407.287168329386 0.9913530349731445
1407.3080012841056 0.9925827980041504
1407.3288342384267 0.9939146041870117
1407.3496671923328 0.9958581328392029
1407.3705001458536 0.9979029297828674
1407.3913330989944 0.998523473739624
1407.41216605176 0.99600750207901
1407.4329990041563 1.0018987655639648
1407.453831956188 1.0012140274047852
1407.474664907861 1.0025370121002197
1407.4954978591816 1.0038882493972778
1407.516330810154 0.9991396069526672
1407.5371637607855 1.0010238885879517
1407.5579967110807 0.9968056082725525
1407.5788296610474 0.990710973739624
1407.5996626106905 0.9930343627929688
1407.6204955600165 0.9913617372512817
1407.6413285090323 0.9902312159538269
1407.662161457744 0.9911413788795471
1407.682994406159 0.9869255423545837
1407.7038273542835 0.9875417351722717
1407.724660302135 0.9857943654060364
1407.7454932497003 0.9835270643234253
1407.7663261969965 0.9871324896812439
1407.7871591440319 0.9833012223243713
1407.807992090813 0.9875599145889282
1407.8288250373487 0.9893863201141357
1407.8496579836462 0.9889203906059265
1407.8704909297142 0.9911119341850281
1407.8913238755601 0.9926272630691528
1407.912156821193 0.993733823299408
1407.9329897666214 0.9959877729415894
1407.9538227118546 0.994530200958252
1407.9746556569005 0.9994978308677673
1407.9954886017695 0.9996412992477417
1408.01632154647 0.9988276958465576
1408.0371544910124 1.000677227973938
1408.0579874354064 0.9967096447944641
1408.078820379662 1.0004624128341675
1408.0996533237892 0.9973016977310181
1408.120486267799 0.9978683590888977
1408.141319211702 0.9987198710441589
1408.1621521555091 0.9955601692199707
1408.1829850992317 0.9957677721977234
1408.203818042891 0.996680736541748
1408.2246509864694 0.9893900752067566
1408.2454839300185 0.9964208602905273
1408.2663168735205 0.9919102191925049
1408.2871498169984 0.9913824796676636
1408.3079827604645 0.992385983467102
1408.3288157039328 0.9872246384620667
1408.3496486474166 0.9910661578178406
1408.3704815909286 0.9925495982170105
1408.3913145344848 0.9887424111366272
1408.4121474780977 0.9935045838356018
1408.4329804217837 0.9925627112388611
1408.453813365557 0.9935203790664673
1408.4746463094334 0.996096670627594
1408.4954792534286 0.9950255155563354
1408.5163121975588 0.9976253509521484
1408.5371451418405 0.998674750328064
1408.5579780862906 0.9997023344039917
1408.578811030927 1.001559853553772
1408.5996439757664 1.0013338327407837
1408.6204769208277 1.0001285076141357
1408.6413098661392 1.0017009973526
1408.6621428116996 1.002116084098816
1408.6829757575383 1.002569556236267
1408.7038087036751 1.0024768114089966
1408.7246416501305 1.0016653537750244
1408.745474596924 0.9988871812820435
1408.766307544078 1.0009658336639404
1408.787140491613 1.000939130783081
1408.807973439551 0.9970651865005493
1408.8288063879147 0.996269702911377
1408.8496393367263 0.9940386414527893
1408.870472286009 0.9932791590690613
1408.8913052357868 0.9966211318969727
1408.912138186083 0.9931473135948181
1408.9329711369226 0.9950783252716064
1408.95380408833 0.995948076248169
1408.9746370403302 0.9949186444282532
1408.9954699929485 0.9960941672325134
1409.0163029462115 0.9993171691894531
1409.0371359001547 0.9986984133720398
1409.0579688547841 1.0007553100585938
1409.0788018101373 0.9977216720581055
1409.0996347662406 1.0011144876480103
1409.12046772312 1.0026487112045288
1409.1413006808045 1.0040651559829712
1409.1621336393198 1.0039770603179932
1409.1829665986938 1.00286865234375
1409.2037995589533 1.00601327419281
1409.2246325201252 1.0032415390014648
1409.245465482236 1.0037037134170532
1409.2662984453125 1.001373052597046
1409.2871314093807 1.0019828081130981
1409.3079643744652 1.0028913021087646
1409.3287973405916 1.0001662969589233
1409.3496303077834 1.0005003213882446
1409.370463276074 1.0015416145324707