1410.929442844855 0.9920717477798462
1410.9502759018894 0.9919701814651489
1410.971108959066 0.9901155233383179
1410.991942016346 0.9907264709472656
1411.0127750737224 0.9920823574066162
1411.0336081311766 0.9918408989906311
1411.054441188693 0.9915501475334167
1411.075274246255 0.9914817214012146
1411.0961073038472 0.9914065599441528
1411.116940361455 0.9912081360816956
1411.1377734190637 0.9916536211967468
1411.15860647666 0.9918606281280518
1411.1794395342306 0.9916752576828003
1411.2002725917632 0.9916674494743347
1411.2211056492554 0.992160439491272
1411.2419387066752 0.992414653301239
1411.2627717640225 0.9931424856185913
1411.2836048212857 0.993470311164856
1411.304437878455 0.9932354688644409
1411.3252709355206 0.9937616586685181
1411.346103992473 0.9941130876541138
1411.366937049303 0.9948021769523621
1411.3877701060028 0.9947723746299744
1411.4086031625625 0.9948223829269409
1411.429436218976 0.9961798191070557
1411.4502692752444 0.9958440661430359
1411.471102331341 0.9966161251068115
1411.4919353872692 0.9976683855056763
1411.5127684430215 0.9978125095367432
1411.533601498592 0.9984987378120422
1411.5544345539743 0.9992765784263611
1411.5752676091627 1.0002466440200806
1411.5961006641517 1.000563144683838
1411.6169337189358 1.0013331174850464
1411.6377667735096 1.0018563270568848
1411.6585998278688 1.0028380155563354
1411.679432882008 1.003415822982788
1411.700265935923 1.0044273138046265
1411.7210989896193 1.0058441162109375
1411.741932043073 1.006287932395935
1411.7627650962897 1.0066817998886108
1411.7835981492663 1.0074282884597778
1411.804431201998 1.0084015130996704
1411.8252642544824 1.0090852975845337
1411.8460973067154 1.0098004341125488
1411.8669303586942 1.010054111480713
1411.8877634104158 1.0112019777297974
1411.9085964618764 1.0110994577407837
1411.9294295130744 1.0118522644042969
1411.9502625640162 1.012184739112854
1411.971095614679 1.012343406677246
1411.9919286650713 1.0123933553695679
1412.0127617151895 1.0128324031829834
1412.0335947650328 1.0123976469039917
1412.0544278145976 1.0118799209594727
1412.0752608638825 1.0122063159942627
1412.096093912885 1.0118598937988281
1412.1169269616037 1.0113236904144287
1412.1377600100466 1.0108424425125122
1412.1585930581816 1.0106688737869263
1412.1794261060475 1.009894609451294
1412.200259153612 1.009965419769287
1412.2210922008842 1.009534478187561
1412.2419252478624 1.008662223815918
1412.2627582945447 1.006900429725647
1412.2835913409301 1.005041480064392
1412.3044243870174 1.0061115026474
1412.3252574328055 1.0054419040679932
1412.3460904782921 1.0042853355407715
1412.3669235234775 1.0029155015945435
1412.3877565683697 1.002462387084961
1412.4085896129473 1.0018987655639648
1412.4294226572204 1.0014005899429321
1412.4502557011867 1.0002522468566895
1412.4710887448468 0.999689519405365
1412.4919217881986 0.999730110168457
1412.5127548312414 0.999094545841217
1412.5335878739747 0.9985692501068115
1412.5544209163975 0.9978211522102356
1412.5752539585092 0.9971185922622681
1412.596087000319 0.9971352219581604
1412.6169200418058 0.9960789084434509
1412.6377530829798 0.9959269762039185
1412.6585861238398 0.9957106113433838
1412.6794191643849 0.9952337145805359
1412.7002522046153 0.9949632287025452
1412.7210852445296 0.9947556257247925
1412.741918284128 0.9938222169876099
1412.76275132341 0.9938364624977112
1412.783584362374 0.9939174652099609
1412.8044174010308 0.9936134815216064
1412.8252504393593 0.993003249168396
1412.8460834773696 0.9935345649719238
1412.8669165150607 0.9931704998016357
1412.8877495524328 0.9929531812667847
1412.9085825894847 0.9930576086044312
1412.9294156262172 0.9925582408905029
1412.9502486626288 0.9926959276199341
1412.9710816987201 0.9924037456512451
1412.9919147344901 0.992389440536499
1413.0127477699393 0.992620587348938
1413.0335808050766 0.9923688173294067
1413.054413839882 0.9921208620071411
1413.0752468743656 0.9921870827674866
1413.096079908527 0.9921272397041321
1413.1169129423658 0.9920482635498047
1413.1377459758817 0.9926865100860596
1413.1585790090749 0.9921960830688477
1413.1794120419447 0.9926058053970337
1413.2002450745017 0.9926866888999939
1413.2210781067251 0.9924099445343018
1413.2419111386248 0.9930320978164673
1413.2835772014528 0.9926465749740601
1413.304410232381 0.9929754137992859
1413.325243262985 0.9932680726051331
1413.3460762932648 0.9937466979026794
1413.3669093232206 0.9935765266418457
1413.387742352851 0.9942429065704346
1413.408575382158 0.9944965839385986
1413.4294084111498 0.9950283169746399
1413.4502414398066 0.9956178069114685
1413.4710744681392 0.9958676099777222
1413.4919074961465 0.9959996938705444
1413.5127405238293 0.9963288307189941
1413.5335735511867 0.9973164796829224
1413.5544065782194 0.9979696273803711
1413.5752396049272 0.9983131289482117
1413.5960726313194 0.999115526676178
1413.616905657377 0.9997014403343201
1413.6377386831093 1.0000805854797363
1413.658571708516 1.0010815858840942
1413.679404733598 1.001990556716919
1413.7002377583544 1.0027539730072021
1413.7210707827858 1.003167986869812
1413.7419038068917 1.0040569305419922
1413.7627368306726 1.0048962831497192
1413.7835698541382 1.0056740045547485
1413.8044028772686 1.0062528848648071
1413.8252359000735 1.0072683095932007
1413.846068922553 1.00742506980896
1413.866901944708 1.0081232786178589
1413.8877349665368 1.0093042850494385
1413.908567988041 1.0099358558654785
1413.9710670506117 1.0113297700881958
1413.991900070815 1.0112178325653076
1414.0127330906932 1.0107146501541138
1414.0335661102465 1.0118645429611206
1414.0543991294742 1.0119712352752686
1414.0752321483774 1.0124568939208984
1414.0960651669548 1.0117301940917969
1414.116898185208 1.0115242004394531
1414.137731203136 1.0118491649627686
1414.1585642207485 1.0107814073562622
1414.179397238027 1.0104272365570068
1414.2002302549804 1.010269284248352
1414.2210632716087 1.0093762874603271
1414.2418962879124 1.0087536573410034
1414.262729303891 1.0081377029418945
1414.2835623195456 1.007829189300537
1414.304395334875 1.0072509050369263
1414.32522834988 1.005953073501587
1414.3460613645705 1.005381464958191
1414.3668943789262 1.0042295455932617
1414.3877273929577 1.003567099571228
1414.4085604066645 1.0030325651168823
1414.4293934200473 1.0019170045852661
1414.4502264331054 1.0010418891906738
1414.4710594458395 1.0005565881729126
1414.4918924582491 0.9998716711997986
1414.5127254703445 0.9992455840110779
1414.5335584821062 0.9992931485176086
1414.5543914935433 0.9981637597084045
1414.5752245046565 0.9972789287567139
1414.5960575154456 0.9971216320991516
1414.616890525911 0.9968255758285522
1414.6377235360521 0.9962435364723206
1414.6585565458697 0.9966578483581543
1414.679389555373 0.9949985146522522
1414.700222564543 0.9945476055145264
1414.7210555733893 0.9950005412101746
1414.7418885819116 0.9940024018287659
1414.7627215901102 0.9944111108779907
1414.7835545979854 0.993582546710968
1414.8043876055372 0.9937105178833008
1414.8252206127652 0.9931093454360962
1414.8460536196799 0.9927930235862732
1414.8668866262612 0.9925471544265747
1414.887719632519 0.9927892088890076
1414.9085526384538 0.9923434257507324
1414.929385644065 0.9924558401107788
1414.9502186493532 0.9917083382606506
1414.9710516543184 0.9917712807655334
1414.9918846589599 0.9915375709533691
1415.0127176632886 0.9920001029968262
1415.033550667284 0.9915823936462402
1415.054383670957 0.9912779331207275
1415.0752166743064 0.991625964641571
1415.0960496773332 0.9913482069969177
1415.1168826800372 0.991161048412323
1415.137715682418 0.9913549423217773
1415.158548684476 0.9915035963058472
1415.1793816862216 0.9915350675582886
1415.2002146876343 0.9921165108680725
1415.221047688724 0.9919490814208984
1415.2418806894916 0.9917948246002197
1415.262713689936 0.991639256477356
1415.283546690058 0.9924665689468384
1415.3043796898573 0.9923681616783142
1415.3252126893442 0.9920529127120972
1415.3460456884989 0.9932400584220886
1415.3668786873304 0.9937094449996948
1415.38771168584 0.9938719868659973
1415.4085446840268 0.9941124320030212
1415.4293776818915 0.9938939213752747
1415.4502106794337 0.9945443868637085
1415.4710436766536 0.9949007630348206
1415.4918766735611 0.995043933391571
1415.5127096701362 0.9959694743156433
1415.5335426663894 0.9963948130607605
1415.55437566232 0.9967002868652344
1415.5752086579284 0.9972093105316162
1415.5960416532146 0.9981391429901123
1415.6168746481787 0.9982681274414062
1415.637707642821 0.9991436004638672
1415.6585406371503 0.9992486238479614
1415.6793736311479 0.9999427795410156
1415.7002066248237 1.001344919204712
1415.7210396181767 1.001457691192627
1415.7418726112082 1.0020215511322021
1415.7627056039169 1.0035181045532227
1415.783538596314 1.0041069984436035
1415.8043715883794 1.0044373273849487
1415.8252045801219 1.0051106214523315
1415.8460375715429 1.0065511465072632
1415.8668705626417 1.0066627264022827
1415.8877035534183 1.0077319145202637
1415.908536543873 1.0084269046783447
1415.9293695340054 1.00944185256958
1415.9502025238262 1.0096161365509033
1415.9710355133147 1.0098692178726196
1415.991868502481 1.0108805894851685
1416.0127014913255 1.0109519958496094
1416.0335344798477 1.0114575624465942
1416.054367468048 1.0110617876052856
1416.075200455926 1.0118963718414307
1416.0960334434822 1.0114718675613403
1416.1168664307263 1.0119421482086182
1416.137699417638 1.0115572214126587
1416.1585324042278 1.0118438005447388
1416.1793653904954 1.0110994577407837
1416.2001983764408 1.011311650276184
1416.221031362064 1.0103484392166138
1416.2418643473652 1.0102429389953613
1416.2626973323543 1.0092103481292725
1416.283530317011 1.0092772245407104
1416.3043633013453 1.0082213878631592
1416.3251962853576 1.007453203201294
1416.3460292690474 1.0074573755264282
1416.3668622524153 1.0054746866226196
1416.3876952354701 1.005051612854004
1416.4085282181932 1.0043696165084839
1416.429361200594 1.003672480583191
1416.4501941826716 1.0030320882797241
1416.4710271644276 1.0023301839828491
1416.4918601458603 1.0016605854034424
1416.5126931269808 1.0008084774017334
1416.5335261077591 1.0010167360305786
1416.554359088234 0.9997417330741882
1416.575192068377 0.9993342161178589
1416.5960250481971 0.9988545179367065
1416.6168580276942 0.9976300597190857
1416.6376910068686 0.997044563293457
1416.6585239857202 0.9967899918556213
1416.679356964259 0.9962257146835327
1416.7001899424647 0.9954703450202942
1416.7210229203474 0.9954556226730347
1416.7418558979073 0.9952922463417053
1416.7626888751438 0.994451105594635
1416.7835218520572 0.9944106340408325
1416.8043548286475 0.9940356612205505
1416.8251878049145 0.9938206076622009
1416.8460207808682 0.9933160543441772
1416.8668537564884 0.9936047792434692
1416.8876867317854 0.9930297136306763
1416.9085197067586 0.9919280409812927
1416.9710186297466 0.9920036792755127
1416.9918516034252 0.9915134906768799
1417.0126845767797 0.9907253980636597
1417.0335175498105 0.9914661049842834
1417.054350522517 0.9915840029716492
1417.0751834948994 0.9911750555038452
1417.0960164669582 0.9909241199493408
1417.116849438702 0.9902498722076416
1417.1376824101114 0.9913663268089294
1417.158515381197 0.9911898970603943
1417.1793483519573 0.9907276630401611
1417.2001813223935 0.9912073612213135
1417.2210142925046 0.9913967847824097
1417.2418472622912 0.9917502999305725
1417.262680231763 0.9911331534385681
1417.283513200899 0.9912354946136475
1417.3043461697107 0.9921208024024963
1417.325179138197 0.992643415927887
1417.3460121063576 0.9920657873153687
1417.3668450741932 0.9924067258834839
1417.3876780417131 0.9928002953529358
1417.4085110088972 0.9927895069122314
1417.4293439757557 0.9937242865562439
1417.4501769422882 0.9932209253311157
1417.471009908495 0.993880033493042
1417.4918428743754 0.9943884611129761
1417.5126758399297 0.994551956653595
1417.5335088051677 0.995334267616272
1417.554341770069 0.9957468509674072
1417.5751747346437 0.9962936639785767
1417.5960076988918 0.9967176914215088
1417.616840662813 0.9972671270370483
1417.6376736264071 0.9978784918785095
1417.6585065896843 0.9983220100402832
1417.6793395526242 0.9990829825401306
1417.7001725152365 0.9998940229415894
1417.7210054775217 1.0002909898757935
1417.7418384394787 1.0009862184524536
1417.762671401108 1.0019049644470215
1417.7835043624195 1.002626657485962
1417.8043373233925 1.0027176141738892
1417.8251702840378 1.0036755800247192
1417.846003244354 1.0040313005447388
1417.866836204342 1.0054454803466797
1417.8876691640012 1.0060968399047852
1417.9085021233316 1.0070255994796753
1417.9293350823423 1.0080468654632568
1417.9501680410146 1.0080205202102661
1417.9710009993566 1.0087530612945557
1417.9918339573699 1.0097359418869019
1418.0126669150527 1.0101593732833862
1418.033499872406 1.011080026626587
1418.0543328294393 1.0109384059906006
1418.0751657861317 1.011985182762146
1418.0959987424944 1.0112358331680298
1418.116831698526 1.0118615627288818
1418.1376646542267 1.0122945308685303
1418.1584976096065 1.012398362159729
1418.1793305646452 1.0117815732955933
1418.2001635193521 1.0115560293197632
1418.2209964737276 1.0111547708511353
1418.241829427771 1.010847568511963
1418.2626623814826 1.0107961893081665
1418.2834953348618 1.0103981494903564
1418.304328287909 1.009774923324585
1418.3251612406332 1.008786678314209
1418.3459941930143 1.0086100101470947
1418.3668271450626 1.0075578689575195
1418.3876600967774 1.0073702335357666
1418.4084930481588 1.005738615989685
1418.4293259992164 1.005454182624817
1418.4501589499298 1.0048973560333252
1418.4709919003094 1.0040631294250488
1421.2417711796531 1.0109928846359253
1421.262604081554 1.0112138986587524
1421.2834369830505 1.011285662651062
1421.3042698841523 1.010959267616272
1421.3251027848385 1.010202407836914
1421.3459356851179 1.0099163055419922
1421.36676858499 1.0087202787399292
1421.3876014844539 1.008988618850708
1421.4084343835088 1.009414553642273
1421.429267282164 1.0087554454803467
1421.4501001803983 1.0084590911865234
1421.4709330782214 1.0088087320327759
1421.4917659756325 1.0090609788894653
1421.51259887263 1.008057713508606
1421.5334317692239 1.0067789554595947
1421.5542646653937 1.0052073001861572
1421.5750975611472 1.0052001476287842
1421.5959304564853 1.0048812627792358
1421.6167633514165 1.0029939413070679
1421.6375962459197 1.0031627416610718
1421.6584291400052 1.00407874584198
1421.6792620336712 1.0037599802017212
1421.7000949269182 1.004233479499817
1421.7209278197545 1.0039509534835815
1421.7417607121597 1.0037028789520264
1421.7625936041438 1.004563808441162
1421.7834264957055 1.0052087306976318
1421.8042593868447 1.005638599395752
1421.825092277571 1.006483554840088
1421.8459251678632 1.0063108205795288
1421.8667580577317 1.0068678855895996
1421.8875909471753 1.0072602033615112
1421.9084238361943 1.0087143182754517
1421.9292567247983 1.009049892425537
1421.9500896129666 1.0098234415054321
1421.9709225007093 1.0102120637893677
1421.9917553880261 1.0109641551971436
1422.0125882749173 1.0106122493743896
1422.0334211613922 1.0120588541030884
1422.0542540474319 1.0133495330810547
1422.0750869330454 1.013608455657959
1422.0959198182334 1.0139998197555542
1422.1167527030063 1.0136749744415283
1422.1375855873443 1.0142202377319336
1422.1584184712578 1.0151493549346924
1422.1792513547477 1.0146795511245728
1422.2000842378143 1.015138030052185
1422.220917120459 1.0146244764328003
1422.2417500026922 1.0144494771957397
1422.2625828844953 1.0141853094100952
1422.2834157658797 1.0140677690505981
1422.3042486468462 1.0138354301452637
1422.325081527407 1.0131070613861084
1422.345914407544 1.012467861175537
1422.3667472872683 1.0120261907577515
1422.3875801665827 1.0112661123275757
1422.4084130454896 1.0107207298278809
1422.4292459240016 1.0100189447402954
1422.4500788021014 1.0088025331497192
1422.4709116798022 1.008515477180481
1422.4917445571077 1.0077463388442993
1422.5125774340213 1.0067639350891113
1422.5334103105572 1.0052140951156616
1422.5542431867 1.005831241607666
1422.5750760624637 1.0044190883636475
1422.5959089378548 1.0037331581115723
1422.6167418128875 1.0036234855651855
1422.6375746875485 1.0016249418258667
1422.6584075618548 1.001269817352295
1422.6792404358118 1.0008912086486816
1422.7000733094287 0.9993080496788025
1422.7209061827125 0.9999498128890991
1422.741739055682 0.9994545578956604
1422.762571928327 0.9977840781211853
1422.7834048006664 0.997606635093689
1422.804237672712 0.997821569442749
1422.8250705444843 0.9972123503684998
1422.8459034159757 0.9965767860412598
1422.8667362872093 0.9962102770805359
1422.8875691581986 0.996279239654541
1422.9084020289679 0.9950475692749023
1422.9709006400299 0.9939035177230835
1422.9917335100372 0.9942240118980408
1423.012566379913 0.9942015409469604
1423.0333992496578 0.994137167930603
1423.054232119305 0.9940057992935181
1423.0750649888762 0.9934848546981812
1423.0958978583974 0.9930647015571594
1423.1167307278936 0.9932079315185547
1423.1375635974018 0.99229496717453
1423.1583964669312 0.9934694170951843
1423.1792293365208 0.9922745227813721
1423.200062206212 0.992212176322937
1423.220895076017 0.9919066429138184
1423.2417279459794 0.9915412664413452
1423.2625608161343 0.9915750026702881
1423.2833936865175 0.991118848323822
1423.3042265571764 0.9910537600517273
1423.3250594281294 0.9911168813705444
1423.345892299425 0.991776168346405
1423.3667251711042 0.991409420967102
1423.3875580432073 0.9911226034164429
1423.4083909157853 0.9913672208786011
1423.4292237888606 0.9917413592338562
1423.4500566624843 0.9926095008850098
1423.470889536699 0.9917256236076355
1423.4917224115554 0.9934606552124023
1424.5750331046472 1.0069644451141357
1424.5958660189558 1.0064513683319092
1424.6166989334283 1.0057469606399536
1424.637531848056 1.0048688650131226
1424.6583647628183 1.0041475296020508
1424.679197677709 1.0027614831924438
1424.70003059269 1.0026501417160034
1424.7208635077534 1.002159833908081
1424.7416964228848 1.001525640487671
1424.762529338078 1.0003920793533325
1424.7833622532978 1.0002765655517578
1424.8041951685411 0.9992176294326782
1424.8250280837933 0.9989621639251709
1424.845860999052 0.9986723065376282
1424.8666939142847 0.9980366230010986
1424.8875268294896 0.9968720078468323
1424.9083597446547 0.996923565864563
1424.9291926597698 0.9966029524803162
1424.9500255748337 0.9965438842773438
1424.970858489817 0.9961684942245483
1424.9916914047199 0.9959251284599304
1425.012524319533 0.9953120946884155
1425.033357234258 0.9953731298446655
1425.0541901488662 0.9948848485946655
1425.0750230633594 0.9949080348014832
1425.0958559777305 0.9942654967308044
1425.1166888919815 0.9942396283149719
1425.1375218060855 0.993920624256134
1425.1583547200462 0.9938285946846008
1425.179187633857 0.9941349029541016
1425.2000205475115 0.9938778877258301
1425.2208534610136 0.9938178658485413
1425.2416863743383 0.9938898086547852
1425.2625192874898 0.9937161207199097
1425.2833522004728 0.993621826171875
1425.3041851132627 0.9939830899238586
1425.3250180258647 0.9937580227851868
1425.345850938274 0.9936050176620483
1425.3666838504867 0.9937315583229065
1425.387516762508 0.9939829707145691
1425.4083496743146 0.9938541650772095
1425.4291825859123 0.9938257336616516
1425.4500154972977 0.9938083291053772
1425.4708484084772 0.9937140941619873
1425.4916813194272 0.9941151738166809
1425.512514230155 0.9942466020584106
1425.5333471406573 0.9947034120559692
1425.5541800509307 0.9951380491256714
1425.5750129609833 0.9956159591674805
1425.5958458707914 0.9953665733337402
1425.6166787803634 0.9963427186012268
1425.6375116897063 0.9960963726043701
1425.6583445987978 0.9961270093917847
1425.6791775076458 0.9967987537384033
1425.7000104162478 0.9971402287483215
1425.720843324602 0.9976984858512878
1425.7416762327164 0.9980360865592957
1425.7625091405687 0.9986545443534851
1425.7833420481677 0.9990615248680115
1425.8041749555211 0.9997804164886475
1425.8250078626077 1.00050687789917
1425.8458407694354 1.0010719299316406
1425.8666736760033 1.0014463663101196
1425.887506582309 1.0018175840377808
1425.9083394883621 1.0027199983596802
1425.9291723941403 1.0033231973648071
1425.9500052996532 1.0044442415237427
1425.9708382049091 1.0044881105422974
1425.9916711098867 1.0056904554367065
1426.0125040145952 1.0064518451690674
1426.033336919033 1.0073907375335693
1426.0541698231998 1.0080691576004028
1426.075002727104 1.008488416671753
1426.0958356307247 1.0098514556884766
1426.1166685340713 1.0105665922164917
1426.1375014371529 1.0118354558944702
1426.158334339948 1.011398196220398
1426.1791672424667 1.0122345685958862
1426.2000001447077 1.0128066539764404
1426.2208330466706 1.013422966003418
1426.2416659483642 1.0134713649749756
1426.2624988497682 1.0141215324401855
1426.283331750892 1.0141099691390991
1426.3041646517452 1.0147286653518677
1426.3249975523065 1.0147424936294556
1426.345830452586 1.013950228691101
1426.3666633525825 1.0140677690505981
1426.3874962523064 1.0143072605133057
1426.4083291517366 1.0137782096862793
1426.4291620508825 1.013468861579895
1426.449994949744 1.012818694114685
1426.4708278483308 1.0126243829727173
1426.491660746622 1.0119235515594482
1426.512493644628 1.0110207796096802
1426.5333265423476 1.0100908279418945
1426.554159439781 1.010114073753357
1426.5749923369376 1.0085031986236572
1426.595825233797 1.008401870727539
1426.6166581303694 1.0078339576721191
1426.637491026664 1.0068426132202148
1426.6583239226609 1.0059553384780884
1426.6791568183696 1.0048973560333252
1426.6999897137898 1.0045037269592285
1426.7208226089315 1.0035029649734497
1426.7416555037746 1.0022655725479126
1426.7624883983285 1.0023162364959717
1426.7833212925937 1.0020155906677246
1426.804154186579 1.001205563545227
1426.8249870802647 1.000548243522644
1426.845819973661 1.0000537633895874
1426.8666528667775 0.999392032623291
1426.8874857595938 0.9988798499107361
1426.9083186521202 0.9986390471458435
1426.9291515443563 0.9979544878005981
1426.9499844363022 0.9977960586547852
1426.9708173279678 0.9973310232162476
1426.9916502193325 0.9969605207443237
1427.0124831104067 0.9966878890991211
1427.0333160012005 0.996467113494873
1427.054148891693 0.9961787462234497
1427.0749817818953 0.9956534504890442
1427.0958146718062 0.9956913590431213
1427.1166475614264 0.9953684210777283
1427.1374804507657 0.9949424266815186
1427.1583133398037 0.9952490925788879
1427.1791462285507 0.9949280619621277
1427.1999791170167 0.9952561259269714
1427.2208120051112 0.994583010673523
1427.241644892922 0.9949168562889099
1427.2624777805054 0.9940216541290283
1427.2833106678067 0.994183361530304
1427.3041435548075 0.9943311810493469
1427.324976441517 0.9939480423927307
1427.345809327935 0.9945226311683655
1427.366642214072 0.9937635064125061
1427.3874750999082 0.993913471698761
1427.4083079854524 0.9940751194953918
1427.4291408707063 0.9939560890197754
1427.4499737556782 0.9941654801368713
1427.4708066403493 0.994417130947113
1427.4916395247294 0.9941619038581848
1427.5124724088184 0.9942310452461243
1427.5333052926264 0.9949045181274414
1427.5541381761332 0.9947535395622253
1427.616636824918 0.995274543762207
1427.6374697072613 0.9959219694137573
1427.6583025893135 0.9961561560630798
1427.6791354710751 0.9960790872573853
1427.6999683525557 0.9967867136001587
1427.7208012337358 0.9971756935119629
1427.7416341146254 0.9976952075958252
1427.7624669952338 0.9979812502861023
1427.7832998755418 0.998246431350708
1427.80413275556 0.9990880489349365
1427.8249656352866 0.9991018772125244
1427.8457985147336 1.0004805326461792
1427.8666313938804 1.000580072402954
1427.887464272736 1.0015215873718262
1427.9082971513023 1.0016627311706543
1427.9291300295881 1.0024657249450684
1427.9499629075733 1.0031815767288208
1427.9707957852693 1.0036927461624146
1427.991628662685 1.0043708086013794
1428.0124615398001 1.0052270889282227
1428.0332944166262 1.0057432651519775
1428.0541272931619 1.0062313079833984
1428.074960169418 1.0078351497650146
1428.0957930453746 1.0083284378051758
1428.1166259210415 1.0087696313858032
1428.1374587964287 1.0099817514419556
1428.1582916715165 1.0104871988296509
1428.179124546315 1.0111836194992065
1428.1999574208241 1.0116561651229858
1428.2207902950538 1.0118389129638672
1428.2416231689845 1.0126099586486816
1428.262456042626 1.0140371322631836
1428.2832889159881 1.013782262802124
1428.3041217890514 1.0138726234436035
1428.3249546618256 1.0144104957580566
1428.3457875343113 1.0146021842956543
1428.3666204065175 1.0143792629241943
1428.3874532784253 1.0144224166870117
1428.4082861500447 1.0143699645996094
1428.4291190213748 1.0136640071868896
1428.4499518924265 1.0137405395507812
1428.4707847631803 1.0134190320968628
1428.4916176336449 1.0129643678665161
1428.5124505038216 1.012865662574768
1428.53328337372 1.0120956897735596
1428.5541162433194 1.0107638835906982
1428.5749491126317 1.0104179382324219
1428.595781981655 1.0103795528411865
1428.6166148504005 1.0091066360473633
1428.6374477188483 1.0077502727508545
1428.6582805870075 1.00790274143219
1428.6791134548894 1.0071073770523071
1428.6999463224734 1.0062443017959595
1428.7207791897695 1.0052882432937622
1428.741612056788 1.0045608282089233
1428.7624449235088 1.003823161125183
1428.783277789942 1.0032529830932617
1428.8041106560877 1.0023528337478638
1428.8249435219464 1.001905918121338
1428.8457763875267 1.000984787940979
1428.8666092528103 1.001046895980835
1428.8874421178068 0.9999202489852905
1428.9082749825252 0.9995568990707397
1428.929107846947 0.9989550113677979
1428.9499407110818 0.9985461831092834
1428.970773574939 0.9983207583427429
1428.9916064384995 0.9979886412620544
1429.0124393017732 0.9971305131912231
1429.0332721647594 0.9972409009933472
1429.054105027469 0.9968079924583435
1429.074937889882 0.9963480830192566
1429.0957707520076 0.9963959455490112
1429.116603613857 0.9958891272544861
1429.1374364754095 0.9955450296401978
1429.1582693366752 0.9954298138618469
1429.1791021976546 0.9949411153793335
1429.1999350583571 0.9948185682296753
1429.220767918763 0.9947348833084106
1429.241600778883 0.9949427843093872
1429.2624336387157 0.9944847822189331
1429.2832664982766 0.9944483637809753
1429.3040993575407 0.9945679903030396
1429.3249322165148 0.9944611191749573
1429.3457650752125 0.9944552779197693
1429.366597933614 0.9942976832389832
1429.3874307917292 0.994493842124939
1429.4082636495682 0.994033932685852
1429.4290965071111 0.9942148327827454
1429.4499293643678 0.9939879775047302
1429.4707622213382 0.9944117069244385
1429.4915950780328 0.9943621754646301
1429.5124279344311 0.9940316677093506
1429.5332607905436 0.9944868683815002
1429.5540936463703 0.9946381449699402
1429.5749265019203 0.9943540692329407
1429.5957593571748 0.9948973655700684
1429.6165922121436 0.994841456413269
1429.637425066836 0.9951298832893372
1429.6582579212325 0.9953770637512207
1429.6790907753436 0.9960850477218628
1429.699923629168 0.9959236979484558
1429.7207564827172 0.996306300163269
1429.7415893359707 0.9967551231384277
1429.7624221889378 0.9973887205123901
1429.7832550416197 0.9976170659065247
1429.8040878940255 0.9977359771728516
1429.8249207461351 0.9983532428741455
1429.8457535979596 0.9992467761039734
1429.8665864495076 0.9994895458221436
1429.8874193007603 0.9999082088470459
1429.908252151727 1.0004597902297974
1429.9290850024083 1.0013784170150757
1429.9499178528135 1.0017428398132324
1429.970750702923 1.0019111633300781
1429.991583552747 1.0030314922332764
1430.012416402295 1.0035018920898438
1430.0332492515472 1.0045068264007568
1430.0540821005138 1.005043864250183
1430.0749149492046 1.0056899785995483
1430.0957477975992 1.0064756870269775
1430.1165806457086 1.0072078704833984
1430.137413493542 1.0081342458724976
1430.1582463410793 1.0090566873550415
1430.179079188331 1.0091369152069092
1430.1999120352966 1.0102956295013428
1430.2207448819868 1.0107378959655762
1430.241577728381 1.0113582611083984
1430.262410574489 1.0121376514434814
1430.2832434203115 1.0121546983718872
1430.3040762658577 1.0131981372833252
1430.324909111108 1.0138053894042969
1430.3457419560725 1.014048457145691
1430.3665748007606 1.0136644840240479
1430.387407645153 1.014334797859192
1430.4082404892595 1.0140163898468018
1430.4290733330893 1.0135620832443237
1430.4499061766232 1.013999581336975
1430.4707390198712 1.0139145851135254
1430.4915718628426 1.0132997035980225
1430.5124047055183 1.0132867097854614
1430.5332375479074 1.0127713680267334
1430.55407039001 1.012453317642212
1430.6165689146103 1.010903239250183
1430.6374017555775 1.010083794593811
1430.658234596248 1.0093759298324585
1430.6790674366318 1.0095387697219849
1430.6999002767293 1.0081262588500977
1430.7207331165498 1.006848692893982
1430.7415659560738 1.006555199623108
1430.762398795311 1.005514144897461
1430.783231634271 1.0050925016403198
1430.8040644729344 1.004143238067627
1430.8248973113107 1.00334632396698
1430.8457301494 1.002671718597412
1430.8665629872123 1.0023274421691895
1430.8873958247273 1.001785397529602
1430.908228661955 1.001435399055481
1430.9290614989056 1.00063157081604
1430.9498943355584 0.9998071789741516
1430.9707271719242 0.999472439289093
1430.9915600080124 0.9988451600074768
1431.0123928438027 0.998585045337677
1431.0332256793054 0.998422384262085
1431.0540585145304 0.9979016780853271
1431.0748913494574 0.9974995255470276
1431.0957241840968 0.9970257878303528
1431.1165570184478 0.99648118019104
1431.1373898525208 0.9962151050567627
1431.1582226862956 0.9958627223968506
1431.1790555197822 0.9954488277435303
1431.1998883529902 0.9958521127700806
1431.2207211859 0.995161235332489
1431.241554018521 0.9953049421310425
1431.2623868508633 0.9955010414123535
1431.283219682907 0.9947004318237305
1431.3040525146616 0.9944602251052856
1431.3248853461373 0.9946037530899048
1431.3457181773138 0.9943955540657043
1431.3665510082012 0.9942628741264343
1431.3873838387992 0.994073748588562
1431.4082166691176 0.994847297668457
1431.4290494991367 0.9942626357078552
1431.4498823288661 0.9940049648284912
1431.4707151583054 0.9942253828048706
1431.491547987465 0.9947239756584167
1431.5123808163244 0.9942318797111511
1431.5332136448937 0.9939297437667847
1431.5540464731828 0.9944837689399719
1431.5748793011712 0.9947659969329834
1431.5957121288693 0.9946383833885193
1431.6165449562866 0.995161235332489
1431.6373777834028 0.994746744632721
1431.6582106102283 0.9950574040412903
1431.6790434367726 0.9955787658691406
1431.6998762630153 0.9957349300384521
1431.720709088967 0.9960978031158447
1431.741541914637 0.996414840221405
1431.762374740005 0.9969794750213623
1431.7832075650815 0.9969953298568726
1431.8040403898656 0.9973933696746826
1431.8248732143677 0.9974814057350159
1431.8457060385674 0.9980280995368958
1431.8665388624743 0.9988118410110474
1431.8873716860987 0.9988089799880981
1431.9082045094203 0.9998286366462708
1431.9290373324484 1.0000568628311157
1431.9498701551938 1.0007368326187134
1431.9707029776355 1.0013529062271118
1431.9915357997836 1.001575231552124
1432.012368621648 1.0023103952407837
1432.0332014432086 1.0027819871902466
1432.0540342644747 1.0036145448684692
1432.0748670854466 1.0044060945510864
1432.0956999061339 1.0051255226135254
1432.1165327265164 1.006469964981079
1432.137365546604 1.0062685012817383
1432.1581983664062 1.0075244903564453
1432.1790311859038 1.0081709623336792
1432.199864005105 1.0091736316680908
1432.2206968240207 1.0098145008087158
1432.241529642631 1.0103517770767212
1432.2623624609441 1.011361002922058
1432.2831952789713 1.0115797519683838
1432.304028096692 1.0121064186096191
1432.324860914115 1.0129849910736084
1432.3456937312517 1.0131760835647583
1432.366526548081 1.0134315490722656
1432.3873593646122 1.0141901969909668
1432.4081921808463 1.0141777992248535
1432.429024996792 1.0145854949951172
1432.4498578124287 1.0144249200820923
1432.4706906277677 1.0147186517715454
1432.4915234428177 1.0142457485198975
1432.512356257558 1.014573574066162
1432.5331890719997 1.013830542564392
1432.5540218861515 1.0141582489013672
1432.574854699993 1.0134838819503784
1432.5956875135353 1.012446403503418
1432.6165203267865 1.0120424032211304
1432.6373531397269 1.0109115839004517
1432.6581859523667 1.010761022567749
1432.6790187647148 1.0097529888153076
1432.6998515767516 1.0092355012893677
1432.7206843884862 1.0086604356765747
1432.7415171999291 1.007465124130249
1432.7623500110594 1.006519079208374
1432.7831828218868 1.006189227104187
1432.8040156324116 1.0050594806671143
1432.8248484426426 1.0049114227294922
1432.8456812525599 1.0035483837127686
1432.8665140621736 1.0035898685455322
1432.8873468714924 1.002084732055664
1432.9081796804965 1.0016827583312988
1432.929012489196 1.0013362169265747
1432.9498452975997 1.0007565021514893
1432.970678105688 0.9999424815177917
1432.9915109134706 0.9995257258415222
1433.012343720956 0.9989426732063293
1433.0331765281253 0.9985982775688171
1433.0540093349875 0.9983919262886047
1433.0748421415517 0.997842013835907
1433.0956749477984 0.9972376227378845
1433.1165077537373 0.9965429306030273
1433.1373405593768 0.9967178702354431
1433.1581733646979 0.9960094094276428
1433.1790061697097 0.9962030053138733
1433.199838974421 0.9956273436546326
1433.2206717788129 0.9961920976638794
1433.2415045828939 0.9950876235961914
1433.262337386674 0.9951809048652649
1433.283170190133 0.9951553344726562
1433.3040029932797 0.9947206377983093
1433.3248357961247 0.9946837425231934
1433.3456685986469 0.9944565296173096
1433.366501400856 0.9945068955421448
1433.3873342027616 0.9945496320724487
1433.4081670043433 0.9940853118896484
1433.4289998056104 0.9938600063323975
1433.4498326065727 0.9938682317733765
1433.47066540721 0.9939438104629517
1433.491498207531 0.9938281774520874
1433.5123310075462 0.9939866065979004
1433.5331638072346 0.9931475520133972
1433.5539966066056 0.9934998154640198
1433.6164950028206 0.9940959215164185
1433.6373278009178 0.9945369958877563
1433.6581605987053 0.9948141574859619
1433.6789933961627 0.9953846335411072
1433.6998261932993 0.9951301217079163
1433.7206589901243 0.9951260685920715
1433.7414917866176 0.995583176612854
1433.7623245827886 0.9958939552307129
1433.7831573786468 0.9965562224388123
1433.8039901741713 0.9964382648468018
1433.8248229693716 0.9968761801719666
1433.8456557642576 0.9969795942306519
1433.8664885588082 0.9978691935539246
1433.8873213530328 0.9976769685745239
1433.9081541469413 0.998652458190918
1433.928986940513 0.9993730783462524
1433.9498197337564 0.9991660118103027
1433.9706525266822 1.0000981092453003
1433.9914853192688 1.0003142356872559
1434.012318111526 1.0011013746261597
1434.0331509034631 1.0018447637557983
1434.0539836950595 1.002227783203125
1434.0748164863244 1.0032094717025757
1434.095649277267 1.0038301944732666
1434.1164820678673 1.0042606592178345
1434.1373148581338 1.0050257444381714
1434.1581476480762 1.0059963464736938
1434.1789804376738 1.0065436363220215
1434.1998132269428 1.0072849988937378
1434.2206460158845 1.0088837146759033
1434.2414788044732 1.0089746713638306
1434.2623115927247 1.0094242095947266
1434.2831443806472 1.0102152824401855
1434.303977168221 1.0115936994552612
1434.3248099554548 1.0112998485565186
1434.3456427423578 1.0123916864395142
1434.3664755289096 1.0134987831115723
1434.3873083151188 1.012905240058899
1434.4081411009952 1.0139529705047607
1434.428973886518 1.0139601230621338
1434.4498066716956 1.014754295349121
1434.470639456538 1.0147629976272583
1434.4914722410244 1.0140377283096313
1434.5123050251632 1.0150066614151
1434.5331378089643 1.0145344734191895
1434.5539705924068 1.014600157737732
1434.5748033754992 1.014089584350586
1434.5956361582512 1.0137145519256592
1434.616468940642 1.0134183168411255
1434.6373017226797 1.0123766660690308
1434.6581345043749 1.0124045610427856
1434.6789672857058 1.0119140148162842
1434.699800066681 1.0113246440887451
1434.7206328473108 1.0105277299880981
1434.7414656275737 1.0100414752960205
1434.762298407478 1.0090242624282837
1434.7831311870339 1.0083167552947998
1434.8039639662197 1.0074348449707031
1434.8247967450448 1.0067806243896484
1434.8456295235178 1.0054340362548828
1434.8664623016182 1.004586100578308
1434.8872950793543 1.0042330026626587
1434.9081278567357 1.0034267902374268
1434.928960633741 1.0024242401123047
1434.9497934103795 1.0024845600128174
1434.97062618666 1.0018935203552246
1434.991458962561 1.001279592514038
1435.012291738092 1.0005755424499512
1435.0331245132616 1.0000501871109009
1435.0539572880487 0.999468207359314
1435.0747900624624 0.9991567134857178
1435.0956228365114 0.9986035227775574
1435.1164556101744 0.9984066486358643
1435.1372883834708 0.9977315664291382
1435.1581211563791 0.9978512525558472
1435.178953928908 0.9967344999313354
1435.1997867010666 0.9971399903297424
1435.2206194728337 0.996472179889679
1435.241452244218 0.9965561032295227
1435.2622850152286 0.995707631111145
1435.2831177858438 0.9955834746360779
1435.3039505560728 0.9956175684928894
1435.3247833259243 0.9954916834831238
1435.3456160953772 0.9953705072402954
1435.36644886444 0.9949336647987366
1435.3872816331216 0.9953588843345642
1435.4081144014008 0.9949646592140198
1435.4289471692866 0.9947367906570435
1435.449779936787 0.9952080845832825
1435.4706127038824 0.9942528009414673
1435.49144547058 0.9946494698524475
1435.5122782368885 0.9939122200012207
1435.533111002788 0.9939818382263184
1435.5539437682864 0.9944154024124146
1435.5747765333922 0.9945383667945862
1435.5956092980853 0.9942828416824341
1435.6164420623734 0.9943035244941711
1435.6372748262654 0.993914008140564
1435.658107589741 0.9944972991943359
1435.6789403528082 0.995252251625061
1435.6997731154759 0.9945178031921387
1435.7206058777235 0.9956803321838379
1435.7414386395596 0.9952185750007629
1435.7622714009926 0.9954402446746826
1435.7831041620025 0.9954877495765686
1435.8039369225974 0.9956063032150269
1435.8247696827862 0.9959042072296143
1435.8456024425486 0.9963424801826477
1435.8664352019034 0.9968730807304382
1435.8872679608294 0.9969490170478821
1435.9081007193363 0.997525155544281
1435.9289334774328 0.997951865196228
1435.9497662350987 0.9979740977287292
1435.970598992343 0.9983933568000793
1435.991431749175 0.9990687370300293
1436.0122645055744 0.9996887445449829
1436.033097261551 0.9999061822891235
1436.0539300171138 1.0011253356933594
1436.074762772243 1.001123070716858
1436.0955955269483 1.0017870664596558
1436.1164282812401 1.0030478239059448
1436.1372610350982 1.003297209739685
1436.1580937885324 1.0038471221923828
1436.1789265415541 1.0045528411865234
1436.1997592941432 1.0057729482650757
1436.2205920463205 1.006115436553955
1436.2414247980666 1.0070732831954956
1436.2622575493936 1.0072768926620483
1436.283090300312 1.0084476470947266
1436.3039230508039 1.0095356702804565
1436.324755800881 1.009685754776001
1436.3455885505552 1.0106698274612427
1436.3664212998094 1.0116242170333862
1436.3872540486561 1.0122904777526855
1436.4080867971086 1.0124610662460327
1436.4289195451504 1.012795090675354
1436.4497522928057 1.0133321285247803
1436.470585040058 1.0136198997497559
1436.4914177869234 1.013927698135376
1436.5122505334066 1.0139670372009277
1436.5330832795232 1.014129638671875
1436.5539160252608 1.0140043497085571
1436.616414260341 1.014279842376709
1436.6372470046788 1.0136778354644775
1436.658079748701 1.0132110118865967
1436.6789124923982 1.0122158527374268
1436.6997452358028 1.0123547315597534
1436.7205779789076 1.0122123956680298
1436.7414107217376 1.011268973350525
1436.7622434643179 1.0104860067367554
1436.783076206645 1.009315013885498
1436.8039089487481 1.0084946155548096
1436.824741690656 1.0084757804870605