1325.3265516050233 1.0003533363342285
1325.3473854228341 1.0005074739456177
1325.3682192403494 1.0000648498535156
1325.3890530575557 1.0005841255187988
1325.4098868744702 1.0000070333480835
1325.430720691109 1.0003387928009033
1325.4515545074578 0.9999443888664246
1325.472388323542 1.0009028911590576
1325.4932221393456 1.0008223056793213
1325.5140559548834 0.9991844296455383
1325.5348897701685 0.9995707273483276
1325.5557235851852 1.0002906322479248
1325.5765573999465 0.9996233582496643
1325.5973912144648 0.999718189239502
1325.6182250287225 1.0004287958145142
1325.639058842732 0.9991353750228882
1325.6598926565052 1.000551700592041
1325.6807264700237 0.9995244145393372
1325.701560283309 1.0019553899765015
1325.7223940963415 0.9989365339279175
1325.7432279091333 1.0001329183578491
1325.7640617216948 1.0001327991485596
1325.7848955340066 1.000024676322937
1325.805729346079 0.9997433423995972
1325.8265631579225 1.0000885725021362
1325.8473969695174 0.99962317943573
1325.8682307808733 1.0002323389053345
1325.8890645920005 1.0000652074813843
1325.909898402879 0.9999000430107117
1325.9307322135185 1.0000494718551636
1325.9515660239288 0.9998573660850525
1325.972399834089 1.000449299812317
1325.9932336440188 0.9993281364440918
1326.0140674536979 1.0004442930221558
1326.0349012631355 0.9994592666625977
1326.0557350723411 1.0008007287979126
1326.076568881294 0.9996421337127686
1326.0974026900133 1.0007290840148926
1326.1182364984784 0.9998438358306885
1326.1390703066984 0.9994432926177979
1326.1599041146821 0.9999508857727051
1326.1807379224092 1.00076162815094
1326.2015717298884 0.9992954134941101
1326.2224055371291 1.0000579357147217
1326.2432393441102 1.0008907318115234
1326.2640731508407 0.9998243451118469
1326.2849069573297 1.0010021924972534
1326.3057407637336 0.9986434578895569
1326.326574569866 1.00072181224823
1326.347408375597 0.999144971370697
1326.3682421810622 1.0011252164840698
1326.3890759862813 0.9998270273208618
1326.4099097912326 1.0005056858062744
1326.4307435959254 1.0000654458999634
1326.4515774003683 0.9999693036079407
1326.4724112045408 1.000855565071106
1326.4932450084516 0.9994201064109802
1326.5140788121093 1.000346064567566
1326.5349126154938 0.999721348285675
1326.5557464186231 1.0008054971694946
1326.5765802214771 0.9993306398391724
1326.5974140240646 1.0011082887649536
1326.618247826394 0.9985628128051758
1326.639081628445 1.0008158683776855
1326.659915430226 0.9995219111442566
1326.6807492317464 1.0002351999282837
1326.7015830329851 0.9991984963417053
1326.7224168339512 1.0001038312911987
1326.7432506346538 1.0005714893341064
1326.764084435072 0.9995527863502502
1326.7849182352247 1.00021493434906
1326.805752035091 0.9999536275863647
1326.82658583468 1.0001955032348633
1326.8474196340007 0.9995223879814148
1326.8682534330324 1.0006479024887085
1326.8890872317938 1.0000680685043335
1326.9099210302647 1.0010684728622437
1326.930754828454 0.9988688826560974
1326.95158862636 1.0014357566833496
1326.9724224239926 0.9999232888221741
1326.993256221331 0.999947726726532
1327.0140900183944 1.000077486038208
1327.0349238151612 1.0003502368927002
1327.0557576116414 0.999740481376648
1327.076591407844 1.0005667209625244
1327.0974252037481 1.0009253025054932
1327.1182589993725 0.9995521306991577
1327.1390927946973 1.0010398626327515
1327.159926589731 0.9995524287223816
1327.1807603844832 1.000088095664978
1327.2015941789325 0.999927818775177
1327.222427973089 1.0013965368270874
1327.2432617669615 0.9997047781944275
1327.2640955605293 1.0017651319503784
1327.2849293538118 0.9991376996040344
1327.305763146788 1.0012073516845703
1327.3265969394677 0.9997674822807312
1327.3474307318595 1.0005708932876587
1327.368264523943 1.000731110572815
1327.389098315728 0.9999752044677734
1327.409932107223 1.0003191232681274
1327.4307658984078 1.0000687837600708
1327.4515996892917 1.0010071992874146
1327.4724334798843 0.999126672744751
1327.4932672701643 1.0005429983139038
1327.5141010601515 1.0000669956207275
1327.5349348498248 1.001399040222168
1327.5557686391944 0.9990124702453613
1327.576602428269 1.0011746883392334
1327.5974362170282 0.9996183514595032
1327.6182700054815 0.9999309778213501
1327.6391037936378 1.000471830368042
1327.6599375814772 1.000563621520996
1327.680771369019 1.000386357307434
1327.701605156242 0.9997591972351074
1327.7224389431562 1.0010485649108887
1327.743272729771 0.9995996952056885
1327.7641065160656 1.0001001358032227
1327.7849403020496 0.999860942363739
1327.8057740877323 1.0003465414047241
1327.8266078730933 1.0003350973129272
1327.8682754428878 0.9997038841247559
1327.8891092273104 1.0009369850158691
1327.909943011429 1.000045895576477
1327.9307767952234 1.0010422468185425
1327.951610578703 1.0005669593811035
1327.972444361877 0.9992402791976929
1327.9932781447253 1.0012257099151611
1328.0141119272673 1.00019371509552
1328.0349457094824 1.000040054321289
1328.05577949138 1.000146508216858
1328.0766132729696 1.0005549192428589
1328.0974470542312 1.0000542402267456
1328.1182808351741 1.0006972551345825
1328.139114615808 1.0006275177001953
1328.159948396112 1.0003618001937866
1328.1807821760956 1.0001987218856812
1328.2016159557688 1.0013256072998047
1328.222449735111 1.0007306337356567
1328.243283514142 1.0007790327072144
1328.2641172928406 0.999546229839325
1328.2849510712274 1.001030445098877
1328.3057848492813 1.0005255937576294
1328.3266186270118 0.9997819662094116
1328.347452404429 1.0011069774627686
1328.3682861815118 0.9995511174201965
1328.3891199582706 1.000646710395813
1328.4099537347147 1.0001938343048096
1328.4307875108234 1.000409483909607
1328.4516212866065 1.0003982782363892
1328.4724550620738 1.0003714561462402
1328.4932888372045 0.9999966621398926
1328.5141226120186 1.0009338855743408
1328.5349563864952 1.0002267360687256
1328.5557901606446 1.000387191772461
1328.576623934476 1.0006762742996216
1328.5974577079692 0.999269962310791
1328.6182914811338 1.0012623071670532
1328.6391252539795 0.9997471570968628
1328.6599590264857 1.0002233982086182
1328.6807927986724 1.000280737876892
1328.7016265705188 1.0014530420303345
1328.722460342035 0.9990432858467102
1328.7432941132301 1.0005388259887695
1328.7641278840845 0.9998757243156433
1328.7849616546175 1.0007238388061523
1328.8057954248086 1.0001908540725708
1328.8266291946675 1.0001800060272217
1328.847462964194 1.000084400177002
1328.8682967333978 1.0003888607025146
1328.8891305022585 1.000300407409668
1328.9099642707956 1.0006341934204102
1328.9307980389892 1.0010871887207031
1328.9516318068588 0.9985976815223694
1328.9724655743842 1.0016542673110962
1328.9932993415748 0.9996330142021179
1329.0141331084403 1.0009188652038574
1329.0349668749604 0.9993438124656677
1329.0558006411452 1.0002946853637695
1329.0766344070041 0.9998708367347717
1329.0974681725168 1.000747561454773
1329.118301937703 1.00003182888031
1329.1391357025427 1.0000219345092773
1329.1599694670451 1.0000861883163452
1329.1808032312204 1.0006887912750244
1329.2016369950477 0.9999175667762756
1329.2224707585374 0.9995540380477905
1329.2433045216992 1.0011531114578247
1329.2641382845122 1.0001657009124756
1329.2849720469965 1.0012630224227905
1329.3058058091317 0.9996262788772583
1329.326639570928 1.0010415315628052
1329.3474733323947 1.0004180669784546
1329.3683070935112 1.0004322528839111
1329.389140854288 1.0006837844848633
1329.4099746147344 1.000048041343689
1329.4308083748303 0.9999415278434753
1329.4516421345952 1.0000052452087402
1329.4724758940092 1.0004756450653076
1329.4933096530817 1.0006762742996216
1329.5141434118225 0.9997683167457581
1329.5349771702117 1.0000578165054321
1329.5558109282588 1.0008389949798584
1329.5766446859736 0.9986253976821899
1329.5974784433358 1.00227689743042
1329.6183122003652 0.9989638328552246
1329.6391459570414 1.0010621547698975
1329.6599797133845 1.0005230903625488
1329.680813469374 1.000953197479248
1329.7016472250193 1.0001972913742065
1329.7224809803379 1.0005162954330444
1329.7433147353013 1.0002155303955078
1329.7641484899143 1.0003066062927246
1329.7849822441929 1.0003371238708496
1329.8058159981165 1.0004653930664062
1329.826649751695 1.0004651546478271
1329.847483504938 0.9997202157974243
1329.8683172578253 1.0007925033569336
1329.8891510103774 0.9997880458831787
1329.909984762573 1.0008422136306763
1329.9308185144228 0.9980430603027344
1329.9516522659355 1.0019892454147339
1329.972486017092 0.9993376135826111
1329.993319767912 0.9991584420204163
1330.0141535183745 0.999920666217804
1330.0349872684897 0.9997290968894958
1330.0558210182676 1.0003553628921509
1330.0766547676878 0.999487042427063
1330.09748851677 0.9996894001960754
1330.1183222654943 1.0003117322921753
1330.1391560138704 1.0005364418029785
1330.1599897619078 0.9996447563171387
1330.1808235095866 1.001211404800415
1330.2016572569164 0.9990103244781494
1330.2224910039074 1.0003594160079956
1330.2433247505392 1.000050663948059
1330.2641584968312 1.0011792182922363
1330.284992242764 0.9998505115509033
1330.3058259883467 1.0001028776168823
1330.3266597335894 1.001121163368225
1330.3683272230044 1.001579999923706
1330.3891609671957 0.9997146725654602
1330.4099947110267 1.000335693359375
1330.4308284545168 1.0004080533981323
1330.4516621976456 1.0008238554000854
1330.4724959404232 0.9999116659164429
1330.4933296828592 0.9999493956565857
1330.514163424934 1.0007253885269165
1330.5349971666662 1.0003396272659302
1330.555830908037 0.9993285536766052
1330.5766646490556 1.0009974241256714
1330.5974983897315 0.999047040939331
1330.6183321300452 1.0004098415374756
1330.6391658700163 1.0005180835723877
1330.6599996096247 1.0002741813659668
1330.6808333488798 1.0002140998840332
1330.7016670877915 0.9993320107460022
1330.7225008263401 1.0001322031021118
1330.7433345645354 1.0013213157653809
1330.764168302387 1.0003697872161865
1330.7850020398746 0.9995790719985962
1330.8058357770183 1.001086711883545
1330.826669513798 0.9995080232620239
1330.847503250223 1.000665307044983
1330.8683369863038 1.0001455545425415
1330.8891707220198 1.0006242990493774
1330.910004457381 0.999885082244873
1330.9308381923977 1.000823736190796
1330.9516719270491 1.000342607498169
1330.9725056613552 0.9989801049232483
1330.9933393952958 1.0012239217758179
1331.014173128881 0.9997414946556091
1331.0350068621206 1.0008599758148193
1331.0558405949942 0.9996176362037659
1331.076674327522 1.0005888938903809
1331.0975080596836 0.9997291564941406
1331.1183417914888 1.0003207921981812
1331.1391755229474 1.0001555681228638
1331.1600092540398 1.000463843345642
1331.1808429847856 0.9994825124740601
1331.2016767151642 1.0006353855133057
1331.2225104451857 1.0008399486541748
1331.2433441748603 0.999488890171051
1331.2641779041676 1.0003299713134766
1331.2850116331274 0.9989138245582581
1331.3058453617198 1.0009361505508423
1331.3266790899543 0.9988799095153809
1331.347512817841 1.000657558441162
1331.3683465453598 0.9993667602539062
1331.3891802725204 1.0003334283828735
1331.410013999333 0.999173104763031
1331.4308477257769 1.0010368824005127
1331.4516814518724 0.9996744394302368
1331.4725151775995 1.0000922679901123
1331.4933489029677 1.0002232789993286
1331.5141826279869 1.0007617473602295
1331.535016352637 0.9998326897621155
1331.5558500769382 1.0001885890960693
1331.5766838008697 1.0005894899368286
1331.597517524442 0.9995578527450562
1331.6183512476648 1.0012339353561401
1331.639184970518 0.9993554949760437
1331.6600186930114 1.000317096710205
1331.6808524151547 0.9998494386672974
1331.7016861369282 1.0007026195526123
1331.7225198583512 1.0005205869674683
1331.7433535794041 1.000102162361145
1331.7641873001064 0.999928891658783
1331.7850210204383 1.0010346174240112
1331.8058547404096 0.9997673630714417
1331.8266884600303 1.0009169578552246
1331.8475221792798 1.0004684925079346
1331.8683558981684 1.0000793933868408
1331.8891896167056 1.000240683555603
1331.9100233348718 1.0001966953277588
1331.9308570526866 1.0012627840042114
1331.95169077013 0.9993247985839844
1331.9725244872118 1.0005379915237427
1331.9933582039416 1.000356912612915
1332.0141919203 1.0005255937576294
1332.035025636306 0.9997891783714294
1332.0558593519402 1.001056432723999
1332.0766930672119 0.9989163279533386
1332.0975267821316 1.0013483762741089
1332.1183604966789 0.9995192289352417
1332.1391942108637 1.0002036094665527
1332.1600279246957 0.9994468688964844
1332.1808616381552 1.0005244016647339
1332.2016953512616 1.0003514289855957
1332.2225290639956 0.9995412826538086
1332.2433627763758 1.0004496574401855
1332.2641964883833 0.9991641640663147
1332.2850302000274 1.0014243125915527
1332.3058639113178 0.9994992613792419
1332.326697622235 1.0001554489135742
1332.347531332789 0.9998355507850647
1332.3683650429887 1.0001744031906128
1332.3891987528148 1.0002224445343018
1332.410032462287 1.0005114078521729
1332.430866171385 0.9995401501655579
1332.4516998801294 1.0001158714294434
1332.4725335884993 1.0006111860275269
1332.4933672965049 1.0002723932266235
1332.5142010041557 1.0000803470611572
1332.5350347114324 0.9991552233695984
1332.5558684183545 1.0008515119552612
1332.5767021249019 0.9992867708206177
1332.597535831084 1.0010249614715576
1332.6183695369116 1.0001156330108643
1332.6392032423641 1.0006368160247803
1332.6600369474513 0.9997467994689941
1332.6808706521836 1.0005196332931519
1332.7017043565404 1.0002869367599487
1332.7225380605419 0.9999585747718811
1332.7433717641677 0.9998404383659363
1332.764205467438 1.0009475946426392
1332.7850391703323 1.000135898590088
1332.805872872861 0.9993818402290344
1332.826706575034 1.000399112701416
1332.8683739782616 1.0004781484603882
1332.8892076793363 0.9997836947441101
1332.9100413800345 1.0005114078521729
1332.9308750803766 0.9995597004890442
1332.951708780342 1.000296711921692
1332.972542479951 1.0007109642028809
1332.9933761791833 0.9995443820953369
1333.0142098780489 1.0004041194915771
1333.0350435765574 1.0007213354110718
1333.0558772746892 1.000160813331604
1333.0767109724543 1.0002340078353882
1333.097544669862 1.0008528232574463
1333.1183783668923 0.9998233914375305
1333.1392120635655 1.0001682043075562
1333.1600457598613 0.9998418688774109
1333.1808794557996 1.0010076761245728
1333.2017131513605 1.0002745389938354
1333.2225468465538 0.9999624490737915
1333.243380541389 0.9999006390571594
1333.2642142358466 1.0007461309432983
1333.2850479299593 1.0000027418136597
1333.3058816237117 0.9997208714485168
1333.3267153170655 1.000315546989441
1333.3475490100614 0.9994994401931763
1333.3683827026787 1.000429630279541
1333.3892163949279 1.0000050067901611
1333.4100500868185 1.000780701637268
1333.4308837783308 0.9995961785316467
1333.4517174694843 1.0015676021575928
1333.472551160259 0.9989950060844421
1333.493384850665 1.0009372234344482
1333.5142185407124 0.9989476203918457
1333.5350522303806 1.0011212825775146
1333.55588591968 0.9996263980865479
1333.5767196086201 1.0001635551452637
1333.597553297181 1.0010533332824707
1333.6183869853828 0.9994977712631226
1333.639220673205 1.0007951259613037
1333.6600543606678 1.0002869367599487
1333.680888047751 1.0002905130386353
1333.7017217344649 0.9988132119178772
1333.7225554208192 1.0005407333374023
1333.7433891067933 1.0005699396133423
1333.7642227924075 1.0006587505340576
1333.7850564776418 0.999336302280426
1333.805890162506 1.0003741979599
1333.8267238470105 0.9996631145477295
1333.8475575311345 0.9997519850730896
1333.868391214898 1.0002223253250122
1333.8892248982816 1.000125527381897
1333.9100585813046 0.9996610283851624
1333.9308922639468 0.999976634979248
1333.9517259462186 1.001250982284546
1333.9725596281298 0.9991863369941711
1333.9933933096597 1.0008045434951782
1334.0142269908192 1.0000495910644531
1334.0350606716177 1.0000725984573364
1334.055894352035 1.00014328956604
1334.0767280320913 1.000382900238037
1334.0975617117665 0.999461829662323
1334.1183953910702 1.0006353855133057
1334.1392290700128 0.9998332262039185
1334.1600627485734 1.0009369850158691
1334.180896426773 0.999582827091217
1334.2017301045908 1.0001795291900635
1334.222563782037 1.000563621520996
1334.2433974591213 1.0000638961791992
1334.2642311358238 1.0001899003982544
1334.2850648121644 0.9995225667953491
1334.305898488123 1.000604271888733
1334.3267321637193 0.9991423487663269
1334.3475658389334 1.0007967948913574
1334.3683995137753 0.9996424317359924
1334.3892331882546 1.0005362033843994
1334.4100668623516 0.9988189339637756
1334.4309005360863 1.001402735710144
1334.4517342094382 0.9989973306655884
1334.4725678824173 1.0003986358642578
1334.4934015550334 0.9985716938972473
1334.5142352272667 1.000888705253601
1334.5350688991373 0.9994471073150635
1334.5559025706245 0.999920129776001
1334.576736241739 1.0005953311920166
1334.59756991249 0.998690664768219
1334.6184035828574 1.000145435333252
1334.6392372528617 0.9999132752418518
1334.6600709224824 0.9998888969421387
1334.6809045917294 0.9997158646583557
1334.7017382606127 1.0009499788284302
1334.7225719291123 0.9994008541107178
1334.743405597248 1.0001368522644043
1334.7642392649998 0.9993508458137512
1334.7850729323877 1.000435709953308
1334.8059065993912 0.9999386668205261
1334.8267402660206 0.9991929531097412
1334.8475739322855 1.0002306699752808
1334.868407598166 0.9990561604499817
1334.8892412636721 0.9995124340057373
1334.9100749288132 0.9995412230491638
1334.93090859357 1.0016810894012451
1334.9517422579618 0.998990535736084
1334.9725759219684 1.000008225440979
1334.9934095856104 0.9968872666358948
1335.0142432488672 0.9991703629493713
1335.0350769117483 0.999578058719635
1335.0559105742645 1.0001499652862549
1335.0767442363954 0.9991981387138367
1335.0975778981604 1.0003662109375
1335.11841155954 0.9991816878318787
1335.1392452205437 1.000093936920166
1335.1600788811818 0.9998286366462708
1335.1809125414338 0.9993273019790649
1335.2017462013193 1.0002398490905762
1335.222579860819 0.9997753500938416
1335.2434135199521 1.0003401041030884
1335.2642471786992 0.9995567202568054
1335.2850808370695 0.9999458193778992
1335.3059144950732 0.9997140169143677
1335.32674815269 1.0000346899032593
1335.3684154668028 1.0002169609069824
1335.3892491232884 0.9999646544456482
1335.410082779407 1.0010194778442383
1335.4309164351382 0.9992907643318176
1335.4517500905017 1.0006688833236694
1335.4725837454776 0.9994817972183228
1335.4934174000757 0.9999330639839172
1335.514251054306 0.9996513724327087
1335.5350847081481 0.9993508458137512
1335.555918361622 1.000867486000061
1335.5767520147072 0.9992824792861938
1335.5975856674145 1.0000593662261963
1335.6184193197528 0.9991698861122131
1335.6392529717023 0.9999557137489319
1335.660086623283 0.9998083710670471
1335.6809202744748 0.9994508624076843
1335.7017539252968 1.000569462776184
1335.7225875757297 0.9997243285179138
1335.7434212257829 0.998996913433075
1335.7642548754663 0.9998795986175537
1335.7850885247599 1.0005996227264404
1335.8059221736835 0.9982042908668518
1335.8267558222167 1.0009030103683472
1335.8475894703697 0.9991151094436646
1335.8684231181521 1.0000749826431274
1335.8892567655435 0.9993707537651062
1335.9100904125637 1.0005459785461426
1335.9309240591929 0.9992923140525818
1335.9517577054505 0.9994394183158875
1335.9725913513169 1.0003894567489624
1335.9934249968017 0.9993181824684143
1336.014258641914 1.000138759613037
1336.0350922866344 0.999626636505127
1336.0559259309819 0.9996961355209351
1336.0767595749373 0.9991266131401062
1336.0975932185095 0.9997459650039673
1336.1184268617087 0.9997081160545349
1336.1392605045144 1.0003947019577026
1336.1600941469467 0.9981164336204529
1336.180927788985 1.0016306638717651
1336.2017614306492 0.9993261694908142
1336.2225950719192 0.9998257756233215
1336.2434287128044 1.0000170469284058
1336.2642623533147 0.999918520450592
1336.2850959934296 1.0001013278961182
1336.3059296331694 0.9986882209777832
1336.3267632725133 1.0006256103515625
1336.347596911471 0.9991120100021362
1336.3684305500526 0.9998939037322998
1336.3892641882373 0.9996853470802307
1336.410097826045 0.999884843826294
1336.4309314634554 0.9990964531898499
1336.451765100488 1.0000033378601074
1336.4725987371226 0.9993090629577637
1336.4934323733687 0.999951958656311
1336.514266009236 0.9989611506462097
1336.5350996447046 1.0004098415374756
1336.555933279793 0.9994423985481262
1336.5767669144818 0.9997763633728027
1336.5976005487803 1.000043272972107
1336.6184341826977 0.999242901802063
1336.639267816214 0.9995182156562805
1336.6601014493485 0.9992126226425171
1336.680935082081 1.0002210140228271
1336.7017687144312 0.9974120259284973
1336.7226023463782 0.9990968108177185
1336.7434359779313 0.999592125415802
1336.7642696091002 1.000488519668579
1336.7851032398648 0.9980417490005493
1336.8059368702443 1.0016511678695679
1336.8267705002177 0.9990866780281067
1336.847604129795 1.0002905130386353
1336.8684377589855 0.999243438243866
1336.8892713877683 1.0000135898590088
1336.9101050161628 0.9992548227310181
1336.9309386441487 0.9994029998779297
1336.951772271745 1.0005077123641968
1336.9726058989313 0.9999129772186279
1336.9934395257164 1.0000098943710327
1337.01427315211 0.9989588260650635
1337.0351067780914 0.9998792409896851
1337.0559404036794 0.9988970756530762
1337.0767740288536 1.000167727470398
1337.097607653633 0.9986422657966614
1337.1184412779967 1.0001740455627441
1337.1392749019537 0.9984102845191956
1337.1601085255134 1.000301480293274
1337.1809421486544 0.9991122484207153
1337.2017757713963 0.9996271133422852
1337.222609393718 1.000036358833313
1337.2434430156277 0.9989937543869019
1337.264276637135 1.0002264976501465
1337.2851102582188 0.9986252188682556
1337.3059438788976 0.9996354579925537
1337.3267774991507 0.999325156211853
1337.3476111189962 0.999474287033081
1337.3684447384132 0.9999497532844543
1337.3892783574106 1.0001531839370728
1337.4101119759969 0.9983022809028625
1337.4309455941698 1.000464677810669
1337.4517792119264 0.9993906021118164
1337.47261282923 0.9995043873786926
1337.4934464461066 0.9991379976272583
1337.514280062565 0.9995987415313721
1337.5351136785819 0.9998145699501038
1337.555947294177 0.9996399879455566
1337.5767809093284 0.9996473789215088
1337.5976145240534 0.9992709159851074
1337.618448138331 0.9993119835853577
1337.6392817521785 0.999923586845398
1337.6601153655743 0.999872624874115
1337.6809489785257 0.9992287755012512
1337.7017825910411 0.9991434216499329
1337.7226162030975 0.9996421337127686
1337.7434498147131 1.000268578529358
1337.7642834258652 0.9984996318817139
1337.7851170365614 1.0001716613769531
1337.8059506468085 0.9991543889045715
1337.8267842565842 0.9996652007102966
1337.8684514747495 1.000062346458435
1337.8892850831328 0.9997928142547607
1337.9101186910323 0.9994606971740723
1337.930952298455 1.0002551078796387
1337.951785905407 0.9996613264083862
1337.972619511865 0.999564528465271
1337.9934531178453 0.9997393488883972
1338.0142867233244 1.0002727508544922
1338.0351203283174 0.9992982745170593
1338.0559539328008 1.000866413116455
1338.0767875367803 0.9993587732315063
1338.0976211402613 0.9999017715454102
1338.1184547432194 1.0001834630966187
1338.13928834567 0.9995117783546448
1338.1601219475879 1.0004737377166748
1338.180955548988 0.9984697103500366
1338.2017891498454 1.000087857246399
1338.2226227501644 0.9992256164550781
1338.2434563499494 1.000448226928711
1338.2642899491748 0.998786985874176
1338.2851235478543 0.999537467956543
1338.3059571459623 0.9999403357505798
1338.3267907435124 0.9997532367706299
1338.3476243404778 0.9999662637710571
1338.368457936862 0.9997634291648865
1338.3892915326676 0.9993786811828613
1338.4101251278685 1.000148892402649
1338.430958722477 1.0001490116119385
1338.4517923164653 0.9986761212348938
1338.472625909847 1.0005968809127808
1338.4934595025934 0.9990036487579346
1339.6809731035066 1.0000818967819214
1339.7018066562418 0.9988958239555359
1339.7226402085093 1.0000553131103516
1339.743473760299 0.9986252784729004
1339.7643073116399 1.0006686449050903
1339.785140862521 0.9986739158630371
1339.8059744129607 1.0004643201828003
1339.8268079629768 0.9994766116142273
1339.8476415125572 0.9996399283409119
1339.8684750617288 0.9990840554237366
1339.8893086104786 1.0008800029754639
1339.910142158833 0.9995273947715759
1339.9309757067779 0.9994494318962097
1339.9518092543294 0.9995914697647095
1339.9726428015026 1.0007681846618652
1339.9934763482827 0.99960857629776
1340.0143098946949 1.0002374649047852
1340.035143440723 1.0002251863479614
1340.055976986391 0.9995697140693665
1340.0768105316836 1.0008691549301147
1340.097644076614 0.9989907145500183
1340.1184776211958 1.0005303621292114
1340.1393111654118 0.9993768930435181
1340.160144709285 0.9997171759605408
1340.1809782527982 1.0003644227981567
1340.201811795974 0.9994650483131409
1340.2226453387946 0.9996994137763977
1340.2434788812723 1.0000137090682983
1340.2643124234187 0.9996438026428223
1340.2851459652156 0.9999991059303284
1340.3059795066852 1.0005178451538086
1340.3268130478084 0.9997532963752747
1340.347646588607 0.9994885325431824
1340.368480129062 0.9998824000358582
1340.3893136691945 1.0012032985687256
1340.4101472089858 0.999079704284668
1340.4309807484565 1.0001788139343262
1340.4518142875875 1.0003618001937866
1340.4726478263892 1.000329613685608
1340.4934813648729 0.9999771118164062
1340.5143149030187 0.9998431205749512
1340.535148440847 1.0009039640426636
1340.5559819783384 0.9991470575332642
1340.5768155155133 1.000868320465088
1340.597649052352 0.9992830753326416
1340.6184825888743 1.0002131462097168
1340.6393161250608 0.9998228549957275
1340.660149660921 1.0002018213272095
1340.6809831964658 0.9994186162948608
1340.7018167316749 1.0006213188171387
1340.7226502665678 0.9992465376853943
1340.743483801125 1.000996708869934
1340.7643173353563 1.0001033544540405
1340.7851508692718 0.9991521835327148
1340.8059844028505 1.0009973049163818
1340.826817936113 0.9987399578094482
1340.8476514690387 1.0010215044021606
1340.8684850016475 0.9998618364334106
1340.889318533919 1.0000451803207397
1340.9101520658737 0.9996582865715027
1340.9309855974902 1.0006495714187622
1340.9518191287887 1.0001603364944458
1340.972652659749 0.9996557235717773
1340.9934861903805 1.000077724456787
1341.0143197206928 1.0002501010894775
1341.0351532506656 0.9996286630630493
1341.0559867803186 1.0005360841751099
1341.0768203096313 1.0002497434616089
1341.0976538386237 1.0006400346755981
1341.118487367275 1.000098705291748
1341.1393208956044 0.9996455907821655
1341.1601544235923 1.0018752813339233
1341.1809879512482 0.9989645481109619
1341.201821478581 1.0005475282669067
1341.2226550055702 1.0003275871276855
1341.2434885322364 1.0011440515518188
1341.2643220585583 0.9991267323493958
1341.2851555845555 1.0005040168762207
1341.305989110208 0.999402642250061
1341.3268226355349 1.0008902549743652
1341.347656160516 0.9996104836463928
1341.3684896851707 1.0008690357208252
1341.3893232094788 0.9999527931213379
1341.4101567334492 1.0003410577774048
1341.4309902570922 1.0008174180984497
1341.4518237803868 0.9993767142295837
1341.4726573033531 1.0009874105453491
1341.4934908259702 0.9996740221977234
1341.5143243482578 1.0011128187179565
1341.5351578701952 0.999008059501648
1341.5559913918023 1.0015761852264404
1341.5768249130585 0.9998176097869873
1341.5976584339735 1.0008865594863892
1341.6184919545562 0.9993680119514465
1341.6393254747873 1.0009698867797852
1341.6601589946856 1.0000348091125488
1341.6809925142306 1.000223159790039
1341.7018260334419 0.9986812472343445
1341.7226595522993 1.0004594326019287
1341.7434930708223 1.0004949569702148
1341.7643265889906 0.9993792176246643
1341.7851601068235 1.0020854473114014
1341.8059936243005 0.998500406742096
1341.8268271414315 1.0011134147644043
1341.847660658226 0.9994444847106934
1341.868494174664 1.000478982925415
1341.8893276907638 0.9997595548629761
1341.9101612065062 1.0008207559585571
1341.9309947219106 1.0002206563949585
1341.9518282369563 1.000834584236145
1341.9726617516524 0.999808132648468
1341.9934952660099 1.0006341934204102
1342.0143287800172 1.0007004737854004
1342.0351622936644 1.00034499168396
1342.0559958069612 1.0003668069839478
1342.0768293199171 0.9987863898277283
1342.0976628325116 1.0003089904785156
1342.1184963447643 0.9997894763946533
1342.1393298566552 1.0008907318115234
1342.1601633682035 0.9993607997894287
1342.2226639007097 1.0006543397903442
1342.2434974108344 0.999776303768158
1342.264330920615 1.0007243156433105
1342.285164430031 0.9999357461929321
1342.305997939102 1.0005850791931152
1342.326831447808 1.0001039505004883
1342.347664956168 1.001319169998169
1342.368498464162 0.9999744892120361
1342.38933197181 0.9994732737541199
1342.4101654790913 1.0019112825393677
1342.4309989860155 0.9997009038925171
1342.4518324925925 1.0004218816757202
1342.472665998802 1.0002527236938477
1342.4934995046635 1.0010813474655151
1342.5143330101569 1.0001169443130493
1342.5351665153016 1.0009398460388184
1342.5560000200771 0.999835729598999
1342.5768335245039 1.0007829666137695
1342.597667028561 1.0004956722259521
1342.6185005322584 1.0007978677749634
1342.6393340356058 1.0006000995635986
1342.6601675385928 1.0000907182693481
1342.6810010412091 1.0004984140396118
1342.7018345434744 1.000159502029419
1342.7226680453684 1.000980257987976
1342.743501546901 0.9989505410194397
1342.7643350480816 1.0014503002166748
1342.7851685488902 0.99900221824646
1342.8060020493465 1.0009360313415527
1342.8268355494304 1.0013846158981323
1342.847669049161 0.9993889927864075
1342.8685025485183 1.000544786453247
1342.8893360475224 1.0005239248275757
1342.910169546153 1.000795602798462
1342.931003044419 0.9997921586036682
1342.9518365423314 1.0003724098205566
1342.972670039869 1.0002669095993042
1342.9935035370515 1.001118779182434
1343.0143370338594 0.999206006526947
1343.0351705303121 1.0012073516845703
1343.0560040263892 1.0000828504562378
1343.0768375221107 1.0003595352172852
1343.0976710174562 1.0004758834838867
1343.1185045124348 1.0001153945922852
1343.1393380070579 1.0009222030639648
1343.1601715013135 0.9999683499336243
1343.1810049951926 1.0005406141281128
1343.2018384887044 1.0008214712142944
1343.222671981859 1.0002673864364624
1343.2435054746359 0.9993667006492615
1343.2643389670545 1.0008885860443115
1343.2851724590955 1.0000379085540771
1343.3060059507782 1.0008268356323242
1343.326839442082 1.0000367164611816
1343.3476729330273 1.0004689693450928
1343.3685064235935 0.9999670386314392
1343.3893399138008 1.0013387203216553
1343.4101734036285 0.999696671962738
1343.4310068930965 0.9998546242713928
1343.4518403821849 1.000963807106018
1343.4726738709032 0.9995896220207214
1343.4935073592612 1.0007381439208984
1343.5143408472386 0.9997996687889099
1343.5351743348558 1.0005486011505127
1343.556007822092 0.998772144317627
1343.5768413089672 1.0006589889526367
1343.597674795461 0.9998547434806824
1343.6185082815937 1.0008529424667358
1343.6393417673446 0.9984226822853088
1343.6601752527338 1.0010405778884888
1343.6810087377467 1.0001991987228394
1343.701842222397 1.000746726989746
1343.7226757066594 0.998986542224884
1343.7435091905495 1.0007086992263794
1343.764342674077 0.9999845623970032
1343.7851761572215 1.0002466440200806
1343.8060096400027 1.0000258684158325
1343.8268431224008 0.999556839466095
1343.8476766044355 1.0006014108657837
1343.8685100860864 1.0003856420516968
1343.8893435673738 1.0003539323806763
1343.9101770482769 1.0000778436660767
1343.931010528816 0.999947726726532
1343.9518440089707 0.9997773170471191
1343.972677488751 1.000855803489685
1343.9935109681667 0.9996992349624634
1344.0143444472076 1.0007764101028442
1344.0351779258633 1.0000476837158203
1344.0560114041443 1.0000838041305542
1344.0768448820595 1.0010426044464111
1344.0976783595895 0.9987941980361938
1344.1185118367537 1.0008249282836914
1344.1393453135322 0.9990122318267822
1344.1601787899451 1.0015939474105835
1344.1810122659717 0.9995951056480408
1344.2018457416318 1.0000582933425903
1344.2226792169056 0.9997398853302002
1344.2435126918133 1.0010161399841309
1344.264346166334 0.9968369007110596
1344.2851796404875 1.000691533088684
1344.3060131142543 0.9992583394050598
1344.3268465876538 1.00022292137146
1344.3476800606663 0.9995471239089966
1344.3685135333014 1.0002557039260864
1344.3893470055687 0.999825119972229
1344.4101804774482 0.9987818598747253
1344.4310139489603 1.0005519390106201
1344.4518474200843 0.9995417594909668
1344.4726808908397 1.0007870197296143
1344.4935143612072 0.9989904761314392
1344.514347831206 1.0002501010894775
1344.5351813008167 1.0
1344.5560147700585 1.0004639625549316
1344.5768482389117 0.9999544620513916
1344.5976817073954 1.0004290342330933
1344.6185151754908 0.998681366443634
1344.6393486432064 1.0013203620910645
1344.660182110553 0.9999075531959534
1344.722682510295 1.0006036758422852
1344.7435159761228 1.0005806684494019
1344.7643494415609 0.9999018311500549
1344.7851829066287 1.001107931137085
1344.8060163713064 1.0004444122314453
1344.8268498356138 1.000533103942871
1344.8476832995307 1.0011497735977173
1344.868516763077 1.0008829832077026
1344.8893502262324 0.9996654987335205
1344.9101836890175 1.0001311302185059
1344.9310171514114 1.0005052089691162
1344.9518506134343 1.000543236732483
1344.9726840750661 0.9997076392173767
1344.9935175363266 1.0006608963012695
1345.0143509971958 1.0007286071777344
1345.0351844576835 0.9995347261428833
1345.0560179177996 1.0014293193817139
1345.0768513775238 0.9990329146385193
1345.0976848368762 1.0011415481567383
1345.118518295837 0.9990419745445251
1345.1393517544257 1.0011675357818604
1345.160185212622 1.0001825094223022
1345.1810186704463 0.9998266100883484
1345.2018521278783 1.0001062154769897
1345.2226855849376 1.0004031658172607
1345.2435190416047 0.9996059536933899
1345.264352497899 1.0005956888198853
1345.2851859538002 0.9999410510063171
1345.3060194093289 0.99992835521698
1345.3268528644644 1.0011106729507446
1345.347686319227 1.0000332593917847
1345.3685197735967 1.0004969835281372
1345.389353227583 0.998919665813446
1345.4101866811957 1.0011025667190552
1345.4310201344251 1.0004193782806396
1345.4518535872612 1.0002095699310303
1345.4726870397128 1.0004594326019287
1345.4935204917915 1.00022292137146
1345.5143539434762 1.000948429107666
1345.5351873947868 0.9996604323387146
1345.5560208457034 1.0011746883392334
1345.576854296246 0.9998109936714172
1345.5976877463945 1.0002769231796265
1345.6185211961686 1.000257134437561
1345.6393546455483 1.0005112886428833
1345.6601880945536 0.9996313452720642
1345.6810215431644 1.000918984413147
1345.7018549914003 0.9997463226318359
1345.7226884392417 1.0012516975402832
1345.7435218867083 0.999495804309845
1345.76435533378 1.0005732774734497
1345.7851887804763 1.0000866651535034
1345.806022226778 0.9997513890266418
1345.8268556727046 1.00104558467865
1345.8476891182358 1.0002249479293823
1345.8685225633815 0.9996699094772339
1345.8893560081522 1.000768780708313
1345.9101894525368 1.0004949569702148
1345.9310228965264 0.9993954300880432
1345.9518563401302 1.0003947019577026
1345.9726897833584 0.999563992023468
1345.9935232261907 1.0009506940841675
1346.0143566686472 0.9988471865653992
1346.0351901107076 1.0008854866027832
1346.056023552392 0.9994652271270752
1346.0768569936802 1.000793218612671
1346.0976904345923 0.9989734888076782
1346.1185238751082 1.0008132457733154
1346.1393573152477 1.0005038976669312
1346.160190754991 0.9985719919204712
1346.1810241943574 1.0008525848388672
1346.2018576333278 0.9996733665466309
1346.2226910719212 1.0003678798675537
1346.243524510118 0.9997113347053528
1346.264357947938 1.000998616218567
1346.285191385361 0.9993852376937866
1346.3060248223974 1.0014164447784424
1346.3268582590567 0.9986751079559326
1346.3476916953289 1.0006402730941772
1346.368525131204 0.9990391731262207
1346.389358566702 1.0007503032684326
1346.410192001803 1.0004509687423706
1346.4310254365262 0.9993658065795898
1346.4518588708522 1.0003739595413208
1346.4726923047906 0.9996340274810791
1346.4935257383518 1.0003494024276733
1346.5143591715153 1.0000224113464355
1346.535192604301 1.0003868341445923
1346.5560260366892 0.9993314743041992
1346.5768594686995 1.0006251335144043
1346.597692900312 0.9997666478157043
1346.6185263315467 1.0012657642364502
1346.6393597623835 0.9985479116439819
1346.6601931928421 1.0004163980484009
1346.6810266229027 0.9996787905693054
1346.701860052585 1.0003749132156372
1346.7226934818693 0.9994256496429443
1346.7435269107752 0.999682605266571
1346.7643603392833 1.0002785921096802
1346.7851937674122 0.9999463558197021
1346.806027195143 1.0009920597076416
1346.8268606224956 0.999782145023346
1346.8476940494495 0.9989430904388428
1346.8685274760246 1.000244379043579
1346.889360902201 1.000414490699768
1346.9101943279989 1.0000200271606445
1346.931027753398 1.0007553100585938
1346.9518611784183 0.9991787672042847
1346.9726946030396 1.0015558004379272
1346.993528027282 0.9993900656700134
1347.0143614511255 1.0000998973846436
1347.0351948745802 1.0003172159194946
1347.0560282976678 0.9995556473731995
1347.076861720365 1.0002211332321167
1347.097695142652 1.0004377365112305
1347.11852856456 1.000088095664978
1347.1393619860685 0.9992138743400574
1347.1601954071875 1.001250982284546
1347.2226956682284 0.9999474287033081
1347.2435290877897 1.0010827779769897
1347.264362506971 0.9994345903396606
1347.2851959257632 1.0009870529174805
1347.3060293441551 0.9995245337486267
1347.3268627621578 1.0009288787841797
1347.3476961797805 0.9999551177024841
1347.3685295970035 0.9759477972984314
1347.3893630138466 0.9982056021690369
1347.4101964302895 0.9990508556365967
1347.4310298463524 0.9996688365936279
1347.4518632620154 0.9985843300819397
1347.4726966772987 0.9987642765045166
1347.4935300921811 0.9977378249168396
1347.514363506684 0.997938334941864
1347.5351969207866 0.9995641708374023
1347.5560303345085 0.9979596734046936
1347.5768637478304 0.9997079968452454
1347.5976971607722 0.998956024646759
1347.6185305733134 0.9983646869659424
1347.639363985474 0.9994167685508728
1347.6601973972342 0.9998361468315125
1347.6810308086144 0.9982664585113525
1347.7018642195933 0.9995391368865967
1347.722697630192 0.9983307123184204
1347.74353104039 0.9874396920204163
1347.7643644502075 0.9958828687667847
1347.785197859624 0.999294638633728
1347.8060312686598 0.9958580732345581
1347.826864677295 0.9988840818405151
1347.8476980855492 0.9991670250892639
1347.8685314934025 0.9994004368782043
1347.8893649008749 0.9995709657669067
1347.910198307946 0.9990531802177429
1347.9310317146364 0.9983091354370117
1347.951865120926 0.9995082020759583
1347.9726985268344 0.9991853833198547
1347.9935319323417 0.9979298114776611
1348.0143653374676 0.9917476773262024
1348.0351987421927 0.988304853439331
1348.0560321465364 0.9896204471588135
1348.0768655504787 0.9925855994224548
1348.0976989540297 0.9952815175056458
1348.1185323571995 0.9984157681465149
1348.1393657599779 0.9993429183959961
1348.1601991623547 0.9978818297386169
1348.1810325643503 0.9980535507202148
1348.2018659659443 0.9974759817123413
1348.2226993671568 0.9959020614624023
1348.2435327679677 0.9958074688911438
1348.2643661683971 0.9960927367210388
1348.2851995684248 0.9789836406707764
1348.3060329680607 0.9724903106689453
1348.326866367315 0.9977754354476929
1348.3476997661776 0.9975550174713135
1348.3685331646384 0.9983307123184204
1348.3893665627074 0.9978117346763611
1348.4101999603947 1.0000028610229492
1348.43103335769 0.9978102445602417
1348.4518667545833 0.9771174788475037
1348.4727001510948 0.9842259287834167
1348.4935335472042 0.9981225728988647
1348.5143669429317 0.9984323382377625
1348.5352003382568 0.9908179044723511
1348.5560337332001 0.995612382888794
1348.5768671277413 0.9984191060066223
1348.5977005218901 0.9964627623558044
1348.618533915657 0.9973750710487366
1348.6393673090315 0.9987954497337341
1348.6602007020037 0.9911001920700073
1348.6810340945938 0.9900043606758118
1348.7018674867816 0.9854567646980286
1348.7227008785867 0.9939120411872864
1348.7435342699894 0.9962650537490845
1348.7643676610098 0.9845677614212036
1348.7852010516278 0.9514411687850952
1348.8060344418632 0.9866688251495361
1348.826867831696 0.9951900243759155
1348.8477012211463 0.9958660006523132
1348.868534610194 0.9962127208709717
1348.8893679988591 0.9895481467247009
1348.9102013871213 0.9963929653167725
1348.931034775001 0.9976669549942017
1348.9518681624777 0.9992601871490479
1348.9727015495716 0.9962301850318909
1348.9935349362627 0.9952874183654785
1349.0143683225713 0.9962818026542664
1349.0352017084767 0.996786892414093
1349.0560350939988 0.9976248145103455
1349.0768684791183 0.992162823677063
1349.0977018638546 0.9966205954551697
1349.118535248188 0.9983302354812622
1349.1393686321383 0.9974973797798157
1349.1602020156852 0.9817078709602356
1349.181035398849 0.9478451013565063
1349.2018687816096 0.9963650107383728
1349.222702163987 0.9983567595481873
1349.243535545961 0.9932551980018616
1349.2643689275517 0.9520729184150696
1349.2852023087394 0.9611568450927734
1349.3060356895428 0.9959340691566467
1349.3268690699433 0.9992789626121521
1349.34770244996 1.0004457235336304
1349.3685358295731 0.9996848106384277
1349.3893692088031 0.9994841814041138
1349.410202587629 1.00034499168396
1349.431035966071 1.0000015497207642
1349.4518693441096 1.0001091957092285
1349.4727027217646 0.999007523059845
1349.4935360990153 0.9989000558853149
1349.514369475882 1.0004898309707642
1349.535202852345 0.9999402761459351
1349.5560362284243 0.9996993541717529
1349.5768696040989 0.9996907114982605
1349.5977029793896 0.9993963241577148
1349.6185363542763 1.001368761062622
1349.6393697287785 0.9988431334495544
1349.6602031028767 1.0000742673873901
1349.7227032228247 1.000148892402649
1349.743536595345 0.9998738765716553
1349.7643699674804 0.9999985098838806
1349.7852033392116 0.9998120069503784
1349.8060367105577 1.0000461339950562
1349.8268700814995 0.9994752407073975
1349.8477034520563 1.0004562139511108
1349.8685368222082 0.9988065361976624
1349.8893701919746 1.0008949041366577
1349.9102035613364 0.999287486076355
1349.9310369303132 1.0007647275924683
1349.9518702988846 0.9989458918571472
1349.9727036670704 1.0008339881896973
1349.9935370348512 0.9995582699775696
1350.0143704022464 1.000064492225647
1350.035203769236 1.000359296798706
1350.05603713584 0.9988002777099609
1350.0768705020382 1.0005266666412354
1350.0977038678507 1.0003440380096436
1350.1185372332673 1.0002532005310059
1350.1393705982778 0.9998142719268799
1350.1602039628922 0.9996052384376526
1350.1810373271203 1.0003634691238403
1350.2018706909419 0.9995291829109192
1350.2227040543773 1.0000194311141968
1350.2435374174063 1.0002626180648804
1350.2643707800482 0.9990983009338379
1350.2852041422939 0.9995125532150269
1350.3060375041325 1.0005344152450562
1350.3268708655837 0.9995653033256531
1350.3477042266284 0.9994198679924011
1350.3685375872856 0.9988839030265808
1350.3893709475353 1.0009294748306274
1350.4102043073972 0.9994149208068848
1350.4310376668518 0.9992849230766296
1350.4518710259183 0.9998130202293396
1350.4727043845771 1.0006022453308105
1350.4935377428476 0.9988365769386292
1350.5143711007097 1.0000470876693726
1350.5352044581834 0.9996981024742126
1350.5560378152486 0.9998977184295654
1350.576871171925 0.9991416335105896
1350.5977045281923 1.0003682374954224
1350.6185378840703 0.9994239211082458
1350.6393712395388 0.9998840689659119
1350.6602045946179 1.0009537935256958
1350.6810379492874 0.9990983605384827
1350.7018713035668 1.000390648841858
1350.722704657436 0.999186098575592
1350.7435380109148 1.0001811981201172
1350.764371363983 0.9993718266487122
1350.78520471666 1.0004956722259521
1350.8060380689362 0.9995875954627991
1350.826871420801 0.9997645020484924
1350.8477047722636 0.9987869262695312
1350.8685381233347 1.0008331537246704
1350.8893714739936 0.9994722008705139
1350.91020482426 0.9996693134307861
1350.9310381741136 1.000035285949707
1350.9518715235743 0.9998446106910706
1350.9727048726313 1.000440001487732
1350.9935382212748 0.9987189173698425
1351.014371569524 1.0007474422454834
1351.035204917359 0.9984970092773438
1351.0560382647989 1.0004853010177612
1351.0768716118237 0.9991729855537415
1351.0977049584528 1.0005742311477661
1351.1185383046663 0.998786985874176
1351.1393716504833 1.0001062154769897
1351.1602049958835 1.0002857446670532
1351.1810383408863 1.0004220008850098
1351.2018716854716 0.9995461702346802
1351.2227050296588 1.0000663995742798
1351.243538373427 0.9995689392089844
1351.2643717167964 0.9992198348045349
1351.2852050597457 1.0005691051483154
1351.306038402295 0.9986760020256042
1351.3268717444234 1.00045645236969
1351.3477050861507 0.9990822672843933
1351.3685384274556 1.0004826784133911
1351.3893717683582 0.9982827305793762
1351.4102051088475 0.9996339082717896
1351.4310384489454 1.0000020265579224
1351.4518717886351 1.0001932382583618
1351.4727051278703 0.9991167187690735
1351.4935384666996 0.999933660030365
1351.5143718051015 0.999264121055603
1351.5352051430962 0.9992888569831848
1351.5560384806622 0.9993894696235657
1351.576871817819 1.0001479387283325
1351.5977051545453 0.9997865557670593
1351.6185384908606 0.9992393255233765
1351.6393718267436 1.0003620386123657
1351.6602051622135 0.9988610148429871
1351.6810384972491 0.999943733215332
1351.7018718318695 0.9986681938171387
1351.7227051660532 1.0005732774734497
1351.7435384998196 0.9992145299911499
1351.7643718331474 0.9997288584709167
1351.7852051660548 0.9992163777351379
1351.806038498521 0.9998592138290405
1351.8268718305644 0.9990551471710205
1351.847705162164 0.9999083876609802
1351.8685384933378 0.999538779258728
1351.889371824075 0.9999223947525024
1351.910205154363 1.0000642538070679
1351.931038484221 0.9988681674003601
1351.951871813627 1.0007590055465698
1351.9727051425991 0.9988155364990234
1351.993538471116 1.0007526874542236
1352.0143717991953 0.9981881380081177
1352.035205126815 0.9999501705169678
1352.0560384539933 0.9997210502624512
1352.0768717807077 1.0000793933868408
1352.0977051069765 0.9983481168746948
1352.1185384327769 0.9999841451644897
1352.1393717581268 1.0000851154327393
1352.1602050830031 0.9991831183433533
1352.2227050548472 0.9994766116142273
1352.243538377844 0.9993969798088074
1352.2643717003734 1.0004749298095703
1352.2852050224126 0.9992872476577759
1352.3060383439774 1.0000550746917725
1352.326871665055 0.9993797540664673
1352.3477049856322 1.0006152391433716
1352.3685383057245 1.0000550746917725
1352.389371625308 0.9987803101539612
1352.4102049443995 1.0002578496932983
1352.4310382629744 0.999613344669342
1352.4518715810484 0.9996291995048523
1352.4727048985967 0.9998674988746643
1352.493538215635 1.0001505613327026
1352.5143715321383 0.9994298815727234
1352.5352048481213 1.000349760055542
1352.5560381635592 0.9995829463005066
1352.5768714784665 0.9998876452445984
1352.597704792817 0.9990721344947815
1352.618538106626 1.0008786916732788
1352.6393714198668 0.9996201395988464
1352.660204732553 0.9995861053466797
1352.6810380446686 1.0005828142166138
1352.7018713561972 0.9996007680892944
1352.7227046671512 0.9998646378517151
1352.743537977504 1.0003658533096313
1352.764371287269 1.0004892349243164
1352.7852045964178 1.0002038478851318
1352.8060379049632 1.0000418424606323
1352.8268712128772 1.0002094507217407
1352.8477045201723 1.0003706216812134
1352.8685378268206 0.9994648098945618
1352.889371132833 1.0001592636108398
1352.9102044381818 0.9996780157089233
1352.9310377428783 1.0004502534866333
1352.951871046904 0.9992244839668274
1352.97270435024 1.0000016689300537
1352.9935376528983 0.999962568283081
1353.0143709548497 0.9994430541992188
1353.035204256106 1.000048041343689
1353.0560375566383 1.00014328956604
1353.0768708564585 0.9987675547599792
1353.0977041555384 0.9998340010643005
1353.1185374538902 0.9992353320121765
1353.1393707514865 0.9992150068283081
1353.160204048339 1.0007107257843018