1354.1375936430445 0.9995359182357788
1354.1584267882727 0.9996318221092224
1354.179259934192 0.9996270537376404
1354.2000930807667 0.9996632933616638
1354.2209262279898 0.9996393918991089
1354.2417593758555 0.9996958374977112
1354.262592524326 0.9997121095657349
1354.283425673405 0.9995002150535583
1354.3042588230549 0.999550461769104
1354.3250919732793 0.9996631145477295
1354.345925124041 0.999901533126831
1354.3667582753435 0.9998438358306885
1354.3875914271498 1.0000032186508179
1354.4084245794636 0.9996909499168396
1354.4292577322483 0.9996566772460938
1354.4500908855082 0.9998008012771606
1354.4709240392074 0.9998645186424255
1354.49175719334 1.0001405477523804
1354.5125903479009 0.9998031258583069
1354.5334235028554 0.9997956156730652
1354.5542566582078 1.0001133680343628
1354.5750898139247 0.9999158382415771
1354.5959229700113 0.9999717473983765
1354.616756126434 0.9998797178268433
1354.6375892831993 0.9999797940254211
1354.6584224402743 1.0001925230026245
1354.6792555976651 0.9998630881309509
1354.7000887553402 0.9997020363807678
1354.7209219132965 0.9996961951255798
1354.7417550715327 1.0001459121704102
1354.7625882300165 1.0003294944763184
1354.783421388757 1.000246286392212
1354.8042545477326 0.999973475933075
1354.8250877069231 1.000200867652893
1354.8459208663273 0.9997814893722534
1354.8667540259457 1.0001691579818726
1354.8875871857479 1.0000722408294678
1354.9084203457437 1.000209093093872
1354.9292535059046 1.0000100135803223
1354.9500866662408 0.9998571872711182
1354.9709198267233 0.999978244304657
1354.9917529873637 1.0000847578048706
1355.012586148133 0.9998384118080139
1355.033419309044 0.9999759197235107
1355.0542524700672 1.0001343488693237
1355.075085631216 1.0001702308654785
1355.0959187924625 1.0002384185791016
1355.116751953809 0.9999298453330994
1355.1375851152584 1.0002490282058716
1355.1584182767836 1.0001567602157593
1355.1792514383983 0.9999381899833679
1355.200084600075 1.0000956058502197
1355.2209177618279 1.0002222061157227
1355.2417509236304 1.000070333480835
1355.2625840854967 0.999952495098114
1355.2834172474004 1.0002646446228027
1355.3042504093562 1.0001206398010254
1355.325083571338 1.0001503229141235
1355.3459167333604 1.000439167022705
1355.3667498953982 1.000252604484558
1355.3875830574661 0.999991774559021
1355.408416219539 1.000178337097168
1355.4292493816222 1.0001797676086426
1355.45008254372 1.0005748271942139
1355.470915705819 0.9999707937240601
1355.4917488679032 1.000244140625
1355.5125820299793 1.0002752542495728
1355.5334151920524 0.9998765587806702
1355.5542483540985 1.0003209114074707
1355.575081516133 1.000113606452942
1355.5959146781324 1.000253677368164
1355.6167478401126 1.0002660751342773
1355.6375810020497 1.0002466440200806
1355.6584141639596 1.000427007675171
1355.6792473258192 1.000360369682312
1355.7000804876448 0.9999597072601318
1355.720913649413 1.0002031326293945
1355.74174681114 1.000260591506958
1355.7625799728025 1.000382900238037
1355.783413134408 1.000157117843628
1355.8042462959627 1.0004467964172363
1355.8250794574433 1.0002280473709106
1355.8459126188675 1.0003951787948608
1355.8667457802217 1.0001230239868164
1355.8875789414938 1.0000654458999634
1355.9084121026901 1.000387191772461
1355.9292452638183 1.0001342296600342
1355.9500784248555 1.0001342296600342
1355.9709115858195 1.0001749992370605
1355.9917447466873 0.999931275844574
1356.012577907477 1.000091791152954
1356.0334110681652 1.000471830368042
1356.05424422877 1.00005304813385
1356.0750773892692 1.0001726150512695
1356.0959105496804 1.0002788305282593
1356.1167437099812 1.0000722408294678
1356.1375768701898 1.0001637935638428
1356.1584100302837 1.0000282526016235
1356.1792431902807 0.9999796748161316
1356.200076350159 0.9997023344039917
1356.2209095099365 0.999561071395874
1356.241742669591 1.0004061460494995
1356.2625758291313 1.0001713037490845
1356.2834089885641 1.0000206232070923
1356.3042421478794 0.9997869729995728
1356.3250753070638 0.9998314380645752
1356.3459084661265 1.0002083778381348
1356.366741625075 1.000139594078064
1356.3875747838883 1.0001317262649536
1356.4084079425843 1.0003350973129272
1356.4292411011418 1.0000152587890625
1356.4500742595783 0.9999287128448486
1356.4709074178731 0.999965250492096
1356.491740576044 0.9997678995132446
1356.5125737340702 1.0002079010009766
1356.5334068919697 1.0003081560134888
1356.5542400497213 1.0002137422561646
1356.575073207343 1.000051736831665
1356.595906364814 0.9999609589576721
1356.616739522153 1.0003690719604492
1356.6584058363883 1.000390648841858
1356.6792389932823 1.0005173683166504
1356.7000721500387 1.0000478029251099
1356.7209053066367 1.0003021955490112
1356.7417384630942 1.0000810623168945
1356.7625716193907 1.0000042915344238
1356.7834047755446 1.0001225471496582
1356.804237931535 1.0002140998840332
1356.8250710873704 1.000247836112976
1356.8459042430604 0.9999756813049316
1356.8667373985927 1.0001459121704102
1356.8875705539579 1.0001420974731445
1356.9084037091632 0.999981164932251
1356.9292368642184 1.0000298023223877
1356.9500700191024 1.0001275539398193
1356.9709031738341 1.000341773033142
1356.9917363283928 1.0001939535140991
1357.012569482797 1.0002543926239014
1357.033402637026 1.0003302097320557
1357.054235791099 1.000344157218933
1357.0750689449944 0.9998892545700073
1357.0959020987323 1.0003156661987305
1357.116735252291 1.0001648664474487
1357.13756840569 1.0001462697982788
1357.158401558908 1.0004717111587524
1357.1792347119647 1.0001695156097412
1357.2000678648387 1.000442385673523
1357.2209010175495 1.0000919103622437
1357.2417341700761 1.0003714561462402
1357.262567322438 1.0005099773406982
1357.2834004746142 1.0002126693725586
1357.3042336266237 1.000057339668274
1357.3250667784457 1.0001336336135864
1357.3458999301001 1.0002226829528809
1357.3667330815656 1.000253677368164
1357.3875662328612 1.0002511739730835
1357.4083993839665 1.0000953674316406
1357.4292325349013 1.000270128250122
1357.4500656856437 1.0002384185791016
1357.470898836204 1.0001600980758667
1357.491731986591 1.0000413656234741
1357.5125651367946 1.000044345855713
1357.5333982868033 1.0001903772354126
1357.554231436637 1.0001232624053955
1357.575064586275 0.9999063611030579
1357.5958977357366 1.000288486480713
1357.6167308850006 1.0002411603927612
1357.6375640340873 1.0001325607299805
1357.6583971829757 1.0000314712524414
1357.6792303316847 1.0000057220458984
1357.7000634801943 1.000230073928833
1357.7208966285139 1.0002527236938477
1357.7417297766528 1.0000693798065186
1357.7625629246002 1.0004818439483643
1357.7833960723456 1.0001728534698486
1357.8042292198988 1.0001364946365356
1357.8250623672686 1.0002602338790894
1357.8458955144351 1.0000660419464111
1357.8667286614173 1.0000925064086914
1357.8875618081947 1.0000008344650269
1357.9083949547871 1.0002496242523193
1357.9292281011838 1.0003321170806885
1357.9500612473742 1.0001238584518433
1357.9708943933774 1.0001380443572998
1357.9917275391736 1.0001274347305298
1358.012560684772 0.9993586540222168
1358.0333938301821 0.9999805092811584
1358.0542269753832 1.0003548860549927
1358.0750601203954 0.9999407529830933
1358.0958932651977 1.0000401735305786
1358.1167264098094 1.0002449750900269
1358.1375595542108 1.0001298189163208
1358.1583926984208 1.0000078678131104
1358.179225842419 1.0002343654632568
1358.2000589862255 1.0001434087753296
1358.220892129819 1.0003584623336792
1358.24172527322 1.0001420974731445
1358.262558416407 1.000306487083435
1358.2833915594003 1.0003001689910889
1358.3042247021795 1.0001859664916992
1358.3250578447637 1.0005896091461182
1358.3458909870708 1.0002371072769165
1358.36672412917 1.0000953674316406
1358.3875572711274 1.0001859664916992
1358.4083904128884 1.0003174543380737
1358.4292235544322 1.0001435279846191
1358.450056695779 1.0001240968704224
1358.4708898369079 1.0003787279129028
1358.4917229778391 1.0000563859939575
1358.5125561185514 0.9998669624328613
1358.5333892590654 1.000321865081787
1358.5542223993598 0.9999244213104248
1358.5750555394543 1.0000789165496826
1358.5958886793292 0.9999923706054688
1358.6167218190037 0.9999707937240601
1358.637554958457 0.9998539090156555
1358.6583880977096 1.0002191066741943
1358.6792212367407 0.9996248483657837
1358.7000543755696 0.999661922454834
1358.7208875141762 1.0001453161239624
1358.7417206525804 0.9999726414680481
1358.7625537907613 0.9998495578765869
1358.7833869287392 0.9996077418327332
1358.8042200664931 0.9989437460899353
1358.8250532040433 0.9996737837791443
1358.8458863413687 0.9998369216918945
1358.8667194784894 0.9998306035995483
1358.8875526153852 0.9997842311859131
1358.9083857520757 1.00002121925354
1358.92921888854 0.9999749660491943
1358.9500520247984 0.9999856352806091
1358.9708851608302 1.0000768899917603
1358.9917182966553 1.0000338554382324
1359.0125514322533 0.9998098611831665
1359.0333845676437 0.9998695254325867
1359.0542177028062 0.9998689293861389
1359.075050837761 1.0001453161239624
1359.095883972487 1.0001415014266968
1359.1167171070044 0.9998834133148193
1359.1583833753712 1.0004022121429443
1359.1792165092204 1.0004254579544067
1359.2000496428595 1.0000696182250977
1359.220882776268 1.000113606452942
1359.2417159094662 1.0000895261764526
1359.2625490424332 1.0002633333206177
1359.2833821751888 1.0003446340560913
1359.3042153077126 1.0003639459609985
1359.3250484400248 1.0000762939453125
1359.3458815721149 1.0001596212387085
1359.366714703972 1.0004667043685913
1359.3875478356167 1.0003321170806885
1359.408380967028 0.9999960064888
1359.4292140982259 1.0004323720932007
1359.45004722919 1.0002655982971191
1359.4708803599299 1.0001459121704102
1359.4917134904558 1.000073790550232
1359.512546620757 1.000020146369934
1359.5333797508229 1.000091791152954
1359.554212880674 1.0000760555267334
1359.575046010289 1.0004135370254517
1359.5958791396886 1.0000262260437012
1359.6167122688519 1.0002213716506958
1359.637545397799 1.000427007675171
1359.6583785265088 0.9998834729194641
1359.6792116550023 0.9999759793281555
1359.7000447832581 1.0000048875808716
1359.7208779112964 1.0004253387451172
1359.7417110390968 1.0003619194030762
1359.7625441666792 1.000088095664978
1359.7833772940228 1.000388741493225
1359.804210421148 1.0001845359802246
1359.8250435480336 0.9999761581420898
1359.8458766747005 1.0002926588058472
1359.8667098011274 1.0003712177276611
1359.8875429273346 1.0004147291183472
1359.9083760533015 1.0002063512802124
1359.929209179048 1.000320553779602
1359.9500423045536 1.000390648841858
1359.9708754298385 1.000118613243103
1359.9917085548818 1.0001534223556519
1360.0125416797036 1.0000802278518677
1360.0333748042833 1.0003937482833862
1360.054207928641 1.0002710819244385
1360.0750410527562 1.0002843141555786
1360.0958741766487 1.0001639127731323
1360.116707300298 1.0003310441970825
1360.1375404237244 1.000128984451294
1360.1583735469167 1.0003644227981567
1360.1792066698654 1.0001658201217651
1360.2000397925797 1.0
1360.2208729150698 1.0000168085098267
1360.2417060373148 1.0005865097045898
1360.2625391593351 1.0000079870224
1360.28337228112 1.0001847743988037
1360.3042054026594 1.0002732276916504
1360.3250385239726 0.9998005032539368
1360.34587164504 1.0001901388168335
1360.3667047658807 0.9996895790100098
1360.3875378864748 1.0001524686813354
1360.4083710068417 1.0002684593200684
1360.4292041269616 1.0003081560134888
1360.4500372468535 1.0003689527511597
1360.4708703664978 0.9999664425849915
1360.4917034859138 1.0003042221069336
1360.5125366050816 1.0002881288528442
1360.5333697240203 1.0002894401550293
1360.55420284271 0.9999338388442993
1360.5750359611704 0.9998987317085266
1360.5958690793816 1.0001354217529297
1360.6167021973622 0.9999729990959167
1360.6375353150931 1.000165581703186
1360.658368432593 1.0000921487808228
1360.6792015498427 1.000030755996704
1360.7000346668608 0.9999336004257202
1360.7208677836281 0.9998880624771118
1360.7417009001633 1.0002292394638062
1360.7625340164468 0.9998325705528259
1360.7833671324977 0.9996874928474426
1360.8042002482962 0.9998511075973511
1360.8250333638618 0.9998483061790466
1360.8458664791742 0.9998085498809814
1360.866699594253 0.9997573494911194
1360.8875327090786 0.9998868703842163
1360.9083658236696 1.0000269412994385
1360.9291989380165 0.9997187852859497
1360.9500320521083 0.9997798800468445
1360.9708651659655 0.9998069405555725
1360.9916982795673 0.9999493360519409
1361.0125313929336 0.9999426603317261
1361.033364506044 1.000028371810913
1361.0541976189181 0.9997830986976624
1361.0750307315357 0.9999809265136719
1361.0958638439165 1.000015377998352
1361.1166969560402 1.0001308917999268
1361.137530067926 0.9997829794883728
1361.1583631795543 0.9943393468856812
1361.179196290945 0.9995856881141663
1361.2000294020766 0.9999586939811707
1361.2208625129697 0.9996515512466431
1361.2416956236036 0.9998424053192139
1361.2625287339981 0.9999412894248962
1361.283361844143 0.9997245669364929
1361.304194954028 0.9998953938484192
1361.325028063672 0.9995076060295105
1361.3458611730564 0.9999106526374817
1361.366694282189 0.9996452927589417
1361.3875273910803 1.000017523765564
1361.40836049972 0.9999054074287415
1361.4291936080983 0.9997120499610901
1361.4500267162343 0.9998828768730164
1361.4708598241068 0.9999731183052063
1361.4916929317358 0.9999093413352966
1361.512526039102 1.0000519752502441
1361.5333591462243 0.9995434880256653
1361.5541922530824 0.9994302988052368
1361.5750253596962 0.9996557831764221
1361.595858466045 1.0000935792922974
1361.616691572149 0.9996635317802429
1361.6583577835795 1.0002269744873047
1361.6791908889156 1.000171422958374
1361.7000239939853 1.0000897645950317
1361.720857098808 1.0002108812332153
1361.7416902033633 1.0002436637878418
1361.762523307661 1.0000507831573486
1361.7833564117104 1.0000247955322266
1361.8041895155015 1.0002925395965576
1361.8250226190237 1.000087022781372
1361.845855722297 1.0001477003097534
1361.8666888253003 1.000274658203125
1361.8875219280542 1.0003222227096558
1361.9083550305375 1.0003072023391724
1361.9291881327702 1.0001306533813477
1361.9500212347314 1.0001145601272583
1361.9708543364413 1.0001509189605713
1361.9916874378794 1.0003557205200195
1362.012520539065 1.0000301599502563
1362.0333536399883 1.0000829696655273
1362.054186740638 1.000480055809021
1362.0750198410244 1.000268578529358
1362.0958529411569 1.000199317932129
1362.116686041025 1.0002937316894531
1362.1375191406182 1.0006442070007324
1362.1583522399565 0.9999935626983643
1362.1791853390189 1.000142216682434
1362.2000184378253 0.9999617338180542
1362.2208515363554 0.9999480247497559
1362.2416846346287 1.0000083446502686
1362.2625177326242 1.0003242492675781
1362.2833508303625 1.0002278089523315
1362.304183927822 1.0002384185791016
1362.3250170250233 1.0000170469284058
1362.345850121945 1.0001788139343262
1362.366683218608 1.0001546144485474
1362.3875163149999 1.0002745389938354
1362.408349411112 1.0002899169921875
1362.429182506963 1.0001251697540283
1362.4500156025326 1.0001437664031982
1362.4708486978402 0.9998304843902588
1362.4916817928656 1.0001018047332764
1362.5125148876282 1.0000042915344238
1362.5333479821072 0.999703049659729
1362.5541810763225 1.000170111656189
1362.5750141702536 1.0003942251205444
1362.5958472639195 1.0001378059387207
1362.6166803573105 1.0001957416534424
1362.6375134504158 0.9999451041221619
1362.6583465432543 1.000017762184143
1362.6791796358061 1.0001494884490967
1362.7000127280908 1.0002285242080688
1362.7208458200873 1.0002007484436035
1362.7416789118156 1.0001070499420166
1362.7625120032549 1.0000183582305908
1362.783345094425 1.0001171827316284
1362.8041781853046 1.000114917755127
1362.8250112759138 1.0000077486038208
1362.8458443662319 1.000160574913025
1362.8666774562785 1.0000934600830078
1362.8875105460324 0.999943733215332
1362.9083436355138 0.998600959777832
1362.9291767247119 0.9998502731323242
1362.950009813616 0.9997954964637756
1362.9708429022455 1.0000293254852295
1362.9916759905798 0.9999242424964905
1363.0125090786382 0.9998664259910583
1363.0333421664006 1.0002562999725342
1363.054175253886 1.000241994857788
1363.075008341074 0.9999303221702576
1363.0958414279833 0.9998888969421387
1363.1166745145943 0.9998905062675476
1363.1375076009256 0.9998180270195007
1363.1583406869668 1.0002158880233765
1363.1791737727076 1.0000407695770264
1363.200006858167 1.0000455379486084
1363.220839943324 1.0000282526016235
1363.2416730281986 0.9998289942741394
1363.26250611277 1.000024676322937
1363.283339197057 0.9999430775642395
1363.3041722810397 0.9999290108680725
1363.3250053647369 0.9999698996543884
1363.3458384481278 0.9999969601631165
1363.3666715312322 1.0002483129501343
1363.387504614039 0.9998487830162048
1363.4083376965375 1.0001599788665771
1363.4291707787368 0.9997298717498779
1363.4500038606468 1.000164270401001
1363.4708369422563 1.0000282526016235
1363.4916700235542 0.9998425841331482
1363.5125031045604 0.9996139407157898
1363.5333361852538 0.9997655153274536
1363.554169265654 1.0000206232070923
1363.5750023457394 0.9998807311058044
1363.5958354255304 0.999890923500061
1363.616668505015 0.999744713306427
1363.6375015841834 0.999591052532196
1363.658334663054 0.9958346486091614
1363.679167741606 0.9994666576385498
1363.700000819859 0.9997943639755249
1363.7208338977923 0.9998783469200134
1363.7416669754246 0.9997870326042175
1363.762500052735 1.0001013278961182
1363.7833331297427 1.0000170469284058
1363.804166206427 0.9997290372848511
1363.8249992828069 0.9999456405639648
1363.8458323588713 0.9994955658912659
1363.8666654346098 0.999593198299408
1363.8874985100408 1.0001918077468872
1363.908331585144 0.999824583530426
1363.9291646599381 0.9998407363891602
1363.9499977344021 0.9997396469116211
1363.970830808555 0.9997490048408508
1363.991663882376 0.9995968341827393
1364.0124969558844 0.9996516108512878
1364.033330029068 0.9996658563613892
1364.0541631019173 0.9993306994438171
1364.0749961744405 0.9995724558830261
1364.0958292466466 0.9996765851974487
1364.1166623185243 0.9996882081031799
1364.1583284612811 1.000022053718567
1364.179161532158 0.9999753832817078
1364.1999946027126 0.999988853931427
1364.2208276729332 0.9999066591262817
1364.2416607428095 0.999987781047821
1364.2624938123595 0.9997437596321106
1364.2833268815623 1.0000182390213013
1364.3041599504274 0.9998120069503784
1364.3249930189622 0.9999653697013855
1364.345826087157 0.9995997548103333
1364.3666591549995 0.999800443649292
1364.3874922225089 0.9998793601989746
1364.408325289664 0.9997300505638123
1364.4291583564832 0.9998301267623901
1364.4499914229455 0.9996585249900818
1364.4708244890694 1.0000895261764526
1364.4916575548439 0.9999105930328369
1364.5124906202573 1.0000882148742676
1364.533323685328 0.999589204788208
1364.5541567500354 0.9996140003204346
1364.5749898143974 0.9998239278793335
1364.595822878393 1.0001699924468994
1364.6166559420406 0.9999704360961914
1364.6374890053285 0.9999668598175049
1364.6583220682458 0.9997687339782715
1364.6791551308106 1.0000780820846558
1364.6999881930014 0.9998359084129333
1364.7208212548367 0.9997580647468567
1364.7416543162951 0.9998548626899719
1364.7624873773946 1.0000483989715576
1364.7833204381143 0.9998374581336975
1364.804153498472 0.9999477863311768
1364.824986558446 0.9998568296432495
1364.845819618055 1.000056505203247
1364.8666526772872 0.9996088147163391
1364.8874857361309 0.9996856451034546
1364.9083187946042 0.9997931718826294
1364.9291518526854 1.0000337362289429
1364.9499849103865 0.99973064661026
1364.970817967692 0.9996362328529358
1364.991651024626 0.9996713399887085
1365.0124840811607 0.9998041987419128
1365.033317137314 0.9998387098312378
1365.054150193074 1.000045657157898
1365.0749832484294 0.9997565150260925
1365.0958163033972 0.9996865391731262
1365.1166493579565 0.9996217489242554
1365.1374824121242 0.9998898506164551
1365.158315465889 0.9998390078544617
1365.1791485192382 0.9998313784599304
1365.1999815721906 0.9998041987419128
1365.220814624723 0.9997049570083618
1365.2416476768542 1.0000063180923462
1365.262480728561 0.999484121799469
1365.2833137798625 0.9997721910476685
1365.3041468307351 0.9995367527008057
1365.324979881197 0.9996989965438843
1365.3458129312364 0.9995428323745728
1365.3666459808398 0.9998160004615784
1365.387479030026 1.0000966787338257
1365.4083120787716 0.999891459941864
1365.429145127095 0.9997681379318237
1365.449978174973 0.999282717704773
1365.4708112224232 0.9997962117195129
1365.4916442694337 0.9995825290679932
1365.512477315991 0.999885082244873
1365.5333103621126 0.9995887279510498
1365.5541434077766 0.9999696016311646
1365.5749764529992 0.9997685551643372
1365.5958094977586 0.9996770620346069
1365.6166425420715 0.9995130300521851
1365.6374755859154 0.9998400807380676
1365.658308629307 0.9998474717140198
1365.6791416722335 0.9997971653938293
1365.6999747146824 0.9996376633644104
1365.7208077566704 1.0000560283660889
1365.7416407981746 0.9996575713157654
1365.762473839212 0.9999012351036072
1365.783306879759 0.9997519850730896
1365.8041399198335 0.999794602394104
1365.8249729594213 0.9999626278877258
1365.8458059985098 0.9996381998062134
1365.8666390371156 0.9998528957366943
1365.887472075216 0.9997511506080627
1365.9083051128266 1.0001689195632935
1365.929138149925 0.9998241066932678
1365.9499711865274 0.9999266862869263
1365.9708042226205 0.9997693300247192
1365.991637258191 0.9996821880340576
1366.0124702932555 0.9996989369392395
1366.03330332779 0.999923825263977
1366.0541363618117 0.9972010850906372
1366.0749693952969 0.9979403018951416
1366.0958024282615 0.9997913837432861
1366.1166354606823 0.9993544220924377
1366.1374684925759 0.9995059967041016
1366.1583015239285 0.9992015957832336
1366.1791345547263 0.9995139837265015
1366.199967584986 0.9989431500434875
1366.2208006146839 0.9990875720977783
1366.241633643836 0.9983882308006287
1366.262466672429 0.9987893104553223
1366.283299700449 0.9985271096229553
1366.3041327279127 0.9987691044807434
1366.3249657547965 0.9987601041793823
1366.3457987811164 0.9986456036567688
1366.3666318068495 0.9986410140991211
1366.3874648320113 0.9983359575271606
1366.408297856579 0.9986705780029297
1366.4291308805693 0.9994452595710754
1366.4499639039686 0.9985688328742981
1366.4707969267636 0.9988767504692078
1366.491629948971 0.9990640878677368
1366.5124629705676 0.9991064667701721
1366.533295991571 0.9990046620368958
1366.5541290119675 0.9994804263114929
1366.5749620317447 0.9989159107208252
1366.59579505092 0.9988812804222107
1366.616628069471 0.9990730881690979
1366.6582941047404 0.9995888471603394
1366.6791271214347 1.0000131130218506
1366.699960137517 0.999802827835083
1366.7207931529656 0.9996997714042664
1366.7416261677993 0.9996764063835144
1366.7624591819967 0.9997155666351318
1366.7832921955785 0.999636173248291
1366.8041252085238 0.9995637536048889
1366.8249582208532 0.9995405077934265
1366.8457912325573 0.9995139837265015
1366.8666242436273 0.9997636079788208
1366.8874572540844 0.9995849132537842
1366.908290263911 0.9997629523277283
1366.9291232731307 0.9995714426040649
1366.9499562817252 0.9995832443237305
1366.9707892897195 0.9997807145118713
1366.9916222971076 0.9996163845062256
1367.0124553038856 0.9995782971382141
1367.0332883100787 0.9998666048049927
1367.0541213156744 0.9997646808624268
1367.0749543207003 0.9995155334472656
1367.0957873251552 0.9996455311775208
1367.1166203290381 0.9998512268066406
1367.1374533323801 0.9997581243515015
1368.6374296427678 0.9998614192008972
1368.65826266394 0.9999779462814331
1368.6790956855646 1.000288486480713
1368.6999287076494 1.0000834465026855
1368.7207617301726 0.9999916553497314
1368.741594753111 1.0000834465026855
1368.7624277764728 0.9996926784515381
1368.783260800226 1.0002416372299194
1368.8040938243776 0.9999106526374817
1368.824926848907 0.9999098777770996
1368.8457598737914 0.9998367428779602
1368.8665928990395 0.9997721314430237
1368.8874259246197 1.0000600814819336
1368.9082589505413 1.0002326965332031
1368.9290919767823 1.0001294612884521
1368.9499250033223 1.0001448392868042
1368.9707580301701 0.999851405620575
1368.991591057296 1.000096321105957
1369.0124240847083 1.0000745058059692
1369.0332571123884 0.999968409538269
1369.0540901403149 1.0000077486038208
1369.0749231684988 0.9999798536300659
1369.0957561969103 1.0003525018692017
1369.1165892255603 1.000005841255188
1369.1374222544293 1.0002869367599487
1369.1582552834984 1.0001858472824097
1369.179088312779 1.0004023313522339
1369.199921342242 1.0000495910644531
1369.2207543719003 0.9999427199363708
1369.2415874017338 1.000063419342041
1369.2624204317262 0.9999539852142334
1369.2832534618885 1.0003902912139893
1369.3040864922039 1.0002363920211792
1369.3249195226542 1.0000654458999634
1369.3457525532529 1.0002765655517578
1369.3665855839722 1.0003019571304321
1369.3874186148253 1.000306487083435
1369.4082516457954 1.0000290870666504
1369.4290846768663 1.0001777410507202
1369.4499177080509 1.0000852346420288
1369.4707507393234 1.0001122951507568
1369.4915837706972 1.0001357793807983
1369.5124168021466 1.000306487083435
1369.5332498336857 1.000082015991211
1369.5540828652984 1.0000401735305786
1369.5749158969695 1.0000898838043213
1369.5957489287136 1.000279426574707
1369.6165819605048 1.0000603199005127
1369.6374149923586 0.9997491836547852
1369.6582480242596 1.0001206398010254
1369.679081056193 1.0001194477081299
1369.6999140881733 1.0001740455627441
1369.7207471201864 1.0000014305114746
1369.7415801522177 1.000137448310852
1369.7624131842824 1.000220775604248
1369.7832462163562 1.0002442598342896
1369.8040792484549 1.0004767179489136
1369.8249122805641 0.9999961853027344
1369.84574531267 1.0000914335250854
1369.8665783447882 1.0004125833511353
1369.887411376895 1.0001128911972046
1369.908244409007 1.0000630617141724
1369.9290774411095 1.000113844871521
1369.94991047319 1.0000500679016113
1369.9707435052637 1.0000056028366089
1369.9915765373082 1.0003528594970703
1370.0124095693393 1.0002620220184326
1370.0332426013445 1.0002641677856445
1370.0540756333098 1.0002092123031616
1370.074908665252 1.0001124143600464
1370.095741697159 1.000367283821106
1370.1165747290163 1.000368356704712
1370.137407760842 0.9999457597732544
1370.1582407926126 1.0002386569976807
1370.1790738243458 0.9998922944068909
1370.1999068560283 1.0002233982086182
1370.2207398876476 1.0002374649047852
1370.241572919221 1.0002264976501465
1370.2624059507264 1.0001295804977417
1370.2832389821804 1.0001908540725708
1370.304072013571 0.9997370839118958
1370.3249050448853 1.0000373125076294
1370.3457380761417 0.9997915029525757
1370.3665711073272 0.9998379945755005
1370.38740413843 0.9997889995574951
1370.4082371694674 1.0000410079956055
1370.4290702004173 1.000422716140747
1370.4499032312976 0.9999122023582458
1370.4707362620964 1.0002301931381226
1370.4915692928014 1.00006103515625
1370.5124023234307 0.999783992767334
1370.5332353539723 0.999941885471344
1370.554068384414 1.0000255107879639
1370.5749014147743 0.9997924566268921
1370.5957344450312 0.9997303485870361
1370.6165674752028 0.9999611973762512
1370.6374005052771 0.9998586773872375
1370.6582335352427 0.9990785121917725
1370.6790665651176 0.9994753003120422
1370.6998995948907 0.9997471570968628
1370.7207326245493 1.0000237226486206
1370.741565654113 0.9998815059661865
1370.7623986835592 0.9996621012687683
1370.783231712907 0.9997893571853638
1370.8040647421344 0.9996213316917419
1370.82489777126 0.9996235370635986
1370.8457308002726 0.999934196472168
1370.8665638291604 0.9999344348907471
1370.8873968579423 0.9998663067817688
1370.9082298866065 0.9998289942741394
1370.929062915142 0.9999229907989502
1370.9498959435675 1.0001089572906494
1370.9707289718613 1.0001779794692993
1370.9915620000424 0.9998396039009094
1371.0123950280995 1.0000174045562744
1371.0332280560208 0.9999277591705322
1371.054061083826 0.9999771118164062
1371.0748941115032 0.9997952580451965
1371.0957271390419 0.9998887777328491
1371.1582262208913 1.0004386901855469
1371.1790592479124 1.0007392168045044
1371.1998922747885 1.0003551244735718
1371.2207253015395 1.000131607055664
1371.2415583281534 1.000426173210144
1371.2623913546195 1.0003902912139893
1371.2832243809569 1.0009195804595947
1371.304057407155 1.0005426406860352
1371.3248904332017 1.0008271932601929
1371.345723459117 1.0003018379211426
1371.3665564848793 1.0003317594528198
1371.3873895105082 1.000198245048523
1371.4082225359928 1.0006502866744995
1371.4290555613213 1.0003535747528076
1371.4498885865141 1.0006076097488403
1371.4707216115592 1.0006792545318604
1371.4915546364464 1.0005532503128052
1371.5123876611947 1.000206708908081
1371.5332206857831 1.0006393194198608
1371.5540537102306 1.0002907514572144
1371.5748867345271 1.0001373291015625
1371.595719758661 1.0003749132156372
1371.6165527826522 1.000356674194336
1371.6373858064892 0.9999231696128845
1371.6582188301622 1.00067138671875
1371.6790518536893 1.0004063844680786
1371.6998848770506 1.000401496887207
1371.7207179002648 1.0004678964614868
1371.741550923312 1.0004990100860596
1371.7623839462103 1.0001566410064697
1371.78321696895 1.0005700588226318
1371.8040499915303 1.0002758502960205
1371.8248830139398 1.000426173210144
1371.8457160361984 1.000491976737976
1371.8665490582853 1.0002301931381226
1371.88738208022 1.0004438161849976
1371.9082151019916 1.0005773305892944
1371.9290481235896 1.0001716613769531
1371.9498811450333 1.0003470182418823
1371.9707141663123 1.0003015995025635
1371.9915471874158 1.0004940032958984
1372.012380208363 1.0001689195632935
1372.0332132291335 1.0002256631851196
1372.054046249747 1.0004645586013794
1372.0748792701922 1.00025475025177
1372.0957122904592 0.9999619722366333
1372.1165453105673 1.0006990432739258
1372.1373783305057 1.0003629922866821
1372.1582113502639 1.0001188516616821
1372.179044369862 1.0004688501358032
1372.199877389278 1.0002957582473755
1372.2207104085328 1.000470757484436
1372.2415434276154 1.0006154775619507
1372.262376446515 1.0000827312469482
1372.2832094652513 1.0003585815429688
1372.3040424837836 1.0002270936965942
1372.3248755021355 1.0001137256622314
1372.3457085203486 1.0001112222671509
1372.3665415383866 0.9999686479568481
1372.3873745562387 1.0001909732818604
1372.4082075739245 1.0001003742218018
1372.4290405914237 0.9999933242797852
1372.4498736087555 1.0002511739730835
1372.4707066259098 0.9997102618217468
1372.491539642876 0.999794065952301
1372.512372659673 1.000272274017334
1372.5332056762918 1.0002837181091309
1372.5540386927205 0.9999893307685852
1372.5748717089793 1.0002349615097046
1372.595704725048 1.0003366470336914
1372.616537740946 1.0002528429031372
1372.6373707566624 0.9999960660934448
1372.658203772187 1.0003429651260376
1372.67903678754 1.0004533529281616
1372.6998698027103 1.0000985860824585
1372.7207028176874 0.99998939037323
1372.7415358324915 0.9998676180839539
1372.762368847112 1.0000630617141724
1372.783201861538 1.0003324747085571
1372.8040348757895 0.9998996257781982
1372.824867889846 1.0002866983413696
1372.8457009037277 1.0000884532928467
1372.866533917423 1.0000132322311401
1372.8873669309228 0.9998844861984253
1372.908199944246 0.9999881386756897
1372.929032957382 0.9998631477355957
1372.9498659703213 0.9995622634887695
1372.9706989830827 1.000006079673767
1372.9915319956565 1.0000410079956055
1373.0123650080316 1.0000005960464478
1373.0331980202282 1.0001256465911865
1373.0540310322356 0.9999116659164429
1373.0748640440436 0.9999855160713196
1373.0956970556722 0.9997124671936035
1373.1165300671005 0.9997598528862
1373.1373630783482 1.0001542568206787
1373.1581960894052 0.9997523427009583
1373.179029100261 0.9991250038146973
1373.1998621109356 0.9997721314430237
1373.220695121418 0.9998007416725159
1373.2415281316985 0.9999340176582336
1373.2623611417966 1.0003156661987305
1373.2831941517015 0.9994637966156006
1373.3040271614038 1.0001778602600098
1373.3248601709224 0.9999192357063293
1373.3456931802473 0.9998960494995117
1373.3665261893677 0.9998764395713806
1373.387359198304 1.0001955032348633
1373.4081922070452 0.9998436570167542
1373.4290252155815 1.0001771450042725
1373.4498582239326 1.0000561475753784
1373.4706912320876 1.000006079673767
1373.491524240037 0.9997987151145935
1373.5123572477999 0.9999969601631165
1373.533190255356 0.9996614456176758
1373.5540232627252 1.0000327825546265
1373.574856269897 0.9998782277107239
1373.5956892768615 1.0001744031906128
1373.6581882965863 1.0006225109100342
1373.6790213027678 1.000501036643982
1373.6998543087498 1.0003063678741455
1373.7206873145224 1.0003564357757568
1373.7415203201056 1.0004714727401733
1373.7623533254884 1.000510334968567
1373.7831863306612 1.0003172159194946
1373.8040193356435 1.0004340410232544
1373.8248523404152 1.0005768537521362
1373.8456853449952 1.0005825757980347
1373.8665183493742 1.0003515481948853
1373.8873513535414 1.000401258468628
1373.9081843575166 1.0003411769866943
1373.9290173612894 1.0003890991210938
1373.94985036485 1.0004875659942627
1373.9706833682174 1.0000017881393433
1373.9915163713817 1.0002613067626953
1374.0123493743326 1.0001468658447266
1374.03318237709 1.0004099607467651
1374.0540153796435 1.0002639293670654
1374.0748483819823 1.000342845916748
1374.095681384127 0.9999475479125977
1374.1165143860665 1.0003888607025146
1374.137347387791 1.0006436109542847
1374.15818038932 1.0003591775894165
1374.1790133906436 1.0005254745483398
1374.1998463917512 1.0003206729888916
1374.2206793926625 1.0003635883331299
1374.2415123933672 1.000383734703064
1374.2623453938554 1.000442624092102
1374.2831783941463 1.000392198562622
1374.30401139423 1.0001872777938843
1374.324844394096 1.0004959106445312
1374.3456773937642 1.0005896091461182
1374.3665103932144 1.0004327297210693
1374.387343392466 1.0005725622177124
1374.408176391509 1.000502347946167
1374.4290093903426 1.0001012086868286
1374.4498423889574 1.0005289316177368
1374.4706753873725 1.0004615783691406
1374.4915083855778 1.0002683401107788
1374.5123413835627 1.0002092123031616
1374.5331743813479 1.0002027750015259
1374.5540073789218 1.0003565549850464
1374.5748403762752 1.0002820491790771
1374.5956733734272 1.0003892183303833
1374.616506370368 1.0001888275146484
1374.6373393670865 0.9999783635139465
1374.6581723636034 0.9999173879623413
1374.679005359898 1.0002440214157104
1374.69983835599 0.999986469745636
1374.720671351869 1.0001237392425537
1374.741504347535 1.0001909732818604
1374.7623373429776 1.0001085996627808
1374.7831703382165 1.0003913640975952
1374.8040033332315 1.0000823736190796
1374.824836328042 1.000008225440979
1374.845669322638 1.0000425577163696
1374.8665023170095 1.0000346899032593
1374.8873353111755 0.999923586845398
1374.9081683051265 1.0002845525741577
1374.9290012988515 1.0002660751342773
1374.949834292371 0.9996724724769592
1374.9706672856737 1.000065803527832
1374.9915002787502 1.000004768371582
1375.0123332716203 0.999961793422699
1375.033166264273 1.0000208616256714
1375.053999256698 1.0001261234283447
1375.0748322489158 1.000064730644226
1375.0956652409154 1.0001713037490845
1375.1164982326873 0.9999896287918091
1375.1373312242497 0.9997127652168274
1375.1581642155943 0.9999237060546875
1375.1789972067093 0.9999555349349976
1375.199830197615 0.9999511241912842
1375.2206631883007 0.9998793601989746
1375.241496178757 0.9999962449073792
1375.2623291690024 1.000246286392212
1375.2831621590278 0.9997754693031311
1375.3039951488186 0.9999909996986389
1375.3248281383983 1.0001742839813232
1375.3456611277597 1.0002949237823486
1375.3664941168897 0.9999331831932068
1375.3873271058078 0.999822199344635
1375.4081600945028 0.9996685981750488
1375.4289930829657 0.9998243451118469
1375.4498260712155 0.9999948740005493
1375.4706590592418 0.999880850315094
1375.4914920470349 0.9999911785125732
1375.5123250346137 1.0001565217971802
1375.5331580219686 1.000061273574829
1375.5539910090888 0.9992963075637817
1375.574823995994 0.9999957084655762
1375.5956569826744 0.9996862411499023
1375.6164899691191 0.9999079704284668
1375.6373229553478 0.9995757341384888
1375.6581559413507 1.0000280141830444
1375.678988927117 0.9998801350593567
1375.699821912667 1.0000730752944946
1375.7206548979889 0.9998874664306641
1375.7414878830743 0.9999639987945557
1375.7623208679415 0.999798595905304
1375.7831538525809 0.9997937679290771
1375.8039868369815 0.9999228119850159
1375.8248198211636 0.9999269247055054
1375.8456528051165 0.9996914863586426
1375.8664857888302 0.99948650598526
1375.8873187723236 0.9998925924301147
1375.9081517555876 1.0000717639923096
1375.9289847386108 0.999950647354126
1375.9498177214132 1.0000555515289307
1375.9706507039843 0.9998964071273804
1375.9914836863143 0.9997169971466064
1376.012316668422 0.9997271299362183
1376.0331496502977 0.9999930262565613
1376.053982631931 1.0001444816589355
1376.0748156133411 0.9998835921287537
1376.0956485945178 1.0002684593200684
1376.1581475366352 1.0000789165496826
1376.1789805168748 1.0001037120819092
1376.19981349687 1.0003442764282227
1376.2206464766393 1.0002249479293823
1376.2414794561728 1.0002022981643677
1376.2623124354598 1.0003103017807007
1376.2831454145207 1.0002890825271606
1376.3039783933436 1.0000773668289185
1376.3248113719198 1.0001877546310425
1376.3456443502682 1.000449538230896
1376.3664773283779 0.9999037384986877
1376.387310306239 1.0001187324523926
1376.4081432838711 1.0006496906280518
1376.4289762612636 1.000217318534851
1376.449809238407 1.0000293254852295
1376.470642215319 1.0002280473709106
1376.4914751919912 1.0002973079681396
1376.5123081684117 1.0003873109817505
1376.5331411446011 1.000352144241333
1376.5539741205482 1.0001107454299927
1376.5748070962431 1.000290036201477
1376.5956400717055 0.9999397397041321
1376.6164730469238 1.0003033876419067
1376.637306021889 1.0002106428146362
1376.6581389966198 1.0001236200332642
1376.6789719711062 1.0001121759414673
1376.6998049453373 1.0000653266906738
1376.7206379193328 1.0002262592315674
1376.7414708930828 1.0000940561294556
1376.762303866586 1.0002975463867188
1376.7831368398327 1.0001081228256226
1376.803969812842 1.0002630949020386
1376.8248027856032 1.0000734329223633
1376.845635758106 0.9998589754104614
1376.8664687303703 1.0001111030578613
1376.8873017023852 0.9994404911994934
1376.9081346741405 0.9999521374702454
1376.928967645655 0.9999776482582092
1376.9498006169194 0.9997037649154663
1376.970633587922 0.9999220371246338
1376.9914665586832 1.0000183582305908
1377.012299529192 1.0000108480453491
1377.0331324994377 0.9999740719795227
1377.05396546944 0.9996997714042664
1377.074798439189 1.0000522136688232
1377.0956314086836 1.0001420974731445
1377.1164643779127 1.0001468658447266
1377.1372973468967 0.9998102188110352
1377.1581303156245 0.9998520016670227
1377.178963284086 0.9999927282333374
1377.1997962522996 0.9991157650947571
1377.2206292202563 1.0001698732376099
1377.2414621879443 0.9998729228973389
1377.2622951553835 0.9998774528503418
1377.283128122563 0.9999680519104004
1377.3039610894728 0.9999037981033325
1377.3247940561319 0.9997928738594055
1377.34562702253 0.9999511241912842
1377.3664599886558 0.9999054074287415
1377.3872929545298 1.000169038772583
1377.40812592014 0.9999120831489563
1377.428958885477 1.0000393390655518
1377.4497918505594 0.9999081492424011
1377.470624815377 1.000140905380249
1377.4914577799289 0.9999493360519409
1377.5122907442046 0.9999856352806091
1377.5331237082237 0.9999746084213257
1377.5539566719747 0.999518632888794
1377.5747896354578 1.00002920627594
1377.595622598662 0.9999393224716187
1377.6164555616062 0.9998096227645874
1377.6372885242706 0.999906599521637
1377.6581214866735 0.9998534321784973
1377.6789544488054 0.9998745322227478
1377.699787410664 0.9995193481445312
1377.72062037224 1.0000057220458984
1377.741453333552 1.0000566244125366
1377.7622862945893 0.9999363422393799
1377.7831192553413 0.9998956322669983
1377.8039522158272 0.999811053276062
1377.824785176036 0.9998458623886108
1377.8456181359577 0.9996590614318848
1377.86645109561 0.9998371005058289
1377.8872840549839 0.9996300935745239
1377.9081170140773 0.9981791377067566
1377.92894997288 0.9998346567153931
1377.949782931411 0.9997672438621521
1377.9706158896495 0.999864935874939
1377.9914488476147 0.9996695518493652
1378.0122818052955 0.9997968077659607
1378.0331147626916 0.9982908368110657
1378.0539477197915 0.9995561242103577
1378.0747806766146 0.9997326731681824
1378.0956136331502 1.0002830028533936
1378.116446589397 0.9999207258224487
1378.1372795453444 0.9998956322669983
1378.1581125010116 0.9998860955238342
1378.1789454563873 0.9999491572380066
1378.1997784114603 0.9995515942573547
1378.2206113662505 0.9998530149459839
1378.2414443207465 1.000117540359497
1378.262277274937 0.9999484419822693
1378.2831102288412 0.9998865723609924
1378.3039431824488 0.9997604489326477
1378.3247761357477 0.9998888373374939
1378.3456090887576 0.9998200535774231
1378.3664420414673 0.9998484253883362
1378.3872749938753 0.9998548030853271
1378.4081079459709 0.9998436570167542
1378.4289408977731 1.0002737045288086
1378.4497738492712 0.9995397329330444
1378.470606800453 1.0001033544540405
1378.4914397513382 0.9996548891067505
1378.5122727019152 0.9997949600219727
1378.5331056521834 0.9996973276138306
1378.553938602131 0.9995694160461426
1378.5747715517773 0.9983161687850952
1378.5956045011108 0.9956029653549194
1378.6581033472137 0.9998685121536255
1378.678936295274 0.9999880194664001
1378.699769243026 1.0000207424163818
1378.7206021904572 0.999999463558197
1378.741435137557 0.9999798536300659
1378.7622680843442 0.999843180179596
1378.7831010308068 0.9997211694717407
1378.803933976944 0.9998345375061035
1378.8247669227444 1.0002912282943726
1378.8455998682261 1.000000238418579
1378.8664328133782 1.000324010848999
1378.8872657581887 1.000032901763916
1378.9080987026766 0.9999028444290161
1378.9289316468303 0.9998124837875366
1378.9497645906483 0.9997518062591553
1378.970597534119 1.0000211000442505
1378.9914304772608 1.000013828277588
1379.012263420062 0.9999080896377563
1379.0330963625115 1.0000332593917847
1379.053929304627 1.0001906156539917
1379.0747622463975 0.9998671412467957
1379.095595187821 0.9996837377548218
1379.1164281288861 0.9999010562896729
1379.1372610696103 0.999919593334198
1379.158094009983 1.0001122951507568
1379.1789269499911 0.9996699094772339
1379.1997598896542 0.999661922454834
1379.2205928289598 0.9999934434890747
1379.2414257678956 0.9999665021896362
1379.2622587064805 0.9996238946914673
1379.2830916447022 0.9998736381530762
1379.303924582549 0.9997653365135193
1379.3247575200387 0.9997705221176147
1379.3455904571592 0.9993591904640198
1379.3664233939091 0.9991966485977173
1379.3872563302766 0.9997498393058777
1379.4080892662782 0.9998591542243958
1379.4289222019027 0.9997791647911072
1379.4497551371473 0.9997846484184265
1379.4705880720003 0.9995697736740112
1379.4914210064799 1.0002433061599731
1379.5122539405736 0.9998685717582703
1379.533086874269 0.9997119903564453
1379.5539198075833 0.9995942711830139
1379.5747527405053 0.999735951423645
1379.5955856730318 0.9993595480918884
1379.616418605151 0.9994959831237793
1379.63725153688 0.9995419979095459
1379.6580844682062 0.9990289211273193
1379.6789173991274 0.9993928670883179
1379.699750329631 0.9994893074035645
1379.7205832597344 0.9994179010391235
1379.7414161894246 0.999356210231781
1379.7622491186899 0.9996602535247803
1379.7830820475463 0.9993739724159241
1379.803914975982 0.9994953870773315
1379.8247479039837 0.9993366003036499
1379.845580831569 0.9995738863945007
1379.8664137587245 0.9996052384376526
1379.887246685448 0.999524712562561
1379.9080796117255 0.9992241859436035
1379.9289125375753 0.999412477016449
1379.9497454629834 0.9995391368865967
1379.970578387937 0.9996035099029541
1379.9914113124526 0.999539315700531
1380.0122442365177 0.9996592998504639
1380.0330771601286 0.9999103546142578
1380.0539100832725 0.9995934367179871
1380.0747430059655 0.9999333620071411
1380.0955759281944 0.9997143745422363
1380.1164088499463 0.9997255802154541
1380.1372417712373 0.9994683265686035
1380.1580746920538 0.9992901682853699
1380.1789076123928 1.0000025033950806
1380.1997405322402 0.999620258808136
1380.2205734516126 0.9995023608207703
1380.2414063704964 0.9996979832649231
1380.2622392888877 0.9997443556785583
1380.2830722067729 0.9994210600852966
1380.3039051241683 0.9997810125350952
1380.32473804106 1.0000027418136597
1380.3455709574343 0.999778687953949
1380.3664038733068 0.9999282956123352
1380.3872367886643 0.999687671661377
1380.4080697035024 0.9991747140884399
1380.4289026178071 0.9993536472320557
1380.4497355315946 0.9990400075912476
1380.4705684448506 0.9996477961540222
1380.4914013575712 0.9992815852165222
1380.5122342697423 0.9997429251670837
1380.5330671813801 0.9997358322143555
1380.5539000924698 0.9995725154876709
1380.5747330029983 0.9997596144676208
1380.5955659129804 0.9996244311332703
1380.616398822403 0.9993605613708496
1380.637231731251 0.9998250603675842
1380.6580646395412 0.999189019203186
1380.678897547259 0.9998785853385925
1380.6997304544007 0.9998511672019958
1380.7205633609626 1.000126838684082
1380.74139626693 0.999741792678833
1380.7622291723194 0.9996922612190247
1380.7830620771174 1.0001912117004395
1380.8038949813097 0.9995602369308472
1380.8247278849133 0.9996224641799927
1380.8455607879139 0.9995064735412598
1380.866393690299 0.999198317527771
1380.8872265920852 0.9994916915893555
1380.908059493259 0.9998559355735779
1380.928892393818 0.999707818031311
1380.9497252937592 0.9995116591453552
1380.9705581930702 0.99996018409729
1380.9913910917692 0.999295175075531
1381.0122239898435 0.9993296265602112
1381.0330568872826 0.9995808601379395
1381.0538897841038 0.9997298717498779
1381.0747226802978 0.9991515874862671
1381.0955555758628 0.9984857439994812
1381.1580542587772 1.000117301940918
1381.1788871518318 0.9996326565742493
1381.1997200442518 1.0001156330108643
1381.220552936061 1.0002247095108032
1381.2413858272514 0.9998517036437988
1381.2622187178185 1.0001094341278076
1381.283051607786 0.9999727010726929
1381.3038844971502 1.0002230405807495
1381.324717385917 1.0000792741775513
1381.345550274085 1.0000680685043335
1381.3663831616816 1.0000498294830322
1381.3872160487072 0.9996882081031799
1381.4080489351616 0.9999840259552002
1381.4288818210778 0.9997190237045288
1381.4497147064578 0.999762773513794
1381.470547591317 0.9996100664138794
1381.4913804756702 0.9996283650398254