1354.1394393652288 0.9990796446800232
1354.160272683845 1.0000604391098022
1354.1811060019695 0.9995808005332947
1354.2019393195894 0.9996853470802307
1354.2227726367212 0.9999388456344604
1354.2436059533816 0.9996240139007568
1354.2644392695563 0.9989582300186157
1354.2852725852715 0.9999163746833801
1354.3061059005124 0.9986091256141663
1354.3269392153047 1.0002694129943848
1354.3477725296332 0.999382734298706
1354.3686058435228 0.9996720552444458
1354.3894391569577 0.9998999238014221
1354.4102724699626 0.9998589158058167
1354.4311057825212 0.9989716410636902
1354.4519390946573 1.0009816884994507
1354.472772406355 0.9985586404800415
1354.4936057176271 1.0006407499313354
1354.5144390284872 0.9994268417358398
1354.5352723389187 0.9996122121810913
1354.5561056489435 0.9993795156478882
1354.5769389585453 1.0003442764282227
1354.5977722677458 0.9986934065818787
1354.6186055765281 1.0001530647277832
1354.6394388849142 0.9987574219703674
1354.6602721928864 1.0002176761627197
1354.6811055004662 0.9997754096984863
1354.701938807636 0.9993164539337158
1354.722772114407 0.9999459385871887
1354.7436054207917 1.0002084970474243
1354.7644387267708 0.9999239444732666
1354.7852720323663 0.999914824962616
1354.8061053375689 1.0009068250656128
1354.826938642371 0.9995627403259277
1354.8477719467826 1.0008292198181152
1354.8686052508156 0.9994741678237915
1354.8894385544509 1.0004459619522095
1354.9102718577087 0.9995768666267395
1354.931105160571 1.00038743019104
1354.9519384630582 0.9990237355232239
1354.9727717651506 1.0015943050384521
1354.9936050668698 0.9996560215950012
1355.0144383681957 1.000819206237793
1355.0352716691493 0.9994745850563049
1355.056104969711 1.0001832246780396
1355.0769382699016 1.0002284049987793
1355.0977715697015 1.0006828308105469
1355.1186048691206 0.9985877275466919
1355.1394381681703 1.0019454956054688
1355.16027146683 0.9983664155006409
1355.181104765121 1.0011228322982788
1355.2019380630227 0.9999737739562988
1355.222771360556 1.0001786947250366
1355.2436046577004 1.0006557703018188
1355.2644379544772 1.0002176761627197
1355.2852712508657 0.9998601078987122
1355.3061045468867 1.0014792680740356
1355.3269378425198 0.9982432126998901
1355.3477711377855 1.000227928161621
1355.368604432664 1.0005178451538086
1355.389437727175 0.9995939135551453
1355.4102710212985 1.0007095336914062
1355.4311043150456 0.9997198581695557
1355.451937608425 1.0006612539291382
1355.4727709014276 1.00031316280365
1355.4936041940427 0.9997631907463074
1355.5144374862814 1.000397801399231
1355.5352707781524 1.000475525856018
1355.5561040696368 0.9998869299888611
1355.5769373607538 1.0004582405090332
1355.5977706514839 0.9997140169143677
1355.618603941847 0.9999226331710815
1355.6394372318225 1.000217318534851
1355.6602705214307 1.0001583099365234
1355.6811038106516 1.0001500844955444
1355.7019370995051 1.000169038772583
1355.7227703879712 1.0005749464035034
1355.7436036760694 0.9994401335716248
1355.7644369637799 1.0003353357315063
1355.7852702511125 0.9986150860786438
1355.8061035380774 1.000112533569336
1355.826936824654 0.9991006851196289
1355.8477701108625 1.0011781454086304
1355.8686033966926 0.9990366697311401
1355.8894366821348 1.001802921295166
1355.9102699671978 0.998918890953064
1355.9311032518924 1.0016827583312988
1355.951936536198 0.9987741708755493
1355.9727698201348 1.0009195804595947
1355.9936031036823 0.998665452003479
1356.014436386861 1.0019237995147705
1356.0352696696498 0.9985743165016174
1356.056102952069 1.002188801765442
1356.076936234099 0.998176097869873
1356.097769515759 1.0014864206314087
1356.1186027970286 0.9985033273696899
1356.1394360779286 1.0012383460998535
1356.160269358438 0.9984336495399475
1356.181102638577 1.0013251304626465
1356.2019359183253 0.9976133108139038
1356.2227691977027 1.0015625953674316
1356.2436024766894 0.998413622379303
1356.2644357552952 1.0015829801559448
1356.285269033529 0.9985383749008179
1356.306102311382 1.001364827156067
1356.326935588843 0.9981191754341125
1356.3477688659225 1.0015106201171875
1356.36860214263 0.9981638193130493
1356.3894354189456 1.0017918348312378
1356.4102686948886 0.9985418915748596
1356.4311019704398 1.0005860328674316
1356.451935245618 0.9991667866706848
1356.4727685204036 0.9999070167541504
1356.4936017948162 0.9985961318016052
1356.5144350688358 1.0014476776123047
1356.5352683424824 0.9991475939750671
1356.5561016157358 1.0003772974014282
1356.576934888615 0.9998357892036438
1356.597768161101 0.9998869299888611
1356.6186014332131 1.000273585319519
1356.6602679762752 0.999320924282074
1356.6811012472251 1.0009838342666626
1356.7019345178003 0.9989875555038452
1356.7227677879812 1.0012412071228027
1356.743601057787 0.9998600482940674
1356.764434327198 0.9997543692588806
1356.7852675962338 1.0005137920379639
1356.8061008648747 1.0006428956985474
1356.8269341331297 0.999200165271759
1356.84776740101 1.0013278722763062
1356.8686006685039 0.9992115497589111
1356.8894339356025 1.0009071826934814
1356.9102672023148 0.9997420907020569
1356.9311004686513 1.0011036396026611
1356.9519337345912 0.9996464252471924
1356.972767000155 1.0011130571365356
1356.9936002653224 0.998852550983429
1357.014433530113 1.0019888877868652
1357.0352667945065 0.9981495141983032
1357.0561000585233 1.0009729862213135
1357.0769333221428 0.9996057748794556
1357.0977665853854 1.0014146566390991
1357.1185998482304 0.9990514516830444
1357.1394331106983 1.0018630027770996
1357.160266372768 0.999038577079773
1357.1810996344605 1.0009663105010986
1357.2019328957547 0.9986103177070618
1357.222766156671 1.0012426376342773
1357.243599417189 0.9988563656806946
1357.264432677329 1.0020443201065063
1357.2852659370706 0.998818039894104
1357.3060991964335 1.0011379718780518
1357.3269324553976 0.9990690350532532
1357.347765713983 1.0016741752624512
1357.3685989721698 0.9990571141242981
1357.3894322299773 1.0013296604156494
1357.4102654873855 0.9988486170768738
1357.4310987444148 1.0016638040542603
1357.4519320010445 0.9992848038673401
1357.4727652572847 1.0006574392318726
1357.4935985131451 1.00017249584198
1357.514431768616 1.0003596544265747
1357.535265023687 1.0002350807189941
1357.5560982783782 1.0014121532440186
1357.576931532669 0.9997437000274658
1357.59776478658 1.0007306337356567
1357.61859804009 0.9997285604476929
1357.6394312932202 0.9997450113296509
1357.6602645459498 1.0006511211395264
1357.6810977982984 0.9993547797203064
1357.7019310502465 1.0005971193313599
1357.7227643018039 1.001404047012329
1357.7435975529802 1.0000251531600952
1357.7644308037654 1.0010583400726318
1357.7852640541494 1.0001821517944336
1357.8060973041424 1.0001205205917358
1357.8269305537538 1.0011112689971924
1357.8477638029638 0.9990732669830322
1357.8685970517924 1.000772476196289
1357.8894303002191 1.0004651546478271
1357.9102635482643 1.0001150369644165
1357.9310967959175 1.0005905628204346
1357.9519300431689 1.00052809715271
1357.972763290038 0.9993513226509094
1357.993596536505 1.0010300874710083
1358.01442978258 0.998680591583252
1358.0352630282725 1.0004265308380127
1358.0560962735626 1.000464916229248
1358.0769295184705 0.9996749758720398
1358.0977627629757 1.0005744695663452
1358.118596007098 1.000639796257019
1358.1394292508178 0.9995937943458557
1358.160262494155 1.0005172491073608
1358.1810957370888 0.999884307384491
1358.2019289796397 1.0006675720214844
1358.2227622217874 1.0007288455963135
1358.2435954635525 0.9994868636131287
1358.264428704914 1.0003018379211426
1358.285261945892 1.0000193119049072
1358.3060951864668 0.9996386766433716
1358.3269284266582 0.9998500347137451
1358.3477616664493 1.0005697011947632
1358.3685949058372 0.9993882179260254
1358.3894281448374 1.0007619857788086
1358.410261383454 0.9996471405029297
1358.4310946216667 1.0007658004760742
1358.4519278594955 1.000296711921692
1358.47276109692 1.0005031824111938
1358.4935943339608 0.9998452663421631
1358.5144275705973 1.0010690689086914
1358.53526080685 0.999474287033081
1358.5560940426976 1.0009963512420654
1358.5769272781613 0.9993364810943604
1358.5977605132207 1.0007283687591553
1358.6185937478956 0.9999820590019226
1358.6394269821658 1.0000455379486084
1358.6602602160515 1.0002105236053467
1358.6810934495327 1.0000170469284058
1358.701926682629 0.9998393654823303
1358.7227599153202 1.0003613233566284
1358.743593147627 0.9995230436325073
1358.7644263795287 1.0003924369812012
1358.7852596110456 0.9996594190597534
1358.806092842157 0.9987912774085999
1358.8269260728841 0.9998146295547485
1358.8477593032055 0.9996211528778076
1358.8685925331415 0.9997462034225464
1358.8894257626728 0.9999266266822815
1358.9102589918186 0.9996228218078613
1358.9310922205589 1.000339150428772
1358.951925448914 0.9999759197235107
1358.9727586768634 0.9999714493751526
1358.9935919044276 1.0006873607635498
1359.0144251315858 0.998440682888031
1359.0352583583588 1.0007624626159668
1359.0560915847257 0.9986465573310852
1359.0769248107072 1.0007129907608032
1359.0977580362826 0.9994368553161621
1359.1185912614728 1.0000845193862915
1359.1602577106544 1.0013319253921509
1359.1810909346466 0.9978123307228088
1359.2019241582527 1.0018551349639893
1359.2227573814528 0.9985305666923523
1359.2435906042667 1.0012353658676147
1359.2644238266748 0.9998707175254822
1359.2852570486966 1.000617504119873
1359.3060902703119 0.9992227554321289
1359.3269234915413 1.0002188682556152
1359.3477567123743 0.9985693693161011
1359.368589932801 1.0021429061889648
1359.3894231528411 0.9983137249946594
1359.410256372475 1.0010440349578857
1359.4310895917224 1.0000187158584595
1359.4519228105635 1.0004287958145142
1359.4727560290078 0.9992384910583496
1359.4935892470658 1.0005824565887451
1359.5144224647272 0.9984512329101562
1359.5352556819819 1.0012463331222534
1359.5560888988502 0.9985862970352173
1359.5769221153116 1.001023530960083
1359.5977553313862 0.999841034412384
1359.6185885470543 1.0003526210784912
1359.6394217623356 1.0002228021621704
1359.66025497721 1.0004767179489136
1359.6810881916977 0.9991276860237122
1359.7019214057786 1.0008251667022705
1359.7227546194722 0.9997134804725647
1359.7435878327594 1.0004416704177856
1359.7644210456594 0.9997015595436096
1359.7852542581525 0.9999312162399292
1359.8060874702587 1.0001085996627808
1359.8269206819577 1.000120997428894
1359.8477538932702 1.0005154609680176
1359.868587104175 1.0000274181365967
1359.8894203146929 1.0002012252807617
1359.910253524804 1.0006705522537231
1359.9310867345278 0.9997793436050415
1359.9519199438444 1.0002069473266602
1359.9727531527737 0.9990087747573853
1359.9935863612961 1.0011507272720337
1360.0144195694315 0.9994706511497498
1360.0352527771593 1.0010769367218018
1360.0560859845 0.9998762607574463
1360.0769191914333 1.0019415616989136
1360.0977523979795 0.9985705614089966
1360.1185856041184 1.0018091201782227
1360.1394188098702 0.997846782207489
1360.1602520152244 1.0019211769104004
1360.1810852201716 0.9979283809661865
1360.201918424721 1.0019140243530273
1360.2227516288833 0.9981880187988281
1360.2435848326381 1.002057433128357
1360.264418036006 0.9982725381851196
1360.285251238976 1.0023634433746338
1360.306084441539 0.9984982013702393
1360.3269176437145 1.0023796558380127
1360.3477508454826 0.9979910850524902
1360.368584046863 1.0019810199737549
1360.3894172478363 0.9975966215133667
1360.410250448422 1.0020618438720703
1360.4310836486004 0.9979719519615173
1360.4519168483912 1.0012832880020142
1360.4727500477748 0.9991567134857178
1360.4935832467706 1.0014556646347046
1360.5144164453593 0.9983733892440796
1360.5352496435603 1.002201795578003
1360.5560828413538 0.9985525608062744
1360.57691603876 1.0016264915466309
1360.5977492357588 0.998838484287262
1360.6185824323697 1.0008084774017334
1360.6394156285737 1.000169038772583
1360.6602488243898 0.9996353983879089
1360.6810820197986 1.0006247758865356
1360.7019152148198 1.0007970333099365
1360.722748409434 0.9995847344398499
1360.7435816036602 1.0010569095611572
1360.7644147974793 1.0003058910369873
1360.7852479909106 1.0002440214157104
1360.8060811839346 1.0010203123092651
1360.8269143765713 0.998766303062439
1360.8477475688003 1.0013021230697632
1360.8685807606419 1.0000348091125488
1360.8894139520762 0.9999344944953918
1360.910247143123 1.0006111860275269
1360.9310803337726 1.0001810789108276
1360.9519135240143 1.0
1360.972746713869 1.0010071992874146
1360.993579903316 0.9993058443069458
1361.014413092376 1.0008223056793213
1361.0352462810283 0.9993157982826233
1361.0560794692935 0.9997272491455078
1361.076912657151 1.0012940168380737
1361.0977458446214 0.9996804594993591
1361.1185790316845 1.0013452768325806
1361.1394122183601 0.9998548030853271
1361.1602454046283 0.9943186640739441
1361.1810785905097 0.9993765354156494
1361.2019117759835 1.0001966953277588
1361.22274496107 0.9995979070663452
1361.243578145749 1.0010185241699219
1361.2644113300414 0.9987651109695435
1361.285244513936 1.001634120941162
1361.306077697424 0.9986879825592041
1361.326910880524 1.0013483762741089
1361.3477440632178 0.9990491271018982
1361.368577245514 1.000354290008545
1361.389410427423 0.9989577531814575
1361.410243608935 1.001471757888794
1361.4310767900542 0.9995422959327698
1361.451909970785 1.0009011030197144
1361.472743151096 0.9988650679588318
1361.4935763310193 1.001885175704956
1361.5144095105366 0.9986882209777832
1361.5352426896661 1.000614881515503
1361.5560758683891 0.9993170499801636
1361.576909046725 1.0001039505004883
1361.597742224654 0.9999147057533264
1361.6185754021963 0.9997779130935669
1361.66024175608 1.0005534887313843
1361.6810749324318 0.9988807439804077
1361.7019081083768 1.000472903251648
1361.722741283935 1.000655174255371
1361.7435744590866 0.9997020959854126
1361.7644076338415 1.00099515914917
1361.7852408082097 0.9996476173400879
1361.8060739821813 1.0010710954666138
1361.826907155746 0.9989522099494934
1361.8477403289246 1.0006929636001587
1361.8685735016966 0.9994877576828003
1361.889406674082 1.0010695457458496
1361.9102398460611 0.9989022016525269
1361.9310730176537 1.0010915994644165
1361.9519061888398 0.9995784163475037
1361.9727393596397 1.0003163814544678
1361.9935725300331 0.9984336495399475
1362.0144057000405 1.0010099411010742
1362.0352388696517 0.99854975938797
1362.0560720388564 1.000387191772461
1362.0769052076653 0.9989023804664612
1362.0977383760878 0.9995957016944885
1362.1185715441143 1.000199556350708
1362.1394047117346 1.0000427961349487
1362.1602378789692 0.9989380836486816
1362.1810710457978 1.001403570175171
1362.2019042122402 0.9993734359741211
1362.2227373782769 1.000366449356079
1362.2435705439277 0.9993497729301453
1362.2644037091727 0.9990389347076416
1362.285236874032 1.0003851652145386
1362.3060700384856 0.9994260668754578
1362.3269032025535 0.9998905062675476
1362.3477363662157 1.0006428956985474
1362.3685695294928 0.9995409846305847
1362.3894026923738 1.000341773033142
1362.4102358548498 1.0011963844299316
1362.43106901694 0.9985224008560181
1362.451902178625 1.0012201070785522
1362.4727353399244 0.9989792108535767
1362.493568500819 1.000666618347168
1362.514401661328 0.9997480511665344
1362.5352348214321 0.9998031258583069
1362.5560679811508 1.0003796815872192
1362.5769011404648 1.0007457733154297
1362.5977342993933 0.9996233582496643
1362.6185674579272 1.001147985458374
1362.6394006160563 0.9997571110725403
1362.6602337738 1.0003858804702759
1362.6810669311392 1.000204086303711
1362.701900088094 0.999423623085022
1362.7227332446437 1.0001081228256226
1362.7435664008087 0.9990341663360596
1362.7643995565693 1.001243233680725
1362.7852327119456 0.9994644522666931
1362.8060658669172 1.0005472898483276
1362.8268990215042 0.9998316168785095
1362.847732175687 1.0008187294006348
1362.8685653294858 0.9990556836128235
1362.88939848288 1.000899076461792
1362.9102316358903 0.9977670311927795
1362.9310647885063 1.0020042657852173
1362.9518979407185 0.9986053109169006
1362.9727310925466 1.002130389213562
1362.993564243971 0.9995682835578918
1363.0143973950112 1.0001589059829712
1363.035230545648 0.9994288682937622
1363.0560636959005 1.0014710426330566
1363.0768968457503 0.9988695383071899
1363.0977299952156 1.0020514726638794
1363.1185631442777 0.9991334080696106
1363.1393962929567 1.002156138420105
1363.1602294412419 0.9986331462860107
1363.181062589124 1.000606894493103
1363.2018957366229 0.9994547367095947
1363.2227288837184 1.001179814338684
1363.2435620304311 0.9992474913597107
1363.2643951767407 1.002400279045105
1363.2852283226673 0.9995195865631104
1363.306061468191 1.0018161535263062
1363.3268946133321 0.9995436668395996
1363.3477277580703 1.0011959075927734
1363.368560902426 0.9996158480644226
1363.389394046389 1.0008269548416138
1363.4102271899496 0.9989874362945557
1363.4310603331176 1.0011533498764038
1363.4518934759033 1.0000464916229248
1363.472726618297 1.000971794128418
1363.493559760288 0.9996218085289001
1363.5143929018973 1.0004711151123047
1363.5352260431043 0.9996939897537231
1363.5560591839296 1.0008407831192017
1363.5768923243527 0.9991806149482727
1363.5977254643942 1.001613736152649
1363.618558604044 0.9997586607933044
1363.6393917432924 1.0006519556045532
1363.660224882159 0.9946220517158508
1363.681058020624 1.000317931175232
1363.7018911587077 0.9986129403114319
1363.7227242963902 1.0013507604599
1363.7435574336916 0.9987766146659851
1363.7643905705918 1.0009675025939941
1363.7852237071106 0.9989838004112244
1363.8060568432288 1.0004464387893677
1363.826889978966 0.9995884895324707
1363.8477231143124 1.0006370544433594
1363.8685562492583 0.9987081289291382
1363.8893893838233 1.0015971660614014
1363.910222517988 0.998608410358429
1363.9310556517723 1.0007458925247192
1363.951888785156 0.9988786578178406
1363.9727219181596 1.0004342794418335
1363.9935550507628 0.9995697140693665
1364.0143881829863 1.000518798828125
1364.0352213148192 0.9990338683128357
1364.0560544462528 1.000935435295105
1364.0768875772965 0.9991701245307922
1364.0977207079604 1.001057505607605
1364.1185538382344 0.9990882277488708
1364.1602200976042 0.999453604221344
1364.1810532267002 1.0007147789001465
1364.2018863554167 0.9999200105667114
1364.2227194837442 1.0005439519882202
1364.2435526116724 0.999280571937561
1364.2643857392218 1.0008399486541748
1364.2852188663721 0.9988576769828796
1364.3060519931341 1.0009739398956299
1364.3268851195166 0.9988359212875366
1364.3477182455113 1.000868558883667
1364.3685513711068 0.9995590448379517
1364.3893844963238 1.000008463859558
1364.410217621143 0.9992095232009888
1364.4310507455837 1.0003646612167358
1364.451883869626 0.9989647269248962
1364.4727169932905 1.0019559860229492
1364.493550116567 0.9984539151191711
1364.5143832394456 1.0008400678634644
1364.5352163619461 0.999138593673706
1364.5560494840493 1.0003061294555664
1364.5768826057745 0.998977541923523
1364.5977157271022 0.9993798732757568
1364.6185488480526 0.9994800090789795
1364.6393819686155 1.0009452104568481
1364.6602150887811 0.9975250959396362
1364.6810482085698 1.00143301486969
1364.7018813279612 0.9992884993553162
1364.7227144469753 0.9993462562561035
1364.7435475655927 0.9996767044067383
1364.764380683833 1.000359296798706
1364.7852138016767 0.9994882941246033
1364.806046919144 1.0005364418029785
1364.826880036214 0.9984910488128662
1364.8477131529078 1.0006835460662842
1364.8685462692151 0.9994917511940002
1364.889379385126 0.999409556388855
1364.9102125006605 1.0002061128616333
1364.9310456157984 0.9999675750732422
1364.9518787305792 0.9998668432235718
1364.9727118449614 1.0002636909484863
1364.9935449589511 0.9992948770523071
1365.014378072545 0.9992501735687256
1365.0352111857628 0.9999427795410156
1365.0560442985945 0.9983568787574768
1365.0768774110306 1.0005531311035156
1365.0977105230907 0.999218761920929
1365.1185436347555 1.0006916522979736
1365.1393767460438 1.0001224279403687
1365.160209856947 1.0008530616760254
1365.181042967454 0.9991253614425659
1365.2018760775857 1.0003679990768433
1365.2227091873217 0.9987090229988098
1365.243542296682 1.0005507469177246
1365.264375405647 0.9996619820594788
1365.2852085142363 1.0001763105392456
1365.3060416224298 0.9991071820259094
1365.326874730248 1.0008000135421753
1365.3477078376807 0.9987092614173889
1365.3685409447176 1.0001094341278076
1365.3893740513788 0.9996462464332581
1365.4102071576444 1.000503659248352
1365.4310402635344 1.0001192092895508
1365.4518733690288 1.0000278949737549
1365.4727064741471 0.9999859929084778
1365.49353957888 1.0000749826431274
1365.5143726832168 0.9998899102210999
1365.5352057871776 0.9996041059494019
1365.5560388907425 1.0010710954666138
1365.576871993931 0.9990887641906738
1365.5977050967235 1.0010745525360107
1365.6185381991397 0.9995667338371277
1365.6393713011594 1.0010266304016113
1365.660204402802 0.999252200126648
1365.6810375040582 1.001106858253479
1365.7018706049173 0.9989657402038574
1365.7227037053992 1.0006542205810547
1365.743536805484 0.9992783069610596
1365.7643699051912 1.0004854202270508
1365.7852030045003 0.999485969543457
1365.8060361034318 1.0012816190719604
1365.8268692019744 0.9995166659355164
1365.847702300119 1.0008351802825928
1365.8685353978842 0.9994279742240906
1365.889368495251 1.000902533531189
1365.9102015922372 1.0002182722091675
1365.931034688824 0.9995909333229065
1365.9518677850303 1.0010788440704346
1365.9727008808457 0.9997425675392151
1365.99353397626 1.00003182888031
1366.0143670712928 0.9998033046722412
1366.0352001659232 1.0002048015594482
1366.056033260171 0.995959460735321
1366.0768663540155 0.9993086457252502
1366.0976994474759 0.9980480074882507
1366.1185325405315 1.002350091934204
1366.1393656332023 0.9979956150054932
1366.1601987254771 1.000462532043457
1366.1810318173448 0.9992170929908752
1366.2018649088252 1.0002715587615967
1366.2226979998973 0.9980422258377075
1366.2435310905798 1.0005654096603394
1366.2643641808622 0.996818482875824
1366.2851972707335 1.0011262893676758
1366.3060303602124 0.9979223012924194
1366.3268634492779 1.0002822875976562
1366.3476965379487 0.9987988471984863
1366.368529626204 0.9996654987335205
1366.389362714062 0.9978490471839905
1366.410195801501 1.0004003047943115
1366.4310288885406 0.9974380135536194
1366.4518619751689 1.0004693269729614
1366.4726950613735 0.9985222220420837
1366.493528147174 0.9995967745780945
1366.5143612325473 0.9993451237678528
1366.535194317513 0.9993888735771179
1366.5560274020577 0.9994286894798279
1366.5768604861703 1.0000299215316772
1366.5976935698684 0.9992665648460388
1366.6185266531297 0.9994857311248779
1366.660192818382 1.0000193119049072
1366.681025900348 1.0003890991210938
1366.7018589818872 0.9989550709724426
1366.7226920629764 0.9999343752861023
1366.743525143633 0.9993051290512085
1366.764358223833 1.0002610683441162
1366.785191303594 0.9993077516555786
1366.806024382892 1.0001341104507446
1366.826857461744 1.0005661249160767
1366.847690540136 0.9999591708183289
1366.8685236180538 0.9999575614929199
1366.8893566955135 0.9995176792144775
1366.9101897724909 0.9996017217636108
1366.931022849002 0.9996327757835388
1366.9518559250212 1.0003292560577393
1366.9726890005645 0.9990821480751038
1366.9935220756167 1.0013513565063477
1367.014355150163 0.9984927773475647
1367.035188224217 1.001390814781189
1367.0560212977546 0.998394250869751
1367.0768543707893 1.0009559392929077
1367.0976874433054 0.9987627267837524
1367.1185205152865 1.001200795173645
1367.1393535867467 0.9982348084449768
1368.6393330467579 1.000502109527588
1368.6601660723 0.9995728135108948
1368.680999097337 0.9999513030052185
1368.7018321218932 1.0003986358642578
1368.7226651459637 0.9997987151145935
1368.7434981695421 0.9995018243789673
1368.7643311926524 1.0010433197021484
1368.7851642152793 0.9981464147567749
1368.8059972374458 1.0015538930892944
1368.826830259146 0.9994761347770691
1368.8476632803731 1.000730037689209
1368.8684963011506 0.9999536871910095
1368.8893293214614 1.0002552270889282
1368.9101623413294 0.9996077418327332
1368.9309953607467 1.0016931295394897
1368.9518283797067 0.9988402724266052
1368.9726613982318 1.0015006065368652
1368.9934944163053 0.9993306398391724
1369.0143274339484 1.000213861465454
1369.035160451155 0.9999105930328369
1369.0559934679163 0.9997915029525757
1369.0768264842552 0.9993370175361633
1369.0976595001534 1.0009971857070923
1369.1184925156333 0.9995399713516235
1369.1393255306866 1.00050687789917
1369.1601585453052 1.0000584125518799
1369.180991559511 0.9997954964637756
1369.2018245732856 0.9998593926429749
1369.222657586651 0.9997799396514893
1369.2434905995979 0.9999983906745911
1369.264323612119 1.0003834962844849
1369.2851566242346 0.999752938747406
1369.3059896359368 0.9997797608375549
1369.3268226472164 1.0010337829589844
1369.3476556580954 0.9992545247077942
1369.3684886685546 1.0007483959197998
1369.389321678615 0.9994828104972839
1369.410154688268 0.9999051690101624
1369.4309876975044 1.0003008842468262
1369.4518207063452 0.9997355341911316
1369.4726537147717 0.9993737936019897
1369.4934867228046 1.0004003047943115
1369.5143197304249 0.9999104738235474
1369.5351527376533 1.0002046823501587
1369.5559857444807 1.000235915184021
1369.576818750898 1.000225305557251
1369.5976517569256 1.000828742980957
1369.6184847625445 0.9995060563087463
1369.6393177677755 1.00082528591156
1369.660150772609 0.9995770454406738
1369.6809837770359 1.0006229877471924
1369.7018167810763 0.9997355341911316
1369.7226497847214 1.0005887746810913
1369.7434827879613 0.9998107552528381
1369.7643157908165 1.0005128383636475
1369.7851487932678 0.9993796944618225
1369.8059817953354 1.0017935037612915
1369.82681479701 0.9983881711959839
1369.847647798282 1.0012843608856201
1369.8684807991715 0.9993961453437805
1369.8893137996592 1.000601053237915
1369.910146799766 0.999784529209137
1369.9309797994808 0.9997234344482422
1369.9518127987958 0.9993923902511597
1369.97264579773 1.001615047454834
1369.993478796264 0.9985101819038391
1370.0143117944183 1.002005934715271
1370.0351447921832 0.9992205500602722
1370.055977789549 0.99997878074646
1370.0768107865356 0.9999712109565735
1370.0976437831341 0.9995938539505005
1370.1184767793336 0.99906325340271
1370.1393097751552 1.000907063484192
1370.1601427705787 0.9983741641044617
1370.1809757656245 1.0024287700653076
1370.2018087602828 0.9991530179977417
1370.2226417545437 1.0002117156982422
1370.2434747484274 0.999792218208313
1370.2643077419145 0.9998459815979004
1370.2851407350242 0.9984534978866577
1370.3059737277479 1.001651406288147
1370.3268067200745 0.9980377554893494
1370.347639712025 1.0021579265594482
1370.3684727035893 0.9987334609031677
1370.3893056947577 1.000942587852478
1370.41013868555 0.9992658495903015
1370.4309716759467 1.0004009008407593
1370.4518046659673 0.9989058971405029
1370.4726376556027 1.0020155906677246
1370.4934706448423 0.9983195662498474
1370.5143036337067 1.0020533800125122
1370.535136622186 0.9990043044090271
1370.5559696102698 1.0003587007522583
1370.5768025979787 0.9989546537399292
1370.5976355852924 1.000917911529541
1370.6184685722314 0.9986212849617004
1370.6393015587853 1.0021796226501465
1370.6601345449446 0.9978124499320984
1370.680967530729 1.001765489578247
1370.7018005161287 0.9985451102256775
1370.722633501134 1.0020747184753418
1370.7434664857647 0.9980630278587341
1370.7642994700009 1.001590609550476
1370.7851324538626 0.9983638525009155
1370.8059654373299 1.0018631219863892
1370.826798420423 0.9989318251609802
1370.8476314031316 1.0011308193206787
1370.868464385446 0.9988155364990234
1370.8892973673865 1.0007002353668213
1370.9101303489422 0.9988196492195129
1370.930963330104 1.001031517982483
1370.9517963108922 0.9993938207626343
1370.9726292912858 1.0004640817642212
1370.9934622713054 0.9991885423660278
1371.0142952509411 1.000452995300293
1371.0351282301826 0.9995924830436707
1371.0559612090503 1.0003392696380615
1371.076794187534 0.9992354512214661
1371.097627165624 1.0004723072052002
1371.1601260976097 0.9996139407157898
1371.180959074174 1.0010275840759277
1371.2017920503442 0.9996049404144287
1371.2226250261408 1.001497745513916
1371.2434580015536 0.999622106552124
1371.2642909765725 1.0001081228256226
1371.2851239512174 1.0000427961349487
1371.305956925479 1.000564455986023
1371.3267898993465 0.9989076852798462
1371.3476228728402 1.0016560554504395
1371.3684558459402 0.9989573955535889
1371.3892888186665 1.0017660856246948
1371.4101217910093 0.99936443567276
1371.4309547629578 1.0013716220855713
1371.4517877345331 1.0005697011947632
1371.472620705724 1.0007754564285278
1371.4934536765218 0.999207615852356
1371.5142866469457 1.0019997358322144
1371.5351196169759 0.9982126355171204
1371.5559525866322 1.0014688968658447
1371.576785555905 0.9993349313735962
1371.597618524784 1.0013415813446045
1371.6184514932893 0.9999178051948547
1371.6392844614106 1.001172423362732
1371.6601174291388 1.0000165700912476
1371.6809503964928 1.0030978918075562
1371.7017833634534 0.9990321397781372
1371.72261633004 1.0021923780441284
1371.743449296233 0.9993646740913391
1371.7642822620521 1.0003588199615479
1371.7851152274877 1.0002460479736328
1371.80594819254 1.0002458095550537
1371.826781157198 1.0002647638320923
1371.8476141214824 1.0017625093460083
1371.8684470853732 0.9997535943984985
1371.8892800488904 1.001536250114441
1371.9101130120237 1.0009815692901611
1371.9309459747633 0.9995676279067993
1371.9517789371291 1.0014400482177734
1371.9726118991114 0.999241828918457
1371.9934448606998 1.0011098384857178
1372.0142778219147 0.9995748996734619
1372.0351107827357 1.0011389255523682
1372.0559437431832 0.9993812441825867
1372.0767767032467 1.0014276504516602
1372.0976096629165 0.9993029832839966
1372.1184426222126 1.0012104511260986
1372.1392755811253 0.9989128112792969
1372.160108539644 1.0016511678695679
1372.1809414977893 0.9994604587554932
1372.2017744555403 1.0012845993041992
1372.222607412918 0.9992145895957947
1372.2434403699122 1.0010122060775757
1372.2642733265122 0.9994232654571533
1372.2851062827388 1.0005905628204346
1372.305939238567 0.9998152852058411
1372.326772194003 1.0013453960418701
1372.3476051490784 1.0003433227539062
1372.3684381037701 1.0008652210235596
1372.389271058068 1.000309705734253
1372.4101040119924 0.9992656111717224
1372.4309369655227 1.0004687309265137
1372.4517699186797 0.999340832233429
1372.4726028714529 1.0009255409240723
1372.4934358238324 0.9993604421615601
1372.514268775838 1.0003376007080078
1372.5351017274604 1.0001585483551025
1372.5559346786888 1.0013911724090576
1372.5767676295434 0.9986769556999207
1372.5976005800044 1.0012933015823364
1372.618433530092 0.9988641142845154
1372.6392664797959 1.0015854835510254
1372.660099429106 0.9990047812461853
1372.6809323780426 1.0008420944213867
1372.7017653265953 0.9991371631622314
1372.7225982747543 1.0009771585464478
1372.7434312225398 0.9982694983482361
1372.764264169942 1.001164436340332
1372.78509711695 0.9989113211631775
1372.8059300635848 1.000495195388794
1372.8267630098258 0.999315619468689
1372.8475959556936 1.0001741647720337
1372.8684289011771 0.9999236464500427
1372.8892618462676 1.0001698732376099
1372.9100947909844 0.999240517616272
1372.9309277353175 1.0009372234344482
1372.9517606792572 0.9996318221092224
1372.9725936228233 0.9992594122886658
1372.993426566006 1.0009921789169312
1373.014259508795 0.9990027546882629
1373.0350924512106 1.0006649494171143
1373.0559253932424 0.9988677501678467
1373.076758334881 1.000826358795166
1373.0975912761464 0.9987809658050537
1373.1184242170182 1.001112937927246
1373.139257157516 0.9975957870483398
1373.160090097631 1.001796007156372
1373.1809230373522 0.996850848197937
1373.2017559767003 1.0006228685379028
1373.2225889156646 0.9987975358963013
1373.243421854236 1.0009806156158447
1373.2642547924338 0.9982646107673645
1373.285087730248 1.001407265663147
1373.3059206676694 0.9978450536727905
1373.3267536047172 1.001961588859558
1373.3475865413818 0.9975975155830383
1373.3684194776529 1.0014272928237915
1373.389252413551 0.999470055103302
1373.4100853490656 1.0007643699645996
1373.430918284187 0.9993423819541931
1373.4517512189354 1.0012012720108032
1373.4725841533004 0.9981275200843811
1373.4934170872725 1.001785397529602
1373.5142500208713 0.9991324543952942
1373.5350829540769 1.0007624626159668
1373.5559158869094 0.9995890259742737
1373.5767488193587 1.00029718875885
1373.5975817514152 1.0006805658340454
1373.660080545306 1.0003023147583008
1373.6809134758405 1.0007262229919434
1373.7017464059918 1.000752329826355
1373.7225793357502 1.0012950897216797
1373.7434122651357 1.0008082389831543
1373.7642451941383 1.00116765499115
1373.785078122748 1.0001171827316284
1373.8059110509848 1.0011980533599854
1373.8267439788292 0.999991774559021
1373.8475769063004 1.0001518726348877
1373.868409833389 1.001718282699585
1373.8892427600847 0.9995397329330444
1373.910075686408 1.0012425184249878
1373.9309086123483 0.9998822808265686
1373.951741537896 1.0008251667022705
1373.9725744630714 0.9994235634803772
1373.9934073878637 1.0010523796081543
1374.0142403122638 0.9994374513626099
1374.0350732362913 1.0025368928909302
1374.0559061599363 0.9985067844390869
1374.0767390831888 1.0026171207427979
1374.097572006069 0.9983497262001038
1374.1184049285664 1.0018341541290283
1374.1392378506716 0.9994885921478271
1374.1600707724044 1.0023306608200073
1374.180903693755 0.9990827441215515
1374.2017366147134 1.0037622451782227
1374.2225695352995 0.9976456761360168
1374.2434024555032 1.0034395456314087
1374.264235375315 0.9982081055641174
1374.2850682947544 1.0015895366668701
1374.305901213812 0.9988828897476196
1374.3267341324772 1.001423716545105
1374.3475670507703 0.9993245601654053
1374.3683999686716 1.0027505159378052
1374.389232886201 0.9980385303497314
1374.4100658033485 1.0032426118850708
1374.4308987201134 0.998990535736084
1374.4517316364875 1.0017210245132446
1374.472564552489 0.9993516206741333
1374.4933974681092 1.0021966695785522
1374.5142303833372 0.999738872051239
1374.535063298194 1.0014320611953735
1374.5558962126686 0.9991111755371094
1374.5767291267523 1.0011974573135376
1374.5975620404638 0.9986563324928284
1374.618394953794 1.0006637573242188
1374.6392278667324 0.9994912147521973
1374.6600607792998 1.0013619661331177
1374.6808936914754 0.999728262424469
1374.7017266032801 1.0012036561965942
1374.722559514703 1.000524878501892
1374.743392425745 1.0000004768371582
1374.7642253363954 1.000127911567688
1374.785058246675 0.9995092153549194
1374.8058911565631 1.000032901763916
1374.8267240660803 1.0005581378936768
1374.8475569752163 0.9999021291732788
1374.8683898839615 1.0003952980041504
1374.8892227923354 1.000112533569336
1374.9100557003287 0.9997850060462952
1374.930888607931 1.0009806156158447
1374.9517215151625 0.9996510148048401
1374.972554422013 0.999367892742157
1374.9933873284729 1.000722885131836
1375.0142202345626 0.9995688199996948
1375.0350531402714 1.0003193616867065
1375.0558860455894 0.9998911023139954
1375.076718950537 1.0006511211395264
1375.0975518551043 0.9997779130935669
1375.1183847592813 1.000927209854126
1375.1392176630873 0.9998968839645386
1375.1600505665137 1.0001635551452637
1375.1808834695494 0.9994098544120789
1375.201716372215 1.0012270212173462
1375.2225492745004 0.9997120499610901
1375.243382176396 1.0014818906784058
1375.264215077921 0.9991480708122253
1375.2850479790666 1.0009487867355347
1375.305880879829 0.9994956851005554
1375.3267137802209 0.9997444152832031
1375.3475466802265 0.9996795654296875
1375.3683795798424 1.0004994869232178
1375.389212479089 0.9993481040000916
1375.4100453779554 1.0015183687210083
1375.4308782764326 0.9989801049232483
1375.4517111745404 1.0012397766113281
1375.4725440722684 0.9992454648017883
1375.4933769696072 0.9997974038124084
1375.5142098665765 1.000182032585144
1375.5350427631668 0.9999829530715942
1375.5558756593678 0.999718964099884
1375.5767085551995 1.0011515617370605
1375.5975414506524 0.9988083243370056
1375.618374345716 1.0008749961853027
1375.6392072404105 0.9991478323936462
1375.6600401347264 0.9994871616363525
1375.6808730286532 1.0010145902633667
1375.7017059222119 0.9992506504058838
1375.7225388153909 0.9999693632125854
1375.7433717081822 1.0011720657348633
1375.7642046006044 0.9989625215530396
1375.7850374926484 1.0004374980926514
1375.8058703843035 0.9993179440498352
1375.8267032755907 0.9994673728942871
1375.8475361664994 1.0007174015045166
1375.8683690570201 0.9986158013343811
1375.8892019471723 1.0005497932434082
1375.9100348369468 1.0001922845840454
1375.930867726333 0.9994016289710999
1375.9517006153515 1.000200867652893
1375.9725335039918 0.9992061257362366
1375.9933663922445 1.0002505779266357
1376.0141992801296 0.9997701644897461
1376.035032167637 0.9994431138038635
1376.0558650547566 1.0002503395080566
1376.076697941509 0.9996023178100586
1376.0975308278837 0.9998332262039185
1376.1600294847347 1.0005935430526733
1376.1808623696004 0.9996298551559448
1376.2016952540796 1.0007452964782715
1376.2225281381914 1.000622034072876
1376.2433610219266 0.9995844960212708
1376.2641939052749 1.000801920890808
1376.2850267882566 0.9996176958084106
1376.3058596708613 1.0007684230804443
1376.32669255308 1.000172734260559
1376.3475254349319 0.999885618686676
1376.3683583164072 1.0004452466964722
1376.3891911974963 0.9999333024024963
1376.4100240782195 0.9994763135910034
1376.4308569585662 1.0004011392593384
1376.4516898385273 0.9999089241027832
1376.4725227181218 1.0007222890853882
1376.493355597341 1.0007668733596802
1376.514188476174 1.0005552768707275
1376.5350213546417 1.000775933265686
1376.5558542327333 1.0007048845291138
1376.5766871104397 0.9998589158058167
1376.597519987781 1.0003992319107056
1376.6183528647462 0.9999717473983765
1376.6391857413264 1.0007046461105347
1376.6600186175417 1.0001996755599976
1376.6808514933816 1.0005782842636108
1376.7016843688366 1.000545859336853
1376.7225172439266 1.0011638402938843
1376.743350118642 1.0003913640975952
1376.7641829929826 1.0003414154052734
1376.7850158669387 1.0006468296051025
1376.8058487405306 0.9999334216117859
1376.8266816137475 1.0002609491348267
1376.8475144865802 1.000372052192688
1376.8683473590488 0.9997321963310242
1376.8891802311432 1.0006948709487915
1376.9100131028538 0.9999067187309265
1376.9308459741999 1.0011662244796753
1376.9516788451729 1.000780701637268
1376.9725117157616 1.00002920627594
1376.993344585987 1.000610113143921
1377.0141774558388 1.0010721683502197
1377.035010325307 0.9989059567451477
1377.0558431944119 1.001264214515686
1377.0766760631439 0.9990133047103882
1377.097508931503 1.0007911920547485
1377.1183417994785 1.0002049207687378
1377.1391746670913 0.9999876022338867
1377.1600075343313 0.9998902678489685
1377.1808404011888 1.0014578104019165
1377.2016732676832 0.9976165890693665
1377.2225061338058 1.0025126934051514
1377.2433389995456 0.9979601502418518
1377.2641718649231 1.0022515058517456
1377.2850047299287 0.9992196559906006
1377.305837594552 0.9998579025268555
1377.3266704588136 0.9996597766876221
1377.3475033227035 1.0010271072387695
1377.3683361862113 0.9983983039855957
1377.389169049358 1.0028456449508667
1377.410001912133 0.9983319640159607
1377.4308347745268 1.0024858713150024
1377.451667636559 0.9981533288955688
1377.4725004982206 1.0015357732772827
1377.4933333595106 0.9986991286277771
1377.51416622042 1.0003771781921387
1377.534999080969 0.9988625049591064
1377.555831941147 1.0019774436950684
1377.5766648009546 0.9982989430427551
1377.5974976603818 1.0018640756607056
1377.6183305194486 0.9978923201560974
1377.6391633781354 1.0010534524917603
1377.659996236462 0.9987080097198486
1377.680829094419 1.0007129907608032
1377.7016619520057 1.000213623046875
1377.7224948092132 1.00088369846344
1377.743327666061 0.9994889497756958
1377.7641605225394 1.0015428066253662
1377.7849933786385 0.9989714622497559
1377.8058262343786 1.0008548498153687
1377.8266590897495 0.9993757605552673
1377.847491944742 0.9998883605003357
1377.8683247993747 1.0005884170532227
1377.8891576536398 0.9992672204971313
1377.909990507536 0.9986775517463684
1377.9308233610539 1.0001698732376099
1377.9516562142135 0.9995046854019165
1377.972489066995 1.000581979751587
1377.9933219194186 0.9993828535079956
1378.0141547714743 0.9998518228530884
1378.0349876231628 0.9986215829849243
1378.0558204744732 0.9993301033973694
1378.0766533254262 1.000400424003601
1378.0974861760121 1.0000079870224
1378.1183190262307 0.9999493956565857
1378.1391518760724 1.0007493495941162
1378.1599847255577 0.9991558194160461
1378.1808175746758 1.0006769895553589
1378.2016504234173 0.9999884366989136
1378.2224832718025 1.0000534057617188
1378.2433161198217 1.0001431703567505
1378.2641489674645 1.0008710622787476
1378.2849818147508 0.9982506632804871
1378.3058146616722 1.0010160207748413
1378.3266475082173 0.9993261098861694
1378.347480354407 1.0009864568710327
1378.3683132002316 0.9991145730018616
1378.3891460456905 1.0009146928787231
1378.4099788907743 0.9984915852546692
1378.4308117355033 1.0021086931228638
1378.451644579868 0.9971213340759277
1378.472477423857 0.9997116327285767
1378.4933102674922 0.999180257320404
1378.514143110763 1.001386046409607
1378.5349759536693 0.9989287257194519
1378.5558087962017 1.0013750791549683
1378.5766416383804 0.996737539768219
1378.597474480195 0.9966608881950378
1378.6599730034486 0.9996698498725891
1378.6808058437998 1.0005277395248413
1378.7016386837984 1.0003870725631714
1378.7224715234338 1.0008087158203125
1378.7433043626966 0.9985533356666565
1378.7641372016074 1.0013868808746338
1378.7849700401553 0.9991472363471985
1378.8058028783414 1.001079797744751
1378.8266357161554 1.0002635717391968
1378.8474685536173 0.9996179342269897
1378.8683013907178 1.0003241300582886
1378.8891342274462 0.9995629787445068
1378.9099670638238 1.0002516508102417
1378.9307998998397 0.9999414086341858
1378.9516327354952 0.9995808601379395
1378.9724655707791 1.0003379583358765
1378.9932984057127 1.0000933408737183
1379.0141312402852 0.9985146522521973
1379.0349640744878 1.0010850429534912
1379.0557969083397 0.998471736907959
1379.0766297418315 1.0011615753173828
1379.0974625749634 0.9988052248954773
1379.1182954077258 1.0001680850982666
1379.1391282401382 0.9995378255844116
1379.1599610721912 0.9988695979118347
1379.1807939038747 0.999433696269989
1379.201626735209 1.0012456178665161
1379.2224595661846 0.9989330172538757
1379.2432923967908 1.0012860298156738
1379.2641252270485 0.9998002648353577
1379.2849580569475 1.0011000633239746
1379.305790886478 0.9999105334281921
1379.3266237156602 0.9990724921226501
1379.3474565444842 0.9999884963035583
1379.3682893729504 0.9993471503257751
1379.389122201068 0.999671459197998
1379.4099550288352 1.0006519556045532
1379.430787856228 0.9997482895851135
1379.4516206832632 1.0000609159469604
1379.472453509931 1.0001287460327148
1379.4932863362517 0.9988627433776855
1379.5141191622154 1.0013996362686157
1379.534951987812 0.9993512630462646
1379.5557848130613 1.0005285739898682
1379.5766176379548 1.0000792741775513
1379.5974504624908 0.9996621608734131
1379.618283286661 0.9990213513374329
1379.6391161104843 1.0006266832351685
1379.6599489339512 0.9985542297363281
1379.6807817570623 1.0015417337417603
1379.701614579807 0.999439537525177
1379.722447402206 1.0004626512527466
1379.7432802242483 1.0003474950790405
1379.7641130459256 1.0002758502960205
1379.7849458672565 0.9997792840003967
1379.8057786882318 1.0000489950180054
1379.826611508841 0.9987537264823914
1379.8474443291052 1.0007208585739136
1379.8682771490132 0.9998695850372314
1379.8891099685661 0.9997478127479553
1379.909942787753 1.0014090538024902
1379.9307756065948 0.9998800158500671
1379.9516084250808 1.0001102685928345
1379.9724412432013 1.000152826309204
1379.993274060976 0.9999071359634399
1380.0141068783953 0.9995298385620117
1380.0349396954587 1.0016695261001587
1380.0557725121566 0.9986144304275513
1380.0766053285088 1.0013329982757568
1380.0974381445048 0.9985692501068115
1380.1182709601353 1.0008302927017212
1380.1391037754195 0.999415934085846
1380.1599365903473 1.0002915859222412
1380.180769404919 0.9991375207901001
1380.2016022191242 1.0010946989059448
1380.2224350329825 0.9979691505432129
1380.243267846484 1.002005934715271
1380.2641006596282 0.9986845850944519
1380.2849334724049 1.0004528760910034
1380.3057662848341 0.999365508556366
1380.3265990969053 1.0006924867630005
1380.3474319086083 0.9992485642433167
1380.368264719962 1.000585675239563
1380.3890975309575 0.9987027645111084
1380.4099303415933 1.0015182495117188
1380.4307631518586 0.9987150430679321
1380.451595961774 1.000935435295105
1380.472428771328 0.9992384314537048
1380.4932615805208 1.0003212690353394
1380.5140943893412 0.9992526769638062
1380.5349271978093 1.0010894536972046
1380.5557600059133 0.9987757205963135
1380.5765928136434 1.0007350444793701
1380.5974256210184 0.9986541867256165
1380.6182584280275 1.0018794536590576
1380.6390912346596 0.9989731311798096
1380.6599240409341 1.0005903244018555
1380.68075684684 1.0000280141830444
1380.7015896523758 1.0006036758422852
1380.722422457541 0.9992730617523193
1380.7432552623234 1.0004125833511353
1380.764088066742 0.9994574785232544
1380.7849208707862 1.0012422800064087
1380.8057536744436 0.9989180564880371
1380.8265864777331 1.0008082389831543
1380.847419280643 0.999376118183136
1380.8682520831612 0.9994555711746216
1380.8890848853066 0.9994634985923767
1380.9099176870668 1.00029718875885
1380.9307504884393 0.998755931854248
1380.9515832894226 1.0014781951904297
1380.972416090004 0.9982767105102539
1380.9932488902011 1.0005664825439453
1381.0140816900014 0.9989948272705078
1381.0349144893926 0.9999929666519165
1381.0557472883906 0.9988800883293152
1381.0765800869842 1.0006425380706787
1381.0974128851692 0.9972423911094666
1381.1599112772283 1.0016810894012451
1381.1807440737443 0.999042272567749
1381.2015768698234 1.0005383491516113
1381.222409665482 0.9993071556091309
1381.2432424607043 1.0014070272445679
1381.2640752554776 0.9981451630592346
1381.2849080498154 1.0021218061447144
1381.3057408437037 0.9976442456245422
1381.326573637137 1.001235842704773
1381.3474064301001 0.9991525411605835
1381.368239222607 1.0010979175567627
1381.389072014642 0.9991199374198914
1381.4099048061887 1.001844882965088
1381.4307375972617 0.9978512525558472
1381.451570387844 1.0019872188568115
1381.472403177929 0.9983483552932739
1381.4932359675097 1.0014384984970093