1381.724508578458 1.0005792379379272
1381.7453425708034 1.0004645586013794
1381.7661765639903 1.0002297163009644
1381.787010557967 1.000320315361023
1381.8078445526971 1.0002923011779785
1381.8286785481077 1.0001341104507446
1381.8495125441227 1.0000554323196411
1381.8703465406902 0.9999868869781494
1381.8911805377256 0.9998692870140076
1381.9120145351492 0.9997865557670593
1381.932848532878 0.9996669888496399
1381.9536825308153 0.9996076226234436
1381.974516528892 0.9996007680892944
1381.9953505270048 0.9996406435966492
1382.0161845250507 0.9995245337486267
1382.0370185229517 0.9995390176773071
1382.0578525206013 0.999580442905426
1382.0786865179002 0.9995704293251038
1382.0995205147392 0.9997074604034424
1382.1203545110402 0.9997974038124084
1382.1411885066939 0.999795138835907
1382.1620225016038 0.9998261332511902
1382.1828564956636 0.9999300241470337
1382.2036904887996 0.9999534487724304
1382.2245244809098 1.0000348091125488
1382.245358471906 0.999945878982544
1382.2661924616916 1.0000874996185303
1382.2870264502044 1.0000544786453247
1382.307860437356 1.000271201133728
1382.3286944230701 1.0001158714294434
1382.349528407266 1.0000466108322144
1382.3703623898964 1.000154972076416
1382.3911963708879 0.9998598694801331
1382.412030350182 0.9994491934776306
1382.4328643277138 0.9998635053634644
1382.4536983034534 0.9999096393585205
1382.4745322773438 1.0000184774398804
1382.4953662493435 0.9998939037322998
1382.5162002194038 1.000011682510376
1382.6620379534386 0.9803311228752136
1382.6828719071395 0.9201800227165222
1382.7037058587262 0.630871057510376
1382.7245398081916 0.7422309517860413
1382.745373755532 0.9749259352684021
1382.7662077007358 0.9919654726982117
1382.7870416438238 0.9921961426734924
1382.8078755847878 0.9914132356643677
1382.8287095236312 0.9944731593132019
1382.8495434603503 0.996374785900116
1382.8703773949703 0.9930642247200012
1382.8912113274905 0.9802840352058411
1382.9120452579093 0.9864915609359741
1382.9328791862572 0.992449939250946
1382.953713112535 0.9940045475959778
1382.9745470367548 0.9925296306610107
1382.995380958929 0.9944602251052856
1383.0162148790612 0.8953772783279419
1383.0370487971854 0.9283370971679688
1383.0578827133052 0.9890438914299011
1383.078716627426 0.9907006025314331
1383.0995505395829 0.9927293658256531
1383.1203844497809 0.9933256506919861
1383.1412183580362 0.9924729466438293
1383.162052264364 0.9878228306770325
1383.1828861687716 0.9946552515029907
1383.2037200712941 0.9957391023635864
1383.2245539719377 0.9666619896888733
1383.245387870719 0.9900537729263306
1383.2662217676443 0.9952946901321411
1383.2870556627497 0.9943417906761169
1383.3078895560416 0.9934916496276855
1383.3287234475365 0.9935468435287476
1383.3495573372393 0.9904212355613708
1383.3703912251872 0.9930656552314758
1383.3912251113852 0.9952024221420288
1383.4120589958395 0.9943111538887024
1383.4328928785856 0.9942026138305664
1383.4537267596288 0.9943280220031738
1383.474560638984 0.9961735010147095
1383.4953945166671 0.9901533722877502
1383.5162283926823 0.9927931427955627
1383.5370622670648 0.9962987303733826
1383.5578961398182 0.994995653629303
1383.5787300109578 0.9887254238128662
1383.599563880487 0.9954186677932739
1383.6203977484402 0.9967331290245056
1383.70373320465 1.0000345706939697
1383.7245670648729 0.9998879432678223
1383.745400923588 0.9998207092285156
1383.7662347808084 0.9998899698257446
1383.7870686365359 0.9998301863670349
1383.8079024908025 0.9997398257255554
1383.8287363436104 0.9996910095214844
1383.849570194971 0.9994696378707886
1383.8704040448856 0.9994661808013916
1383.891237893385 0.9994683861732483
1383.9120717404712 0.9994699358940125
1383.9329055861542 0.9994916319847107
1383.9537394304346 0.9995283484458923
1383.9745732733434 0.9996598958969116
1383.99540711488 0.9997109770774841
1384.016240955055 0.9995574355125427
1384.0370747938682 0.9997873902320862
1384.0579086313496 0.9997300505638123
1384.0787424674977 0.9998544454574585
1384.0995763023232 0.9998308420181274
1384.1204101358242 0.9999299645423889
1384.1412439680303 0.9996026158332825
1384.1620777989397 0.9998819231987
1384.182911628562 0.9998129606246948
1384.2037454569047 0.9998515248298645
1384.2245792839672 0.9997216463088989
1384.2454131097772 0.9996517300605774
1384.2662469343325 0.9997548460960388
1384.3287484005411 0.9998043775558472
1384.349582220157 0.9998440146446228
1384.3704160385564 1.0000683069229126
1384.391249855747 0.9999593496322632
1384.4120836717257 0.9999968409538269
1384.4329174865202 0.9999528527259827
1384.453751300126 0.9999202489852905
1384.474585112541 0.999982476234436
1384.4954189237915 0.9998481273651123
1384.5162527338737 0.9998247623443604
1384.5370865427942 0.9997232556343079
1384.5579203505592 0.999825119972229
1384.5787541571656 0.9997696280479431
1384.5995879626382 0.9996585249900818
1384.620421766974 0.9996225833892822
1384.6412555701784 0.999624490737915
1384.662089372257 0.9996633529663086
1384.6829231732056 0.9996033906936646
1384.7037569730503 0.99964439868927
1384.724590771786 0.9995923042297363
1384.745424569418 0.9996817708015442
1384.7662583659421 0.9996189475059509
1384.7870921613828 0.9996921420097351
1384.807925955736 0.9997891783714294
1384.828759749006 1.0000704526901245
1384.8495935411884 1.0000430345535278
1384.8704273323074 1.0000509023666382
1384.8912611223584 1.0002104043960571
1384.912094911346 1.0002574920654297
1384.9329286992643 1.0002959966659546
1384.9537624861382 1.0004465579986572
1384.9745962719624 1.0005027055740356
1384.9954300567408 1.0003937482833862
1385.0162638404784 1.0003477334976196
1385.0370976231688 1.000313639640808
1385.057931404837 1.000209093093872
1385.0787651854762 1.0000795125961304
1385.0995989650914 0.9999632835388184
1385.1204327436758 0.9998434782028198
1385.1412665212538 0.9998024702072144
1385.1621002978193 0.9998238682746887
1385.1829340733757 0.999690592288971
1385.2037678479273 0.9996023178100586
1385.2246016214674 0.9994467496871948
1385.24543539402 0.9994186758995056
1385.2662691655783 0.999390721321106
1385.2871029361465 0.9994783401489258
1385.307936705727 0.9997246861457825
1385.3287704743145 0.9995830059051514
1385.3496042419315 0.9996821284294128
1385.370438008572 0.9998179078102112
1385.3912717742385 0.9999562501907349
1385.4121055389248 1.0001075267791748
1385.432939302654 1.0001581907272339
1385.4537730654192 1.0002676248550415
1385.4746068272239 1.0003361701965332
1385.4954405880699 1.000293493270874
1385.5162743479518 1.0003734827041626
1385.5371081068918 1.0003389120101929
1385.5579418648829 1.000474214553833
1385.5787756219277 1.0001916885375977
1385.5996093780193 1.000227928161621
1385.620443133181 1.000299096107483
1385.6412768874047 1.000327706336975
1385.6621106406942 1.0001463890075684
1385.6829443930412 1.0002409219741821
1385.7037781444685 1.0001306533813477
1385.7246118949695 1.000045657157898
1385.7454456445457 1.0000566244125366
1385.7662793932004 0.9998118877410889
1385.7871131409258 1.0000200271606445
1385.8079468877447 0.9998986124992371
1385.8287806336493 0.9998752474784851
1385.8496143786424 0.9999052882194519
1385.8704481227255 0.9963297247886658
1385.9537830900022 0.9999194741249084
1385.9746168295633 0.9999421834945679
1385.9954505682388 0.9999098181724548
1386.016284306021 1.0000275373458862
1386.037118042912 1.0000160932540894
1386.057951778913 1.0000673532485962
1386.078785514018 1.000184416770935
1386.099619248247 1.000138282775879
1386.1204529815939 0.9999986886978149
1386.1412867140593 1.0001294612884521
1386.162120445646 1.0000559091567993
1386.1829541763457 1.000136137008667
1386.2037879061809 1.000190258026123
1386.2246216351427 1.0001931190490723
1386.2454553632335 1.0002079010009766
1386.2662890904553 1.0002946853637695
1386.2871228167994 1.000171422958374
1386.307956542288 1.0001779794692993
1386.328790266913 1.0002084970474243
1386.3496239906763 1.0002328157424927
1386.3704577135697 1.000141978263855
1386.391291435615 1.0001425743103027
1386.4121251568033 1.0001580715179443
1386.432958877137 1.0001118183135986
1386.4537925966174 1.0000274181365967
1386.4746263152467 1.000075101852417
1386.4954600330161 1.0001708269119263
1386.5162937499474 0.9999879598617554
1386.5371274660324 1.0000544786453247
1386.5579611812623 1.0000286102294922
1386.5787948956597 0.9999469518661499
1386.5996286092152 0.9998369812965393
1386.6204623219303 0.9999346137046814
1386.6412960338073 0.9999250769615173
1386.662129744847 0.999787449836731
1386.6829634550415 0.9998975992202759
1386.703797164412 1.0000423192977905
1386.72463087295 1.0000144243240356
1386.7454645806577 1.0002151727676392
1386.766298287535 1.0002127885818481
1386.7871319935748 1.000174880027771
1386.8079656987977 1.0003814697265625
1386.8287994031957 1.000339388847351
1386.8496331067697 1.0004754066467285
1386.8704668095215 1.0003327131271362
1386.891300511442 1.0003007650375366
1386.9121342125534 1.0003221035003662
1386.9329679131129 1.0003412961959839
1386.9538016128283 1.0002789497375488
1386.9746353114922 1.0003248453140259
1386.9954690093316 1.000300407409668
1387.016302706368 1.0002317428588867
1387.0371364025928 1.0002036094665527
1387.0579700980072 1.000133991241455
1387.0788037926025 0.9999999403953552
1387.0996374863996 1.000038981437683
1387.1204711793907 1.0000486373901367
1387.1413048715758 1.0001076459884644
1387.1621385629576 0.9999142289161682
1387.1829722535258 0.9998572468757629
1387.2038059433023 0.9998475909233093
1387.2246396322787 0.999875009059906
1387.2454733204552 0.9999299645423889
1387.266307007834 0.9997937083244324
1387.2871406944155 0.9998995661735535
1387.3079743801916 0.9997754096984863
1387.3288080651823 0.9999622106552124
1387.3496417493802 1.0000094175338745
1387.3704754327853 0.9999890923500061
1387.3913091153995 1.0000351667404175
1387.4121427972132 0.9999867081642151
1387.4329764782478 1.0002021789550781
1387.4538101584947 1.0001106262207031
1387.4746438379545 1.0002192258834839
1387.4954775166289 1.0002435445785522
1387.5163111945083 1.0003198385238647
1387.5371448716144 1.0003432035446167
1387.5579785479374 1.000344157218933
1387.5788122234794 1.0004397630691528
1387.5996458982406 1.000330924987793
1387.6204795722126 1.000351071357727
1387.6413132454159 1.0003031492233276
1387.6621469178422 1.0002650022506714
1387.6829805894918 1.0001986026763916
1387.7038142603662 1.000290870666504
1387.7246479304565 1.0002350807189941
1387.7454815997833 0.9492713809013367
1387.787148936121 1.0001002550125122
1387.8079826031337 1.000165581703186
1387.828816269377 1.0000686645507812
1387.8496499348416 0.9999634027481079
1387.8704835995493 0.9998220801353455
1387.8913172634905 0.9999103546142578
1387.9121509266656 0.9998558163642883
1387.9329845890768 0.9997612237930298
1387.9538182507138 0.9997283816337585
1387.9746519115984 0.9996303915977478
1387.995485571721 0.9996965527534485
1388.016319231083 0.9998034238815308
1388.0371528896846 0.9998469948768616
1388.0579865475179 1.0000128746032715
1388.0788202046024 1.00009286403656
1388.0996538609304 1.000199317932129
1388.1204875165017 1.0002669095993042
1388.1413211713177 1.0004104375839233
1388.1621548253693 1.0004746913909912
1388.182988478677 1.0005630254745483
1388.2038221312325 1.0005464553833008
1388.2246557830358 1.000525712966919
1388.2454894340883 1.0006273984909058
1388.2663230843912 1.000684380531311
1388.2871567339344 1.0006393194198608
1388.3079903827393 1.000478982925415
1388.328824030797 1.000471830368042
1388.349657678108 1.0003654956817627
1388.3704913246734 1.0002551078796387
1388.3913249704838 1.0001996755599976
1388.4121586155604 1.0000965595245361
1388.4329922598938 1.0000280141830444
1388.4538259034853 0.9999238848686218
1388.4746595463348 0.9999369978904724
1388.495493188434 0.9999492168426514
1388.5163268298036 0.9999102354049683
1388.537160470434 0.9998383522033691
1388.5579941103265 0.9998250603675842
1388.5788277494814 0.9998160600662231
1388.5996613879004 0.9999063014984131
1388.6204950255737 1.0000015497207642
1388.6413286625225 1.000030517578125
1388.6621622987368 1.0001722574234009
1388.6829959342188 1.0000847578048706
1388.7038295689679 1.0001569986343384
1388.724663202976 1.0003461837768555
1388.7454968362633 1.000340223312378
1388.7663304688208 1.0004169940948486
1388.7871641006495 1.0004470348358154
1388.80799773175 1.000354528427124
1388.828831362123 1.0005041360855103
1388.8496649917595 1.0003347396850586
1388.8704986206808 1.0002838373184204
1388.8913322488766 1.0001156330108643
1388.9121658763488 1.0003944635391235
1388.9329995030973 1.000281810760498
1388.9538331291135 1.0002247095108032
1388.974666754418 1.0002228021621704
1388.995500379002 1.0001829862594604
1389.0163340028655 0.999963641166687
1389.0371676260102 0.9999914765357971
1389.0580012484363 1.0000178813934326
1389.0788348701346 0.999952495098114
1389.0996684911265 0.999977171421051
1389.1205021114022 0.9999654293060303
1389.1413357309627 0.9996911287307739
1389.162169349809 0.9997732043266296
1389.1830029679315 0.9997984170913696
1389.2038365853512 0.9998906850814819
1389.224670202059 0.9999219179153442
1389.2455038180558 0.9999692440032959
1389.2663374333424 0.9999054074287415
1389.287171047919 0.999765932559967
1389.3080046617774 0.9997178912162781
1389.3288382749377 0.99973464012146
1389.3496718874057 0.9996533989906311
1389.3705054991663 0.9997121691703796
1389.3913391102076 0.9997453093528748
1389.4121727205445 0.9998152852058411
1389.4330063301672 0.9999590516090393
1389.4538399390976 1.0000637769699097
1389.474673547325 1.000185489654541
1389.4955071548518 1.0002566576004028
1389.5163407616772 1.000216007232666
1389.5371743678036 1.000207543373108
1389.5580079732206 1.0004476308822632
1389.5788415779498 1.000572681427002
1389.5996751819814 1.0005544424057007
1389.6205087853168 1.000619649887085
1389.6413423879567 1.0006864070892334
1389.6621759898917 1.0007277727127075
1389.683009591143 1.000747799873352
1389.7038431917008 1.0005825757980347
1389.7246767915667 1.000624418258667
1389.745510390741 1.0003854036331177
1389.7663439892249 1.0003461837768555
1389.7871775870087 1.0001250505447388
1389.808011184114 1.000036358833313
1389.8288447805312 1.0000402927398682
1389.8496783762612 0.9998433589935303
1389.870511971305 0.9998176693916321
1389.8913455656634 0.9997575879096985
1389.912179159327 0.9997236728668213
1389.9330127523172 0.9997584819793701
1389.9538463446245 0.9998820424079895
1389.9746799362497 0.999891996383667
1389.995513527194 0.9999949336051941
1390.0163471174478 1.000124216079712
1390.0371807070426 1.0002871751785278
1390.0580142959386 1.0004589557647705
1390.0788478841678 1.0006266832351685
1390.0996814717196 1.0008494853973389
1390.1205150585963 1.0010172128677368
1390.1413486447977 1.0009887218475342
1390.1621822303157 1.0010685920715332
1390.1830158151704 1.0011136531829834
1390.2038493993532 1.0009849071502686
1390.2246829828646 1.0010274648666382
1390.245516565706 0.9522249698638916
1390.287183729382 1.0005338191986084
1390.3080173102087 1.0003496408462524
1390.3288508903786 1.0001592636108398
1390.3496844698832 1.000146508216858
1390.370518048723 0.9999262690544128
1390.3913516268994 0.9997237920761108
1390.4121852044036 0.9996217489242554
1390.4330187812557 0.9998235702514648
1390.4538523574477 0.9995858669281006
1390.4746859329796 0.9996797442436218
1390.4955195078533 0.9996980428695679
1390.5163530820691 0.9998356699943542
1390.5371866556284 0.9998831152915955
1390.558020228522 1.0001015663146973
1390.5788538007714 1.0002816915512085
1390.5996873723668 1.000349760055542
1390.62052094331 1.0003514289855957
1390.6413545136018 1.0003397464752197
1390.6621880832333 1.0002959966659546
1390.6830216522255 1.0003451108932495
1390.7038552205695 1.0001686811447144
1390.724688788266 1.000184416770935
1390.7455223553168 1.000235676765442
1390.7663559217224 1.000301718711853
1390.787189487484 1.0001417398452759
1390.8080230526032 0.9999849796295166
1390.8288566170702 1.0000309944152832
1390.8496901809074 0.9998897910118103
1390.8705237441045 0.9999029636383057
1390.891357306664 1.0000042915344238
1390.9121908685856 0.9999032616615295
1390.9330244298624 0.9999748468399048
1390.9538579905136 0.9999998211860657
1390.9746915505316 1.0000368356704712
1390.995525109917 1.0000262260437012
1391.0163586686717 1.0000805854797363
1391.0371922267964 1.000138282775879
1391.058025784282 1.0001367330551147
1391.0788593411507 1.000232219696045
1391.0996928973925 1.0001583099365234
1391.1205264530101 1.0001102685928345
1391.1413600080036 1.0000351667404175
1391.1621935623748 1.0000041723251343
1391.1830271161248 0.9998807311058044
1391.2038606692554 0.9997780919075012
1391.224694221757 0.9997490048408508
1391.245527773652 0.9996245503425598
1391.2663613249308 0.9996462464332581
1391.2871948755958 0.9995270371437073
1391.308028425647 0.9995752573013306
1391.3288619750874 0.9997929334640503
1391.3496955239073 0.9998328685760498
1391.3705290721282 0.9999700784683228
1391.3913626197418 1.0001055002212524
1391.4121961667495 1.0002009868621826
1391.4330297131528 1.0003892183303833
1391.4538632589529 1.0006037950515747
1391.474696804142 1.0006922483444214
1391.4955303487404 1.0008069276809692
1391.5163638927409 1.0010265111923218
1391.537197436144 1.0011056661605835
1391.5580309789525 1.001111388206482
1391.578864521167 1.001113772392273
1391.5996980627888 1.0010586977005005
1391.6205316038102 1.0009300708770752
1391.641365144253 1.0008735656738281
1391.6621986841085 1.0004907846450806
1391.6830322233782 1.000458002090454
1391.703865762064 1.0003670454025269
1391.724699300168 1.0002232789993286
1391.745532837691 0.9999627470970154
1391.7663663746255 0.9998371601104736
1391.787199910993 0.999734103679657
1391.8080334467852 0.9997044205665588
1391.8288669820042 0.9997134804725647
1391.8497005166519 0.9996404647827148
1391.8705340507295 0.9997682571411133
1391.8913675842396 0.9998276233673096
1391.912201117174 0.9998926520347595
1391.9330346495537 1.0001938343048096
1391.9538681813724 1.0003286600112915
1391.9747017126306 1.0005779266357422
1391.9955352433308 1.0006909370422363
1392.0163687734753 1.0008699893951416
1392.0372023030657 1.0009372234344482
1392.058035832094 1.0011430978775024
1392.0788693605828 1.0009807348251343
1392.099702888524 1.0010173320770264
1392.1205364159198 1.0009685754776
1392.1413699427726 1.000914216041565
1392.1622034690845 1.0009539127349854
1392.183036994857 1.000739336013794
1392.2038705200837 1.0004384517669678
1392.224704044786 1.000291109085083
1392.2455375689565 1.0001506805419922
1392.2663710925976 0.9997217059135437
1392.287204615712 0.9997401833534241
1392.3080381383015 0.9997634291648865
1392.3288716603593 0.9996393322944641
1392.3497051819174 0.9999222159385681
1392.3705387029386 0.9997493624687195
1392.3913722234556 0.9997014403343201
1392.4122057434604 0.9997869729995728
1392.4330392629568 0.9998856782913208
1392.4538727819463 0.9998889565467834
1392.4747063004327 0.9999558925628662
1392.495539818408 1.000030279159546
1392.5163733358954 1.0000739097595215
1392.5372068528877 1.0001444816589355
1392.558040369388 1.0002371072769165
1392.578873885399 1.00018310546875
1392.599707400924 1.0002063512802124
1392.6205409159654 1.0001578330993652
1392.6413744305275 1.0001050233840942
1392.6622079446026 1.000169277191162
1392.6830414582137 1.000074028968811
1392.7038749713547 0.9999969601631165
1392.7247084840285 0.999915361404419
1392.7455419962387 0.9503034353256226
1392.7872090192816 0.9999329447746277
1392.8080425301216 1.0000452995300293
1392.8288760405017 1.0001394748687744
1392.8497095504454 1.0002076625823975
1392.8705430599473 1.0001673698425293
1392.8913765690104 1.0003323554992676
1392.9122100776387 1.0003844499588013
1392.9330435858362 1.0004523992538452
1392.9538770935967 1.0006115436553955
1392.9747106009445 1.0005260705947876
1392.9955441078732 1.000552773475647
1393.0163776143877 1.0004103183746338
1393.0372111204922 1.0003219842910767
1393.0580446261897 1.000167727470398
1393.0788781314864 1.0000971555709839
1393.099711636385 1.0000474452972412
1393.120545140892 0.9998992085456848
1393.1413786450435 0.9998704195022583
1393.1622121488172 0.9997405409812927
1393.1830456521736 0.9997212886810303
1393.2038791551568 0.999768853187561
1393.224712657771 0.999771773815155
1393.2455461600218 0.9997825622558594
1393.2663796619042 0.9999672174453735
1393.2872131634433 1.0000948905944824
1393.308046664635 1.000257968902588
1393.3288801654837 1.0003395080566406
1393.349713665996 1.0005929470062256
1393.3705471661767 1.000700831413269
1393.3913806660323 1.000982403755188
1393.412214165568 1.001074194908142
1393.4330476647804 1.0011886358261108
1393.453881163695 1.001246452331543
1393.4747146623088 1.001444935798645
1393.4955481606269 1.0014276504516602
1393.5163816586573 1.0014265775680542
1393.537215156405 1.001354694366455
1393.5580486538781 1.00114107131958
1393.5788821510828 1.001079797744751
1393.5997156480157 1.0007953643798828
1393.6205491447045 1.0005983114242554
1393.641382641146 1.0004304647445679
1393.6622161373482 1.0002115964889526
1393.683049633318 0.9999917149543762
1393.7038831290636 0.999934196472168
1393.7247166245927 0.9998603463172913
1393.7455501199129 0.9997658729553223
1393.766383615023 0.9997000694274902
1393.787217109951 0.999811589717865
1393.8080506046954 0.9999411106109619
1393.828884099265 1.0000499486923218
1393.8497175936686 1.0001845359802246
1393.8705510879151 1.0002204179763794
1393.891384582014 1.0003604888916016
1393.9122180759746 1.0005840063095093
1393.933051569797 1.0006194114685059
1393.95388506351 1.0008662939071655
1393.9747185571143 1.0008175373077393
1393.99555205062 1.0008411407470703
1394.0163855440373 1.001015543937683
1394.0372190373776 1.001055121421814
1394.058052530651 1.000835657119751
1394.0788860238688 1.0008028745651245
1394.0997195170426 1.000702977180481
1394.1205530101738 1.0004284381866455
1394.1413865032944 1.0003912448883057
1394.1622199964063 1.0003182888031006
1394.1830534895219 1.0002139806747437
1394.2038869826533 1.000189185142517
1394.2247204758144 1.000003695487976
1394.2455539690172 0.9998831748962402
1394.2663874622758 1.0000029802322388
1394.2872209556037 1.0001113414764404
1394.308054449005 0.9999276995658875
1394.3288879425131 0.9999553561210632
1394.3497214361341 1.0000205039978027
1394.3705549298809 0.9999420642852783
1394.3913884237704 1.0000005960464478
1394.4122219178169 1.0000624656677246
1394.4330554120363 1.000037431716919
1394.453888906445 1.000054955482483
1394.4747224010487 1.000076413154602
1394.4955558958848 1.0000872611999512
1394.5163893909596 0.9999613165855408
1394.5372228862911 0.9998216032981873
1394.5580563818967 1.0000144243240356
1394.5788898777935 0.9998595714569092
1394.5997233740009 1.0000439882278442
1394.6205568705363 1.000076174736023
1394.6413903674202 1.000057578086853
1394.6622238646603 1.0000718832015991
1394.6830573622967 1.0003113746643066
1394.7038908603388 1.0004082918167114
1394.7247243588074 0.9999576807022095
1394.7455578577221 1.0003944635391235
1394.7663913571043 1.000549554824829
1394.7872248569743 1.0007007122039795
1394.8080583573537 1.000853419303894
1394.828891858263 1.0008213520050049
1394.8497253597252 1.0009852647781372
1394.8705588617509 1.0009931325912476
1394.8913923643825 1.0009982585906982
1394.912225867632 1.000779628753662
1394.9330593715215 1.0007977485656738
1394.9538928760737 1.0007894039154053
1394.9747263813103 1.0006227493286133
1394.9955598872543 1.0004831552505493
1395.0163933939273 1.000164270401001
1395.0372269013421 1.0000762939453125
1395.0580604095396 1.0000157356262207
1395.0788939185331 0.999774158000946
1395.0997274283432 0.9995756149291992
1395.1205609389906 0.9996426701545715
1395.141394450497 0.9998250603675842
1395.1622279628818 1.0000038146972656
1395.1830614761652 1.000146508216858
1395.2038949903658 1.0003174543380737
1395.2247285054918 1.0006548166275024
1395.2455620215803 0.9442155361175537
1395.2872290566777 1.0010567903518677
1395.308062575715 1.0011487007141113
1395.3288960957625 1.00144362449646
1395.3497296168296 1.0015836954116821
1395.3705631389262 1.0017796754837036
1395.3913966620587 1.0017122030258179
1395.4122301862326 1.0017337799072266
1395.4330637114404 1.0016779899597168
1395.599731950254 1.0000697374343872
1395.6205654845517 1.000025749206543
1395.641399019755 0.9998224377632141
1395.6622325559154 0.9998629093170166
1395.6830660929184 0.9999067783355713
1395.7038996306742 0.9998931288719177
1395.724733169195 0.9998195171356201
1395.7455667084334 0.9999608993530273
1395.7664002483373 1.0000869035720825
1395.787233788852 1.0002403259277344
1395.8080673299175 1.000374436378479
1395.828900871472 1.000571846961975
1395.8497344134378 1.0007555484771729
1395.8705679557659 1.0007898807525635
1395.8914014983727 1.000829815864563
1395.912235041183 1.0009160041809082
1395.933068584118 1.0010496377944946
1395.9539021270969 1.0010380744934082
1395.974735670037 1.0008879899978638
1395.9955692128544 1.000920057296753
1396.016402755462 1.0007355213165283
1396.0372362977746 1.0005708932876587
1396.058069839694 1.0005896091461182
1396.0789033811536 1.0004549026489258
1396.099736922056 1.0003012418746948
1396.1205704623146 1.000077724456787
1396.1414040018437 1.0000728368759155
1396.1622375405595 0.9999058842658997
1396.1830710783786 0.9997347593307495
1396.2039046152208 0.9997697472572327
1396.2247381510072 0.999621570110321
1396.2455716856618 0.9998427629470825
1396.2664052191108 0.9996984601020813
1396.2872387512743 0.999757707118988
1396.3080722821044 0.9996874332427979
1396.3289058115263 0.9997326731681824
1396.3497393394794 0.9998334050178528
1396.3705728659056 0.9998581409454346
1396.391406390751 0.9998192191123962
1396.4122399139642 0.9998233914375305
1396.4330734354983 0.9998981952667236
1396.4539069553086 0.9997605681419373
1396.5164075040095 0.9995962381362915
1396.5372410165428 0.9995919466018677
1396.5580745271914 0.9995302557945251
1396.662242051246 1.0002657175064087
1396.6830755501014 1.0003948211669922
1396.7039090469334 1.000395655632019
1396.7247425417647 1.000550389289856
1396.7455760345595 1.0005477666854858
1396.766409525314 1.0005319118499756
1396.7872430140458 1.0004267692565918
1396.8080765007446 1.000436544418335
1396.8289099854112 1.0003392696380615
1396.849743468048 1.0004386901855469
1396.8705769486587 1.000239372253418
1396.8914104272476 1.0000667572021484
1396.9122439038206 0.9999607801437378
1396.9330773783845 0.9999017119407654
1396.953910850947 0.9997217655181885
1396.9747443215067 0.9995832443237305
1396.995577790092 0.9993815422058105
1397.0164112567033 0.9992501735687256
1397.037244721351 0.9993827939033508
1397.058078184046 0.9993104338645935
1397.078911644799 0.9994452595710754
1397.0997451036228 0.9995442628860474
1397.1205785605284 0.9995907545089722
1397.1414120155293 0.9997414946556091
1397.1622454686376 0.9999643564224243
1397.1830789198664 1.0001335144042969
1397.2039123692286 1.0004441738128662
1397.2247458167283 1.0005789995193481
1397.2455792623973 1.0007903575897217
1397.2664127062408 1.000972867012024
1397.2872461482712 1.0008859634399414
1397.308079588502 1.0012505054473877
1397.3289130269477 1.0011446475982666
1397.349746463621 1.0011383295059204
1397.3705798985359 1.0010874271392822
1397.3914133317057 1.0010110139846802
1397.4122467631444 1.0007187128067017
1397.4330801928645 1.000697135925293
1397.45391362088 1.0004688501358032
1397.4747470471943 1.0001592636108398
1397.4955804718393 1.000086784362793
1397.5164138948196 0.999937117099762
1397.537247316147 0.9997047781944275
1397.5580807358344 0.999636709690094
1397.5789141538946 0.999537467956543
1397.5997475703402 0.9994174838066101
1397.6205809851833 0.9994296431541443
1397.6414143984364 0.9995665550231934
1397.6622478101112 0.9996469020843506
1397.6830812202195 0.9996280670166016
1397.7039146287736 0.9997187256813049
1397.7247480357846 0.9999138712882996
1397.7455814412538 0.9999935030937195
1397.7664148452134 1.0002520084381104
1397.7872482476635 1.0003656148910522
1397.808081648615 1.0005607604980469
1397.8289150480794 1.0006905794143677
1397.849748446067 1.0008586645126343
1397.8705818425879 1.0009803771972656
1397.8914152376528 1.0008776187896729
1397.9122486312717 1.0008268356323242
1397.9330820234547 1.000805377960205
1397.9539154142115 1.0007086992263794
1397.9747488035518 1.0006238222122192
1397.9955821914857 1.00041663646698
1398.0164155780212 1.0002803802490234
1398.037248963159 1.0001914501190186
1398.0580823469368 0.999954342842102
1398.078915729325 1.0000131130218506
1398.099749110361 0.9998997449874878
1398.1205824900444 0.9997944831848145
1398.141415868383 0.9996435642242432
1398.1622492453857 0.9995033740997314
1398.1830826210605 0.9995468854904175
1398.2039159954156 0.9994709491729736
1398.2247493684588 0.9995901584625244
1398.245582740198 0.9996002316474915
1398.2664161106406 0.9997385740280151
1398.287249479795 0.9997600317001343
1398.3080828476575 0.9998096823692322
1398.328916214256 0.9999032616615295
1398.349749579598 0.999985933303833
1398.37058294366 1.000022053718567
1398.3914163064796 1.0000245571136475
1398.4122496680532 0.9999715685844421
1398.4330830283875 0.9999451041221619
1398.4539163874895 0.9999179840087891
1398.474749745365 1.0000128746032715
1398.4955831020216 1.000247597694397
1398.5164164574642 1.0001426935195923
1398.5372498117006 1.0
1398.558083164735 1.0000824928283691
1398.5789165165754 1.0001881122589111
1398.5997498672266 0.9999934434890747
1398.6205832166943 1.0001055002212524
1398.6414165649849 1.0001107454299927
1398.6622499120933 1.0000464916229248
1398.6830832580456 0.999986469745636
1398.703916602837 0.9549845457077026
1398.745583288959 1.00005042552948
1398.7664166302998 1.0002601146697998
1398.787249970501 0.9999591708183289
1398.808083309567 0.9999388456344604
1398.8289166475038 0.9998379349708557
1398.8497499843154 0.9998550415039062
1398.870583320007 0.9997856020927429
1398.891416654583 0.9996947050094604
1398.9122499880484 0.9996194243431091
1398.9330833204078 0.999548077583313
1398.9539166516654 0.9996479749679565
1398.9747499818159 0.9995968341827393
1398.995583310884 0.999518632888794
1399.0164166388636 0.9995613694190979
1399.037249965759 0.9996535778045654
1399.0580832915743 0.9997146129608154
1399.0789166163145 0.999727189540863
1399.0997499399823 0.9998388290405273
1399.1205832625826 1.0000725984573364
1399.141416584119 1.0002518892288208
1399.162249904596 1.0003303289413452
1399.1830832240166 1.0004655122756958
1399.203916542385 1.0006003379821777
1399.224749859705 1.0007083415985107
1399.2455831759803 1.0006961822509766
1399.2664164912146 1.0006707906723022
1399.287249805411 1.0006275177001953
1399.3080831185737 1.00070059299469
1399.328916430705 1.0007723569869995
1399.3497497418 1.0006895065307617
1399.3705830518809 1.000523567199707
1399.3914163609413 1.0004472732543945
1399.4122496689845 1.000273585319519
1399.433082976014 1.0001105070114136
1399.4539162820329 1.0000591278076172
1399.4747495870438 0.999809205532074
1399.4955828910504 0.9997912049293518
1399.5164161940556 0.9997335076332092
1399.5372494960627 0.9996345639228821
1399.5580827970746 0.9995602369308472
1399.5789160970933 0.9995807409286499
1399.5997493961233 0.9997147917747498
1399.620582694166 0.9998334050178528
1399.6414159912256 0.9998968839645386
1399.6622492873037 1.0000784397125244
1399.6830825823936 1.0001704692840576
1399.703915876518 1.000401496887207
1399.7247491696796 1.0006592273712158
1399.7455824618512 1.0008342266082764
1399.766415753065 1.0009254217147827
1399.787249043314 1.001018762588501
1399.808082332601 1.0011792182922363
1399.8289156209273 1.0011537075042725
1399.849748908297 1.001147747039795
1399.8705821947115 1.0011342763900757
1399.8914154801735 1.001015067100525
1399.9122487646855 1.0009183883666992
1399.9330820482498 1.0007894039154053
1399.9539153308688 1.0005569458007812
1399.9747486125445 1.000291109085083
1399.9955818932797 1.000172734260559
1400.0164151730764 1.000076174736023
1400.0372484519366 0.9999268651008606
1400.058081729863 0.999843955039978
1400.0789150068576 0.9996738433837891
1400.0997482829127 0.999596893787384
1400.12058155806 0.9996813535690308
1400.1414148322617 0.9998741745948792
1400.1622481055504 0.9998323321342468
1400.1830813779172 0.9999483823776245
1400.2039146493653 1.0000990629196167
1400.224747919896 1.0000975131988525
1400.2455811895113 1.0000773668289185
1400.2664144582134 1.0002812147140503
1400.2872477260041 1.0003288984298706
1400.3080809928856 1.0004926919937134
1400.3289142588592 1.000404953956604
1400.3497475239276 1.0006086826324463
1400.370580788092 1.00063955783844
1400.3914140513546 1.0005217790603638
1400.4122473137168 1.0004467964172363
1400.433080575181 1.0004230737686157
1400.4539138357486 1.000365138053894
1400.474747095422 1.000367283821106
1400.4955803542016 1.0002766847610474
1400.5164136120904 0.9999898672103882
1400.5372468690896 1.0000650882720947
1400.558080125191 1.0000317096710205
1400.5789133804262 1.0000303983688354
1400.599746634757 1.0000520944595337
1400.6205798882147 0.9999901056289673
1400.6414131407912 0.9999909996986389
1400.6622463924882 0.9998210072517395
1400.683079643307 0.9998462796211243
1400.7039128932497 0.9501400589942932
1400.7455793905117 1.0000982284545898
1400.7664126378345 1.0000332593917847
1400.7872458842864 1.0000653266906738
1400.8080791298703 0.9999975562095642
1400.8289123745867 1.0000063180923462
1400.849745618437 0.9998558759689331
1400.8705788614232 0.9999477863311768
1400.8914121035464 0.9999134540557861
1400.9122453448083 0.9998642802238464
1400.93307858521 0.9997611045837402
1400.9539118247533 0.9997048377990723
1400.9747450634393 0.9997503161430359
1400.9955783012697 0.9997100234031677
1401.0164115382358 0.9997563362121582
1401.0372447743684 0.9999022483825684
1401.0580780096393 1.0000282526016235
1401.07891124405 1.0001375675201416
1401.0997444779232 1.000228762626648
1401.1205777109 1.000372290611267
1401.141410942781 1.0003706216812134
1401.162244173827 1.00059974193573
1401.1830774040088 1.0007206201553345
1401.2039106333584 1.0008095502853394
1401.2247438618663 1.0009576082229614
1401.2455770895344 1.0008686780929565
1401.2664103163634 1.0006910562515259
1401.2872435423553 1.000692367553711
1401.3080767675103 1.0007158517837524
1401.3289099918306 1.0005146265029907
1401.3497432153165 1.0004186630249023
1401.3705764379702 1.000353455543518
1401.391409659792 1.0002317428588867
1401.4122428807834 1.000105381011963
1401.4330761009458 0.9998485445976257
1401.4539093202802 0.9997966289520264
1401.4747425387873 0.9997324347496033
1401.495575756469 0.9995548129081726
1401.5164089733257 0.9996607303619385
1401.5372421893592 0.9998237490653992
1401.55807540457 0.999768078327179
1401.5789086189598 0.9999868869781494
1401.5997418325296 1.0002211332321167
1401.6205750452798 1.0004189014434814
1401.6414082572126 1.000656008720398
1401.6622414683277 1.0008819103240967
1401.683074678628 1.0011557340621948
1401.7039078881028 1.0011860132217407
1401.724741096784 1.001271367073059
1401.7455743046326 1.001424789428711
1401.7664075116795 1.0015891790390015
1401.787240717916 1.001481056213379
1401.808073923343 1.001336693763733
1401.8289071279612 1.0011948347091675
1401.8497403317724 1.0010969638824463
1401.8705735347767 1.0008682012557983
1401.8914067369758 1.000664234161377
1401.9122399383702 1.0005050897598267
1401.9330731389616 1.0003541707992554
1401.95390633875 1.0002392530441284
1401.9747395377372 0.9999971985816956
1401.9955727359236 0.9998062252998352
1402.0164059333108 0.9999142289161682
1402.0372391298993 0.999840497970581
1402.05807232569 0.9998408555984497
1402.0789055206842 0.9997836947441101
1402.099738714883 0.9999012351036072
1402.1205719082868 0.9999898672103882
1402.141405100897 1.0001651048660278
1402.1622382927144 1.0003204345703125
1402.1830714837392 1.000452995300293
1402.203904673974 1.0007445812225342
1402.2247378634179 1.0007259845733643
1402.2455710520733 1.000840187072754
1402.2664042399404 1.0008724927902222
1402.2872374270198 1.000836730003357
1402.3080706133132 1.0008431673049927
1402.3289037988209 1.0007342100143433
1402.349736983544 1.0006898641586304
1402.3705701674835 1.0007201433181763
1402.3914033506403 1.00040864944458
1402.4122365330154 1.000225305557251
1402.433069714609 1.0000859498977661
1402.453902895423 1.0000720024108887
1402.4747360754577 1.0000150203704834
1402.4955692547135 0.9998225569725037
1402.5164024331823 0.9998974204063416
1402.5372356108942 0.9997292160987854
1402.558068787821 0.9997029900550842
1402.5789019639722 0.9997522234916687
1402.5997351393498 0.9997914433479309
1402.620568313944 0.9998575448989868
1402.641401487786 0.9998733401298523
1402.6622346608365 1.0
1402.6830678331266 0.9999290704727173
1402.703901004647 0.940622091293335
1402.7455673453817 1.0001866817474365
1402.7664005145982 1.0001682043075562
1402.787233683048 1.0000861883163452
1402.8080668507325 1.0000052452087402
1402.8289000176524 0.9999245405197144
1402.8497331838082 0.9998433589935303
1402.870566349201 0.9998123645782471
1402.8913995138319 0.9997332096099854
1402.9122326777012 0.9997718930244446
1402.9330658408103 0.9998601675033569
1402.9538990031594 0.9999083280563354
1402.97473216475 0.999852180480957
1402.9955653255824 0.9998936057090759
1403.0163984856576 0.9999880194664001
1403.0372316449768 1.000137448310852
1403.05806480354 1.000167727470398
1403.078897961349 1.0001765489578247
1403.0997311184033 1.0003962516784668
1403.1205642747054 1.0004675388336182
1403.141397430255 1.000603199005127
1403.1622305850528 1.0005654096603394
1403.1830637391001 1.0006721019744873
1403.2038968923978 1.0005749464035034
1403.2247300449465 1.0005275011062622
1403.2455631967466 1.0005358457565308
1403.2663963477999 1.0003801584243774
1403.2872294981064 1.0000348091125488
1403.3080626476674 0.9999630451202393
1403.3288957964833 0.9998553395271301
1403.3497289445554 0.9996569156646729
1403.3705620918838 0.9996071457862854
1403.3913952384703 0.9995121955871582
1403.4122283843144 0.9994248747825623
1403.4330615294186 0.9995115995407104
1403.453894673782 0.9995770454406738
1403.4747278174068 0.9996868968009949
1403.4955609602928 0.9998422861099243
1403.5163941024416 1.000012755393982
1403.5372272438533 1.0003581047058105
1403.5580603845294 1.0004509687423706
1403.5788935244702 1.0006747245788574
1403.599726663677 1.0007925033569336
1403.6205598021504 1.0009849071502686
1403.641392939891 1.0011857748031616
1403.6622260769 1.0013242959976196
1403.6830592131776 1.0014393329620361
1403.7038923487257 1.0013577938079834
1403.7247254835438 1.001344084739685
1403.745558617634 1.0012770891189575
1403.7663917509965 1.0010660886764526
1403.787224883632 1.0010011196136475
1403.8080580155417 1.0006680488586426
1403.828891146726 1.0004740953445435
1403.8497242771862 1.0003125667572021
1403.8705574069231 1.0001062154769897
1403.891390535937 0.9999691843986511
1403.9122236642295 0.9996400475502014
1403.933056791801 0.9996628165245056
1403.9538899186525 0.9995936751365662
1403.9747230447847 0.9996723532676697
1403.9955561701986 0.9997264742851257
1404.016389294895 0.99976646900177
1404.0372224188748 0.9998962879180908
1404.0580555421386 1.0001922845840454
1404.078888664688 1.0003039836883545
1404.099721786523 1.0005109310150146
1404.120554907645 1.0006160736083984
1404.1413880280547 1.000821590423584
1404.1622211477534 1.000874638557434
1404.183054266741 1.000939130783081
1404.2038873850192 1.0010559558868408
1404.2247205025885 1.0010311603546143
1404.2455536194502 1.0008065700531006
1404.2663867356048 1.0008151531219482
1404.2872198510536 1.0007389783859253
1404.308052965797 1.0005614757537842
1404.3288860798364 1.0003443956375122
1404.3497191931722 1.0002557039260864
1404.3705523058059 0.999981701374054
1404.3913854177383 0.9999301433563232
1404.4122185289696 0.9996758699417114
1404.4330516395019 0.9996035695075989
1404.453884749335 0.9995316863059998
1404.4747178584707 0.9994932413101196
1404.4955509669098 0.9996708035469055
1404.5163840746527 0.9995190501213074
1404.537217181701 0.9995371699333191
1404.558050288055 0.9997254014015198
1404.5788833937165 0.9998767375946045
1404.5997164986857 0.9997242093086243
1404.620549602964 0.9996626377105713
1404.6413827065526 0.9999591708183289
1404.6622158094517 0.9998493790626526
1404.6830489116633 0.9998551607131958
1404.703882013188 0.9454018473625183
1404.7455482141797 1.0002331733703613
1404.766381313649 1.000011682510376
1404.7872144124358 0.9999916553497314
1404.8080475105403 0.9999483823776245
1404.8288806079643 0.9998740553855896
1404.8497137047082 0.9998286962509155
1404.8705468007736 0.999759316444397
1404.8913798961612 0.9999350309371948
1404.9122129908724 0.9999486207962036
1404.933046084908 0.9999639987945557
1404.9538791782693 1.000105619430542
1404.9747122709573 1.0001412630081177
1404.9955453629727 1.0001999139785767
1405.0163784543179 1.0002251863479614
1405.0372115449923 1.0004409551620483
1405.0580446349984 1.0005203485488892
1405.0788777243363 1.0005459785461426
1405.0997108130084 1.0004966259002686
1405.1205439010148 1.000504732131958
1405.1413769883568 1.000251054763794
1405.162210075036 1.0002169609069824
1405.1830431610535 1.0001524686813354
1405.2038762464103 0.9999758005142212
1405.2247093311078 0.999972939491272
1405.2455424151467 0.999750554561615
1405.2663754985292 0.999621570110321
1405.2872085812558 0.9996217489242554
1405.308041663328 0.9995622634887695
1405.3288747447473 0.9994895458221436
1405.349707825514 0.9995194673538208
1405.370540905631 0.9995409846305847
1405.391373985098 0.9995247721672058
1405.4122070639175 0.9996572136878967
1405.4330401420902 0.9998278617858887
1405.4538732196177 1.0000004768371582
1405.4747062965012 1.0003595352172852
1405.495539372752 1.000635027885437
1405.5163724483418 1.0007864236831665
1405.5372055233017 1.0007888078689575
1405.5580385976234 1.0010331869125366
1405.5788716713182 1.0010950565338135
1405.5997047443573 1.0012954473495483
1405.6205378167724 1.001198649406433
1405.6413708885555 1.0011385679244995
1405.6622039597069 1.0010874271392822
1405.6830370302387 1.000978946685791
1405.703870100133 1.0006940364837646
1405.7247031693998 1.0005757808685303
1405.7455362380426 1.0002914667129517
1405.7663693060617 1.0000663995742798
1405.7872023734592 0.999789834022522
1405.8080354402364 0.9997398257255554
1405.828868506395 0.999608039855957
1405.8497015719365 0.9995829463005066
1405.870534636863 0.9994398951530457
1405.8913677011758 0.9994803667068481
1405.912200764877 0.999765932559967
1405.9330338279678 0.9997527599334717
1405.9538668904504 1.0000125169754028
1405.9746999523263 0.9999921321868896
1405.9955330135977 1.0002217292785645
1406.016366074266 1.0003457069396973
1406.0371991343327 1.0005896091461182
1406.0580321938007 1.0006821155548096
1406.0788652526705 1.0008543729782104
1406.0996983109455 1.0010170936584473
1406.1205313686266 1.0008612871170044
1406.1413644257161 1.0009225606918335
1406.162197482216 1.0009952783584595
1406.183030538128 1.0011084079742432
1406.2038635934546 1.000942349433899
1406.2246966481973 0.9987251162528992
1406.287195808946 0.9997666478157043
1406.308028861376 0.9996857047080994
1406.328861913233 0.9994655847549438
1406.3496949645196 0.9991378784179688
1406.3705280152374 0.9991094470024109
1406.3913610653897 0.9990219473838806
1406.4121941149779 0.9989603161811829
1406.4330271640054 0.9989386796951294
1406.453860212473 0.9987654089927673
1406.4746932603848 0.9988726377487183
1406.4955263077422 0.9989984035491943
1406.5163593545485 0.9990224242210388
1406.5371924008155 0.9990533590316772
1406.558025446516 0.9994565844535828
1406.578858491683 0.9991752505302429
1406.5996915363187 0.9994399547576904
1406.6205245803958 0.9993369579315186
1406.6413576239574 0.9993034601211548
1406.6621906669764 0.9992656707763672
1406.6830237094648 0.9994416832923889
1406.7038567514262 0.9993031024932861
1406.7246897928633 0.9993059039115906
1406.745522833779 0.9993029832839966
1406.7663558741763 0.999187707901001
1406.7871889140586 0.9988773465156555
1406.808021953429 0.9991521835327148
1406.8288549922897 0.9990362524986267
1406.8496880306452 0.9992228746414185
1406.8705210684975 0.9990357160568237
1406.8913541058514 0.9991569519042969
1406.912187142709 0.9989877939224243
1406.9330201790744 0.9992073774337769
1406.9538532149509 0.9989857077598572
1406.9746862503416 0.9991356134414673
1406.995519285251 0.9990569353103638
1407.016352319682 0.9993307590484619
1407.0371853536387 0.9989079833030701
1407.0580183871248 0.9993112087249756
1407.0788514201445 0.9989855885505676
1407.099684452701 0.9990777373313904
1407.1205174847994 0.9989665746688843
1407.1413505164426 0.9986007809638977
1407.1621835476353 0.998920202255249
1407.1830165783815 0.9983293414115906
1407.203849608696 0.9986820816993713
1407.2246826385528 0.9985567331314087
1407.2455156679866 0.9984310269355774
1407.2663486970014 0.9985833764076233
1407.2871817255825 0.9985780715942383
1407.3080147537694 0.9986091256141663
1407.3288477815395 0.9985289573669434
1407.3496808088776 0.998929500579834
1407.370513835811 0.9990222454071045
1407.391346862345 0.9989892244338989
1407.4121798884844 0.9991251826286316
1407.433012914235 0.9992908239364624
1407.4538459396017 0.9995231032371521
1407.4746789645906 0.9996960759162903
1407.4955119892072 0.9999863505363464
1407.516345013456 0.9998802542686462
1407.5371780373446 0.9996078014373779
1407.5580110608776 0.9993003010749817
1407.578844084062 0.9994105100631714
1407.5996771069035 0.9994056224822998
1407.620510129408 0.9995187520980835
1407.641343151583 0.9992419481277466
1407.6621761734343 0.99924635887146
1407.683009194969 0.998863697052002
1407.7038422161934 0.9985693693161011
1407.7246752371252 0.9987301826477051
1407.7455082577512 0.9985476136207581
1407.7663412780885 0.9983999729156494
1407.7871742981451 0.9980865120887756
1407.808007317928 0.9983544945716858
1407.8288403374459 0.9982832074165344
1407.8496733567056 0.9985044002532959
1407.870506375716 0.9984961152076721
1407.8913393944852 0.9989079833030701
1407.9121724130216 0.9992032647132874
1407.9330054313339 0.9989229440689087
1407.9538384494313 0.9990481734275818
1407.9746714673222 0.9991938471794128
1407.9955044850165 0.9997785091400146
1408.0163375025231 1.000000238418579
1408.0371705198525 1.0000417232513428
1408.0580035370137 1.0000840425491333
1408.0788365540175 1.0000439882278442
1408.0996695708739 0.9999179244041443
1408.1205025875936 1.0002784729003906
1408.1413356041878 0.999877393245697
1408.162168620667 0.999935507774353
1408.183001637043 0.999430239200592
1408.2038346533373 0.9997336864471436
1408.2246676695318 0.9991703033447266
1408.2455006856787 0.9990590214729309
1408.2663337017602 0.9988036155700684
1408.2871667177997 0.9986137747764587
1408.3079997338095 0.9983919858932495
1408.3288327498035 0.9984573125839233
1408.3496657657956 0.9986270070075989
1408.3704987817987 0.9987742900848389
1408.3913317978283 0.9986299872398376
1408.4121648138982 0.9988355040550232
1408.4329978300245 0.9989628195762634
1408.4538308462215 0.9992768168449402
1408.4746638625056 0.9989120364189148
1408.4954968788927 0.9991621375083923
1408.5163298953992 0.9992614388465881
1408.5371629120423 0.9994067549705505
1408.5579959288389 0.9994202256202698
1408.5788289458071 0.9993960857391357
1408.5996619629645 0.9993427395820618
1408.6204949803302 0.9995821714401245
1408.641327997933 0.9996132254600525
1408.662161015772 0.9995807409286499
1408.6829940338773 0.9995929002761841
1408.703827052269 0.9993005990982056
1408.7246600709682 0.9995884895324707
1408.745493089995 0.9993448853492737
1408.7663261093728 0.999515950679779
1408.787159129122 0.9994842410087585
1408.8079921492665 0.999640941619873
1408.8288251698284 0.9995661377906799
1408.8496581908319 0.9996080994606018
1408.8704912123003 0.9993942975997925
1408.8913242342585 0.999904990196228
1408.9121572567312 0.9999011754989624
1408.932990279744 0.9998998641967773
1408.9538233033222 0.9999927282333374
1408.9746563274928 1.0000245571136475
1408.9954893522815 0.9998381733894348
1409.016322377716 1.000022530555725
1409.0371554038334 1.0001373291015625
1409.0579884306412 0.9996950030326843
1409.078821458178 0.9996783137321472
1409.099654486472 0.9998927116394043
1409.1204875155508 0.9998711943626404
1409.1413205454446 0.9995570778846741
1409.162153576181 0.9995232820510864
1409.1829866077906 0.9995809197425842
1409.2038196403005 0.999505341053009
1409.2246526737408 0.9994659423828125
1409.2454857081402 0.9994933009147644
1409.2663187435269 0.9995588660240173
1409.2871517799294 0.9995203018188477
1409.3079848173757 0.9999871850013733
1409.3288178558926 1.000281572341919
1409.3496508955068 1.0002549886703491
1409.3704839362545 1.000507116317749