1354.1390816218484 0.9996862411499023
1354.1599149970089 0.9997221231460571
1354.1807483718792 0.999694287776947
1354.2015817464405 0.999729573726654
1354.2224151207022 0.999697744846344
1354.243248494675 0.9997014403343201
1354.2640818683385 0.9996135830879211
1354.2849152417127 0.9997384548187256
1354.3057486147773 0.9996843934059143
1354.3265819875523 0.9997342824935913
1354.3474153600168 0.9996556639671326
1354.368248732191 0.9995564222335815
1354.3890821040538 0.9997429847717285
1354.4099154756252 0.9997358322143555
1354.4307488468837 0.9997152090072632
1354.4515822178494 0.9996913075447083
1354.472415588501 0.9998178482055664
1354.4932489588482 0.9997281432151794
1354.5140823288998 0.9997358322143555
1354.5349156986356 0.9996979832649231
1354.555749068074 0.9996989369392395
1354.5765824371947 0.9997434020042419
1354.5974158060164 0.9998011589050293
1354.6182491745185 0.9997885823249817
1354.63908254272 0.9997930526733398
1354.6599159106004 0.9997954368591309
1354.680749278178 0.9997615218162537
1354.7015826454322 0.9997355937957764
1354.7224160123722 0.9998996257781982
1354.7432493790072 0.9998074769973755
1354.7640827453158 0.9998217821121216
1354.7849161113177 0.9998131990432739
1354.8057494770017 0.999758780002594
1354.8265828423569 0.9997860789299011
1354.8474162073921 0.9998767375946045
1354.868249572117 0.9998652935028076
1354.8890829365105 0.9998638033866882
1354.9099163005915 0.9997467994689941
1354.9307496643391 0.9998770952224731
1354.951583027773 0.9998859763145447
1354.9724163908716 0.9998923540115356
1354.9932497536547 0.9998201727867126
1355.014083116101 0.9998096227645874
1355.0349164782301 0.9998576641082764
1355.0557498400208 0.9998701214790344
1355.0765832014927 0.9999194741249084
1355.0974165626249 0.9998635053634644
1355.1182499234264 0.9997919797897339
1355.1390832839068 0.9999131560325623
1355.1599166440449 0.9998375177383423
1355.1807500038608 0.9998819231987
1355.2015833633327 0.9999334812164307
1355.2224167224808 0.9999151825904846
1355.2432500812836 0.9999068379402161
1355.2640834397612 0.9999189972877502
1355.2849167978923 0.999930202960968
1355.3057501556966 0.9997884035110474
1355.3265835131535 0.999906599521637
1355.3474168702821 0.9999497532844543
1355.368250227062 0.9998823404312134
1355.3890835835123 0.9998412132263184
1355.4099169396125 0.9998863339424133
1355.4307502953725 0.9998296499252319
1355.4515836508008 0.9999200701713562
1355.4724170058876 0.9998633861541748
1355.4932503606217 0.9999770522117615
1355.5140837150132 0.999995768070221
1355.5349170690708 0.9999432563781738
1355.555750422775 0.9999575018882751
1355.5765837761442 0.99998539686203
1355.5974171291584 0.9999371767044067
1355.6182504818373 1.0000758171081543
1355.6390838341601 0.9998782873153687
1355.659917186146 1.0000114440917969
1355.680750537775 0.999954104423523
1355.7015838890666 0.9998890161514282
1355.7224172400004 1.0000510215759277
1355.7432505905954 0.9999722242355347
1355.7640839408316 0.9998841285705566
1355.7849172907186 1.0000675916671753
1355.8057506402658 0.9999394416809082
1355.8265839894525 0.9999922513961792
1355.847417338299 0.9999829530715942
1355.868250686794 0.99998939037323
1355.8890840349281 0.99996417760849
1355.90991738271 0.9999626874923706
1355.9307507301498 0.9999535083770752
1355.951584077227 1.0000571012496948
1355.9724174239611 1.0000340938568115
1355.9932507703318 0.9999906420707703
1356.014084116359 1.000109076499939
1356.034917462022 1.0000245571136475
1356.05575080734 0.9999889135360718
1356.076584152294 1.0000218152999878
1356.0974174969024 0.9999913573265076
1356.1182508411453 1.0000170469284058
1356.1390841850425 1.0000300407409668
1356.1599175285735 1.0000417232513428
1356.1807508717582 0.9999306797981262
1356.2015842145756 0.9999407529830933
1356.2224175570464 0.9998455047607422
1356.2432508991494 0.9999978542327881
1356.2640842408953 1.0000274181365967
1356.2849175822923 1.0000267028808594
1356.3057509233317 1.0000516176223755
1356.3265842640021 1.0000274181365967
1356.347417604314 1.0000075101852417
1356.3682509442763 1.0000295639038086
1356.3890842838694 1.0000033378601074
1356.4099176231127 1.0000802278518677
1356.4307509619864 1.0001407861709595
1356.4515843005092 1.000008225440979
1356.4724176386621 0.9999557137489319
1356.4932509764637 0.9999698996543884
1356.5140843138947 1.0001046657562256
1356.5349176509742 1.0000379085540771
1356.5557509876828 0.9999769330024719
1356.5765843240388 1.0000183582305908
1356.5974176600232 1.0001131296157837
1356.6182509956557 1.0000059604644775
1356.6599176658224 1.0000065565109253
1356.6807510003566 1.000077486038208
1356.7015843345378 1.0000278949737549
1356.7224176683458 1.0000488758087158
1356.7432510018 1.0001236200332642
1356.7640843348804 0.9999794363975525
1356.7849176676068 1.0000135898590088
1356.8057509999592 0.9999790191650391
1356.826584331947 1.0000016689300537
1356.847417663581 1.0000454187393188
1356.8682509948492 1.0000649690628052
1356.8890843257432 0.9999825954437256
1356.9099176562715 1.000048041343689
1356.9307509864448 0.9998718500137329
1356.9515843162424 0.999996542930603
1356.9724176456843 0.99998939037323
1356.9932509747505 1.0000030994415283
1357.0140843034605 1.00004243850708
1357.034917631794 1.0000219345092773
1357.0557509597716 1.000028371810913
1357.076584287372 1.0000152587890625
1357.097417614616 0.9999693632125854
1357.118250941483 1.000022530555725
1357.139084267993 1.0001418590545654
1357.1599175941255 0.9999473094940186
1357.180750919901 1.0000215768814087
1357.2015842452984 0.9999802708625793
1357.2224175703382 1.0000624656677246
1357.243250895 0.9999886155128479
1357.264084219304 1.0000466108322144
1357.2849175432298 1.0000332593917847
1357.3057508667973 0.9999063611030579
1357.3265841899859 1.0000271797180176
1357.3474175128163 1.000036597251892
1357.3682508352676 0.9999626278877258
1357.38908415736 0.9999871253967285
1357.409917479073 1.000045657157898
1357.4307508004276 0.9999929070472717
1357.4515841214022 1.0000200271606445
1357.4724174420073 1.0000288486480713
1357.4932507622532 0.9999954700469971
1357.514084082129 1.0001027584075928
1357.534917401625 1.0001025199890137
1357.5557507207611 0.9999241828918457
1357.576584039517 1.0000238418579102
1357.5974173579127 0.9999659061431885
1357.6182506759276 1.0000691413879395
1357.6390839935823 1.000014305114746
1357.6599173108564 1.0000460147857666
1357.6807506277696 1.0000829696655273
1357.7015839443018 1.0000227689743042
1357.722417260463 1.0000371932983398
1357.7432505762633 1.0000863075256348
1357.7640838916925 1.0000838041305542
1357.78491720674 0.9999924898147583
1357.8057505214163 1.000033974647522
1357.8265838357306 1.0000444650650024
1357.8474171496637 0.9999828338623047
1357.8682504632347 1.000089168548584
1357.8890837764238 1.000058889389038
1357.909917089251 1.0000237226486206
1357.930750401706 1.0000224113464355
1357.951583713779 1.0001252889633179
1357.9724170254894 1.0000654458999634
1357.9932503368173 1.0000861883163452
1358.0140836477728 0.9998452663421631
1358.0349169583658 1.0000182390213013
1358.0557502685758 1.000067949295044
1358.0765835784232 0.9999873042106628
1358.0974168878877 1.0000323057174683
1358.118250196989 1.0000852346420288
1358.1390835057073 1.0000005960464478
1358.1599168140624 1.0000706911087036
1358.180750122034 1.0002086162567139
1358.2015834296424 0.9999929070472717
1358.2224167368672 0.9999989867210388
1358.2432500437287 1.0000121593475342
1358.2640833502062 1.000105381011963
1358.2849166563199 1.0001229047775269
1358.30574996205 1.000048041343689
1358.326583267416 0.9999734163284302
1358.347416572393 1.0000587701797485
1358.3682498769874 1.000096321105957
1358.3890831812212 1.0000299215316772
1358.4099164850907 1.0000096559524536
1358.4307497885754 1.000062346458435
1358.4515830916962 1.0000394582748413
1358.4724163944322 1.0000475645065308
1358.4932496968038 1.0000200271606445
1358.5140829987904 1.0000317096710205
1358.5349163004128 1.0001232624053955
1358.55574960165 1.000045895576477
1358.5765829025222 1.0000429153442383
1358.5974162030095 1.000098705291748
1358.618249503132 1.0001088380813599
1358.6390828028689 1.0000585317611694
1358.6599161022407 1.0001164674758911
1358.6807494012276 1.0000877380371094
1358.7015826998488 1.0000611543655396
1358.7224159980844 1.0001157522201538
1358.7432492959547 0.9999954700469971
1358.7640825934393 1.0000547170639038
1358.7849158905585 0.9999180436134338
1358.8057491872917 0.9999691247940063
1358.8265824836594 0.9999292492866516
1358.847415779641 0.9999918937683105
1358.8682490752567 1.0000792741775513
1358.8890823704864 0.9999945163726807
1358.9099156653504 1.0001100301742554
1358.9307489598277 1.0000782012939453
1358.9515822539393 1.0000685453414917
1358.9724155476645 1.0000476837158203
1358.9932488410234 1.0001106262207031
1359.0140821339955 1.0000901222229004
1359.0349154266016 1.0001424551010132
1359.055748718821 1.0000797510147095
1359.076582010674 1.0001176595687866
1359.09741530214 1.000083088874817
1359.11824859324 1.0000722408294678
1359.1599151742982 1.0000578165054321
1359.1807484642575 1.0000983476638794
1359.2015817538497 1.0001150369644165
1359.2224150430548 1.0000911951065063
1359.243248331893 1.0001177787780762
1359.264081620344 1.0000741481781006
1359.284914908428 1.0000691413879395
1359.3057481961243 1.0000172853469849
1359.3265814834538 1.0000673532485962
1359.3474147704057 1.0
1359.3682480569703 1.000020980834961
1359.3890813431674 1.0000580549240112
1359.409914628977 1.0000165700912476
1359.430747914419 0.9999924302101135
1359.4515811994736 1.0001033544540405
1359.4724144841502 1.0000004768371582
1359.4932477684595 1.0000046491622925
1359.5140810523908 1.0001050233840942
1359.534914335934 1.000053882598877
1359.55574761911 1.000016212463379
1359.5765809018976 1.0000903606414795
1359.5974141843171 1.0000553131103516
1359.618247466349 0.999983549118042
1359.6390807480125 1.000043272972107
1359.6599140292878 1.0000407695770264
1359.6807473101953 1.0000643730163574
1359.7015805907145 1.000027060508728
1359.722413870865 1.0000747442245483
1359.7432471506277 1.0000492334365845
1359.764080430022 0.9999799728393555
1359.7849137090275 0.9999977350234985
1359.8057469876649 1.000080943107605
1359.8265802659134 0.9999830722808838
1359.847413543794 0.9999276995658875
1359.8682468212853 1.0
1359.8890800984082 1.0000382661819458
1359.9099133751424 1.0001076459884644
1359.930746651508 1.0000489950180054
1359.9515799274845 1.0000876188278198
1359.9724132030926 1.0000100135803223
1359.9932464783117 1.0000247955322266
1360.014079753162 1.0001065731048584
1360.034913027623 1.000053882598877
1360.055746301715 1.0000780820846558
1360.076579575418 1.0000313520431519
1360.0974128487521 1.0000791549682617
1360.118246121697 0.9999502301216125
1360.139079394273 1.0000364780426025
1360.1599126664694 1.0000784397125244
1360.1807459382767 1.0000351667404175
1360.2015792097045 1.0000258684158325
1360.222412480763 1.0000344514846802
1360.2432457514324 1.0000958442687988
1360.2640790217322 1.0000842809677124
1360.2849122916525 1.000062346458435
1360.3057455611836 1.0000760555267334
1360.3265788303447 1.0000007152557373
1360.3474120991166 1.000116229057312
1360.3682453675187 0.9998953938484192
1360.3890786355312 1.0000598430633545
1360.409911903174 1.0000747442245483
1360.4307451704274 1.0001338720321655
1360.4515784373104 0.9999399781227112
1360.472411703804 1.0000956058502197
1360.4932449699277 1.0000702142715454
1360.5140782356614 1.0000218152999878
1360.5349115010254 1.0000931024551392
1360.5557447659992 1.000049352645874
1360.5765780306028 0.99997878074646
1360.5974112948172 1.0000509023666382
1360.6182445586608 1.000030517578125
1360.6390778221146 1.0000195503234863
1360.659911085198 1.0000567436218262
1360.6807443478915 1.0001505613327026
1360.7015776102146 1.0001027584075928
1360.722410872148 1.0000698566436768
1360.7432441337105 1.0001167058944702
1360.7640773948829 1.0001027584075928
1360.7849106556848 1.0000261068344116
1360.8057439160964 1.000113844871521
1360.8265771761378 1.0001153945922852
1360.8474104357883 1.0000802278518677
1360.8682436950685 0.9999542832374573
1360.8890769539585 1.000036358833313
1360.9099102124776 1.0000923871994019
1360.9307434706163 1.000074028968811
1360.9515767283642 1.0000905990600586
1360.9724099857417 1.0000770092010498
1360.993243242728 1.0000625848770142
1361.0140764993441 0.9999873638153076
1361.0349097555695 0.9999996423721313
1361.0557430114238 1.0000598430633545
1361.0765762668873 1.0000320672988892
1361.0974095219801 1.0000097751617432
1361.118242776682 0.9999588131904602
1361.139076031013 1.000027060508728
1361.1599092849528 0.9979945421218872
1361.180742538522 0.9999566674232483
1361.2015757917 1.0000625848770142
1361.222409044507 1.0000675916671753
1361.2432422969227 1.0001004934310913
1361.2640755489676 1.0000909566879272
1361.2849088006312 1.0000077486038208
1361.3057420519037 1.0000636577606201
1361.326575302805 1.0001018047332764
1361.3474085533153 1.0000393390655518
1361.3682418034439 1.000008463859558
1361.3890750532016 1.000164270401001
1361.4099083025776 1.0000298023223877
1361.4307415515743 1.000093698501587
1361.4515748001984 1.000026822090149
1361.4724080484204 0.9999426603317261
1361.4932412962708 0.999948263168335
1361.5140745437302 0.9999975562095642
1361.5349077908177 1.000044345855713
1361.5557410375138 0.999958336353302
1361.576574283838 0.9999589920043945
1361.597407529771 1.0000213384628296
1361.6182407753324 1.0001368522644043
1361.6599072653 0.9999153017997742
1361.6807405097163 1.0000613927841187
1361.7015737537408 1.0000295639038086
1361.7224069973936 1.0000717639923096
1361.7432402406546 1.0000109672546387
1361.7640734835338 1.0000847578048706
1361.7849067260408 1.0000009536743164
1361.8057399681663 1.0000112056732178
1361.8265732098996 0.9999752640724182
1361.8474064512611 1.0000234842300415
1361.8682396922306 1.0000091791152954
1361.8890729328282 1.000062108039856
1361.9099061730337 0.999973475933075
1361.9307394128673 0.999984622001648
1361.9515726523084 1.0000156164169312
1361.9724058913778 1.0000346899032593
1361.9932391300547 1.0000412464141846
1362.0140723683596 1.0000914335250854
1362.0349056062823 0.9999808073043823
1362.0557388438126 1.0000572204589844
1362.076572080961 0.9999930262565613
1362.097405317737 0.9999998211860657
1362.1182385541306 1.0000571012496948
1362.1390717901315 0.9999499320983887
1362.1599050257605 1.0000386238098145
1362.180738260997 1.000026822090149
1362.2015714958607 1.0000075101852417
1362.2224047303323 0.9999931454658508
1362.2432379644313 1.0000449419021606
1362.2640711981376 1.0000386238098145
1362.2849044314717 0.9999809265136719
1362.3057376644128 1.000056505203247
1362.3265708969816 0.999991238117218
1362.3474041291574 1.0000368356704712
1362.368237360961 0.9999375343322754
1362.3890705923814 1.0000652074813843
1362.4099038234094 1.0000702142715454
1362.4307370540646 0.9999569654464722
1362.4515702843269 1.0000015497207642
1362.4724035142162 1.000024437904358
1362.493236743713 0.9999906420707703
1362.5140699728368 1.000058889389038
1362.5349032015677 1.0000114440917969
1362.5557364299254 0.9999837875366211
1362.5765696578906 1.0000485181808472
1362.5974028854823 0.9999381303787231
1362.6182361126912 1.0000375509262085
1362.639069339507 0.9999406933784485
1362.6599025659496 1.0000243186950684
1362.6807357919988 0.9999619126319885
1362.7015690176756 1.0000414848327637
1362.7224022429587 1.000024676322937
1362.7432354678685 0.9999861717224121
1362.764068692385 1.0000618696212769
1362.7849019165287 1.0000548362731934
1362.8057351402788 1.0000181198120117
1362.8265683636553 1.0000824928283691
1362.8474015866386 0.999961256980896
1362.8682348092486 0.9999765157699585
1362.8890680314648 1.0000090599060059
1362.909901253308 0.9998604655265808
1362.9307344747672 0.999973714351654
1362.951567695833 0.9999254941940308
1362.9724009165254 0.9999839663505554
1362.9932341368242 1.0000026226043701
1363.014067356749 0.9999932646751404
1363.0349005762803 0.9999980926513672
1363.0557337954378 1.0000625848770142
1363.0765670142018 0.9999771118164062
1363.0974002325916 1.0000683069229126
1363.1182334505877 0.9999657273292542
1363.13906666821 0.9999896883964539
1363.1598998854483 0.9999958276748657
1363.1807331022928 0.9999806880950928
1363.2015663187635 0.9999706149101257
1363.2223995348397 0.9999930262565613
1363.2432327505421 0.9999793767929077
1363.2640659658507 1.000095248222351
1363.2848991807846 1.0000613927841187
1363.3057323953246 1.0000196695327759
1363.3265656094907 0.9999775886535645
1363.347398823262 0.9999504685401917
1363.3682320366595 1.0000420808792114
1363.3890652496725 0.9999889731407166
1363.409898462291 0.9999933838844299
1363.4307316745253 0.9999074339866638
1363.451564886385 0.9999582171440125
1363.4723980978604 0.9999978542327881
1363.493231308941 0.9999545216560364
1363.5140645196473 1.0000616312026978
1363.5348977299586 1.0000264644622803
1363.5557309398957 1.000052809715271
1363.5765641494377 0.9999663233757019
1363.5973973586053 1.000017523765564
1363.6182305673879 0.9999478459358215
1363.6390637757759 1.0000340938568115
1363.6598969837887 0.998882532119751
1363.6807301914068 1.0000495910644531
1363.7015633986498 0.9999368786811829
1363.722396605498 1.0000431537628174
1363.743229811971 0.9999904632568359
1363.764063018049 0.9999848008155823
1363.7848962237517 0.9999131560325623
1363.8057294290593 0.9999527335166931
1363.8265626339912 0.9999799132347107
1363.8473958385384 0.999944806098938
1363.86822904269 0.9999777674674988
1363.889062246466 1.0000207424163818
1363.9098954498468 1.0000430345535278
1363.9307286528522 0.9999157190322876
1363.9515618554615 0.9999756217002869
1363.9723950576956 1.000011920928955
1363.9932282595337 1.000054121017456
1364.0140614609966 0.9999723434448242
1364.034894662073 1.0000334978103638
1364.0557278627539 1.000022292137146
1364.076561063049 1.000029444694519
1364.097394262968 0.999983012676239
1364.1182274625007 0.9999727010726929
1364.1598938603981 0.999995768070221
1364.1807270587628 0.9999184608459473
1364.201560256751 1.0000447034835815
1364.2223934543526 0.9999701380729675
1364.2432266515582 0.9999780058860779
1364.264059848387 0.9999504685401917
1364.2848930448192 1.0000098943710327
1364.3057262408654 0.9999994039535522
1364.326559436534 0.999927282333374
1364.3473926318165 0.9999819993972778
1364.3682258267017 1.0000452995300293
1364.38905902121 0.9999931454658508
1364.4098922153216 0.999912440776825
1364.430725409056 0.9999451637268066
1364.4515586023933 0.9999684691429138
1364.4723917953534 0.9999294877052307
1364.4932249879262 0.9999513030052185
1364.5140581801015 0.9999558329582214
1364.5348913718994 0.9999806880950928
1364.5557245632997 0.9999980330467224
1364.5765577543225 0.9999682903289795
1364.5973909449474 1.0000267028808594
1364.6182241351944 0.9998965859413147
1364.6390573250535 0.9999786615371704
1364.6598905145147 1.0000050067901611
1364.680723703598 0.9999710321426392
1364.701556892283 1.0000747442245483
1364.7223900805893 0.9999397397041321
1364.7432232684978 0.9999810457229614
1364.7640564560272 1.0000206232070923
1364.7848896431585 0.9999628067016602
1364.805722829911 0.999951958656311
1364.8265560162642 0.9999915361404419
1364.8473892022391 1.0000152587890625
1364.8682223878247 0.9999708533287048
1364.889055573011 1.0000178813934326
1364.9098887578184 1.0000520944595337
1364.930721942226 0.9999589323997498
1364.9515551262687 0.9999181628227234
1364.9723883099095 0.9999108910560608
1364.9932214931582 0.9999164938926697
1365.0140546760074 0.9999284744262695
1365.0348878584766 1.000037670135498
1365.0557210405552 0.9999319314956665
1365.0765542222339 0.9999532103538513
1365.097387403532 0.9999645352363586
1365.1182205844298 0.9999266266822815
1365.1390537649465 0.9999259114265442
1365.1598869450727 0.9999598264694214
1365.1807201247975 0.9999105334281921
1365.2015533041415 0.9999961853027344
1365.222386483084 0.9999610185623169
1365.243219661645 1.0000154972076416
1365.2640528398042 1.0000052452087402
1365.284886017582 1.0001024007797241
1365.3057191949574 0.9999895691871643
1365.3265523719508 1.000038743019104
1365.347385548552 1.0000171661376953
1365.3682187247505 0.9999918341636658
1365.3890519005663 0.9999163150787354
1365.409885075979 0.9999794960021973
1365.4307182510088 0.9999843835830688
1365.4515514256354 1.0000224113464355
1365.472384599878 1.0000293254852295
1365.4932177737273 1.0000512599945068
1365.5140509471728 0.9999083876609802
1365.5348841202338 0.9999097585678101
1365.5557172928904 0.9999797344207764
1365.5765504651624 0.9998984932899475
1365.5973836370297 0.9999595284461975
1365.6182168085118 1.0000263452529907
1365.6390499795887 0.9999107718467712
1365.6598831502795 0.9999796152114868
1365.680716320575 0.9999633431434631
1365.7015494904638 0.999902606010437
1365.7223826599666 0.999964714050293
1365.7432158290628 0.9999960660934448
1365.7640489977719 0.9999815821647644
1365.7848821660737 1.0000187158584595
1365.8057153339878 0.9998971819877625
1365.826548501504 0.9999567866325378
1365.8473816686123 0.9999106526374817
1365.8682148353319 0.9999411106109619
1365.889048001643 1.0000005960464478
1365.9098811675642 0.9999123811721802
1365.9307143330764 0.999975860118866
1365.9515474981986 0.9999573230743408
1365.9723806629204 0.9998838901519775
1365.9932138272318 1.0000278949737549
1366.014046991152 0.9999587535858154
1366.0348801546609 0.9999514818191528
1366.055713317778 0.9994336366653442
1366.0765464804829 0.999492347240448
1366.0973796427952 0.9999100565910339
1366.1182128046942 0.9999386668205261
1366.1390459661998 1.0000231266021729
1366.1598791273013 1.0000090599060059
1366.1807122879882 1.0000098943710327
1366.2015454482805 0.9999325275421143
1366.2223786081572 0.9999819397926331
1366.2432117676378 0.9999840259552002
1366.2640449267121 0.99998939037323
1366.2848780853697 0.9999946355819702
1366.3057112436293 0.9998428225517273
1366.326544401471 0.9998548626899719
1366.3473775589139 0.9998495578765869
1366.3682107159377 0.9999710321426392
1366.3890438725616 0.9999361038208008
1366.4098770287649 0.9998801946640015
1366.4307101845673 0.9999527931213379
1366.451543339958 0.9999199509620667
1366.472376494926 0.9999219179153442
1366.4932096494913 1.0001070499420166
1366.5140428036327 1.0001039505004883
1366.5348759573699 0.9998860359191895
1366.5557091106914 1.0000553131103516
1366.5765422635875 0.9999239444732666
1366.5973754160768 1.0000855922698975
1366.618208568139 0.9999288320541382
1366.6598748710273 0.9999398589134216
1366.6807080218323 0.9999706149101257
1366.7015411722268 0.9999755620956421
1366.72237432219 0.999952495098114
1366.743207471741 0.9999436140060425
1366.7640406208584 0.9999796152114868
1366.7848737695624 1.000046730041504
1366.805706917831 1.0000011920928955
1366.8265400656844 0.9998952150344849
1366.847373213111 1.000002384185791
1366.8682063601002 1.0000144243240356
1366.8890395066708 1.0000101327896118
1366.909872652802 0.9999770522117615
1366.9307057985134 1.000008225440979
1366.9515389437834 0.9998700618743896
1366.9723720886313 1.0000708103179932
1366.9932052330464 0.9999250769615173
1367.0140383770179 0.9999017119407654
1367.0348715205641 1.0000110864639282
1367.0557046636654 1.0000160932540894
1367.0765378063402 0.9999317526817322
1367.0973709485777 0.9998492002487183
1367.118204090367 0.9999552965164185
1367.139037231728 0.9999802112579346
1368.639022302184 0.999707043170929
1368.6598554142702 0.9997316598892212
1368.680688525997 0.9996448159217834
1368.7015216373848 0.9997103810310364
1368.7223547484239 0.9997555017471313
1368.7431878591042 0.9996535778045654
1368.7640209694455 0.9997758269309998
1368.7848540794287 0.9996278882026672
1368.805687189073 0.9997091889381409
1368.826520298369 0.9996613264083862
1368.8473534073064 0.9996453523635864
1368.8681865159049 0.9997049570083618
1368.8890196241448 0.9997028708457947
1368.9098527320464 0.9997175335884094
1368.9306858395985 0.9997731447219849
1368.951518946792 0.99970942735672
1368.972352053646 0.9997817277908325
1368.9931851601411 0.9998627305030823
1369.0140182662963 0.9997521042823792
1369.0348513721026 0.9997671842575073
1369.0556844775483 0.9996877908706665
1369.0765175826546 0.9997391104698181
1369.0973506874002 0.9996984601020813
1369.1181837918057 0.9998044371604919
1369.1390168958608 0.9998406767845154
1369.1598499995546 0.9997758269309998
1369.1806831029076 0.9998306632041931
1369.2015162058992 0.9997695088386536
1369.2223493085496 0.9997296929359436
1369.2431824108476 0.9997739791870117
1369.2640155127845 0.9997329115867615
1369.2848486143785 0.9997528791427612
1369.3056817156205 0.9997845888137817
1369.3265148164994 0.9997965097427368
1369.3473479170354 0.999890148639679
1369.3681810172086 0.9997562170028687
1369.389014117038 0.9998359680175781
1369.409847216514 0.9998482465744019
1369.430680315626 0.999830424785614
1369.4515134143937 0.999891996383667
1369.4723465127972 0.9998812079429626
1369.493179610856 0.9998310804367065
1369.51401270855 0.9998745322227478
1369.5348458058988 0.9998806118965149
1369.5556789028924 0.9999057650566101
1369.5765119995203 0.9999114274978638
1369.5973450958027 0.9999516606330872
1369.6181781917187 0.9999668598175049
1369.639011287289 0.9998460412025452
1369.6598443825023 0.999901533126831
1369.6806774773493 0.9999961853027344
1369.701510571849 0.9998742938041687
1369.722343665992 0.9998234510421753
1369.7431767597675 0.9999625086784363
1369.7640098531951 0.9999363422393799
1369.7848429462554 0.9999954700469971
1369.8056760389675 0.9999650716781616
1369.8265091313217 0.999815821647644
1369.8473422233074 0.9999949336051941
1369.8681753149444 0.9999245405197144
1369.8890084062125 0.999923825263977
1369.9098414971322 0.9999492764472961
1369.9306745876922 0.9999042749404907
1369.9515076778835 0.9998573064804077
1369.9723407677247 0.9998443722724915
1369.9931738571966 1.0000447034835815
1370.0140069463182 0.9999759197235107
1370.0348400350802 0.9999860525131226
1370.0556731234717 0.9998312592506409
1370.0765062115129 0.9999383091926575
1370.0973392991937 0.9999321699142456
1370.1181723865036 1.0000030994415283
1370.1390054734627 0.9999774098396301
1370.1598385600505 0.9999096393585205
1370.1806716462872 0.9999317526817322
1370.2015047321627 0.9999772906303406
1370.2223378176664 0.9998288750648499
1370.2431709028183 1.0000343322753906
1370.264003987599 1.0000371932983398
1370.2848370720274 1.000002145767212
1370.3056701560936 1.000015139579773
1370.3265032397874 1.0000271797180176
1370.3473363231292 0.9999992847442627
1370.368169406108 0.9999859929084778
1370.3890024887146 0.9999207258224487
1370.4098355709682 0.9999568462371826
1370.430668652849 1.000037431716919
1370.4515017343763 0.9999489188194275
1370.4723348155408 0.9999657869338989
1370.4931678963317 1.000011682510376
1370.5140009767695 1.000044584274292
1370.5348340568437 1.0000022649765015
1370.555667136544 1.0000699758529663
1370.5765002158907 0.9999681711196899
1370.5973332948633 1.000029444694519
1370.6181663734822 1.0000367164611816
1370.6389994517367 0.9999288320541382
1370.659832529617 0.9997976422309875
1370.6806656071428 0.9998772740364075
1370.7014986843046 0.9998854994773865
1370.7223317610913 0.9998818635940552
1370.7431648375239 1.0000697374343872
1370.7639979135813 1.0000197887420654
1370.7848309892843 0.9999974370002747
1370.8056640646118 1.0000207424163818
1370.8264971395845 0.999973475933075
1370.847330214192 1.0001002550125122
1370.8681632884245 1.0000715255737305
1370.8889963623014 1.0000582933425903
1370.909829435813 0.9999319314956665
1370.930662508949 1.000045895576477
1370.9514955817297 1.000046968460083
1370.9723286541343 1.0000035762786865
1370.9931617261834 1.0000826120376587
1371.0139947978669 0.9999722242355347
1371.034827869174 1.0000245571136475
1371.0556609401253 1.0001267194747925
1371.0764940107106 1.0001235008239746
1371.09732708092 1.0001031160354614
1371.1598262893692 1.0000237226486206
1371.180659358123 0.999898374080658
1371.2014924265002 1.0000301599502563
1371.2223254945209 1.0000920295715332
1371.243158562175 1.0000271797180176
1371.263991629452 1.000054955482483
1371.2848246963724 0.9999900460243225
1371.3056577629263 1.0000698566436768
1371.3264908291028 1.000002384185791
1371.3473238949227 1.0000321865081787
1371.3681569603652 1.0000591278076172
1371.388990025451 1.000038504600525
1371.4098230901695 1.000077247619629
1371.4306561545106 1.0000441074371338
1371.4514892184948 1.000045895576477
1371.472322282111 0.9999828338623047
1371.4931553453503 1.0000015497207642
1371.5139884082323 0.9999952912330627
1371.5348214707367 1.0000531673431396
1371.5556545328832 0.9999665021896362
1371.5764875946625 1.0000516176223755
1371.5973206560639 1.0000946521759033
1371.6181537171078 1.0000892877578735
1371.6389867777837 1.0000449419021606
1371.6598198380823 0.9999768137931824
1371.6806528980226 0.9999842643737793
1371.7014859575852 1.00004243850708
1371.7223190167897 1.0000808238983154
1371.7431520756163 0.9999953508377075
1371.7639851340848 1.0000101327896118
1371.7848181921854 1.000083565711975
1371.8056512499181 1.0000406503677368
1371.8264843072723 1.0000791549682617
1371.8473173642683 0.9999932646751404
1371.8681504208862 1.0000278949737549
1371.888983477146 1.0000154972076416
1371.909816533037 0.9999937415122986
1371.93064958855 1.0000554323196411
1371.9514826437044 1.0001007318496704
1371.9723156984905 1.0000693798065186
1371.9931487528984 0.9999613761901855
1372.0139818069474 0.9999834299087524
1372.0348148606179 0.9999374151229858
1372.05564791393 0.9999805688858032
1372.0764809668733 1.0000008344650269
1372.0973140194383 0.9999439716339111
1372.1181470716442 0.999945878982544
1372.1389801234816 1.0001373291015625
1372.1598131749402 0.9999417662620544
1372.1806462260404 1.0000547170639038
1372.2014792767613 1.0000019073486328
1372.2223123271237 1.0000158548355103
1372.2431453771173 0.9999637007713318
1372.263978426732 0.9999571442604065
1372.2848114759877 1.0000702142715454
1372.3056445248583 1.0000916719436646
1372.3264775733521 0.999986469745636
1372.3473106215008 1.0000392198562622
1372.3681436692807 1.000022292137146
1372.3889767166813 1.0000017881393433
1372.409809763723 0.999923825263977
1372.4306428103855 0.999970555305481
1372.451475856689 1.0000722408294678
1372.4723089026231 0.9999674558639526
1372.4931419481786 0.9999731183052063
1372.5139749933744 1.000017523765564
1372.5348080382014 1.0000240802764893
1372.555641082649 1.0000202655792236
1372.576474126737 1.000069499015808
1372.5973071704461 0.9999730587005615
1372.6181402137959 1.0000731945037842
1372.6389732567766 0.9999763369560242
1372.6598062993774 0.9999535083770752
1372.6806393416196 1.0000529289245605
1372.7014723834918 1.000022530555725
1372.7223054249846 1.0000470876693726
1372.7431384661184 1.000002145767212
1372.7639715068824 1.0000256299972534
1372.784804547267 1.0000238418579102
1372.8056375872925 1.0000451803207397
1372.826470626938 1.0000584125518799
1372.8473036662247 1.0001511573791504
1372.868136705141 1.0000888109207153
1372.8889697436784 1.0000375509262085
1372.9098027818561 1.0000578165054321
1372.9306358196643 1.0000337362289429
1372.9514688570928 1.0000396966934204
1372.972301894162 1.0000379085540771
1372.9931349308615 1.0000532865524292
1373.013967967181 1.000079870223999
1373.0348010031414 1.0000578165054321
1373.0556340387318 1.0001611709594727
1373.076467073943 1.000143051147461
1373.0973001087941 0.9999861121177673
1373.1181331432658 1.0001037120819092
1373.1389661773776 1.0001391172409058
1373.15979921112 1.000051498413086
1373.1806322444822 0.9997079968452454
1373.201465277485 0.9999731779098511
1373.222298310118 0.9999817609786987
1373.2431313423713 1.0001657009124756
1373.263964374265 0.9999840259552002
1373.2847974057886 0.9999976754188538
1373.3056304369327 1.0000807046890259
1373.326463467717 1.0000274181365967
1373.3472964981318 1.0000849962234497
1373.3681295281663 0.9999893307685852
1373.3889625578413 1.0000452995300293
1373.4097955871462 1.0000996589660645
1373.4306286160715 1.0000075101852417
1373.4514616446372 1.000065565109253
1373.4722946728327 1.0000940561294556
1373.4931277006485 1.0000470876693726
1373.5139607281046 1.0000379085540771
1373.5347937551805 1.000077724456787
1373.5556267818968 1.0000499486923218
1373.576459808243 1.000042200088501
1373.5972928342096 1.00001060962677
1373.6597919099102 1.0000438690185547
1373.6806249344072 1.000089168548584
1373.7014579585343 1.0001232624053955
1373.7222909822815 1.0000927448272705
1373.743124005669 1.0000722408294678
1373.763957028686 1.0000083446502686
1373.7847900513236 1.000117301940918
1373.8056230736013 1.0000542402267456
1373.8264560954992 1.0000783205032349
1373.8472891170368 1.0000340938568115
1373.8681221382049 1.0001059770584106
1373.8889551589925 1.0001102685928345
1373.9097881794207 1.0000405311584473
1373.9306211994788 1.0000702142715454
1373.9514542191569 1.0001226663589478
1373.9722872384752 0.9998785257339478
1373.9931202574235 1.0000686645507812
1374.0139532759918 1.0000542402267456
1374.0347862942003 1.0000747442245483
1374.055619312039 1.00011146068573
1374.0764523294974 1.0000616312026978
1374.097285346596 1.0001144409179688
1374.1181183633246 1.000048279762268
1374.1389513796735 0.9999606013298035
1374.1597843956622 1.000093698501587
1374.1806174112812 0.9999992847442627
1374.20145042652 1.0000505447387695
1374.2222834413992 1.0000473260879517
1374.2431164559082 0.9999709129333496
1374.2639494700375 1.0000721216201782
1374.2847824838063 1.0000406503677368
1374.3056154972057 1.000041127204895
1374.3264485102252 1.0000444650650024
1374.3472815228845 1.0000425577163696
1374.3681145351638 1.0000934600830078
1374.3889475470835 1.0000351667404175
1374.4097805586332 1.0000075101852417
1374.4306135698125 1.0000604391098022
1374.4514465806126 1.0001013278961182
1374.4722795910523 0.9999942779541016
1374.4931126011222 1.0000898838043213
1374.5139456108122 1.0000672340393066
1374.5347786201426 0.9999980330467224
1374.5556116291023 1.0000921487808228
1374.576444637683 1.0000280141830444
1374.597277645903 1.0000720024108887
1374.6181106537535 1.0001226663589478
1374.638943661224 0.9999735951423645
1374.6597766683346 1.0000766515731812
1374.6806096750654 1.0001429319381714
1374.7014426814364 1.000018835067749
1374.7222756874373 1.000110149383545
1374.7431086930685 1.0000838041305542
1374.7639416983195 1.0000299215316772
1374.784774703211 1.0001671314239502
1374.8056077077224 1.000044584274292
1374.8264407118738 1.0000513792037964
1374.8472737156558 1.0000613927841187
1374.8681067190578 1.0000919103622437
1374.8889397220996 1.000087022781372
1374.9097727247718 1.0000900030136108
1374.930605727064 1.0000828504562378
1374.9514387289964 1.0000643730163574
1374.972271730559 1.0000468492507935
1374.9931047317416 1.0001026391983032
1375.013937732565 1.000075101852417
1375.0347707330181 1.0000128746032715
1375.0556037330914 1.0001009702682495
1375.076436732805 1.0000649690628052
1375.0972697321486 1.0000568628311157
1375.118102731113 1.0000288486480713
1375.1389357297166 1.0000708103179932
1375.1597687279511 1.0000534057617188
1375.1806017258057 1.0000170469284058
1375.2014347233005 1.0000684261322021
1375.2222677204254 1.000008225440979
1375.2431007171708 1.0001041889190674
1375.263933713556 1.0000391006469727
1375.2847667095718 1.0000524520874023
1375.3055997052127 1.000016689300537
1375.3264327004931 1.0000429153442383
1375.3472656953995 1.0000901222229004
1375.3680986899262 0.9999684691429138
1375.3889316840937 0.9999964833259583
1375.4097646778905 0.9999749064445496
1375.4305976713083 1.0000606775283813
1375.4514306643664 1.0000125169754028
1375.4722636570543 1.0001097917556763
1375.493096649363 1.0000090599060059
1375.5139296413117 0.9999750256538391
1375.534762632891 0.9999942183494568
1375.5555956240905 0.9999294281005859
1375.5764286149304 0.999979555606842
1375.5972616054007 0.9999207258224487
1375.6180945954911 0.9999947547912598
1375.6389275852218 0.999951958656311
1375.6597605745833 1.0000091791152954
1375.6805935635648 0.9999457001686096
1375.701426552187 1.0000540018081665
1375.7222595404392 1.0000419616699219
1375.7430925283122 0.9999629855155945
1375.7639255158253 0.9999570250511169
1375.784758502969 1.0000224113464355
1375.805591489733 1.0000582933425903
1375.8264244761374 0.9999744296073914
1375.8472574621721 1.0000187158584595
1375.8680904478279 0.9998096227645874
1375.8889234331232 1.0000015497207642
1375.9097564180497 1.0000038146972656
1375.9305894025963 0.9998664855957031
1375.9514223867834 0.9999976754188538
1375.9722553706008 0.9998196363449097
1375.9930883540392 1.0000576972961426
1376.0139213371178 0.9999943375587463
1376.0347543198266 0.9998968243598938
1376.0555873021563 1.0000251531600952
1376.0764202841265 0.9999255537986755
1376.097253265727 1.000013828277588
1376.159752208302 1.0000735521316528
1376.1805851884246 1.0000765323638916
1376.2014181681682 0.9999672770500183
1376.2222511475518 1.0000296831130981
1376.2430841265664 1.000062108039856
1376.2639171052012 0.999987006187439
1376.284750083477 1.00001060962677
1376.305583061383 0.99996417760849
1376.32641603891 1.0000582933425903
1376.3472490160775 1.0001004934310913
1376.3680819928754 0.9999966025352478
1376.3889149692939 1.0000345706939697
1376.409747945353 1.000010371208191
1376.4305809210427 1.0001062154769897
1376.4514138963536 1.0000494718551636
1376.4722468713044 1.0000298023223877
1376.4930798458865 1.0000752210617065
1376.5139128200888 0.9999969005584717
1376.534745793932 1.0000072717666626
1376.5555787674057 1.0001213550567627
1376.5764117405001 1.0001531839370728
1376.5972447132356 1.0000873804092407
1376.618077685601 0.9999855756759644
1376.6389106575875 1.0000312328338623
1376.659743629215 0.9999729990959167
1376.680576600473 1.0000195503234863
1376.7014095713514 1.0000277757644653
1376.7222425418706 1.0000088214874268
1376.7430755120208 1.0000810623168945
1376.7639084818015 1.0001119375228882
1376.7847414512032 1.0000298023223877
1376.8055744202456 1.000103235244751
1376.8264073889186 1.000006914138794
1376.8472403572123 1.0000101327896118
1376.868073325147 1.0000149011611938
1376.8889062927124 0.9999867677688599
1376.9097392598985 0.9999133348464966
1376.930572226725 0.9999785423278809
1376.9514051931828 1.0000053644180298
1376.972238159261 0.9999881982803345
1376.9930711249804 1.000052571296692
1377.0139040903305 1.0000200271606445
1377.034737055301 0.9999799728393555
1377.0555700199125 0.9999300837516785
1377.076402984155 0.9999590516090393
1377.0972359480284 0.9999774098396301
1377.1180689115222 1.000007152557373
1377.138901874657 0.9999687671661377
1377.1597348374225 1.0000039339065552
1377.1805677998093 0.9999744296073914
1377.201400761836 0.9997869729995728
1377.2222337234946 1.0000381469726562
1377.243066684773 1.0000251531600952
1377.263899645693 1.0000059604644775
1377.2847326062433 0.9999683499336243
1377.3055655664145 0.9999555349349976
1377.3263985262267 1.000029444694519
1377.34723148567 1.0001214742660522
1377.3680644447336 0.9999414682388306
1377.3888974034385 0.9999753832817078
1377.4097303617739 0.9999914169311523
1377.4305633197305 1.0000187158584595
1377.4513962773274 1.0000739097595215
1377.4722292345555 1.0000014305114746
1377.493062191414 1.0000221729278564
1377.5138951478937 1.0000436305999756
1377.5347281040144 1.0000592470169067
1377.5555610597658 1.0000234842300415
1377.5763940151478 0.999901294708252
1377.5972269701508 0.9999809265136719
1377.6180599247946 0.9999797344207764
1377.6388928790593 0.9999836087226868
1377.6597258329646 1.0000050067901611
1377.680558786501 0.9999932646751404
1377.7013917396678 1.0000345706939697
1377.722224692456 0.9999994039535522
1377.7430576448844 0.9999119639396667
1377.7638905969438 0.9998688101768494
1377.784723548624 1.0000078678131104
1377.805556499945 0.9998684525489807
1377.8263894508966 1.0000206232070923
1377.8472224014695 1.0000126361846924
1377.8680553516824 0.9999338388442993
1377.8888883015268 0.9999426007270813
1377.9097212510014 0.9996204376220703
1377.9305542000973 1.0000568628311157
1377.9513871488334 0.9999979734420776
1377.9722200971905 0.9999485611915588
1377.9930530451882 0.9999315142631531
1378.0138859928165 1.000043511390686
1378.034718940076 0.9991609454154968
1378.0555518869555 0.9999356865882874
1378.076384833476 0.9999791383743286
1378.0972177796273 1.0000214576721191
1378.118050725409 0.9999906420707703
1378.1388836708113 1.000020146369934
1378.1597166158547 0.9998997449874878
1378.180549560528 0.9999964237213135
1378.2013825048223 0.9999839663505554
1378.2222154487572 0.9998679161071777
1378.2430483923226 1.0000505447387695
1378.2638813355086 0.9999536871910095
1378.2847142783346 1.0000828504562378
1378.3055472207918 1.0000962018966675
1378.326380162869 1.000066876411438
1378.3472131045871 1.0000383853912354
1378.3680460459354 0.9999764561653137
1378.388878986914 1.0000596046447754
1378.4097119275132 0.9999416470527649
1378.4305448677528 0.9999890923500061
1378.451377807623 0.9994273781776428
1378.472210747113 0.9992862939834595
1378.4930436862437 1.0000238418579102
1378.5138766250043 0.9999593496322632
1378.5347095633956 0.9999561905860901
1378.5555425014068 0.9999080300331116
1378.5763754390582 0.9996845722198486
1378.5972083763397 0.9990371465682983
1378.6597071859558 0.999948263168335
1378.6805401217478 1.0000782012939453
1378.7013730571798 1.0000473260879517
1378.7222059922417 0.9999281764030457
1378.7430389269236 1.000033974647522
1378.7638718612457 0.9999750852584839
1378.7847047951973 1.0000524520874023
1378.805537728779 1.0000154972076416
1378.8263706619803 1.0000137090682983
1378.8472035948214 0.9999998211860657
1378.8680365272921 1.0000007152557373
1378.8888694593825 0.9999505877494812
1378.9097023911124 1.0000008344650269
1378.930535322472 1.0000845193862915
1378.9513682534612 0.9999955892562866
1378.9722011840697 0.9999825358390808
1378.9930341143177 0.9999993443489075
1379.0138670441947 1.000087022781372
1379.0346999736914 1.0000519752502441
1379.055532902827 1.000010371208191
1379.0763658315923 1.0000454187393188
1379.0971987599862 0.9999473094940186
1379.1180316879995 0.9999748468399048
1379.1388646156518 1.0000065565109253
1379.159697542933 1.0000680685043335
1379.1805304698325 1.0000231266021729
1379.2013633963716 1.00005304813385
1379.2221963225393 0.9999904632568359
1379.2430292483252 1.000049352645874
1379.2638621737499 0.9999703168869019
1379.2846950988032 0.9999880194664001
1379.3055280234746 0.9999748468399048
1379.3263609477847 0.9999858736991882
1379.3471938717228 0.9999790191650391
1379.3680267952893 0.9998486042022705
1379.3888597184903 0.9999018907546997
1379.4096926413267 0.999991238117218
1379.4305255637773 0.9999714493751526
1379.4513584858553 1.000052809715271
1379.472191407551 1.0000195503234863
1379.4930243288845 0.9999650120735168
1379.5138572498456 0.999959409236908
1379.534690170424 0.9999760389328003
1379.5555230906393 1.0000405311584473
1379.5763560104824 1.0000884532928467
1379.597188929952 1.000040888786316
1379.6180218490392 1.000068187713623
1379.638854767763 0.9999615550041199
1379.6596876861133 0.9999597072601318
1379.6805206040904 0.9999200701713562
1379.7013535216836 0.9999922513961792
1379.7221864389137 1.0000951290130615
1379.7430193557693 0.9999967217445374
1379.7638522722416 0.9999938011169434
1379.7846851883494 0.9999608397483826
1379.8055181040831 1.000038743019104
1379.8263510194324 0.9999193549156189
1379.8471839344172 0.9999814033508301
1379.868016849027 1.000027060508728
1379.8888497632622 0.9999014735221863
1379.9096826771122 0.9999718070030212
1379.9305155905975 0.999905526638031
1379.9513485037066 1.0000314712524414
1379.9721814164307 1.0000038146972656
1379.9930143287886 0.9999604225158691
1380.013847240771 1.000005841255188
1380.0346801523767 1.0000425577163696
1380.0555130635967 1.0000559091567993
1380.0763459744496 1.0000256299972534
1380.0971788849258 1.0000275373458862
1380.1180117950153 1.0000247955322266
1380.1388447047375 0.9999850392341614
1380.159677614082 0.9999521970748901
1380.1805105230492 1.000045657157898
1380.2013434316282 0.999927282333374
1380.2221763398393 0.9999359846115112
1380.2430092476718 0.9998432993888855
1380.2638421551255 1.0000072717666626
1380.2846750621902 0.9998879432678223
1380.3055079688859 0.9999561905860901
1380.326340875202 0.9999286532402039
1380.3471737811285 0.9999285340309143
1380.3680066866843 0.9999321699142456
1380.3888395918605 0.9999293684959412
1380.4096724966557 0.9999569654464722
1380.4305054010597 0.9999295473098755
1380.4513383050926 0.999863862991333
1380.4721712087437 1.0000989437103271
1380.4930041120128 0.9999587535858154
1380.5138370148895 0.9999648332595825
1380.5346699173938 0.9999634623527527
1380.5555028195145 0.9998943209648132
1380.5763357212425 1.0000183582305908
1380.597168622596 1.0000126361846924
1380.6180015235657 0.9998763799667358
1380.6388344241404 0.9998387098312378
1380.6596673243403 1.0000029802322388
1380.680500224155 0.9999538064002991
1380.7013331235835 0.9999321103096008
1380.722166022626 0.9999175667762756
1380.7429989212715 0.9999533295631409
1380.7638318195397 0.9999615550041199
1380.7846647174208 0.9999362826347351
1380.8054976149035 0.9999297261238098
1380.8263305120076 0.9998865723609924
1380.8471634087227 0.9998566508293152
1380.8679963050383 0.9998717904090881
1380.8888292009744 0.9999526143074036
1380.9096620965197 0.9999514818191528
1380.9304949916739 0.9999335408210754
1380.9513278864367 0.9998392462730408
1380.9721607807974 0.9999414086341858
1380.9929936747756 0.999899685382843
1381.0138265683606 0.999988853931427
1381.0346594615426 0.9999569654464722
1381.05549235434 1.000008225440979
1381.0763252467432 0.9998944997787476
1381.0971581387514 0.999720573425293
1381.1596568123896 0.9999402165412903
1381.1804897028123 0.9999432563781738
1381.2013225928272 1.0000699758529663
1381.2221554824546 0.9999632239341736
1381.242988371683 0.9999973773956299
1381.263821260503 1.00002121925354
1381.2846541489334 0.9999650120735168
1381.3054870369645 1.0000379085540771
1381.326319924595 0.9999672770500183
1381.3471528118162 0.9999411702156067
1381.367985698646 1.000077724456787
1381.3888185850753 0.9999654293060303
1381.4096514710934 0.9999521970748901
1381.4304843567209 1.0000717639923096
1381.4513172419465 0.9999976754188538
1381.4721501267716 0.9999596476554871
1381.4929830111948 1.000069499015808