1381.7228734042073 1.0006279945373535
1381.743706794064 1.0005536079406738
1381.76454018426 1.0006003379821777
1381.7853735747858 1.000452995300293
1381.8062069656326 0.9999644160270691
1381.8270403567817 1.0002317428588867
1381.8478737482426 1.000186562538147
1381.8687071399918 1.000281572341919
1381.8895405320152 1.0001862049102783
1381.9103739242855 0.9998376965522766
1381.9312073168055 1.0001276731491089
1381.9520407095433 0.9999839663505554
1381.9728741024785 1.0000509023666382
1381.9937074955762 0.9999133348464966
1382.0145408888325 1.0003150701522827
1382.0353742822097 1.0001676082611084
1382.0562076756805 0.9998387098312378
1382.0770410692062 1.0001051425933838
1382.097874462775 1.0001295804977417
1382.118707856348 1.0001680850982666
1382.1395412498916 1.0001013278961182
1382.1603746433648 1.000213623046875
1382.1812080367542 1.0002864599227905
1382.202041430017 1.0000879764556885
1382.22287482312 1.0001521110534668
1382.2437082160202 1.0002928972244263
1382.2645416087057 0.9996697306632996
1382.2853750011325 1.0003079175949097
1382.3062083932707 1.0000299215316772
1382.3270417850777 1.0001357793807983
1382.3478751765433 1.0001713037490845
1382.3687085676283 1.0000321865081787
1382.3895419582934 0.999767005443573
1382.4103753485313 0.9975193738937378
1382.4312087383055 1.0000444650650024
1382.4520421275904 0.9993376135826111
1382.4728755163605 0.9998771548271179
1382.4937089045843 0.9999135732650757
1382.5145422922585 1.0001106262207031
1382.660375988697 0.7506210803985596
1382.6812093712447 0.5428751707077026
1382.7020427530872 0.4290411174297333
1382.722876134213 0.3618655502796173
1382.7437095146024 0.6799387335777283
1382.7645428942667 0.8049619197845459
1382.7853762731863 0.8432522416114807
1382.8062096513454 0.7653958201408386
1382.8270430287562 0.9047173261642456
1382.8478764054034 0.9067516922950745
1382.8687097812813 0.8903888463973999
1382.8895431563856 0.7789936661720276
1382.9103765307023 0.8360307812690735
1382.9312099042475 0.8601992130279541
1382.952043277009 0.8896357417106628
1382.9728766489736 0.869817852973938
1382.9937100201596 0.8788617253303528
1383.0145433905557 0.7261786460876465
1383.0353767601605 0.6553483009338379
1383.0562101289736 0.8268649578094482
1383.077043496984 0.9171221256256104
1383.0978768642124 0.9188683032989502
1383.1187102306478 0.9034550786018372
1383.139543596282 0.9252766370773315
1383.1603769611345 0.9025607705116272
1383.1812103251968 0.9296690821647644
1383.20204368847 0.9450762867927551
1383.2228770509555 0.8698089122772217
1383.2437104126443 0.9025274515151978
1383.264543773559 0.955277681350708
1383.2853771336904 0.9454209208488464
1383.3062104930405 0.9111620783805847
1383.3270438516022 0.8989129066467285
1383.3478772093965 0.8835998773574829
1383.3687105664167 0.9118586182594299
1383.389543922654 0.9495694637298584
1383.4103772781316 0.9235562682151794
1383.4312106328418 0.9244896769523621
1383.452043986787 0.8993055820465088
1383.4728773399697 0.9308950304985046
1383.4937106923828 0.9179649353027344
1383.514544044048 0.9101560115814209
1383.5353773949594 0.9249712824821472
1383.5562107451183 0.94139564037323
1383.5770440945184 0.9205474257469177
1383.5978774431817 0.9252126216888428
1383.6187107911016 0.9462774991989136
1383.702044175388 0.9993888735771179
1383.7228775196302 0.9994429349899292
1383.7437108631348 0.9995114803314209
1383.7645442059247 0.999796986579895
1383.7853775479928 0.9996896386146545
1383.8062108893414 0.9998809695243835
1383.8270442299738 0.9996691942214966
1383.8478775698818 0.9997421503067017
1383.868710909089 1.0000255107879639
1383.8895442475873 1.000356912612915
1383.9103775853694 1.000060796737671
1383.9312109224577 0.9999223351478577
1383.952044258845 0.9998441934585571
1383.972877594534 0.9997806549072266
1383.9937109295267 0.9997594952583313
1384.0145442638163 0.9995094537734985
1384.0353775974245 1.0000354051589966
1384.0562109303442 0.9998325109481812
1384.0770442625771 0.9998638033866882
1384.0978775941164 0.9999332427978516
1384.1187109249843 0.9995318651199341
1384.1395442551723 0.9998621344566345
1384.1603775846838 0.9995476007461548
1384.18121091351 1.0000438690185547
1384.202044241674 0.999704897403717
1384.2228775691676 0.9998171329498291
1384.2437108959932 1.0000096559524536
1384.2645442221424 0.9997936487197876
1384.3270441966451 0.9993895292282104
1384.3478775201618 0.9997177720069885
1384.3687108430124 0.9996448159217834
1384.389544165219 0.9995347261428833
1384.410377486774 1.0000158548355103
1384.431210807679 0.9997844696044922
1384.4520441279365 0.9997805953025818
1384.4728774475375 0.999572217464447
1384.4937107665048 0.9994441270828247
1384.5145440848291 0.9998425841331482
1384.5353774025036 0.9996886849403381
1384.556210719549 0.9997181296348572
1384.5770440359574 0.9996696710586548
1384.5978773517304 0.9998096823692322
1384.6187106668701 0.9996978640556335
1384.6395439813678 0.9997483491897583
1384.6603772952453 0.9996549487113953
1384.6812106084947 0.9997935891151428
1384.7020439211165 0.9996606707572937
1384.7228772331032 0.9997701048851013
1384.7437105444762 1.0001648664474487
1384.7645438552272 0.9999774098396301
1384.7853771653572 0.9998568296432495
1384.8062104748683 0.9997878670692444
1384.8270437837514 0.9998309016227722
1384.8478770920285 0.9997463226318359
1384.8687103996913 0.9999215602874756
1384.8895437067306 0.9997990131378174
1384.9103770131676 0.9998058676719666
1384.9312103189945 0.9997718334197998
1384.9520436242121 0.9997551441192627
1384.9728769288222 0.9999964237213135
1384.9937102328158 0.9997014999389648
1385.0145435362144 0.9998816251754761
1385.035376839009 0.9996190071105957
1385.0562101412017 0.9997256994247437
1385.0770434427925 0.9999184012413025
1385.097876743774 0.9999783039093018
1385.1187100441662 1.0000592470169067
1385.1395433439613 1.0000109672546387
1385.1603766431601 1.0000215768814087
1385.1812099417537 0.9993576407432556
1385.2020432397633 0.9997462034225464
1385.2228765371804 0.9995728135108948
1385.243709834006 0.999908983707428
1385.2645431302406 0.9997593760490417
1385.2853764258764 1.000097632408142
1385.3062097209336 0.9996656775474548
1385.3270430154037 1.0000516176223755
1385.3478763092876 0.999748945236206
1385.3687096025867 1.0001527070999146
1385.3895428952917 0.9999508857727051
1385.410376187424 0.9999206066131592
1385.431209478974 1.0000176429748535
1385.4520427699433 0.999825656414032
1385.4728760603227 0.9996169805526733
1385.493709350133 0.9995677471160889
1385.5145426393653 0.9996230006217957
1385.5353759280208 0.9999435544013977
1385.5562092160906 0.9995630979537964
1385.5770425035944 0.9991097450256348
1385.5978757905248 0.9996611475944519
1385.6187090768813 1.0001745223999023
1385.6395423626657 0.9998676180839539
1385.6603756478785 0.9995647668838501
1385.6812089325108 0.9996815323829651
1385.702042216583 0.9994057416915894
1385.722875500087 0.9995103478431702
1385.7437087830126 0.9994714856147766
1385.7645420653805 0.9994404911994934
1385.785375347183 0.9994010329246521
1385.8062086284194 0.999289870262146
1385.8270419090911 0.9995360970497131
1385.847875189199 0.9990681409835815
1385.8687084687335 0.9902812838554382
1385.9520415812863 1.0000032186508179
1385.9728748580271 1.0005844831466675
1385.9937081342093 0.9999264478683472
1386.0145414098333 1.0004593133926392
1386.0353746849005 0.9999377131462097
1386.0562079594008 1.0001404285430908
1386.0770412333559 1.000075101852417
1386.0978745067557 1.000386118888855
1386.1187077796012 1.0001050233840942
1386.1395410518935 1.0000231266021729
1386.1603743236224 0.9999504089355469
1386.1812075948092 1.0000813007354736
1386.2020408654444 1.0003663301467896
1386.2228741355284 0.9998714327812195
1386.2437074050622 1.000170111656189
1386.2645406740362 1.0001178979873657
1386.2853739424716 1.0000958442687988
1386.306207210358 1.0000473260879517
1386.327040477687 1.0001840591430664
1386.3478737444789 0.9998629093170166
1386.3687070107242 1.0002062320709229
1386.3895402764235 1.000296950340271
1386.4103735415772 1.000361442565918
1386.4312068061863 1.0003516674041748
1386.4520400702409 1.0000660419464111
1386.472873333762 1.0001428127288818
1386.4937065967404 1.0000802278518677
1386.5145398591762 1.0005435943603516
1386.5353731210696 1.0001221895217896
1386.5562063824123 1.0004363059997559
1386.5770396432238 1.000229001045227
1386.597872903495 0.9999823570251465
1386.6187061632265 1.0000760555267334
1386.639539422419 1.0003880262374878
1386.6603726810624 1.0001567602157593
1386.681205939178 1.0000405311584473
1386.702039196756 0.9999746680259705
1386.7228724537963 1.0001510381698608
1386.7437057102907 0.9999665021896362
1386.7645389662587 1.0000735521316528
1386.785372221691 1.0000261068344116
1386.806205476588 0.9999973773956299
1386.8270387309508 1.0002652406692505
1386.847871984769 0.9999063014984131
1386.8687052380637 0.9999155402183533
1386.8895384908255 0.9999947547912598
1386.9103717430542 0.9998370409011841
1386.9312049948642 1.0001753568649292
1386.952038246121 1.0001481771469116
1386.972871496756 0.9998348951339722
1386.9937047468602 0.9997438192367554
1387.014537996434 1.000059723854065
1387.0353712454778 0.9997286796569824
1387.056204493982 1.000218152999878
1387.0770377419676 0.9998749494552612
1387.0978709894237 1.0001181364059448
1387.1187042363522 0.9998636245727539
1387.1395374827523 0.9999945759773254
1387.1603707286158 0.9997242093086243
1387.181203973962 1.0000334978103638
1387.2020372187815 1.0001211166381836
1387.222870463075 1.000063180923462
1387.2437037068426 1.0002870559692383
1387.2645369500754 1.0000567436218262
1387.2853701927927 1.0001156330108643
1387.3062034349857 0.9999109506607056
1387.3270366766544 0.9997216463088989
1387.3478699177995 1.0000534057617188
1387.368703158411 1.000054121017456
1387.3895363985102 1.0000090599060059
1387.4103696380866 0.9998939633369446
1387.4312028771405 1.0000585317611694
1387.452036115673 1.0000132322311401
1387.4728693536738 0.9999428987503052
1387.4937025911636 0.9997340440750122
1387.5145358281327 0.9995628595352173
1387.5353690645816 1.0001721382141113
1387.5562023005102 0.9998803734779358
1387.5770355359093 1.0001459121704102
1387.5978687707998 0.9999658465385437
1387.6187020051707 1.0001779794692993
1387.6395352390234 1.0003366470336914
1387.6603684723577 1.0000938177108765
1387.6812017051643 1.0002498626708984
1387.7020349374636 1.0000298023223877
1387.7228681692454 0.9999301433563232
1387.7437014005106 0.9210621118545532
1387.7853678614822 0.999976634979248
1387.8062010911985 1.0001219511032104
1387.8270343204003 1.0000139474868774
1387.8478675490862 1.0002360343933105
1387.868700777258 1.0001194477081299
1387.889534004905 0.9999411106109619
1387.9103672320477 1.0003089904785156
1387.9312004586768 1.0001885890960693
1387.952033684792 1.0000418424606323
1387.9728669103945 1.0002472400665283
1387.9937001354838 1.0003337860107422
1388.0145333600508 1.0001342296600342
1388.035366584115 1.0002926588058472
1388.056199807668 1.0002309083938599
1388.0770330307091 1.0002269744873047
1388.0978662532386 1.000043511390686
1388.1186994752472 0.9999483227729797
1388.1395326967552 0.9999900460243225
1388.1603659177524 0.9999998211860657
1388.18119913824 1.0001258850097656
1388.2020323582176 1.0000438690185547
1388.2228655776858 0.9998763203620911
1388.2436987966346 1.0001757144927979
1388.2645320150841 1.0001335144042969
1388.2853652330255 1.0001970529556274
1388.306198450458 1.0000331401824951
1388.327031667383 1.000083088874817
1388.3478648837895 0.9998160004615784
1388.368698099699 1.000665307044983
1388.389531315101 1.000166416168213
1388.4103645299965 0.9998131990432739
1388.4311977443847 0.999980628490448
1388.4520309582672 1.000077486038208
1388.4728641716333 1.0002532005310059
1388.4936973845033 1.000035285949707
1388.514530596868 1.0001895427703857
1388.5353638087274 1.0001871585845947
1388.5561970200818 0.9997984170913696
1388.5770302309213 0.999789297580719
1388.5978634412668 0.9999286532402039
1388.6186966511073 1.0000697374343872
1388.6395298604446 1.00035560131073
1388.6603630692775 1.0003687143325806
1388.6811962776078 1.0002285242080688
1388.7020294854244 1.00002121925354
1388.7228626927485 0.9999274015426636
1388.7436958995697 0.9997605085372925
1388.7645291058886 0.999813437461853
1388.7853623117057 0.9998219609260559
1388.8061955170206 1.000171184539795
1388.8270287218243 0.9998525381088257
1388.8478619261361 1.0002449750900269
1388.8686951299476 1.000084400177002
1388.8895283332577 1.0002580881118774
1388.9103615360675 1.000111699104309
1388.931194738367 0.999991774559021
1388.9520279401765 1.000480055809021
1388.972861141486 0.9998103976249695
1388.9936943422963 1.0003185272216797
1389.0145275426069 1.0002528429031372
1389.035360742419 1.0001473426818848
1389.056193941722 1.0000377893447876
1389.0770271405365 0.9999606013298035
1389.097860338853 1.000290870666504
1389.1186935366711 1.0002931356430054
1389.1395267339917 0.9981124401092529
1389.1603599308044 0.9999841451644897
1389.18119312713 1.0003247261047363
1389.2020263229585 0.9999895691871643
1389.2228595182908 1.0002808570861816
1389.2436927131257 1.000151515007019
1389.264525907455 1.0004366636276245
1389.285359101298 1.000174641609192
1389.3061922946451 1.0002201795578003
1389.3270254874965 1.0001952648162842
1389.347858679878 0.9999002814292908
1389.3686918717617 1.0003045797348022
1389.3895250631185 1.0001087188720703
1389.4103582539906 0.9996590614318848
1389.4311914443679 1.000130295753479
1389.4520246342515 1.0000338554382324
1389.4728578236409 1.0000042915344238
1389.4936910125368 0.9999836683273315
1389.5145242009294 0.9999710321426392
1389.5353573888387 0.9999611973762512
1389.5561905762556 1.0001164674758911
1389.5770237631793 1.0003483295440674
1389.597856949611 1.000091552734375
1389.6186901355402 1.0001864433288574
1389.6395233209876 0.9999026656150818
1389.6603565059434 1.000005841255188
1389.6811896904078 1.0000853538513184
1389.7020228743809 0.9998871088027954
1389.722856057863 1.0000046491622925
1389.7436892408448 1.0000636577606201
1389.7645224233454 0.9999080300331116
1389.7853556053565 1.0001689195632935
1389.806188786877 0.9998248219490051
1389.8270219679084 1.0002766847610474
1389.84785514845 1.0000923871994019
1389.8686883284922 0.9998534321784973
1389.8895215080559 1.0001076459884644
1389.9103546871302 0.999952495098114
1389.9311878657165 0.9998303651809692
1389.9520210438143 1.0000704526901245
1389.972854221424 0.9996604323387146
1389.9936873985362 1.0000145435333252
1390.014520575171 0.9997104406356812
1390.0353537513183 0.9995741248130798
1390.0561869269784 1.000046730041504
1390.0770201021521 0.999977171421051
1390.097853276829 1.000091791152954
1390.1186864510298 0.9999274015426636
1390.1395196247443 1.0000994205474854
1390.1603527979735 1.0000067949295044
1390.181185970717 0.9999011754989624
1390.202019142975 1.0000070333480835
1390.2228523147382 1.0000629425048828
1390.2436854860364 0.9246799349784851
1390.2853518271502 0.9997962713241577
1390.3061849969858 0.9997695684432983
1390.327018166338 0.999982476234436
1390.3478513352063 1.0002387762069702
1390.3686845035818 0.999852180480957
1390.389517671484 1.0003265142440796
1390.410350838904 1.0001654624938965
1390.431184005841 1.000186800956726
1390.4520171722966 1.0001213550567627
1390.4728503382696 1.0000858306884766
1390.493683503751 0.9999773502349854
1390.5145166687616 1.000118374824524
1390.5353498332906 1.000011682510376
1390.5561829973394 1.000069260597229
1390.5770161609073 1.0003827810287476
1390.597849323995 1.0001130104064941
1390.6186824866031 1.0002925395965576
1390.639515648721 1.0000505447387695
1390.6603488103697 0.9999118447303772
1390.6811819715392 0.9999565482139587
1390.70201513223 1.0001002550125122
1390.722848292442 1.000234603881836
1390.743681452176 1.00005042552948
1390.7645146114216 1.000109076499939
1390.7853477702 1.0001178979873657
1390.8061809285011 1.0002611875534058
1390.8270140863244 0.9999194145202637
1390.8478472436716 0.9998393654823303
1390.8686804005417 0.9998069405555725
1390.8895135569262 1.0000016689300537
1390.9103467128443 1.000105381011963
1390.931179868287 1.0000672340393066
1390.9520130232545 0.9997619390487671
1390.972846177747 1.0002199411392212
1390.9936793317645 0.999920666217804
1391.0145124852982 0.9998525381088257
1391.0353456383675 1.0002822875976562
1391.0561787909633 0.9998700618743896
1391.0770119430858 1.0002779960632324
1391.0978450947348 0.999954879283905
1391.1186782459115 1.000507116317749
1391.1395113966155 0.9998708367347717
1391.1603445468477 0.9999592304229736
1391.1811776965978 1.0001832246780396
1391.202010845887 0.9999895095825195
1391.2228439947046 0.9999573826789856
1391.243677143052 1.0000416040420532
1391.2645102909287 0.9999767541885376
1391.2853434383358 0.9998586177825928
1391.306176585263 1.0002100467681885
1391.327009731731 1.000062346458435
1391.3478428777303 1.000140905380249
1391.3686760232606 1.0003918409347534
1391.389509168323 0.999800443649292
1391.4103423129175 1.0002340078353882
1391.431175457035 0.9999639987945557
1391.4520086006946 0.9996815323829651
1391.4728417438885 1.0001968145370483
1391.4936748866153 0.9998598098754883
1391.5145080288771 0.9999293684959412
1391.535341170673 1.000044345855713
1391.5561743120038 0.9989959597587585
1391.5770074528702 1.0001144409179688
1391.5978405932622 1.0000554323196411
1391.6186737332002 1.0001871585845947
1391.6395068726752 0.9999533295631409
1391.6603400116871 1.000359296798706
1391.6811731502366 1.0000563859939575
1391.7020062883141 0.9999684691429138
1391.7228394259398 0.9999430179595947
1391.7436725631044 1.0002729892730713
1391.764505699808 1.0001072883605957
1391.7853388360518 1.0002293586730957
1391.8061719718355 1.0003708600997925
1391.82700510716 0.9998865723609924
1391.8478382420258 0.9998227953910828
1391.8686713764232 0.9998258352279663
1391.8895045103723 1.0002429485321045
1391.9103376438648 1.0000090599060059
1391.9311707768995 1.0000497102737427
1391.952003909479 1.000453233718872
1391.9728370416021 0.9998056888580322
1391.99367017326 1.0002340078353882
1392.014503304473 0.9997947812080383
1392.0353364352318 0.9999260306358337
1392.0561695655372 0.9999439120292664
1392.0770026953892 0.9998223185539246
1392.097835824789 1.0002135038375854
1392.118668953737 0.9997625946998596
1392.139502082233 0.9997264742851257
1392.1603352102688 1.000044822692871
1392.1811683378642 1.0001271963119507
1392.2020014650102 0.9998622536659241
1392.222834591707 1.0002005100250244
1392.2436677179555 0.9994953274726868
1392.2645008437564 0.9978460669517517
1392.2853339691103 0.9979158639907837
1392.3061670940178 1.0000669956207275
1392.32700021847 0.9988592863082886
1392.3478333424869 1.0000656843185425
1392.3686664660593 0.9997852444648743
1392.3894995891883 0.9998948574066162
1392.4103327118742 1.0002175569534302
1392.4311658341182 1.000410556793213
1392.4519989559108 0.999970555305481
1392.4728320772722 0.9999250173568726
1392.493665198194 0.9999023675918579
1392.5144983186767 0.9999938011169434
1392.5353314387214 0.999770998954773
1392.556164558328 0.9999215006828308
1392.576997677498 0.9999372363090515
1392.597830796222 0.9998645186424255
1392.6186639145208 1.000167727470398
1392.6394970323859 0.9999169111251831
1392.6603301498174 0.9997525215148926
1392.6811632668164 0.99970543384552
1392.7019963833843 1.0000234842300415
1392.722829499521 1.0000698566436768
1392.7436626152185 0.9200813174247742
1392.7853288453477 1.0002731084823608
1392.8061619597718 1.0002374649047852
1392.8269950737704 1.0000990629196167
1392.8478281873442 1.0003325939178467
1392.8686613004943 1.0003331899642944
1392.8894944132219 1.000536561012268
1392.910327525518 1.0002105236053467
1392.931160637404 0.999883770942688
1392.95199374887 1.000227689743042
1392.9728268599188 1.0002532005310059
1392.9936599705502 0.9999832510948181
1393.0144930807662 1.0001550912857056
1393.035326190568 1.0002408027648926
1393.056159299956 0.9999117255210876
1393.0769924089325 0.9999532699584961
1393.0978255174882 0.9998730421066284
1393.1186586256445 1.0001461505889893
1393.1394917334412 1.0002506971359253
1393.1603248408255 1.0001174211502075
1393.1811579477624 1.000162959098816
1393.2019910542951 1.0002820491790771
1393.2228241604162 1.0001109838485718
1393.2436572661463 1.0001412630081177
1393.2644903714772 1.000024437904358
1393.2853234764107 1.0002905130386353
1393.306156580948 0.9998970031738281
1393.3269896850913 1.0000532865524292
1393.3478227888418 0.9999668598175049
1393.3686558921916 1.0000529289245605
1393.3894889951614 0.9999892115592957
1393.4103220977447 1.0002613067626953
1393.4311551999422 1.0001205205917358
1393.4519883017558 1.00022554397583
1393.472821403188 1.000235676765442
1393.4936545042399 0.9998594522476196
1393.5144876049144 1.0003981590270996
1393.535320705213 1.0000510215759277
1393.556153805128 1.0002341270446777
1393.5769869046815 1.0000885725021362
1393.5978200038653 0.9998965859413147
1393.6186531026826 1.0002496242523193
1393.6394862011343 1.0002012252807617
1393.6603192992245 1.0005254745483398
1393.6811523969543 0.9998250007629395
1393.7019854943264 1.0002270936965942
1393.7228185913336 1.0004693269729614
1393.7436516879984 1.0000360012054443
1393.7644847843133 1.0005736351013184
1393.7853178802814 1.0003327131271362
1393.806150975905 0.9998935461044312
1393.8269840711873 1.0000861883163452
1393.8478171661309 1.0001310110092163
1393.868650260739 1.000555157661438
1393.8894833550048 1.00011146068573
1393.910316448951 1.0005875825881958
1393.9311495425716 1.0002527236938477
1393.951982635869 1.0003455877304077
1393.972815728847 1.000333309173584
1393.9936488215092 1.0002508163452148
1394.0144819138588 1.0000666379928589
1394.0353150059 1.0004663467407227
1394.056148097636 1.0000935792922974
1394.076981189061 1.0007014274597168
1394.097814280199 1.000392198562622
1394.1186473710436 1.000240683555603
1394.139480461599 1.0006093978881836
1394.16031355187 1.0000673532485962
1394.1811466418608 1.0003976821899414
1394.2019797315752 1.0006669759750366
1394.2228128210188 1.0006766319274902
1394.2436459101855 1.0003478527069092
1394.264478999101 1.0004338026046753
1394.2853120877587 0.9998988509178162
1394.306145176166 1.0003753900527954
1394.3269782643258 1.0001225471496582
1394.3478113522456 1.0004802942276
1394.3686444399295 1.000251054763794
1394.3894775273834 1.0004647970199585
1394.4103106146135 1.000496506690979
1394.4311437016154 1.0002143383026123
1394.4519767884153 1.0001598596572876
1394.47280987501 1.000335931777954
1394.4936429614054 1.0001407861709595
1394.5144760476082 1.0004315376281738
1394.5353091336253 1.0002723932266235
1394.556142219464 1.0002548694610596
1394.5769753051302 1.0003700256347656
1394.597808390623 1.0006004571914673
1394.6186414759688 1.0002011060714722
1394.6394745611653 1.0000971555709839
1394.660307646221 1.000651478767395
1394.6811407311438 1.000311255455017
1394.7019738159418 0.9999677538871765
1394.7228069006237 0.9989878535270691
1394.7436399851981 1.000288724899292
1394.7644730696638 1.0001857280731201
1394.7853061540607 1.000285267829895
1394.8061392383574 1.0007137060165405
1394.8269723225935 1.000319480895996
1394.847805406769 1.0003691911697388
1394.8686384908942 0.9996254444122314
1394.8894715749784 1.0003690719604492
1394.9103046590328 1.0005624294281006
1394.9311377430674 1.0005686283111572
1394.9519708270939 1.0004603862762451
1394.9728039111224 1.000815987586975
1394.9936369951547 1.0005844831466675
1395.0144700792214 1.0005054473876953
1395.0353031633254 1.0003116130828857
1395.056136247477 1.0004674196243286
1395.0769693316888 1.000333309173584
1395.0978024159729 0.9998233914375305
1395.1186355003408 1.0003125667572021
1395.1394685848054 1.0003877878189087
1395.1603016693684 1.000117540359497
1395.1811347540627 1.000124454498291
1395.2019678388904 1.0006061792373657
1395.2228009238638 0.9999851584434509
1395.2436340089957 0.8913998007774353
1395.2853001797823 1.0007271766662598
1395.3061332654615 1.000687599182129
1395.3269663513474 1.001126766204834
1395.3477994374414 1.0006436109542847
1395.3686325237747 1.0007836818695068
1395.3894656103485 1.0007389783859253
1395.4102986971734 1.0005826950073242
1395.431131784259 1.0006223917007446
1395.5977964913368 1.0005663633346558
1395.6186295811149 1.0005085468292236
1395.639462671214 1.000510334968567
1395.6602957616585 1.0004088878631592
1395.681128852421 1.0005006790161133
1395.701961943479 1.0003451108932495
1395.7227950348502 1.0008182525634766
1395.74362812653 1.0003894567489624
1395.7644612185104 1.0003033876419067
1395.7852943107841 1.000257134437561
1395.8061274033298 0.9999447464942932
1395.8269604961565 1.000462293624878
1395.8477935892404 1.000346064567566
1395.8686266825669 0.9999392628669739
1395.8894597761193 1.0003576278686523
1395.9102928698796 1.0002622604370117
1395.9311259638284 1.0003265142440796
1395.9519590579453 1.0001078844070435
1395.9727921521971 1.000061273574829
1395.9936252465905 1.0001050233840942
1396.014458341071 1.0001578330993652
1396.0352914356135 1.0000633001327515
1396.0561245302108 1.0002623796463013
1396.0769576248254 1.0004770755767822
1396.0977907194292 1.0005953311920166
1396.1186238139937 1.0002354383468628
1396.1394569084898 1.000472068786621
1396.1602900028881 1.0002375841140747
1396.1811230971587 0.9999449253082275
1396.2019561912618 1.0001769065856934
1396.2227892851988 1.0002433061599731
1396.2436223789 0.999936580657959
1396.2644554723656 0.9999918937683105
1396.2852885655577 1.00014328956604
1396.3061216584479 1.0002690553665161
1396.326954751009 1.0001577138900757
1396.3477878432138 1.0002288818359375
1396.3686209350362 1.0001307725906372
1396.3894540264514 0.9999364614486694
1396.4102871174343 1.0001322031021118
1396.431120207952 0.9996565580368042
1396.4519532980012 1.0001200437545776
1396.5144525650699 0.9992515444755554
1396.5352856530008 0.9995056390762329
1396.5561187403548 0.999164879322052
1396.6602841679294 1.0001041889190674
1396.6811172514979 1.0000426769256592
1396.7019503344027 1.0002658367156982
1396.7227834166242 1.0001435279846191
1396.7436164981516 1.0002784729003906
1396.7644495789768 1.0001076459884644
1396.7852826590915 1.0001552104949951
1396.8061157384889 1.0000661611557007
1396.8269488171613 1.0001682043075562
1396.8477818951037 1.0000615119934082
1396.8686149723098 1.0005528926849365
1396.8894480487654 1.0003184080123901
1396.910281124485 0.9998949766159058
1396.9311141994565 1.0001767873764038
1396.9519472736745 1.0002882480621338
1396.9727803471378 1.0002632141113281
1396.9936134198433 1.0002593994140625
1397.0144464917882 0.9983183741569519
1397.0352795629717 1.0002998113632202
1397.0561126333919 1.0004903078079224
1397.0769457030478 1.0002810955047607
1397.0977787719391 1.0002304315567017
1397.1186118400644 1.0003373622894287
1397.1394449074244 1.0002961158752441
1397.1602779740085 1.0001965761184692
1397.1811110398376 1.0002875328063965
1397.201944104901 1.0002521276474
1397.2227771692008 0.9999738335609436
1397.2436102327367 0.999954104423523
1397.26444329551 1.0001916885375977
1397.2852763575222 1.0004280805587769
1397.306109418774 1.0002093315124512
1397.3269424792672 0.9999215602874756
1397.3477755390031 1.0003223419189453
1397.3686085979837 1.0002343654632568
1397.3894416562102 0.9999184012413025
1397.4102747136747 0.999960720539093
1397.4311077703992 1.0000163316726685
1397.451940826375 1.000266671180725
1397.4727738816052 1.0000964403152466
1397.4936069360908 0.999967098236084
1397.5144399898345 1.0004063844680786
1397.5352730428383 1.0001275539398193
1397.5561060951047 1.0003890991210938
1397.5769391466354 1.0004276037216187
1397.597772197433 1.0001637935638428
1397.6186052474998 1.000226616859436
1397.639438296838 1.0002663135528564
1397.6602713454502 1.0003011226654053
1397.6811043933385 1.000213861465454
1397.701937440495 0.9999394416809082
1397.7227704869429 1.00047767162323
1397.743603532674 1.0001037120819092
1397.7644365776903 1.0001773834228516
1397.7852696219948 1.0000172853469849
1397.8061026655894 0.9999707937240601
1397.8269357084769 1.0001626014709473
1397.8477687506593 1.0001457929611206
1397.8686017921393 0.9999414682388306
1397.889434832919 1.0001715421676636
1397.9102678730005 1.0002549886703491
1397.9311009123771 1.0000932216644287
1397.95193395108 1.0000227689743042
1397.9727669890717 1.0001680850982666
1397.9936000263847 1.0004061460494995
1398.0144330630112 1.0002492666244507
1398.0352660989533 1.000227451324463
1398.0560991342138 1.0003490447998047
1398.0769321687944 1.000362515449524
1398.0977652026972 0.9997833967208862
1398.1185982359248 1.0001431703567505
1398.1394312684786 1.0003479719161987
1398.1602643003616 1.0000814199447632
1398.1810973315753 1.0000416040420532
1398.2019303621225 1.0000303983688354
1398.2227633920043 0.9999623894691467
1398.2435964212236 1.0
1398.2644294497718 1.0000333786010742
1398.285262477671 0.9999036192893982
1398.3060955049139 1.000166416168213
1398.3269285315014 1.000109314918518
1398.3477615574361 1.0001500844955444
1398.3685945827197 1.0001658201217651
1398.3894276073543 0.9998623728752136
1398.4102606313413 1.0001306533813477
1398.4310936546833 1.0000371932983398
1398.451926677382 0.9999752640724182
1398.4727596994383 0.9997645020484924
1398.493592720855 1.0002961158752441
1398.5144257416234 1.0001754760742188
1398.5352587617754 0.9997140765190125
1398.5560917812725 1.000004768371582
1398.5769248001468 1.000282883644104
1398.5977578183897 1.0003890991210938
1398.6185908360032 1.0000767707824707
1398.6394238529886 0.9999457001686096
1398.6602568693474 0.9997744560241699
1398.6810898850817 0.9997918605804443
1398.7019229001933 0.9141024947166443
1398.7435889285523 0.999879777431488
1398.7644219418028 1.0002862215042114
1398.7852549544373 1.0002614259719849
1398.8060879664556 0.9999967217445374
1398.8269209778603 0.9999336004257202
1398.8477539886424 1.000034213066101
1398.8685869988233 0.9999758005142212
1398.8894200083944 1.0001193284988403
1398.9102530173577 0.9999889135360718
1398.9310860257137 1.0002259016036987
1398.9519190334647 1.0002264976501465
1398.972752040611 1.0002601146697998
1398.9935850471552 1.0001758337020874
1399.0144180530972 1.0002710819244385
1399.0352510584398 1.0004273653030396
1399.0560840631833 1.0002554655075073
1399.076917067329 1.0000150203704834
1399.0977500708786 1.0002158880233765
1399.1185830738334 1.0001882314682007
1399.139416076194 1.0001094341278076
1399.1602490779621 1.0001282691955566
1399.1810820791288 1.000016212463379
1399.2019150797157 1.0001847743988037
1399.2227480797228 1.0000523328781128
1399.2435810791228 1.0001957416534424
1399.2644140779455 1.000350832939148
1399.2852470761834 1.0004875659942627
1399.3060800738365 1.000166654586792
1399.326913070906 1.0002511739730835
1399.3477460673935 1.0000286102294922
1399.3685790632996 0.9998796582221985
1399.389412058626 1.0003517866134644
1399.410245053373 0.9999921917915344
1399.4310780475423 1.0001121759414673
1399.4519110411345 1.000159740447998
1399.472744034151 1.0002498626708984
1399.4935770265927 1.0002175569534302
1399.5144100184605 1.0001623630523682
1399.535243009755 1.0000946521759033
1399.556076000478 1.0003130435943604
1399.5769089906296 1.0000373125076294
1399.5977419802016 0.9999725222587585
1399.6185749692145 1.0002282857894897
1399.639407957659 1.0002349615097046
1399.6602409455365 1.0000616312026978
1399.6810739328478 0.9999212622642517
1399.7019069195933 1.0000131130218506
1399.7227399057747 1.0000044107437134
1399.7435728913922 1.0003645420074463
1399.7644058764477 0.9997177720069885
1399.7852388609404 0.9999573230743408
1399.8060718448728 1.0001626014709473
1399.8269048282443 1.0002950429916382
1399.8477378110574 1.0002437829971313
1399.8685707933116 0.9999032616615295
1399.8894037750078 1.0001153945922852
1399.9102367561477 0.9999510645866394
1399.9310697367312 0.9998527765274048
1399.9519027167594 0.9999126195907593
1399.9727356962333 0.99986732006073
1399.9935686751433 1.0001354217529297
1400.014401653511 1.0003480911254883
1400.0352346313255 1.0000839233398438
1400.0560676085895 1.0002083778381348
1400.0769005853022 1.0001697540283203
1400.0977335614655 1.0001225471496582
1400.118566537079 0.9999250769615173
1400.1393995121446 1.000170350074768
1400.1602324866622 1.0000505447387695
1400.1810654606327 0.9998472332954407
1400.2018984340568 1.0000042915344238
1400.2227314069353 1.0001450777053833
1400.243564379269 0.9999181032180786
1400.264397351058 1.000192403793335
1400.285230322304 1.0000649690628052
1400.3060632930064 0.9998608827590942
1400.3268962631673 1.0001620054244995
1400.347729232786 0.9998063445091248
1400.368562201864 0.999835193157196
1400.3893951704013 1.0001600980758667
1400.4102281383894 0.9999724626541138
1400.4310611058581 0.9998807311058044
1400.4518940727683 0.9999949336051941
1400.4727270391509 1.0001189708709717
1400.493560004996 1.0000019073486328
1400.5143929703047 1.000137209892273
1400.5352259350775 0.9999743103981018
1400.5560588993146 0.9998928904533386
1400.5768918630174 1.0001368522644043
1400.5977248261852 1.0001556873321533
1400.61855778882 0.9998911023139954
1400.639390750921 0.9996978044509888
1400.6602237124903 0.9987491965293884
1400.6810566735273 0.9997352361679077
1400.7018896340328 0.9076293110847473
1400.7435555534519 1.0001314878463745
1400.7643885123666 0.9998924136161804
1400.7852214707518 1.0002275705337524
1400.8060544286088 1.0001063346862793
1400.8268873859374 0.9998900294303894
1400.8477203427383 0.9998721480369568
1400.8685532990123 1.0001490116119385
1400.88938625476 0.9998645186424255
1400.910219209971 1.0000685453414917
1400.9310521646769 0.9998049139976501
1400.9518851188373 0.9998642802238464
1400.972718072483 1.000159502029419
1400.993551025605 0.999938428401947
1401.0143839782036 0.9998615384101868
1401.0352169302787 1.000150442123413
1401.0560498818313 1.000040888786316
1401.0768828328617 1.0001147985458374
1401.0977157834743 1.0000851154327393
1401.1185487335551 0.9999026656150818
1401.1393816830239 1.0000576972961426
1401.160214631972 0.999823272228241
1401.1810475804007 1.0001250505447388
1401.2018805283099 0.9999750852584839
1401.2227134757002 1.0002329349517822
1401.243546422572 1.000125527381897
1401.264379368926 1.0003011226654053
1401.285212314762 1.0001986026763916
1401.3060452600812 0.9999080896377563
1401.3268782048835 1.0000767707824707
1401.3477111491698 1.0000847578048706
1401.36854409294 1.0000839233398438
1401.389377036195 1.000192642211914
1401.4102099789347 1.0000308752059937
1401.43104292116 1.000157356262207
1401.4518758628717 1.0001059770584106
1401.4727088040588 1.0001006126403809
1401.493541744753 1.0000181198120117
1401.514374684924 1.0001572370529175
1401.5352076245729 0.9997770190238953
1401.556040563719 0.999771773815155
1401.576873502354 1.0001174211502075
1401.5977064404774 1.0000560283660889
1401.61853937809 1.0003606081008911
1401.6393723151916 0.9999945759773254
1401.6602052517835 0.9998935461044312
1401.6810381878656 1.0000838041305542
1401.7018711234382 0.9999479055404663
1401.7227040585014 1.0001696348190308
1401.7435369930568 1.0001698732376099
1401.764369927103 1.0000969171524048
1401.785202860642 0.9998307228088379
1401.806035793673 1.0001260042190552
1401.826868726197 0.9998596906661987
1401.847701658214 1.0001546144485474
1401.8685345897247 0.9999426007270813
1401.8893675207294 0.9997177720069885
1401.9102004512283 0.9998708963394165
1401.9310333812218 1.0001500844955444
1401.95186631071 1.000159740447998
1401.972699239694 0.9998974800109863
1401.9935321681733 1.0001389980316162
1402.0143650961488 1.0001040697097778
1402.0351980236205 0.9998521208763123
1402.056030950589 1.000044822692871
1402.0768638770544 0.9999242424964905
1402.0976968030175 0.999843955039978
1402.1185297284783 1.000143051147461
1402.1393626534366 1.0002318620681763
1402.160195577894 0.9999837875366211
1402.1810285018494 0.99988853931427
1402.2018614253045 1.0002226829528809
1402.2226943482585 0.9996942281723022
1402.2435272707023 0.9998522996902466
1402.2643601926661 0.9997875094413757
1402.2851931141101 1.0001161098480225
1402.3060260350749 0.9996817708015442
1402.3268589555305 0.9999483227729797
1402.3476918754775 0.9999766945838928
1402.3685247949459 1.0000954866409302
1402.3893577138965 0.9997259974479675
1402.4101906323594 0.9999383091926575
1402.4310235503242 0.9997265934944153
1402.4518564677926 0.9999627470970154
1402.4726893847635 1.0001342296600342
1402.493522301238 0.9999222755432129
1402.5143552172162 0.9998214244842529
1402.5351881326985 0.9995288252830505
1402.5560210476851 0.9995905160903931
1402.5768539621763 1.000037431716919
1402.5976868761727 0.999819815158844
1402.6185197896739 0.9999046325683594
1402.639352702681 0.9995405077934265
1402.6601856151935 0.9995520114898682
1402.6810185272127 0.9989829659461975
1402.7018514387375 0.9195048213005066
1402.7435172603082 1.0003266334533691
1402.7643501703546 1.0001893043518066
1402.7851830799084 1.0000571012496948
1402.8060159889696 0.9999563097953796
1402.8268488975393 1.000087022781372
1402.8476818056172 1.0000450611114502
1402.868514713204 1.0001237392425537
1402.8893476202995 1.0002872943878174
1402.9101805269042 1.0001035928726196
1402.9310134330185 0.9997668266296387
1402.9518463386426 1.0002192258834839
1402.9726792437766 0.9999289512634277
1402.9935121484214 1.0002180337905884
1403.0143450525761 0.9999960660934448
1403.0351779562425 0.9999350309371948
1403.056010859419 1.0002920627593994
1403.076843762108 0.999985933303833
1403.097676664308 0.999846339225769
1403.1185095660203 0.9999943375587463
1403.1393424672444 1.000415563583374
1403.1601753679815 1.0002542734146118
1403.1810082682312 1.0000842809677124
1403.2018411679937 0.9999415278434753
1403.2226740672697 0.9999598860740662
1403.2435069660592 1.0001020431518555
1403.2643398643625 1.000075340270996
1403.2851727621799 1.0000633001327515
1403.306005659512 0.9999011754989624
1403.3268385563579 1.000244379043579
1403.3476714527194 0.9999545216560364
1403.3685043485957 1.0002074241638184
1403.3893372439875 1.000197172164917
1403.4101701388952 0.9999713897705078
1403.4310030333186 1.0002678632736206
1403.451835927258 0.99986332654953
1403.472668820714 0.9998152852058411
1403.4935017136863 0.9998875260353088
1403.5143346061761 0.9998723268508911
1403.5351674981828 0.9999779462814331
1403.556000389707 0.9998772144317627
1403.5768332807488 0.9998448491096497
1403.597666171309 1.0000061988830566
1403.6184990613767 0.9997524619102478
1403.6393319509834 1.0002628564834595
1403.6601648400992 0.9999547004699707
1403.6809977287332 1.0002630949020386
1403.701830616887 0.9999040961265564
1403.7226635045502 1.0000816583633423
1403.743496391753 1.000136375427246
1403.764329278466 0.9999123811721802
1403.785162164699 0.9998366832733154
1403.8059950504528 1.000044345855713
1403.826827935727 1.0000301599502563
1403.8476608205124 0.9999752044677734
1403.868493704839 0.9999943971633911
1403.8893265886775 1.000027060508728
1403.9101594720375 0.9999524354934692
1403.9309923549197 1.0000090599060059
1403.951825237314 0.9996479749679565
1403.972658119251 0.9997240304946899
1403.9934910007005 1.000042200088501
1404.0143238816634 0.9999414682388306
1404.0351567621694 1.0003262758255005
1404.055989642179 1.0000652074813843
1404.0768225217225 1.000009298324585
1404.0976554008 0.9999531507492065
1404.1184882793818 0.9997968077659607
1404.1393211575082 1.0000306367874146
1404.1601540351494 1.0003281831741333
1404.180986912306 1.0000447034835815
1404.2018197890077 0.9999710321426392
1404.222652665215 0.9999606609344482
1404.2434855409683 0.9999321699142456
1404.2643184162373 0.9999603033065796
1404.2851512910233 0.9999916553497314
1404.3059841653553 0.9997152090072632
1404.3268170392048 0.9997925758361816
1404.347649912571 0.9999518394470215
1404.3684827854847 0.9997631907463074
1404.3893156579163 0.999596893787384
1404.4101485298756 0.9997706413269043
1404.4309814013632 0.9993861317634583
1404.4518142723691 0.999406099319458
1404.472647142924 0.9997090101242065
1404.493480012998 0.9995265603065491
1404.5143128826007 0.9997714757919312
1404.5351457517236 0.9998346567153931
1404.555978620396 0.9996961951255798
1404.576811488588 0.9997301697731018
1404.597644356311 0.9989359974861145
1404.618477223564 0.9988433122634888
1404.6393100903483 0.9996140003204346
1404.6601429566635 0.9993559122085571
1404.6809758225104 0.9996579885482788
1404.7018086878886 0.89439457654953
1404.7434744172415 1.000072956085205
1404.7643072812166 0.9999295473098755
1404.7851401447244 1.0000487565994263
1404.8059730077653 1.000136375427246
1404.8268058703395 1.000288486480713
1404.8476387324472 1.0001949071884155
1404.8684715940892 1.000144362449646
1404.889304455265 1.0001908540725708
1404.9101373159756 0.9999330639839172
1404.9309701762209 1.0003119707107544
1404.9518030360011 0.9999119639396667
1404.9726358953171 0.9998100399971008
1404.993468754168 0.9999569058418274
1405.0143016125555 1.000166893005371
1405.0351344704786 0.9999524354934692
1405.055967327939 0.9999330639839172
1405.076800184936 1.000041127204895
1405.0976330414699 0.9998547434806824
1405.1184658975415 1.000060796737671
1405.1392987531506 1.0000367164611816
1405.160131608298 0.9996516704559326
1405.1809644629834 1.000003695487976
1405.2017973172078 1.0001436471939087
1405.2226301709713 1.0001182556152344
1405.2434630242738 1.0001572370529175
1405.2642958771162 1.0000643730163574
1405.2851287294989 1.000339150428772
1405.305961581421 0.9999310970306396
1405.3267944328845 1.0000520944595337
1405.3476272838882 1.000147819519043
1405.368460134434 1.0001235008239746
1405.3892929845208 1.0000663995742798
1405.4101258341498 1.0000135898590088
1405.4309586833208 0.9999197125434875
1405.4517915320348 1.0001189708709717
1405.4726243802918 0.9998138546943665
1405.493457228092 0.9999438524246216
1405.5142900754358 1.0000686645507812
1405.5351229223236 1.0000126361846924
1405.5559557687561 0.9999958276748657
1405.576788614733 1.000119686126709
1405.5976214602556 1.0000492334365845
1405.618454305323 0.9999542236328125
1405.639287149937 1.0000296831130981
1405.6601199940967 1.000218391418457
1405.6809528378035 1.000227928161621
1405.7017856810571 0.9997836351394653
1405.722618523858 1.0001518726348877
1405.743451366207 1.000002384185791
1405.764284208104 0.9999591112136841
1405.7851170495496 0.9998326897621155
1405.8059498905445 1.0000853538513184
1405.8267827310883 0.9998578429222107
1405.8476155711826 0.9997033476829529
1405.8684484108267 1.0000323057174683
1405.8892812500217 0.9999327063560486
1405.910114088768 0.9995832443237305
1405.9309469270754 1.0000746250152588
1405.9517797649155 0.9997249841690063
1405.9726126023277 0.9998384118080139
1405.9934454392726 0.9998728632926941
1406.014278275781 0.9999896883964539
1406.035111111853 0.9999182224273682
1406.05594394747 0.9995779991149902
1406.0767767826312 0.9993632435798645
1406.0976096173679 0.9999174475669861
1406.1184424516505 0.9993866086006165
1406.139275285489 0.9999023675918579
1406.1601081188844 0.999896764755249
1406.180940951837 0.9996717572212219
1406.2017737843476 0.9996318817138672
1406.2226066164162 0.9454728364944458
1406.285105109978 0.9978471398353577
1406.305937940285 0.9982007145881653
1406.3267707701539 0.9981381893157959
1406.3476035995839 0.9974555373191833
1406.3684364285762 0.9980334043502808
1406.3892692571312 0.9977132081985474
1406.4101020852497 0.9982386231422424
1406.430934912932 0.9974811673164368
1406.4517677401789 0.9969977736473083
1406.4726005669909 0.9963041543960571
1406.493433393369 0.9972249865531921
1406.5142662193134 0.9972882270812988
1406.5350990448253 0.9963557720184326
1406.5559318699047 0.9978042840957642
1406.5767646945528 0.9967628717422485
1406.5975975187703 0.9971303939819336
1406.618430342557 0.9973316788673401
1406.639263165915 0.9972497224807739
1406.6600959888438 0.9975208640098572
1406.680928811345 0.9968095421791077
1406.701761633419 0.9966000914573669
1406.7225944550664 0.997441828250885
1406.7434272762882 0.9972694516181946
1406.7642600970953 0.9966047406196594
1406.7850929174679 0.9964259266853333
1406.8059257374075 0.9972522258758545
1406.8267585569447 0.9963151812553406
1406.8475913760506 0.9971874356269836
1406.8684241947353 0.9973880648612976
1406.8892570130006 0.9966536164283752
1406.9100898308466 0.9967424869537354
1406.9309226482749 0.9974091649055481
1406.951755465286 0.9959816932678223
1406.972588281881 0.99570631980896
1406.9934210980607 0.9960889220237732
1407.0142539138262 0.9969240427017212
1407.0350867291786 0.9954847693443298
1407.0559195441188 0.996648371219635
1407.0767523586483 0.9959298968315125
1407.0975851727671 0.9967937469482422
1407.1184179864777 0.9962322115898132
1407.1392507997796 0.9955186247825623
1407.1600836126754 0.9964568018913269
1407.1809164251656 0.9950418472290039
1407.201749237251 0.9959295988082886
1407.2225820489336 0.9958353042602539
1407.2434148602144 0.9959455728530884
1407.2642476710942 0.9954593181610107
1407.2850804815746 0.9957553148269653
1407.305913291661 0.9960383772850037
1407.32674610135 0.9951117038726807
1407.3475789106503 0.9954380393028259
1407.3684117195462 0.9957582950592041
1407.38924452804 0.9951160550117493
1407.4100773361622 0.9946895837783813
1407.4309101438753 0.9948239326477051
1407.4517429512202 0.9943748712539673
1407.4725757581682 0.9954394698143005
1407.493408564732 0.9956639409065247
1407.5142413709116 0.9954692125320435
1407.5350741767104 0.9951311945915222
1407.555906982129 0.9947059750556946
1407.5767397871698 0.9944917559623718
1407.597572591834 0.9946203827857971
1407.6184053961238 0.9944486021995544
1407.639238200041 0.9951956272125244
1407.6600710035875 0.9950734972953796
1407.6809038067654 0.9952222108840942
1407.7017366095765 0.9943068623542786
1407.7225694120234 0.9948339462280273
1407.7434022141074 0.9945488572120667
1407.7642350158317 0.9942349195480347
1407.7850678171974 0.9939551949501038
1407.805900618208 0.9946262836456299
1407.8267334188647 0.9946758151054382
1407.8475662191706 0.9960549473762512
1407.8683990191382 0.9943012595176697
1407.8892318187397 0.9963641166687012
1407.9100646180177 0.995772123336792
1407.9308974169453 0.9951165914535522
1407.951730215535 0.9947875142097473
1407.9725630137893 0.9946902394294739
1407.9933958117117 0.9956904053688049
1408.0142286093048 0.9955596923828125
1408.0350614065717 0.9951980710029602
1408.0558942035154 0.9953882098197937
1408.0767270001397 0.9960485696792603
1408.0975597964473 0.9957568645477295
1408.1183925924418 0.99677973985672
1408.139225388127 0.995765745639801
1408.1600581835057 0.9962280988693237
1408.1808909785827 0.9953809976577759
1408.2017237733605 0.9974785447120667
1408.2225565678445 0.9956161975860596
1408.2433893620378 0.9968220591545105
1408.2642221559443 0.9968776702880859
1408.285054949569 0.9969141483306885
1408.3058877429157 0.9965890049934387
1408.3267205359894 0.9969316720962524
1408.3475533288045 0.9968363046646118
1408.3683861213453 0.9976294636726379
1408.3892189136277 0.9968436360359192
1408.410051705656 0.9974135160446167
1408.430884497436 0.9977157115936279
1408.4517172889725 0.9973369836807251
1408.4725500802715 0.9973443746566772
1408.4933828713383 0.9981169104576111
1408.5142156621794 0.9969840049743652
1408.5350484527999 0.9974623322486877
1408.5558812432068 0.9973878264427185
1408.5767140334062 0.9975851774215698
1408.597546823405 0.9976893067359924
1408.6183796132095 0.9970420002937317
1408.6392124028273 0.9983343482017517
1408.6600451922652 0.998874843120575
1408.6808779815308 0.9987207651138306
1408.7017107706317 0.9985412955284119
1408.7225435595763 0.9989592432975769
1408.743376348372 0.9983037114143372
1408.7642091370278 0.9989063739776611
1408.7850419255622 0.9992086291313171
1408.8058747139637 0.999539315700531
1408.8267075022522 0.9993977546691895
1408.8475402904364 0.998985230922699
1408.868373078527 0.9993035793304443
1408.889205866533 0.9997305274009705
1408.9100386544653 0.9998596906661987
1408.9308714423344 1.0000817775726318
1408.951704230151 1.0000815391540527
1408.972537017927 0.9999850392341614
1408.9933698056734 0.9993687272071838
1409.0142025934015 1.0001718997955322
1409.0350353811245 1.0001126527786255
1409.0558681688542 1.0000180006027222
1409.0767009566139 0.9996841549873352
1409.0975337443865 1.0001980066299438
1409.1183665322253 1.000449299812317
1409.1391993201146 0.9999032020568848
1409.1600321080778 0.999967098236084
1409.1808648961298 0.9996931552886963
1409.2016976842847 0.9998786449432373
1409.2225304725582 0.9992581605911255
1409.2433632609655 0.9998459815979004
1409.2641960495212 1.0000550746917725
1409.285028838242 0.9995197057723999
1409.3058616271433 1.0001415014266968
1409.3266944162417 0.9997607469558716
1409.347527205553 1.0002155303955078
1409.3683599950944 1.000023603439331