1790.6815360531846 0.9988882541656494
1790.7023697995674 0.9983166456222534
1790.7232035437287 0.9986957311630249
1790.7440372858225 0.9985830187797546
1790.764871025783 0.9986196160316467
1790.7857047637576 0.9987322688102722
1790.8065384996817 0.9989091157913208
1790.8273722336958 0.9986343383789062
1790.848205965736 0.9981150031089783
1790.8690396959375 0.996904194355011
1790.889873424237 0.9962818026542664
1790.9107071507642 0.9963566660881042
1790.9315408754567 0.9973055720329285
1790.9523745984384 0.9973152279853821
1790.973208319648 0.9956480860710144
1790.9940420392043 0.9966861605644226
1791.0148757570466 0.9968281388282776
1791.03570947329 0.9967678189277649
1791.0565431878738 0.9957947731018066
1791.0773769009083 0.9968349933624268
1791.0982106123342 0.9966120719909668
1791.3898824199662 1.0045928955078125
1791.4107161103684 1.0047411918640137
1791.4315497994683 1.0049481391906738
1791.4523834873478 1.0057874917984009
1791.4732171739531 1.0064815282821655
1791.4940508593647 1.0068997144699097
1791.514884543529 1.0064584016799927
1791.535718226524 1.0065209865570068
1791.5565519082977 1.0059658288955688
1791.5773855889258 1.0055662393569946
1791.5982192683562 1.0060288906097412
1791.6190529466628 1.005198359489441
1791.6398866237948 1.0048249959945679
1791.6607202998239 1.004370927810669
1791.6815539746997 1.0045026540756226
1791.7023876484927 1.0055840015411377
1791.7232213211528 1.004278302192688
1791.744054992749 1.0048340559005737
1791.7648886632312 1.004536509513855
1791.785722332667 1.004868745803833
1791.8065560010077 1.0037918090820312
1791.827389668319 1.0035314559936523
1791.8482233345524 1.003968596458435
1791.8690569997725 1.0032873153686523
1791.889890663931 1.0038557052612305
1791.9107243270914 1.003177285194397
1791.9315579892063 1.003523349761963
1791.9523916503379 1.0028208494186401
1791.9732253104385 1.002514123916626
1791.9940589695696 1.003328800201416
1792.014892627684 1.002884864807129
1792.035726284842 1.0023068189620972
1792.056559940989 1.0024904012680054
1792.0773935961845 1.001794695854187
1792.0982272503984 1.0016217231750488
1792.1190609036883 1.0011179447174072
1792.1398945560009 1.0019969940185547
1792.1607282073926 1.0015342235565186
1792.1815618578191 1.0018774271011353
1792.2023955073362 1.0022659301757812
1792.223229155899 1.0023162364959717
1792.2440628035629 1.0019479990005493
1792.2648964502835 1.0016003847122192
1792.285730096115 1.0018056631088257
1792.3065637410139 1.0020757913589478
1792.3273973850332 1.0021874904632568
1792.3482310281297 1.001957654953003
1792.369064670356 1.0010364055633545
1792.3898983116692 1.001816987991333
1792.4107319521206 1.001741886138916
1792.4315655916682 1.0015828609466553
1792.452399230363 1.0016125440597534
1792.4732328681625 1.0014764070510864
1792.4940665051172 1.001389503479004
1792.514900141185 1.0006428956985474
1792.535733776416 1.000803828239441
1792.5565674107684 1.0009597539901733
1792.5774010442913 1.0007798671722412
1792.5982346769435 1.0014033317565918
1792.6190683087734 1.0012062788009644
1792.6399019397402 1.0017811059951782
1792.6607355698914 1.0006297826766968
1792.681569199187 1.001320242881775
1792.702402827684 0.9995920062065125
1792.723236455312 1.000718116760254
1792.7440700821578 1.0001410245895386
1792.7649037081414 1.0007882118225098
1792.785737333349 1.000781536102295
1792.806570957701 1.001168966293335
1792.8274045812834 1.00048828125
1792.8482382040163 1.0009161233901978
1792.869071825985 1.0007655620574951
1792.8899054471103 1.0017266273498535
1792.910739067477 1.001017451286316
1792.9315726870063 1.0016857385635376
1792.9524063057825 1.0012925863265991
1792.9732399237269 1.0003163814544678
1792.9940735409234 1.0011717081069946
1793.0149071572935 1.0009489059448242
1793.0357407729207 1.0010569095611572
1793.0565743877269 1.0005478858947754
1793.077408001795 1.0010349750518799
1793.0982416150573 1.001449465751648
1793.1190752275663 1.0013175010681152
1793.1399088392843 1.00124192237854
1793.1607424502536 1.0012801885604858
1793.1815760604266 1.0008823871612549
1793.2024096698756 1.0006259679794312
1793.223243278533 1.0005966424942017
1793.24407688645 1.0009067058563232
1793.2649104935904 1.0005650520324707
1793.2857440999946 1.0008976459503174
1793.3065777056163 1.0009515285491943
1793.3274113105265 1.0008854866027832
1793.348244914658 1.0005887746810913
1793.3690785180615 1.0004243850708008
1793.389912120701 1.0007152557373047
1793.4107457226157 1.00076425075531
1793.4315793237706 1.0005687475204468
1793.4524129242052 1.0007004737854004
1793.473246523883 1.0004504919052124
1793.4940801228443 1.000631332397461
1793.5149137210526 1.0003623962402344
1793.5357473185475 1.0011732578277588
1793.5565809152934 1.0002113580703735
1793.5774145113294 1.000303030014038
1793.5982481066198 1.0002384185791016
1793.6190817012036 1.000891923904419
1793.6399152950453 1.000314712524414
1793.6607488881834 1.000340461730957
1793.6815824805828 0.999745786190033
1793.702416072282 1.0004875659942627
1793.7232496632457 0.9993345737457275
1793.744083253522 1.0009362697601318
1793.764916843046 1.0004336833953857
1793.7857504318854 0.9995982050895691
1793.8065840199959 1.0003482103347778
1793.8274176074246 0.9996991753578186
1793.8482511941074 1.0006091594696045
1793.8690847801213 1.00031578540802
1793.889918365392 0.9994884729385376
1793.9107519499967 1.000532865524292
1793.931585533861 1.0004726648330688
1793.952419117062 1.0000598430633545
1793.9732526995253 1.0001431703567505
1793.994086281328 1.000440001487732
1794.0149198623958 0.9998630881309509
1794.0357534428051 0.9995560646057129
1794.0565870224825 1.0002671480178833
1794.077420601504 1.0003851652145386
1794.098254179806 1.0008034706115723
1794.1190877574345 1.0004808902740479
1794.139921334356 1.0005106925964355
1794.160754910606 1.0010677576065063
1794.1815884861421 1.0002009868621826
1794.202422061029 1.0002849102020264
1794.223255635204 0.9998244047164917
1794.2440892087125 1.0002427101135254
1794.2649227815211 0.9998222589492798
1794.285756353665 0.9999858140945435
1794.306589925112 1.0010602474212646
1794.3274234958963 0.999929666519165
1794.3482570659858 1.0002065896987915
1794.369090635415 0.9995353817939758
1794.3899242041512 0.9999389052391052
1794.410757772229 0.9998416304588318
1794.4315913396163 1.0001723766326904
1794.4524249063475 1.0002599954605103
1794.47325847239 1.00065279006958
1794.4940920377883 1.0000258684158325
1794.51492560248 1.0003688335418701
1794.535759166539 1.0005908012390137
1794.556592729894 1.0001291036605835
1794.5774262926184 1.0002719163894653
1794.5982598546404 0.9996534585952759
1794.6190934160336 0.9994747042655945
1794.6399269767264 0.9988769292831421
1794.660760536792 0.9992256164550781
1794.6815940961592 0.9989919662475586
1794.7024276549014 0.9987682104110718
1794.7232612129567 0.9987046122550964
1794.7440947703687 0.9983319640159607
1794.764928327106 0.9994269013404846
1794.785761883201 0.999114453792572
1794.8065954386136 0.9997676014900208
1794.8274289934059 0.999051570892334
1794.848262547517 0.997634768486023
1794.8690961009895 0.9981991052627563
1794.8899296537925 0.9986065626144409
1794.9107632059588 0.9984449744224548
1794.9315967574569 0.997899055480957
1794.973263858517 0.9998429417610168
1794.9940974080803 0.9982959032058716
1795.0149309569788 0.9996979236602783
1795.0357645052454 0.9994305968284607
1795.0565980528477 0.999646008014679
1795.0774315998183 0.9997397065162659
1795.0982651461288 0.9996374249458313
1795.1190986918214 0.9998252987861633
1795.1399322368338 0.9996808171272278
1795.1607657812388 0.9995312094688416
1795.1815993249652 0.9991508722305298
1795.2024328680857 0.9990268349647522
1795.2232664105293 0.998449981212616
1795.2440999523678 0.9989387392997742
1795.2649334935313 0.9990698099136353
1795.2857670340914 0.9987605810165405
1795.3066005739772 0.9991596341133118
1795.3274341132612 0.9999335408210754
1795.348267651873 0.9996687769889832
1795.3691011898838 0.999431848526001
1795.3899347272338 1.0002155303955078
1795.4107682639642 0.9993262887001038
1795.431601800045 0.9996753931045532
1795.4524353355077 0.9991482496261597
1795.4732688703223 0.9996320009231567
1795.49410240452 0.9999175667762756
1795.514935938071 0.9999371767044067
1795.5357694710062 0.9997127652168274
1795.556603003296 1.0000337362289429
1795.5774365349714 0.9994826912879944
1795.598270066003 1.0004020929336548
1795.6191035964312 0.9997908473014832
1795.6399371261966 0.9995721578598022
1795.6607706553702 1.0006085634231567
1795.6816041838822 0.9997012615203857
1795.7024377118037 1.0002601146697998
1795.7232712390648 1.0004150867462158
1795.7441047657364 0.9997368454933167
1795.7649382917493 0.9994961619377136
1795.7857718171738 1.000446081161499
1795.8066053419402 1.0000710487365723
1795.8274388661198 1.000465750694275
1795.8482723896532 0.9998810887336731
1795.8691059125802 1.0003025531768799
1795.889939434872 1.0007097721099854
1795.9107729565592 1.0001379251480103
1795.9316064776121 1.0003324747085571
1795.9524399980614 1.0001589059829712
1795.9732735178782 1.0001542568206787
1795.994107037092 0.9997335076332092
1796.0149405556745 0.9998472929000854
1796.0357740736652 0.9999587535858154
1796.0566075910056 0.9998449683189392
1796.0774411077655 0.9998776912689209
1796.0982746238765 1.0001763105392456
1796.119108139408 1.000169277191162
1796.1399416542915 1.000245213508606
1796.1607751685967 0.9997395277023315
1796.181608682255 0.999876856803894
1796.202442195336 1.0000852346420288
1796.2232757077718 0.9999101161956787
1796.2441092196311 0.9997928142547607
1796.2649427308559 1.000146746635437
1796.2857762414858 0.9996700882911682
1796.3066097514918 0.9999227523803711
1796.3274432609041 0.9998724460601807
1796.3482767696944 0.9994455575942993
1796.3691102778914 0.9998218417167664
1796.3899437854675 0.999724805355072
1796.4107772924515 0.9997808933258057
1796.4316107988154 0.9995232820510864
1796.4524443045887 1.0000271797180176
1796.473277809743 1.000044822692871
1796.4941113143173 1.0004979372024536
1796.514944818254 1.0003924369812012
1796.5357783216218 0.9994393587112427
1796.5566118243528 1.0005406141281128
1796.5774453265162 1.0003437995910645
1796.5982788280442 1.0000418424606323
1796.619112329005 1.000357747077942
1796.6399458293417 0.9997345209121704
1796.6607793290925 1.000719428062439
1796.68161282822 0.9999896883964539
1796.7024463267828 0.9998496174812317
1796.7232798247235 0.9993696212768555
1796.7441133220802 1.000747799873352
1796.764946818826 0.999322772026062
1796.785780314989 1.000396728515625
1796.8066138105419 1.0000771284103394
1796.8274473055133 0.9996798038482666
1796.8482807998757 1.000345230102539
1796.8691142936675 1.0005759000778198
1796.8899477868315 0.9996331930160522
1796.9107812794357 0.999917209148407
1796.9316147714133 1.0005900859832764
1796.9524482628321 1.0000534057617188
1796.9732817536258 1.0001904964447021
1796.9941152438616 0.9999420046806335
1797.014948733473 0.9998689293861389
1797.0357822225278 1.0001200437545776
1797.056615710959 1.0013020038604736
1797.077449198835 1.000624418258667
1797.0982826860986 1.0007930994033813
1797.1191161727877 1.000811219215393
1797.1399496588758 1.0004260540008545
1797.1607831443905 1.0007213354110718
1797.181616629305 1.0001373291015625
1797.202450113647 1.0004522800445557
1797.2232835973905 1.0003671646118164
1797.2441170805723 1.0006098747253418
1797.2649505631366 1.0003347396850586
1797.2857840451506 1.000418782234192
1797.3066175265478 1.0001866817474365
1797.327451007396 1.0005983114242554
1797.3482844876287 1.0006603002548218
1797.3691179673133 1.0007412433624268
1797.3899514463935 1.0004442930221558
1797.4107849249067 1.0007480382919312
1797.4316184028269 1.000171422958374
1797.452451880181 1.0002052783966064
1797.4732853569433 1.0005772113800049
1797.4941188331404 0.9996369481086731
1797.5149523087473 1.0003491640090942
1797.5357857838 1.0000139474868774
1797.5566192582432 0.9998171329498291
1797.577452732144 0.9998470544815063
1797.5982862054364 1.0004714727401733
1797.6191196781872 1.000145435333252
1797.6399531503312 0.9994285702705383
1797.6607866219344 1.0006242990493774
1797.681620092932 1.0004254579544067
1797.7024535633902 1.0004242658615112
1797.723287033254 0.9999749660491943
1797.7441205025598 1.0000110864639282
1797.7649539712825 0.9996757507324219
1797.785787439448 1.0002238750457764
1797.8066209070316 0.9999479651451111
1797.8274543740595 0.999954342842102
1797.8482878405068 0.9998636841773987
1797.8691213064096 0.9996508359909058
1797.8899547717133 0.9999228119850159
1797.9107882364835 1.0003560781478882
1797.9316217006558 0.9995858669281006
1797.952455164296 0.9996750950813293
1797.9732886273398 0.999860405921936
1797.9941220898527 0.9997103214263916
1798.0149555517808 1.0002751350402832
1798.035789013159 0.9995912313461304
1798.0566224739637 0.99942946434021
1798.07745593422 0.9996567964553833
1798.0982893939045 0.9994860291481018
1798.1191228530417 0.9999152421951294
1798.1399563116083 0.9991908073425293
1798.1607897696395 1.000091791152954
1798.1816232270812 0.9998322129249573
1798.2024566839889 1.000356912612915
1798.223290140329 0.9996309876441956
1798.2441235961362 0.9998895525932312
1798.2649570513574 0.9998676776885986
1798.2857905060573 0.999733567237854
1798.3066239601724 1.0001927614212036
1798.3274574137677 1.0003268718719482
1798.3482908667902 1.0002937316894531
1798.3691243192743 0.9994756579399109
1798.3899577711973 0.9996415972709656
1798.4107912225834 0.9994181990623474
1798.4316246734097 0.9998840093612671
1798.452458123701 0.9988777041435242
1798.4732915734346 0.9998504519462585
1798.4941250226443 0.9997928142547607
1798.514958471278 1.000161051750183
1798.5357919193998 0.9993928670883179
1798.556625366947 0.9991406202316284
1798.577458813984 0.9992092251777649
1798.598292260449 0.9992916584014893
1798.619125706405 0.9994732141494751
1798.6399591518007 0.9993648529052734
1798.6607925966696 0.9990734457969666
1798.6816260409896 0.9985275864601135
1798.7024594847849 0.9987680912017822
1798.7232929280335 0.9993562698364258
1798.744126370769 0.9996073246002197
1798.76495981294 0.9995982050895691
1798.7857932546099 0.999449610710144
1798.8066266957171 0.9993645548820496
1798.8274601363253 0.9987425208091736
1798.8482935763732 0.9991837739944458
1798.8691270159238 0.9986296892166138
1798.8899604549267 0.9992755055427551
1798.910793893414 0.9989463686943054
1798.9316273313657 0.9986394047737122
1798.9524607688043 0.9985899925231934
1798.9732942057099 0.9979008436203003
1798.9941276421143 0.9986342191696167
1799.014961077968 0.9984782338142395
1799.035794513333 0.9977062344551086
1799.056627948168 0.9982815980911255
1799.0774613825336 0.9989675283432007
1799.0982948163353 0.99842369556427
1799.119128249636 0.9981160163879395
1799.1399616824042 0.9976949095726013
1799.1607951146707 0.9984219074249268
1799.1816285464167 0.9976871609687805
1799.223295408394 1.0000091791152954
1799.2441288386278 0.999769926071167
1799.2649622683473 0.9996573328971863
1799.285795697583 0.9996912479400635
1799.3066291262874 0.9992794394493103
1799.327462554521 0.9994748830795288
1799.3482959822268 0.9991849064826965
1799.3691294094644 0.9999275803565979
1799.3899628361776 0.9992324709892273
1799.4107962624257 0.9995034337043762
1799.4316296881625 0.99900883436203
1799.4524631134175 0.9998666644096375
1799.473296538175 0.9997468590736389
1799.4941299624538 0.9998012781143188
1799.5149633862386 0.9995802044868469
1799.5357968095484 0.9996651411056519
1799.5566302323678 1.0001444816589355
1799.5774636547255 0.9997934699058533
1799.5982970765772 1.000128149986267
1799.619130497981 1.0000691413879395
1799.6399639188924 0.9989753365516663
1799.6607973393398 0.999760091304779
1799.681630759309 1.0002080202102661
1799.7024641788182 0.9995511770248413
1799.7232975978543 0.9995672702789307
1799.744131016434 1.000074863433838
1799.7649644345452 0.9995635151863098
1799.7857978522147 1.000054955482483
1799.8066312694 0.9997182488441467
1799.8274646861582 0.9998933672904968
1799.8482981024376 1.000187635421753
1799.8691315182944 1.0005488395690918
1799.8899649336777 1.000372290611267
1799.9107983486433 1.0005242824554443
1799.9316317631508 1.000319004058838
1799.9524651772258 1.0002503395080566
1799.9732985908586 1.0006184577941895
1799.994132004064 1.0002955198287964
1800.0149654168335 1.0003167390823364
1800.035798829191 1.0000790357589722
1800.056632241099 1.0005525350570679
1800.0774656526112 1.0003564357757568
1800.09829906368 1.000058650970459
1800.1191324743593 1.0005556344985962
1800.1399658846126 1.0006595849990845
1800.1607992944623 1.0000110864639282
1800.1816327039032 1.0006468296051025
1800.2024661129478 1.0006791353225708
1800.2232995215913 1.0000234842300415
1800.2441329298454 0.9995720982551575
1800.2649663377065 1.000093936920166
1800.2857997451954 1.0006643533706665
1800.3066331522803 1.0005519390106201
1800.3274665590109 1.0008630752563477
1800.348299965346 1.0003081560134888
1800.3691333713355 1.0002410411834717
1800.389966776949 1.0008498430252075
1800.4108001822055 1.000476360321045
1800.4316335871058 1.0004016160964966
1800.4524669916586 1.000303864479065
1800.4733003958659 1.0000170469284058
1800.4941337997452 1.0002694129943848
1800.5149672032705 1.0002442598342896
1800.5358006064878 1.0007261037826538
1800.556634009363 1.000145435333252
1800.5774674119416 0.999656617641449
1800.5983008142002 0.9996505975723267
1800.619134216154 1.0001407861709595
1800.6399676178112 1.0001481771469116
1800.6608010191753 1.0001612901687622
1800.6816344202575 0.9998632669448853
1800.7024678210598 0.9994366765022278
1800.7233012215952 0.9998720288276672
1800.7441346218745 0.9997640252113342
1800.7649680218829 0.9994311332702637
1800.78580142166 0.9994403123855591
1800.8066348211833 0.9996753931045532
1800.8274682204913 0.9995144605636597
1800.8483016195737 1.0001416206359863
1800.8691350184376 0.9993897676467896
1800.8899684171056 0.9998762011528015
1800.9108018155728 1.0000450611114502
1800.931635213865 1.000199794769287
1800.9524686119862 0.9998515844345093
1800.9733020099345 0.9999447464942932
1800.9941354077425 0.9987024068832397
1801.0149688054016 0.9996976256370544
1801.0358022029425 0.9992534518241882
1801.0566356003706 0.9991061091423035
1801.0774689976845 0.9998183250427246
1801.0983023949232 0.9997342228889465
1801.1191357920732 0.9999714493751526
1801.1399691891781 1.0000766515731812
1801.160802586232 0.9995961785316467
1801.1816359832533 0.9995945692062378
1801.2024693802637 1.0002473592758179
1801.2233027772763 1.0001271963119507
1801.2441361743106 1.0001842975616455
1801.2649695713949 1.0001814365386963
1801.2858029685156 0.9999415874481201
1801.3066363657379 1.0003572702407837
1801.3274697630347 1.0003743171691895
1801.3483031604778 1.0007675886154175
1801.3691365580469 1.0001379251480103
1801.389969955791 0.9994949698448181
1801.4108033537157 1.0002392530441284
1801.4316367518688 0.9995414018630981
1801.452470150252 0.9998140335083008
1801.4733035489319 0.9999434947967529
1801.4941369478752 0.9990715384483337
1801.5149703471889 0.9993782639503479
1801.5358037468245 0.9998602271080017
1801.5566371469008 0.9998114109039307
1801.5774705473639 0.9989380240440369
1801.5983039483435 0.9989080429077148
1801.6191373497911 0.9994435906410217
1801.63997075182 0.9988459944725037
1801.6608041544046 0.9992398619651794
1801.6816375576736 0.99951171875
1801.7024709615641 0.9990680813789368
1801.723304366252 0.9992220401763916
1801.7441377716564 0.9995623826980591
1801.7649711779713 1.0005671977996826
1801.7858045851174 1.0003641843795776
1801.80663799328 1.000023365020752
1801.8274714023999 0.9993218183517456
1801.848304812675 0.9981271028518677
1801.8691382240356 0.9995641112327576
1801.8899716367152 0.9995480179786682
1801.910805050602 0.9980226755142212
1801.931638465988 0.9984394311904907
1801.9524718827379 0.997979998588562
1801.9733053011744 0.9988710880279541
1801.9941387211575 0.9982827305793762
1802.014972143013 0.9980109333992004
1802.035805566615 0.9995560646057129
1802.0566389923194 0.9985494017601013
1802.0774724199828 0.9983822703361511
1802.098305849992 0.9991818070411682
1802.1191392821552 1.0001686811447144
1802.1399727169392 0.9979798793792725
1802.1608061541322 0.9962790012359619
1802.181639594199 0.9984449148178101
1802.202473036937 0.9959433078765869
1802.2233064828365 0.9946911931037903
1802.244139931644 0.9946750402450562
1802.2649733838946 0.9966006278991699
1802.2858068393034 0.9951925277709961
1802.3066402984023 0.9964778423309326
1802.327473760887 0.9967321753501892
1802.3483072272586 0.9972741007804871
1802.3691406972077 0.9990294575691223
1802.3899741711384 0.998176097869873
1802.4108076487623 0.9980238676071167
1802.431641130363 0.9988829493522644
1803.473314952686 0.9998154640197754
1803.4941483692396 0.9998647570610046
1803.5149817835631 0.9999036192893982
1803.5358151958476 0.9995210766792297
1803.5566486059984 0.9988260269165039
1803.5774820141694 0.9994957447052002
1803.5983154202963 0.9995119571685791
1803.619148824528 0.9996921420097351
1803.6399822267708 0.9994167685508728
1803.660815627197 0.9993792772293091
1803.6816490257047 0.9993306398391724
1803.702482422461 0.9989548921585083
1803.7233158173735 0.9997390508651733
1803.744149210575 0.9998273849487305
1803.764982602004 0.9992859959602356
1803.785815991788 0.999421238899231
1803.8066493798367 0.9991061687469482
1803.827482766303 0.9994074702262878
1803.8483161510972 0.9996234178543091
1803.869149534338 0.9996142983436584
1803.8899829159664 1.0001261234283447
1803.9108162960868 0.999853253364563
1803.9316496746417 0.9997750520706177
1803.9524830517319 0.9992958903312683
1803.9733164272996 1.00032639503479
1803.994149801453 0.9995719790458679
1804.0149831741044 0.9999143481254578
1804.0358165453886 1.000296950340271
1804.0566499152196 1.0006238222122192
1804.077483283699 0.9996196031570435
1804.0983166507706 1.000207781791687
1804.1191500165335 1.0000478029251099
1804.1399833809023 0.9997788667678833
1804.1608167440033 1.0001829862594604
1804.1816501057422 1.0004328489303589
1804.2024834662427 1.0003951787948608
1804.2233168254206 0.9998440742492676
1804.2441501833678 0.9999344944953918
1804.2649835400298 1.000553011894226
1804.2858168954974 1.0003178119659424
1804.3066502496868 0.9991870522499084
1804.3274836027156 0.9991344213485718
1804.3483169545013 0.9998641610145569
1804.3691503051296 0.9999762773513794
1804.389983654548 0.9995110630989075
1804.410817002831 1.0001552104949951
1804.431650349927 0.9998665452003479
1804.4524836959176 1.0002052783966064
1804.4733170407223 0.9993716478347778
1804.4941503844516 0.9991090297698975
1804.5149837270146 0.999366283416748
1804.5358170685208 0.9992290735244751
1804.55665040889 0.9990361928939819
1804.5774837481997 0.9995328187942505
1804.5983170864004 0.9992050528526306
1804.6191504235683 1.0000108480453491
1804.6399837596239 0.9994791746139526
1804.6608170946731 0.999389111995697
1804.6816504286267 0.9997424483299255
1804.7024837615882 0.99965900182724
1804.7233170934796 0.9991099834442139
1804.7441504243736 0.9994052648544312
1804.7649837542222 0.9995962977409363
1804.785817083097 0.9989360570907593
1804.8066504109206 0.9992830157279968
1804.8274837377933 0.9999062418937683
1804.8483170636384 0.9990929365158081
1804.869150388525 0.9994422793388367
1804.8899837124063 0.9994385242462158
1804.9108170353413 0.9997620582580566
1804.9316503572838 0.999009370803833
1804.952483678301 0.9993961453437805
1804.9733169983172 0.9996377229690552
1804.9941503174289 0.9992543458938599
1805.0149836355508 0.9992023706436157
1805.0358169527788 1.0004593133926392
1805.056650269038 0.9995728731155396
1805.077483584403 0.9992295503616333
1805.0983168987993 0.999138593673706
1805.119150212321 0.9993192553520203
1805.139983524884 0.9992011785507202
1805.1608168365813 0.9992290139198303
1805.1816501473397 0.9999135136604309
1805.2024834572212 0.9996930956840515
1805.2233167661825 1.0006520748138428
1805.2441500742855 1.0001747608184814
1805.264983381457 0.9995286464691162
1805.2858166877882 1.0001590251922607
1805.3066499932065 1.000522255897522
1805.3274832977722 0.999676525592804
1805.3483166014432 0.9998054504394531
1805.369149904279 1.000498652458191
1805.3899832062077 0.9996885657310486
1805.4108165073185 1.000020146369934
1805.4316498075298 0.9996894001960754
1805.45248310693 1.0004510879516602
1805.473316405448 1.0000118017196655
1805.4941497031416 1.0001883506774902
1805.5149829999696 1.0003883838653564
1805.53581629599 1.0007076263427734
1805.5566495911314 1.0001169443130493
1805.5774828854812 0.9999755024909973
1805.598316178969 0.999947190284729
1805.619149471651 1.0006648302078247
1805.6399827634868 1.0007232427597046
1805.660816054523 1.0000035762786865
1805.681649344719 1.0004644393920898
1805.7024826341308 1.000467300415039
1805.7233159226887 0.9997049570083618
1805.7441492104774 0.9997540712356567
1805.7649824974276 1.000150442123413
1805.785815783594 1.000640869140625
1805.8066490689378 1.000821828842163
1805.8274823535126 1.0010709762573242
1805.84831563725 0.999599277973175
1805.869148920233 1.0002152919769287
1805.8899822023839 1.0000121593475342
1805.9108154837857 1.0007879734039307
1805.9316487643698 1.0007668733596802
1805.9524820441893 1.0001112222671509
1805.9733153232062 1.0007894039154053
1805.994148601473 1.0006095170974731
1806.0149818789212 1.0013810396194458
1806.035815155634 1.0005954504013062
1806.0566484315477 1.0007163286209106
1806.0774817067138 1.0002294778823853
1806.0983149810866 1.0012434720993042
1806.1191482547176 1.0002269744873047
1806.1399815275433 0.9999104142189026
1806.1608147996458 1.0000749826431274
1806.1816480709474 1.0007654428482056
1806.2024813415292 1.0003846883773804
1806.2233146113242 1.0006285905838013
1806.244147880383 1.0000087022781372
1806.2649811486685 1.0003257989883423
1806.285814416232 1.0002059936523438
1806.3066476830063 1.0008503198623657
1806.3274809490713 1.0002453327178955
1806.3483142143612 1.000317096710205
1806.3691474789252 1.000302791595459
1806.3899807427274 1.000847578048706
1806.4108140058172 1.000165581703186
1806.431647268129 1.0009225606918335
1806.4524805297415 0.999755859375
1806.473313790579 1.00038480758667
1806.4941470507206 1.0002011060714722
1806.5149803101003 1.0000488758087158
1806.5358135687673 1.0006142854690552
1806.556646826686 1.000396966934204
1806.5774800839047 0.9997161030769348
1806.5983133403581 1.0005838871002197
1806.6191465961244 1.0005037784576416
1806.6399798511384 1.000450849533081
1806.6608131054484 1.0000810623168945
1806.6816463590192 1.0000152587890625
1806.7024796118983 1.0005959272384644
1806.7233128640214 1.0002810955047607
1806.7441461154654 0.999929666519165
1806.7649793661662 1.000476360321045
1806.7858126161707 0.9997901320457458
1806.8066458654448 1.0001764297485352
1806.827479114035 1.000612735748291
1806.8483123618776 1.0004303455352783
1806.8691456090485 1.0005689859390259
1806.8899788554745 1.0003405809402466
1806.9108121012318 1.0005416870117188
1806.9316453462566 1.0007171630859375
1806.9524785906049 1.0004808902740479
1806.9733118342133 1.0004463195800781
1806.9941450771573 1.0000299215316772
1807.0149783193638 1.000191330909729
1807.0358115609088 0.9999209046363831
1807.0566448017282 0.9999948740005493
1807.0774780418685 1.0000977516174316
1807.0983112812958 1.000432014465332
1807.1191445200554 1.000341773033142
1807.139977758085 0.9991539120674133
1807.1608109954593 1.0002633333206177
1807.1816442321153 1.0001603364944458
1807.202477468098 1.000020146369934
1807.223310703375 1.000052809715271
1807.2441439379907 1.0001078844070435
1807.2649771718825 1.0001238584518433
1807.2858104051254 1.000149130821228
1807.3066436376564 0.9994589686393738
1807.3274768695205 1.0003010034561157
1807.348310100685 0.9999834895133972
1807.369143331184 1.0010039806365967
1807.3899765609856 0.9993402361869812
1807.4108097901337 0.999762237071991
1807.4316430185766 0.9989073872566223
1807.4524762463577 0.9998637437820435
1807.4733094734454 0.9998871088027954
1807.4941426998732 0.9997646808624268
1807.5149759256096 0.9996315836906433
1807.535809150698 1.0
1807.5566423750768 0.9994710683822632
1807.5774755988193 0.9993861317634583
1807.5983088218638 0.9998716115951538
1807.6191420442537 0.999492883682251
1807.639975265958 0.9995911717414856
1807.6608084870193 0.9998072981834412
1807.6816417073762 0.9996432662010193
1807.7024749271022 0.9996798038482666
1807.7233081461357 1.0003812313079834
1807.7441413645195 0.9998707175254822
1807.7649745822227 0.9993203282356262
1807.785807799288 1.0000708103179932
1807.8066410156541 0.9996436834335327
1807.827474231394 0.9998975992202759
1807.8483074464466 1.0005875825881958
1807.869140660854 0.9992266297340393
1807.889973874586 0.9994641542434692
1807.9108070876846 1.0000661611557007
1807.9316403000892 1.0006943941116333
1807.952473511872 0.9990556836128235
1807.9733067229722 0.9986854791641235
1808.014973143221 0.9988743662834167
1808.035806352371 1.0002979040145874
1808.0566395608516 0.9997705817222595
1808.077472768705 0.9994375705718994
1808.0983059758803 0.9995543360710144
1808.1191391824195 1.0001320838928223
1808.1399723882923 1.0003958940505981
1808.1608055935308 1.0002179145812988
1808.1816387981041 0.9995355606079102
1808.2024720020543 0.999469518661499
1808.223305205321 0.9991202354431152
1808.2441384079752 0.9986824989318848
1808.264971609958 1.0003666877746582
1808.28580481131 0.9999086856842041
1808.3066380120015 1.000195860862732
1808.3274712120738 0.9998605847358704
1808.3483044114769 1.0005847215652466
1808.3691376102515 0.9994794726371765
1808.3899708083688 1.0001834630966187
1808.4108040058693 1.0003777742385864
1808.4316372026933 1.0000427961349487
1808.4524703989118 1.0003105401992798
1808.473303594465 1.0005608797073364
1808.4941367893944 1.0008726119995117
1808.5149699836697 1.0007405281066895
1808.5358031773224 0.9993740320205688
1808.5566363703222 1.0000557899475098
1808.5774695627106 1.0002292394638062
1808.5983027544278 1.0002071857452393
1808.619135945544 1.000664472579956
1808.6399691360007 1.000200629234314
1808.6608023258482 1.000174880027771
1808.681635515027 1.0002204179763794
1808.7024687036076 1.0003838539123535
1808.7233018915206 0.9996032118797302
1808.7441350788367 1.000943660736084
1808.764968265497 1.0002089738845825
1808.7858014515514 1.0006177425384521
1808.8066346369408 0.999788224697113
1808.8274678217356 0.9999779462814331
1808.8483010058665 1.0003490447998047
1808.8691341894041 0.9994588494300842
1808.8899673722892 1.0006051063537598
1808.910800554572 1.0003739595413208
1808.9316337361936 0.9997074007987976
1808.9524669172238 0.9998293519020081
1808.973300097604 1.0005220174789429
1808.994133277374 1.0006952285766602
1809.0149664565051 1.0006608963012695
1809.0357996350374 0.9998922944068909
1809.0566328129119 1.0000113248825073
1809.0774659901983 1.0003708600997925
1809.0982991668382 0.999833881855011
1809.1191323428711 0.9996277689933777
1809.139965518269 1.0003694295883179
1809.160798693071 1.0005531311035156
1809.1816318672188 1.0001018047332764
1809.2024650407818 0.999209463596344
1809.2232982136916 0.999372124671936
1809.244131386018 1.0005215406417847
1809.2649645577026 1.000421404838562
1809.2857977287943 1.0004394054412842
1809.3066308992354 1.00016188621521
1809.327464069095 1.0000542402267456
1809.3482972383047 1.0001909732818604
1809.3691304069341 0.9999514818191528
1809.3899635749253 1.0002866983413696
1809.4107967423267 0.9998189806938171
1809.431629909081 1.000154972076416
1809.4524630752567 0.9995388388633728
1809.473296240786 0.9999279975891113
1809.4941294057382 1.0006614923477173
1809.5149625700553 1.0007318258285522
1809.535795733786 0.9997060894966125
1809.5566288968728 1.0007141828536987
1809.577462059384 1.0003360509872437
1809.5982952212526 1.0006089210510254
1809.6191283825467 0.9999452233314514
1809.6399615432094 0.9998085498809814
1809.6607947032887 1.0005532503128052
1809.6816278627273 1.0009430646896362
1809.7024610215938 1.0010677576065063
1809.7232941798304 1.0003199577331543
1809.7441273374761 1.0002927780151367
1809.7649604945036 1.000440239906311
1809.7857936509508 1.0003701448440552
1809.8066268067607 1.0000468492507935
1809.8274599620015 0.9996728301048279
1809.8482931166159 1.000533103942871
1809.8691262706425 1.0005544424057007
1809.889959424054 1.0001764297485352
1809.9107925768883 1.0004005432128906
1809.9316257290989 0.9999641180038452
1809.9524588807233 1.0004119873046875
1809.973292031735 0.9998778700828552
1809.9941251821715 0.9999647736549377
1810.0149583319765 0.9994939565658569
1810.0357914812175 1.0003156661987305
1810.056624629838 0.9990084767341614
1810.0774577778757 0.9997663497924805
1810.0982909253037 0.999834418296814
1810.11912407216 0.9995269179344177
1810.1399572183882 1.0003893375396729
1810.1607903640554 0.9996052980422974
1810.1816235091057 0.9997209310531616
1810.202456653576 1.000158429145813
1810.2232897974404 0.9992237091064453
1810.2441229407361 1.0000014305114746
1810.2649560834072 0.9997284412384033
1810.2857892255206 0.9996118545532227
1810.3066223670205 1.0002198219299316
1810.3274555079436 0.9997806549072266
1810.3482886482643 1.0000115633010864
1810.3691217880196 1.0003502368927002
1810.389954927154 1.0002774000167847
1810.4107880657336 1.0006821155548096
1810.4316212037033 1.0007020235061646
1810.4524543410996 1.0006946325302124
1810.4732874778972 0.9996599555015564
1810.4941206141327 1.0003650188446045
1810.5149537497605 1.0001194477081299
1810.5357868848173 1.0009160041809082
1810.556620019278 1.0003546476364136
1810.577453153178 1.0005463361740112
1810.5982862864637 1.0002002716064453
1810.6191194192004 0.9995860457420349
1810.6399525513332 0.9999830722808838
1810.6607856828984 1.0005549192428589
1810.681618813871 1.000877857208252
1810.702451944287 1.0000579357147217
1810.723285074092 1.0001826286315918
1810.7441182033517 0.9999153017997742
1810.7649513320114 1.0000324249267578
1810.785784460107 1.000449538230896
1810.806617587614 1.0007346868515015
1810.827450714568 0.9999056458473206
1810.8482838409147 1.0006740093231201
1810.8691169667202 1.000647783279419
1810.8899500919294 0.9997636079788208
1810.9107832165885 1.0002399682998657
1810.931616340643 1.000050663948059
1810.952449464158 1.0004069805145264
1810.9732825870701 0.9996922612190247
1810.9941157094445 1.0000020265579224
1811.0149488312272 1.000625491142273
1811.0357819524634 1.0004018545150757
1811.0566150730995 1.0002206563949585
1811.0774481932 0.9998558163642883
1811.098281312712 1.000326156616211
1811.1191144316704 0.999652624130249
1811.1399475500511 1.0001139640808105
1811.1607806678899 1.0005725622177124
1811.1816137851326 1.0003221035003662
1811.2024469018443 1.0002384185791016
1811.2232800179718 1.0002580881118774
1811.24411313355 0.99979567527771
1811.2649462485554 1.0002882480621338
1811.2857793630228 1.0000256299972534
1811.3066124768993 1.000207543373108
1811.3274455902488 1.000157117843628
1811.3482787030193 1.000198483467102
1811.3691118152549 1.0000052452087402
1811.3899449269027 1.0001522302627563
1811.410778038027 0.9997168183326721
1811.4316111485757 1.0004196166992188
1811.4524442585819 0.9995293617248535
1811.4732773680244 0.9995372891426086
1811.4941104769366 0.999662458896637
1811.5149435852666 0.9993109703063965
1811.5357766930779 0.999346137046814
1811.5566098003187 0.9993315935134888
1811.5774429070325 1.0000255107879639
1811.598276013168 0.9993952512741089
1811.6191091187884 0.9992061853408813
1811.6399422238421 0.9995985627174377
1811.6607753283627 0.9996514320373535
1811.6816084323282 0.9996121525764465
1811.7024415357728 1.0004996061325073
1811.7232746386446 0.9993883967399597
1811.744107741007 0.9988470673561096
1811.7649408428088 0.9996101260185242
1811.785773944093 0.9994972944259644
1811.806607044809 0.9994411468505859
1811.8274401450194 0.9996793866157532
1811.8482732446637 1.0002562999725342
1811.8691063438046 0.9999098181724548
1811.8899394423918 0.9994352459907532
1811.9107725404676 0.9996781349182129
1811.9316056379816 0.9998339414596558
1811.9524387349968 0.9999216794967651
1811.973271831463 0.9999918341636658
1811.9941049274123 0.999614953994751
1812.0149380228252 0.9994670748710632
1812.0357711177335 0.9996292591094971
1812.0566042120877 0.9996527433395386
1812.0774373059498 0.9996562600135803
1812.0982703992709 0.9992363452911377
1812.1191034920923 0.999293327331543
1812.1399365843652 0.9991560578346252
1812.160769676151 0.9992735981941223
1812.1816027674008 0.9993915557861328
1812.2024358581466 0.999241292476654
1812.2232689483699 0.9997064471244812
1812.2441020381011 1.0002745389938354
1812.264935127293 0.9990675449371338
1812.2857682160059 0.9992204904556274
1812.3066013041923 1.0000476837158203
1812.327434391883 0.9999315738677979
1812.3482674790605 0.9998170733451843
1812.3691005657552 0.9995893239974976
1812.38993365193 0.9994261264801025
1812.4107667376154 0.9996189475059509
1812.4315998227942 1.0001243352890015
1812.4524329074968 1.000050663948059
1812.4732659916772 0.9997298121452332
1812.514932158603 0.9997161626815796
1812.535765241342 1.0001331567764282
1812.5565983235663 0.9995520710945129
1812.577431405335 0.9990183711051941
1812.5982644865933 0.999250590801239
1812.6190975673994 0.9993389844894409
1812.6399306477097 1.0004469156265259
1812.6607637275617 1.0004843473434448
1812.681596806912 0.999921441078186
1812.7024298858187 1.000309705734253
1812.7232629642385 1.0003790855407715
1812.7440960421989 1.000101089477539
1812.7649291196874 1.0001194477081299
1812.7857621967307 1.0002278089523315
1812.8065952732873 1.0001553297042847
1812.8274283494136 0.9999874234199524
1812.8482614250686 0.9991009831428528
1812.8690945002884 0.9992575645446777
1812.8899275750325 0.9996325373649597
1812.9107606493565 0.9991739392280579
1812.9315937232204 0.9991262555122375
1812.95242679665 0.9994004368782043
1812.9732598696357 0.9985693693161011
1812.9940929422025 0.9995756149291992
1813.0149260143223 1.0001025199890137
1813.035759086019 0.9993095993995667
1813.0565921572856 1.0001029968261719
1813.0774252281456 0.9998466372489929
1813.0982582985623 0.9993292689323425
1813.1190913685891 0.9997934103012085
1813.1399244381903 0.9993295073509216
1813.1607575073883 1.0001115798950195
1813.181590576179 0.9998337030410767
1813.2024236445836 1.0010849237442017
1813.2232567125793 1.000084400177002
1813.244089780187 1.00059175491333
1813.2649228474045 1.0007332563400269
1813.285755914252 1.000404953956604
1813.3065889806985 1.0001394748687744
1813.327422046794 0.9994058609008789
1813.3482551125085 0.9995495676994324
1813.369088177871 0.9994868636131287
1813.3899212428528 0.9999794363975525
1813.4107543075022 0.9993863105773926
1813.4315873717921 0.9999392628669739
1813.4524204357404 1.0005074739456177
1813.4732534993507 1.0003207921981812
1813.49408656264 1.000678300857544
1813.514919625594 0.9994494318962097
1813.5357526882285 1.0001652240753174
1813.5565857505514 1.0003435611724854
1813.577418812577 0.9996228814125061
1813.598251874285 0.998954713344574
1813.619084935719 0.9998454451560974
1813.6399179968605 0.9997302889823914
1813.6607510577219 0.9998695254325867
1813.681584118317 0.9989576935768127
1813.7024171786572 1.0004339218139648
1813.7232502387385 1.0000735521316528
1813.7440832985706 0.9999085068702698
1813.7649163581725 1.0000025033950806
1813.785749417552 0.999813973903656
1813.8065824767014 1.0002295970916748
1813.8274155356573 1.0002248287200928
1813.8482485944141 1.0001755952835083
1813.869081652987 1.0003145933151245
1813.889914711374 1.0000553131103516
1813.9107477696082 0.9994324445724487
1813.9315808276815 1.0001455545425415
1813.952413885625 0.9995384216308594
1813.973246943444 0.9999319911003113
1813.9940800011484 0.9995331168174744
1814.0149130587472 1.0007356405258179
1814.0357461162675 0.9998423457145691
1814.0565791737242 0.9997982978820801
1814.0774122311116 1.0003033876419067
1814.0982452884791 0.999380350112915
1814.119078345819 0.999836266040802
1814.1399114031658 1.0003540515899658
1814.160744460509 1.000020980834961
1814.18157751791 0.9998738765716553
1814.2024105753549 1.0010801553726196
1814.2232436328916 1.0008413791656494
1814.2440766905027 1.0005581378936768
1814.2649097482636 1.0010782480239868
1814.285742806154 1.0006461143493652
1814.3065758642272 1.0004737377166748
1814.3274089224888 1.0010547637939453
1814.3482419810014 1.0016058683395386
1814.3690750397361 0.9999196529388428
1814.3899080987958 0.999989926815033
1814.410741158147 1.0003626346588135
1814.4315742178844 1.0002779960632324
1814.4524072779686 1.0003101825714111
1814.4732403385274 0.999013364315033
1814.4940733995154 0.9994572401046753
1814.514906461045 0.9995121955871582
1814.5357395230944 0.9998131990432739
1814.5565725857923 0.9996311068534851
1814.5774056490893 1.0008225440979004
1814.598238713133 1.000563621520996
1814.6190717778852 0.9998232126235962
1814.6399048435146 0.9997059106826782
1814.6607379099542 1.00031578540802
1814.681570977396 1.0007610321044922
1814.7024040457827 1.0007542371749878
1814.7232371153327 1.0009241104125977
1814.7440701859573 1.0016765594482422
1814.7649032579052 1.0002644062042236
1814.7857363310945 0.9992018938064575
1814.806569405808 0.9994463920593262
1814.8274024819193 0.999445915222168
1814.8482355597782 0.998734176158905
1814.8690686392429 0.9999912977218628
1814.8899017206747 1.0002002716064453
1814.910734803944 0.9985913634300232
1814.9315678894582 0.9978337287902832
1814.9524009770466 0.9977490901947021
1814.973234067167 0.9994106292724609
1814.994067159645 1.0001708269119263
1815.0149002549902 0.9976229667663574