1764.7032436458267 1.0093766450881958
1764.7240772954647 1.0164103507995605
1764.7449109412098 1.0159516334533691
1764.765744583162 0.9990518093109131
1764.78657822141 0.9921448230743408
1764.8074118560432 1.0040541887283325
1764.8282454871578 1.0012341737747192
1764.8490791148195 1.0114713907241821
1764.8699127391221 1.005900502204895
1764.8907463601467 0.994651198387146
1764.911579977973 1.0151453018188477
1764.9324135926886 0.9991852045059204
1764.953247204348 1.034546971321106
1764.9740808130339 1.0138416290283203
1764.9949144188172 1.0240354537963867
1765.0157480217654 1.0121687650680542
1765.0365816219544 1.0098881721496582
1765.0574152194283 1.0096970796585083
1765.078248814258 0.9798316955566406
1765.0990824065025 0.9993172883987427
1765.1199159962196 0.9903796315193176
1765.1407495834735 1.015369176864624
1765.161583168298 1.0136330127716064
1765.1824167507543 1.0075526237487793
1765.2032503308915 1.0108855962753296
1765.2240839087572 1.0144140720367432
1765.2449174844073 1.0007072687149048
1765.265751057866 1.0137258768081665
1765.2865846291859 0.9619523882865906
1765.3074181984082 0.9974214434623718
1765.3282517655723 1.000134825706482
1765.3490853307164 0.9580138325691223
1765.3699188938879 0.9731391072273254
1765.3907524551014 0.9967555403709412
1765.4115860144018 0.8835293054580688
1765.4324195718223 0.9434071779251099
1765.4532531274042 0.8844054341316223
1765.474086681159 0.92709881067276
1765.494920233126 0.9016152620315552
1765.5157537833343 0.881869912147522
1765.5365873318115 0.8771737217903137
1765.5574208785947 0.8306310176849365
1765.5782544236893 0.8455212116241455
1765.5990879671308 0.8776658177375793
1765.6199215089437 0.883691668510437
1765.6407550491608 0.8451555967330933
1765.6615885877854 0.795759916305542
1765.6824221248494 0.9058508276939392
1765.7032556603738 0.947231113910675
1765.724089194379 0.837138295173645
1765.744922726886 0.8846993446350098
1765.7657562579232 0.8396282196044922
1765.7865897874894 0.9134894013404846
1765.8074233156135 0.8767200112342834
1765.8282568423122 0.8005724549293518
1765.849090367603 0.8338379263877869
1765.8699238915124 0.874488890171051
1765.890757414037 0.7958319187164307
1765.9115909352017 0.8447059988975525
1765.9324244550219 0.8827577233314514
1765.9532579735226 0.8895455598831177
1765.9740914906977 0.8111490607261658
1765.994925006571 0.8541834950447083
1766.0157585211568 0.8431745767593384
1766.0365920344675 0.8446635007858276
1766.0574255465258 0.8737708926200867
1766.0782590573249 0.8614979386329651
1766.099092566886 0.9576782584190369
1766.119926075221 0.9457727074623108
1766.1407595823518 0.9663508534431458
1766.1615930882692 0.9717580080032349
1766.182426592994 0.9494596123695374
1766.2032600965372 0.9437559247016907
1766.2240935989084 0.9748234748840332
1766.2449271001278 0.9511256217956543
1766.2657606001858 0.955586850643158
1766.286594099101 0.9444000124931335
1766.3074275968831 0.9318042397499084
1766.3282610935416 0.9559589624404907
1766.3490945890944 1.0022052526474
1766.3699280835306 0.9569810628890991
1766.390761576869 1.0117409229278564
1766.4115950691169 1.008010983467102
1766.4324285602827 0.9993090629577637
1766.4532620503846 0.9407129883766174
1766.4740955394097 0.9246381521224976
1766.4949290273755 0.9828712940216064
1766.5157625142897 0.9833825826644897
1766.536596000159 0.9760734438896179
1766.5574294850003 0.9580953121185303
1766.578262968801 1.0168060064315796
1766.5990964515768 0.9928593039512634
1766.6199299333348 0.9794649481773376
1766.6407634140915 0.9881024956703186
1766.6615968938327 0.9689415693283081
1766.6824303725743 0.9960474371910095
1766.703263850323 1.0104320049285889
1766.7240973270839 0.9880458116531372
1766.744930802873 0.9478504657745361
1766.765764277676 0.9931054711341858
1766.7865977515078 0.9975339770317078
1766.8074312243743 0.9792589545249939
1766.8282646962907 0.9771751165390015
1766.8490981672417 0.9966371655464172
1766.8699316372426 0.9986568689346313
1766.8907651062987 0.9858280420303345
1766.911598574414 0.9506769180297852
1766.9324320416038 0.9890347719192505
1766.9532655078526 0.9879981875419617
1766.974098973175 1.0022120475769043
1766.9949324375752 0.9891638159751892
1767.0157659010679 0.9972708225250244
1767.0365993636372 0.9726518392562866
1767.0574328252972 0.9811573624610901
1767.0782662860524 0.9909610152244568
1767.0990997459064 0.9642177820205688
1767.1199332048734 0.9803203344345093
1767.1407666629375 0.9873573184013367
1767.161600120112 0.963172197341919
1767.182433576401 1.0297143459320068
1767.2032670318183 0.9709441661834717
1767.2241004863474 0.973258376121521
1767.2449339400016 0.9928936958312988
1767.265767392785 0.9839534163475037
1767.2866008447104 0.9985838532447815
1767.3074342957614 0.9910008311271667
1767.3282677459513 0.988835871219635
1767.3491011952838 0.9579735994338989
1767.3699346437613 0.9662067890167236
1767.3907680913976 0.9681858420372009
1767.4116015381758 0.9820408225059509
1767.4324349841083 0.9849385619163513
1767.4532684291987 0.9538075923919678
1767.47410187346 0.9238928556442261
1767.4949353168747 0.9731928110122681
1767.5157687594558 0.9832382202148438
1767.5366022012063 0.9697754383087158
1767.5574356421287 0.9712376594543457
1767.5782690822357 0.951608419418335
1767.5991025215105 0.9707980751991272
1767.619935959965 0.932956337928772
1767.6407693976023 0.9165457487106323
1767.661602834435 0.955268383026123
1767.682436270445 0.9304055571556091
1767.7032697056452 0.9593321681022644
1767.7241031400386 0.9295532703399658
1767.7449365736265 0.9166682958602905
1767.765770006422 0.9497737288475037
1767.7866034384074 0.9532685279846191
1767.8074368695948 0.9762797355651855
1767.8282702999863 0.9733898043632507
1767.8491037295946 0.9527390003204346
1767.8699371584016 0.9418457746505737
1767.8907705864196 0.9446157813072205
1767.911604013651 0.9643612504005432
1767.9324374400971 0.9103162288665771
1767.9532708657707 0.9130603671073914
1767.9741042906537 0.9319475293159485
1767.9949377147582 0.9254955053329468
1768.0157711380857 0.895311713218689
1768.036604560649 0.8355327248573303
1768.0574379824295 0.9019213318824768
1768.0782714034392 0.8960094451904297
1768.0991048236901 0.9558030962944031
1768.119938243164 0.8218439817428589
1768.1407716618728 0.9173858761787415
1768.1616050798184 0.8745611310005188
1768.1824384970023 0.9106040000915527
1768.2032719134365 0.8598409295082092
1768.224105329103 0.9190590381622314
1768.244938744013 0.8987536430358887
1768.2657721581686 0.903505802154541
1768.2866055715815 0.8728539347648621
1768.3074389842334 0.9334160089492798
1768.3282723961356 0.8954583406448364
1768.3491058072902 0.911349356174469
1768.3699392176984 0.9551146030426025
1768.3907726273721 0.8555989861488342
1768.4116060362928 0.89344722032547
1768.432439444472 0.918785572052002
1768.4532728519114 0.9082217216491699
1768.4741062586227 0.8560160994529724
1768.4949396645868 0.9034897089004517
1768.5157730698154 0.887869119644165
1768.5366064743105 0.8985323905944824
1768.557439878083 0.9017435908317566
1768.5782732811147 0.8868796825408936
1768.6199400849907 0.9737256765365601
1768.640773485848 0.9172003269195557
1768.66160688597 0.9438374638557434
1768.6824402853683 0.9230403304100037
1768.7032736840438 0.8833760023117065
1768.724107081998 0.8812062740325928
1768.7449404792426 0.9101470708847046
1768.7657738757587 0.8669663071632385
1768.7866072715572 0.8842996954917908
1768.80744066664 0.9163686037063599
1768.8282740610184 0.8844439387321472
1768.849107454673 0.8255340456962585
1768.869940847616 0.8400518894195557
1768.8907742398578 0.9081921577453613
1768.9116076313799 0.866032600402832
1768.932441022194 0.8334496021270752
1768.9532744123007 0.8311876058578491
1768.9741078017016 0.9083070158958435
1768.9949411904079 0.8995283246040344
1769.0157745784004 0.8654617667198181
1769.0366079656903 0.8983005285263062
1769.0574413522795 0.9189320802688599
1769.0782747381786 0.9218253493309021
1769.0991081233685 0.8735008835792542
1769.119941507861 0.8691653609275818
1769.1407748916567 0.9175863265991211
1769.161608274767 0.9314925074577332
1769.182441657173 0.9562873840332031
1769.2032750388857 0.9597139358520508
1769.2241084199063 0.9370343685150146
1769.244941800246 0.9518322348594666
1769.2657751798854 0.8815049529075623
1769.2866085588362 0.9371252059936523
1769.3074419370992 0.8887892961502075
1769.3282753146852 0.922832727432251
1769.3491086915756 0.9345710873603821
1769.3699420677815 0.9259599447250366
1769.3907754433037 0.882907509803772
1769.4116088181531 0.9153549075126648
1769.4324421923116 0.9783297777175903
1769.453275565789 1.0154653787612915
1769.474108938587 0.988685667514801
1769.4949423107169 0.9876907467842102
1769.515775682159 1.0101752281188965
1769.5366090529246 0.9923575520515442
1769.5574424230151 0.9983317852020264
1769.5782757924408 0.9970654845237732
1769.599109161183 0.9955293536186218
1769.619942529253 0.9929122924804688
1769.6407758966511 0.9911095499992371
1769.6616092633885 1.0102487802505493
1769.6824426294468 0.9773833155632019
1769.703275994836 0.9656262397766113
1769.7241093595578 0.9816384315490723
1769.744942723623 0.9767597913742065
1769.765776087012 0.9948694109916687
1769.7866094497365 1.00110924243927
1769.807442811807 0.9761369228363037
1769.8282761732044 0.9887853264808655
1769.8491095339398 0.9772064089775085
1769.8699428940142 0.9956597685813904
1769.8907762534284 1.010937213897705
1769.9116096121932 1.014505386352539
1769.9324429702897 0.9956125020980835
1769.953276327729 1.022560954093933
1769.9741096845116 1.0002294778823853
1769.9949430406486 0.9959849119186401
1770.015776396121 0.9871397614479065
1770.0366097509395 0.9920405745506287
1770.0574431051152 1.015360713005066
1770.078276458629 0.9716356992721558
1770.0991098114916 1.0076384544372559
1770.119943163704 0.9930561780929565
1770.1407765152771 0.9976280927658081
1770.1616098661918 1.0076801776885986
1770.182443216459 0.9912638068199158
1770.2032765660797 1.0180069208145142
1770.2241099150644 1.018700361251831
1770.2449432633944 1.0156240463256836
1770.2657766110804 0.9880160093307495
1770.286609958123 1.0164597034454346
1770.3074433045338 1.0125459432601929
1770.3282766502932 1.037353277206421
1770.3491099954122 1.0354923009872437
1770.3699433398913 1.0304207801818848
1770.3907766837422 1.0173194408416748
1770.4116100269448 1.0267008543014526
1770.4324433695106 1.028390645980835
1770.4532767114404 1.0242645740509033
1770.474110052745 1.0196852684020996
1770.494943393405 1.040877103805542
1770.515776733432 1.0332614183425903
1770.536610072826 1.0124832391738892
1770.5574434115983 1.02782142162323
1770.57827674973 1.0188366174697876
1770.5991100872318 1.033478856086731
1770.6199434241144 0.996791422367096
1770.640776760359 1.0212037563323975
1770.661610095976 1.0347182750701904
1770.6824434309663 1.023149013519287
1770.7032767653416 1.0176494121551514
1770.7241100990816 1.0161209106445312
1770.7449434321982 1.0503264665603638
1770.7657767646917 1.0473482608795166
1770.7866100965732 1.030267357826233
1770.8074434278233 1.0405962467193604
1770.8282767584535 1.0276803970336914
1770.849110088474 1.0323044061660767
1770.869943417866 1.0268667936325073
1770.8907767466403 1.0080420970916748
1770.9116100747979 1.0185365676879883
1770.9324434023495 1.0318222045898438
1770.9532767292762 1.0243706703186035
1770.9741100555889 1.0447720289230347
1770.9949433812883 1.0630285739898682
1771.0157767063856 1.0419059991836548
1771.0366100308615 1.046667456626892
1771.0574433547267 1.0290027856826782
1771.0782766779826 1.043495535850525
1771.0991100006397 0.9934976100921631
1771.1199433226789 1.047784447669983
1771.1407766441114 1.050023078918457
1771.1616099649482 1.0539886951446533
1771.1824432851697 1.0106201171875
1771.203276604787 1.027773380279541
1771.2241099238017 1.0180953741073608
1771.2449432422138 1.0279618501663208
1771.2657765600345 1.0165811777114868
1771.2866098772454 1.047212839126587
1771.3074431938564 1.0334314107894897
1771.328276509879 1.044100046157837
1771.3491098252944 1.0485881567001343
1771.369943140113 1.0387428998947144
1771.390776454336 1.0355538129806519
1771.4116097679746 1.0294307470321655
1771.4324430810093 1.039466381072998
1771.4532763934512 1.0303069353103638
1771.4741097053118 1.0326868295669556
1771.4949430165714 1.039795994758606
1771.5157763272414 1.0249427556991577
1771.5366096373327 1.0234569311141968
1771.557442946826 1.0477756261825562
1771.5782762557326 1.0133002996444702
1771.5991095640538 1.013864278793335
1771.61994287179 1.042649507522583
1771.6407761789524 1.0335042476654053
1771.6616094855224 1.0354458093643188
1771.6824427915105 1.0251190662384033
1771.7032760969182 1.0243040323257446
1771.7241094017563 1.0223950147628784
1771.744942706006 1.0194718837738037
1771.765776009678 1.023691177368164
1771.7866093127839 1.0406602621078491
1771.8074426153044 1.0375829935073853
1771.8282759172505 1.028897762298584
1771.8491092186337 1.0321565866470337
1771.8699425194347 1.0323686599731445
1771.8907758196647 1.0396586656570435
1771.9116091193252 1.0568351745605469
1771.9324424184267 1.049146056175232
1771.9532757169507 1.0173051357269287
1771.9741090149084 1.0070568323135376
1771.9949423123107 1.0185257196426392
1772.0157756091387 1.0377635955810547
1772.036608905404 1.0155553817749023
1772.0574422011073 1.0203684568405151
1772.07827549626 1.0098692178726196
1772.0991087908433 1.0057690143585205
1772.1199420848684 1.0334569215774536
1772.1407753783362 1.0093759298324585
1772.1616086712586 1.0384786128997803
1772.1824419636162 1.0251752138137817
1772.2032752554203 1.00271475315094
1772.2241085466828 1.0159847736358643
1772.244941837384 1.0022671222686768
1772.2657751275358 1.0156422853469849
1772.2866084171394 1.0023823976516724
1772.3074417062062 1.004093885421753
1772.328274994717 1.0083744525909424
1772.3491082826836 1.0106136798858643
1772.3699415701174 1.0057679414749146
1772.3907748569993 0.9943147301673889
1772.411608143341 1.0323389768600464
1772.4324414291439 0.998441219329834
1772.4532747144192 0.9928760528564453
1772.494941283343 0.9809650182723999
1772.515774567014 1.0247464179992676
1772.5366078501434 0.9388039112091064
1772.5574411327425 0.9540371894836426
1772.5782744148125 0.965357780456543
1772.599107696365 0.990838348865509
1772.619940977382 0.9786162972450256
1772.6407742578742 1.0040531158447266
1772.6616075378538 1.0091490745544434
1772.6824408173022 1.0266807079315186
1772.7032740962306 1.0286887884140015
1772.7241073746409 1.0257630348205566
1772.744940652545 1.0149343013763428
1772.765773929924 1.0172096490859985
1772.7866072067898 1.0096259117126465
1772.807440483154 1.0200392007827759
1772.8282737589982 1.021994709968567
1772.8491070343343 1.0275667905807495
1772.8699403091741 1.019250512123108
1772.890773583499 1.027440071105957
1772.9116068573207 1.0179016590118408
1772.9324401306417 1.022298812866211
1772.9532734034728 1.009609580039978
1772.9741066757967 1.0144643783569336
1772.9949399476252 1.0048021078109741
1773.0157732189693 0.9790809154510498
1773.036606489812 0.9860027432441711
1773.0574397601645 1.0120633840560913
1773.0782730300289 1.0218809843063354
1773.0991062994174 0.9938774108886719
1773.1199395683118 1.0273622274398804
1773.1407728367242 1.0157638788223267
1773.1616061046666 1.0115059614181519
1773.1824393721213 1.0000494718551636
1773.2032726391 1.0235878229141235
1773.224105905605 1.014958381652832
1773.2449391716489 0.9965512752532959
1773.2657724372134 1.0314369201660156
1773.2866057023107 0.9944742918014526
1773.3074389669534 1.0124590396881104
1773.3282722311237 0.9973310232162476
1773.3491054948338 1.0009979009628296
1773.369938758096 1.01104736328125
1773.390772020893 1.0236079692840576
1773.411605283237 0.9974730014801025
1773.4324385451305 0.9470481872558594
1773.4532718065861 1.0225709676742554
1773.4741050675862 1.0382888317108154
1773.4949383281435 1.0001614093780518
1773.5157715882706 1.036486268043518
1773.53660484795 0.9860374927520752
1773.5574381071945 1.0189902782440186
1773.5782713660171 1.0298320055007935
1773.5991046244 1.0382792949676514
1773.6199378823567 1.0103709697723389
1773.6407711398997 1.004542350769043
1773.6616043970118 1.0148614645004272
1773.6824376537063 1.0296045541763306
1773.7032709099863 1.0311336517333984
1773.7241041658644 1.0077940225601196
1773.7449374213238 1.015816330909729
1773.7657706763782 1.0016483068466187
1773.7866039310302 1.0210365056991577
1773.8074371852933 1.0175799131393433
1773.828270439151 0.9914199709892273
1773.8491036926166 1.0157177448272705
1773.8699369457033 1.0281132459640503
1773.890770198395 1.0478508472442627
1773.9116034507051 1.0303577184677124
1773.9324367026472 1.025990605354309
1773.953269954205 1.0287970304489136
1773.9741032053923 1.0085943937301636
1773.9949364562128 1.043060064315796
1774.0157697066809 1.0183613300323486
1774.03660295678 1.0117138624191284
1774.0574362065242 1.0355087518692017
1774.0782694559282 0.9918642044067383
1774.0991027049756 1.0282310247421265
1774.1199359536809 1.0258985757827759
1774.1407692020587 1.0289702415466309
1774.161602450093 1.0060949325561523
1774.1824356977984 1.019351840019226
1774.20326894519 1.0149186849594116
1774.224102192252 1.0077074766159058
1774.2449354389996 1.020375370979309
1774.2657686854477 1.0284398794174194
1774.2866019315807 1.0172730684280396
1774.3074351774144 1.0127203464508057
1774.328268422964 1.0211634635925293
1774.3491016682142 1.0156081914901733
1774.369934913181 1.032102346420288
1774.39076815787 1.0637155771255493
1774.4116014022964 1.0523440837860107
1774.4324346464464 1.0336050987243652
1774.4532678903356 1.041886806488037
1774.4741011339804 1.0592169761657715
1774.4949343773667 1.0446994304656982
1774.515767620511 1.0641895532608032
1774.5366008634298 1.0546152591705322
1774.5574341061092 1.0375975370407104
1774.5782673485664 1.0627715587615967
1774.5991005908083 1.0605289936065674
1774.619933832852 1.045597791671753
1774.6407670746842 1.032871961593628
1774.661600316333 1.0411131381988525
1774.6824335577855 1.04849374294281
1774.7032667990595 1.0313693284988403
1774.7241000401632 1.0456870794296265
1774.7449332811143 1.042300820350647
1774.7657665219015 1.0350812673568726
1774.7865997625431 1.064313530921936
1774.807433003048 1.0370683670043945
1774.8282662434347 1.0360933542251587
1774.849099483693 1.0248173475265503
1774.8699327238419 1.0396708250045776
1774.890765963901 1.0035386085510254
1774.9115992038608 1.0129202604293823
1774.9324324437407 1.0344219207763672
1774.9532656835613 1.047021508216858
1774.9740989233137 1.0332196950912476
1774.9949321630284 1.0468515157699585
1775.0157654026968 1.024048924446106
1775.036598642341 1.0517292022705078
1775.057431881972 1.0315308570861816
1775.0782651216123 1.0345464944839478
1775.099098361255 1.0601633787155151
1775.1199316009224 1.056692361831665
1775.140764840638 1.0283056497573853
1775.1615980803958 1.0405536890029907
1775.1824313202192 1.0474098920822144
1775.203264560133 1.040663242340088
1775.224097800132 1.0633504390716553
1775.2449310402417 1.0485774278640747
1775.2657642804775 1.050378441810608
1775.2865975208663 1.0480542182922363
1775.307430761404 1.0521882772445679
1775.3282640021184 1.0596731901168823
1775.3490972430375 1.0388901233673096
1775.3699304841589 1.0407603979110718
1775.390763725512 1.0436969995498657
1775.4115969671263 1.0366408824920654
1775.4324302090017 1.0532348155975342
1775.453263451169 1.0646857023239136
1775.47409669366 1.0273654460906982
1775.4949299364766 1.0224460363388062
1775.5157631796515 1.0433346033096313
1775.5365964232185 1.0362273454666138
1775.5574296671823 1.041441559791565
1775.5782629115777 1.042928695678711
1775.5990961564407 1.0288053750991821
1775.619929401779 1.0249924659729004
1775.6407626476296 1.015816569328308
1775.661595894032 1.0215489864349365
1775.682429140996 1.0264081954956055
1775.7032623885623 1.0404179096221924
1775.724095636773 1.0349150896072388
1775.7449288856417 1.0382648706436157
1775.765762135212 1.0221447944641113
1775.78659538553 1.0233930349349976
1775.8074286366127 1.0159509181976318
1775.8282618885078 1.0288028717041016
1775.8490951412552 1.03896963596344
1775.869928394906 1.026394009590149
1775.8907616494823 1.0180420875549316
1775.9115949050486 1.0332322120666504
1775.9324281616307 1.0364634990692139
1775.9532614192854 1.0245327949523926
1775.9740946780623 1.0119280815124512
1775.994927938022 1.007497787475586
1776.0157611991976 1.0005792379379272
1776.0365944616633 1.0008732080459595
1776.0574277254561 1.0055065155029297
1776.0782609906444 0.9638803601264954
1776.0990942572887 0.9351699948310852
1776.119927525462 0.9659924507141113
1776.1407607952087 0.9815772771835327
1776.1615940666163 0.9697170853614807
1776.1824273397337 0.980584442615509
1776.203260614642 1.002755045890808
1776.2240938914144 0.9671885371208191
1776.244927170137 0.9854027032852173
1776.2657604508665 1.030372977256775
1776.2865937336924 0.9983811974525452
1777.7449257966653 1.0227547883987427
1777.7657590264155 1.0212838649749756
1777.78659225305 1.0122393369674683
1777.8074254766502 1.0050764083862305
1777.8282586972957 1.0105597972869873
1777.8490919150343 1.0171165466308594
1777.869925129941 1.0036077499389648
1777.8907583420894 0.9757865071296692
1777.911591551521 0.9388513565063477
1777.9324247583047 0.7224995493888855
1777.953257962508 0.814179539680481
1777.974091164166 0.8598676323890686
1777.9949243633423 0.8637250065803528
1778.0157575600983 0.9083000421524048
1778.0365907544642 0.8338823318481445
1778.0574239464977 0.8726145625114441
1778.0782571362554 0.8966967463493347
1778.0990903237619 0.8742050528526306
1778.1199235090803 0.8669607639312744
1778.1407566922323 0.9060548543930054
1778.1615898732687 0.8463705778121948
1778.1824230522375 0.8841129541397095
1778.2032562291568 0.8913719058036804
1778.2240894040724 0.8511858582496643
1778.2449225770292 0.9020893573760986
1778.265755748041 0.9045749306678772
1778.286588917151 0.8550059795379639
1778.3074220843996 0.9042807221412659
1778.3282552497978 0.8792689442634583
1778.3490884133853 0.8074365258216858
1778.3699215752 0.8931443691253662
1778.3907547352494 0.9231595396995544
1778.4115878935702 0.9379751086235046
1778.4324210501982 0.923527181148529
1778.4532542051381 0.8816521763801575
1778.474087358424 0.9150158166885376
1778.4949205100893 0.9142006635665894
1778.5157536601364 0.9490756988525391
1778.5365868086074 0.9257726669311523
1778.557419955503 0.9321990609169006
1778.5782531008542 0.9627625346183777
1778.5990862446906 0.9416289329528809
1778.6199193870116 0.920760989189148
1778.6407525278457 0.9505163431167603
1778.6615856672213 0.9136738181114197
1778.6824188051357 0.9809156656265259
1778.7032519416161 0.947117030620575
1778.724085076689 0.99971604347229
1778.7449182103508 0.9734702706336975
1778.7657513426266 0.9855802655220032
1778.786584473542 0.9539219737052917
1778.8074176030916 0.9774181842803955
1778.8282507313095 0.9642640948295593
1778.84908385819 0.9917410016059875
1778.8699169837564 0.9797511696815491
1778.890750108032 0.9581543803215027
1778.9115832310094 0.998723030090332
1778.9324163527117 0.9663050770759583
1778.9532494731602 0.9912439584732056
1778.974082592347 0.9958828091621399
1778.994915710294 1.0047595500946045
1779.015748827022 0.9813198447227478
1779.0365819425217 0.9806976318359375
1779.0574150568245 0.9839249849319458
1779.07824816992 1.000899314880371
1779.0990812818288 0.9697464108467102
1779.1199143925705 0.9805334806442261
1779.1407475021347 0.9804508090019226
1779.1615806105408 0.9676957130432129
1779.1824137178082 0.9885786771774292
1779.2032468239254 0.9797894358634949
1779.2240799289111 0.9817155599594116
1779.244913032784 0.9660936594009399
1779.265746135533 0.9946993589401245
1779.286579237185 0.9843524694442749
1779.3074123377285 0.991708517074585
1779.3282454371815 0.9696211218833923
1779.349078535561 0.9988347887992859
1779.3699116328546 0.9852127432823181
1779.3907447290799 0.9919000267982483
1779.4115778242535 0.9757879972457886
1779.4324109183622 0.9974542260169983
1779.4532440114333 0.965656578540802
1779.4740771034528 0.973128080368042
1779.4949101944376 0.9955779910087585
1779.515743284404 0.9942688941955566
1779.5365763733375 0.9915811419487
1779.5574094612548 0.9789526462554932
1779.578242548172 0.9784727096557617
1779.5990756340743 0.9790090322494507
1779.6199087189777 1.0153952836990356
1779.6407418028982 0.9922212958335876
1779.6615748858203 0.992926299571991
1779.68240796777 1.017920732498169
1779.7032410487323 1.011368751525879
1779.7240741287223 0.9906885623931885
1779.7449072077552 1.0015631914138794
1779.765740285816 1.0071958303451538
1779.7865733629194 0.9855780601501465
1779.8074064390798 0.981388509273529
1779.8282395142828 0.9981510639190674
1779.8490725885517 0.9913208484649658
1779.8699056618718 0.9889664649963379
1779.8907387342576 0.9964742660522461
1779.911571805723 1.0072132349014282
1779.9324048762521 1.0000916719436646
1779.9532379458597 0.9728788733482361
1779.9740710145593 0.9927232265472412
1779.994904082335 0.9997047781944275
1780.0157371492112 0.9922981262207031
1780.036570215171 0.9942298531532288
1780.0574032802288 0.982624888420105
1780.0782363443982 0.9861878156661987
1780.0990694076625 1.0075013637542725
1780.1199024700356 1.00663423538208
1780.1407355315312 0.9832324385643005
1780.1615685921327 0.9704473614692688
1780.1824016518633 0.9893476963043213
1780.2032347107065 0.9564544558525085
1780.2240677686757 0.9988242983818054
1780.2449008257838 0.9694016575813293
1780.2657338820145 0.9956610798835754
1780.286566937381 0.9924243092536926
1780.3073999918956 1.0074909925460815
1780.328233045542 0.9933115839958191
1780.3490660983432 0.9977231025695801
1780.369899150282 1.0107197761535645
1780.390732201371 1.0233345031738281
1780.4115652516239 0.9967211484909058
1780.4323983010227 1.0004730224609375
1780.4532313495804 0.9976832866668701
1780.47406439731 1.005318522453308
1780.494897444194 1.0053640604019165
1780.5157304902448 0.9927040934562683
1780.5365635354758 1.0203778743743896
1780.5573965798685 1.0092564821243286
1780.578229623446 1.00723135471344
1780.5990626661912 1.002593755722046
1780.619895708126 0.9906858801841736
1780.6407287492327 0.9936773180961609
1780.6615617895243 1.005752444267273
1780.6823948290125 1.0271143913269043
1780.7032278676802 1.0192638635635376
1780.7240609055395 1.0010724067687988
1780.7448939426024 0.9966895580291748
1780.7657269788515 0.9948679804801941
1780.7865600143089 1.0204269886016846
1780.8073930489566 0.9977403283119202
1780.8282260828066 1.0045281648635864
1780.8490591158718 1.0143086910247803
1780.8698921481334 1.0077483654022217
1780.890725179604 1.0042595863342285
1780.9115582102954 1.0105706453323364
1780.9323912401899 0.9991629719734192
1780.953224269309 0.9999505877494812
1780.974057297635 0.9669313430786133
1780.9948903251798 0.9909152984619141
1781.015723351955 0.9938093423843384
1781.036556377943 1.0047086477279663
1781.0573894031654 0.9903077483177185
1781.078222427604 0.9904457926750183
1781.0990554512707 1.0092195272445679
1781.1198884741775 1.0033271312713623
1781.1407214963056 0.9914734363555908
1781.1615545176671 1.0097410678863525
1781.182387538274 1.0039551258087158
1781.2032205581077 0.9941051602363586
1781.2240535771898 0.9922455549240112
1781.2448865955023 0.9975197315216064
1781.2657196130565 0.9756638407707214
1781.2865526298642 0.9910622239112854
1781.3073856459073 0.9906456470489502
1781.328218661207 1.0069457292556763
1781.349051675745 0.9723619222640991
1781.3698846895331 0.9885144233703613
1781.3907177025824 0.9882437586784363
1781.4115507148747 0.9978106021881104
1781.432383726432 0.985735297203064
1781.4532167372347 1.0019049644470215
1781.474049747295 1.0120770931243896
1781.4948827566247 0.9927903413772583
1781.5157157652047 0.9954952597618103
1781.5365487730464 0.9960676431655884
1781.5573817801617 0.9709237813949585
1781.5782147865316 0.9828957319259644
1781.5990477921775 1.0260511636734009
1781.6198807970811 1.0035433769226074
1781.6407138012537 0.9959098100662231
1781.6615468047064 0.9767162799835205
1781.6823798074208 0.9925282001495361
1781.7032128094183 0.9868115186691284
1781.7240458106799 0.9998055100440979
1781.7448788112174 0.9929999709129333
1781.7657118110415 0.9754934906959534
1781.8073778085159 0.9448521733283997
1781.8282108061687 0.9183007478713989
1781.8490438031033 0.9702940583229065
1781.8698767993312 0.9287500381469727
1781.890709794834 0.9326721429824829
1781.9115427896222 0.9433153867721558
1781.9323757837074 0.9533851146697998
1781.9532087770708 0.9250492453575134
1781.9740417697337 0.8783326148986816
1781.994874761677 0.9062387943267822
1782.0157077529223 0.9436573386192322
1782.0365407434501 1.013974666595459
1782.0573737332722 0.9811882376670837
1782.0782067223997 0.9865832328796387
1782.0990397108135 0.9960162043571472
1782.1198726985247 0.9271235466003418
1782.1407056855448 0.9604836702346802
1782.1615386718545 0.9775261282920837
1782.182371657475 0.9917314648628235
1782.2032046423878 0.9678689241409302
1782.2240376266034 0.981352686882019
1782.2448706101334 0.9770181179046631
1782.2657035929587 0.9764357209205627
1782.2865365751002 0.9461964964866638
1782.3073695565392 0.9449490308761597
1782.3282025372869 0.9157633781433105
1782.3490355173537 0.853703498840332
1782.3698684967214 0.8732606172561646
1782.3907014754109 0.8942657709121704
1782.411534453403 0.9271157383918762
1782.4323674307086 0.877305269241333
1782.4532004073394 0.8297114968299866
1782.4740333832756 0.8627424836158752
1782.4948663585387 0.8505122661590576
1782.5156993331098 0.8787112832069397
1782.5365323069996 0.8535256385803223
1782.557365280219 0.88020259141922
1782.5781982527496 0.893666684627533
1782.599031224612 0.8949984312057495
1782.619864195787 0.8825019598007202
1782.640697166296 0.8859290480613708
1782.6615301361196 0.8380331993103027
1782.682363105269 0.8155710101127625
1782.703196073755 0.9043050408363342
1782.7240290415589 0.8825696110725403
1782.7448620087011 0.9012598395347595
1782.7656949751631 0.8767693638801575
1782.786527940956 0.8852910399436951
1782.8073609060898 0.9060646295547485
1782.8281938705463 0.8979636430740356
1782.8490268343464 0.8758212924003601
1782.8698597974706 0.938652515411377
1782.89069275993 0.9244425296783447
1782.9115257217359 0.9354101419448853
1782.9323586828687 0.8891584277153015
1782.9531916433396 0.9332551956176758
1782.9740246031597 0.9142642617225647
1782.9948575623096 0.9475675225257874
1783.01569052081 0.9445424675941467
1783.0365234786427 0.9108561277389526
1783.0573564358278 0.9439186453819275
1783.0781893923463 0.9793927669525146
1783.0990223482197 0.9466173052787781
1783.1198553034283 0.9432871341705322
1783.1406882579831 0.9616254568099976
1783.1615212118954 0.979912281036377
1783.1823541651456 0.9903843998908997
1783.2031871177448 0.9634313583374023
1783.224020069704 0.9774658679962158
1783.244853021004 0.9618880748748779
1783.2656859716658 0.9783533811569214
1783.2865189216702 0.9172405004501343
1783.307351871038 0.9137577414512634
1783.3281848197503 0.9597960710525513
1783.349017767818 0.9695200324058533
1783.3698507152517 0.9591297507286072
1783.3906836620324 0.966917097568512
1783.4115166081815 0.9916512966156006
1783.432349553679 0.9912638068199158
1783.4531824985363 0.986132025718689
1783.4740154427643 0.980724036693573
1783.494848386344 0.987185537815094
1783.515681329296 0.970805823802948
1783.5365142716014 0.9701117277145386
1783.5573472132812 1.0171432495117188
1783.5781801543158 0.9703696966171265
1783.5990130947162 1.0181180238723755
1783.619846034494 0.9982978105545044
1783.640678973629 0.9950121641159058
1783.661511912143 1.0138121843338013
1783.6823448500165 1.0299824476242065
1783.7031777872603 0.9818867444992065
1783.7240107238854 0.9772053360939026
1783.7448436598731 0.9800264835357666
1783.7656765952436 1.0108529329299927
1783.786509529978 0.9988144636154175
1783.8073424640877 1.0283113718032837
1783.8281753975828 0.9718576073646545
1783.8490083304448 0.9833505749702454
1783.8698412626945 1.0165493488311768
1783.8906741943124 1.0289911031723022
1783.91150712531 1.0222159624099731
1783.932340055698 1.0253159999847412
1783.9531729854568 1.0176162719726562
1783.974005914608 1.0114374160766602
1783.9948388431324 0.9890532493591309
1784.0156717710506 1.0028902292251587
1784.0365046983436 1.024346113204956
1784.0573376250227 1.0174427032470703
1784.078170551098 0.9785304665565491
1784.0990034765514 1.0036876201629639
1784.1198364014033 0.9851773977279663
1784.1406693256347 1.0013437271118164
1784.1615022492563 1.0236259698867798
1784.1823351722796 1.0181726217269897
1784.203168094685 1.0225650072097778
1784.2240010164937 1.0118801593780518
1784.2448339376867 1.020272135734558
1784.2656668582847 0.9492182731628418
1784.2864997782688 0.9945372343063354
1784.30733269765 1.0034154653549194
1784.3281656164395 1.021886944770813
1784.3489985346175 0.9915235638618469
1784.3698314522057 1.0138834714889526
1784.390664369185 0.9948841333389282
1784.411497285566 1.0004593133926392
1784.4323302013597 1.0311639308929443
1784.4531631165578 1.0104237794876099
1784.4739960311504 1.0224727392196655
1784.4948289451488 1.0061759948730469
1784.5156618585643 1.006844401359558
1784.5364947713774 1.024562954902649
1784.5573276836096 1.0400002002716064
1784.5781605952418 1.0081607103347778
1784.5989935062846 1.0073257684707642
1784.6198264167494 1.030178427696228
1784.6406593266174 1.036687970161438
1784.6614922359092 1.0256184339523315
1784.6823251446062 1.043643593788147
1784.7031580527296 1.0195139646530151
1784.7239909602597 1.0352517366409302
1784.7448238672082 1.0209569931030273
1784.7656567735862 1.0240570306777954
1784.7864896793744 1.0364227294921875
1784.807322584594 1.0262235403060913
1784.8281554892264 1.0235998630523682
1784.8489883932925 1.0347437858581543
1784.8698212967731 1.0175652503967285
1784.89065419969 1.0204943418502808
1784.9114871020238 0.9929597973823547
1784.9323200037857 1.0125353336334229
1784.953152904987 1.0070773363113403
1784.9739858056084 1.011966347694397
1784.9948187056618 1.0257126092910767
1785.015651605158 1.02800714969635
1785.0364845040879 1.0158257484436035
1785.057317402443 1.0277488231658936
1785.0781503002345 1.0344113111495972
1785.0989831974737 1.0392042398452759
1785.1198160941412 1.034256935119629
1785.140648990259 1.030569076538086
1785.1614818858081 0.9947955012321472
1785.1823147807995 1.0187573432922363
1785.2031476752445 1.0144022703170776
1785.223980569125 1.0427311658859253
1785.2448134624613 1.0079396963119507
1785.265646355235 1.032130241394043
1785.286479247468 1.0415419340133667
1785.3073121391408 1.034278154373169
1785.3281450302652 0.9948485493659973
1785.3489779208526 1.0317143201828003
1785.3698108108838 1.0231496095657349
1785.3906437003807 1.0361270904541016
1785.4114765893248 1.029598593711853
1785.432309477737 1.0267891883850098
1785.4531423655985 1.0389745235443115
1785.4739752529317 1.0152533054351807
1785.4948081397172 1.0148049592971802
1785.5156410259667 1.029549241065979
1785.5364739116917 1.0218629837036133
1785.5573067968735 1.0322463512420654
1785.578139681534 1.0248823165893555
1785.5989725656543 1.0369386672973633
1785.6198054492559 1.0187640190124512
1785.6406383323206 1.0193712711334229
1785.66147121486 1.0384160280227661
1785.6823040968854 1.010115385055542
1785.7031369783783 1.0393054485321045
1785.723969859361 1.0314393043518066
1785.7448027398145 1.0273948907852173
1785.7656356197604 1.0156747102737427
1785.8073013780972 0.9453797340393066
1785.828134256491 0.918083667755127
1785.8489671343743 0.959477424621582
1785.869800011759 0.9314450621604919
1785.8906328886264 0.9401564002037048
1785.9114657649984 0.9507021903991699
1785.9322986408574 0.9474204182624817
1785.9531315162244 0.9410706162452698
1785.9739643910816 0.935661256313324
1785.994797265451 0.9671913385391235
1786.0156301393145 0.9376199245452881
1786.0364630126837 0.9513465166091919
1786.057295885571 0.952216386795044
1786.078128757958 0.9276706576347351
1786.098961629867 0.9542914628982544
1786.1197945012802 0.9390533566474915
1786.1406273722191 0.9658409357070923
1786.1614602426662 0.9591581225395203
1786.1822931126437 0.9504672288894653
1786.2031259821333 0.9648407101631165
1786.2239588511475 0.9745864868164062
1786.2447917196987 0.9412110447883606
1786.2656245877686 0.9357454180717468
1786.28645745538 0.9502128958702087
1786.3072903225152 0.9639473557472229
1786.328123189196 0.9808279275894165
1786.348956055405 0.9507466554641724
1786.3697889211653 0.9707330465316772
1786.3906217864585 0.9708837270736694
1786.4114546512976 0.9960654973983765
1786.432287515695 0.9427483081817627
1786.4531203796328 1.0241891145706177
1786.4739532431342 1.0158482789993286
1786.494786106182 0.9631666541099548
1786.515618968798 0.9946523904800415
1786.5364518309657 0.9894495010375977
1786.5572846926977 1.0364315509796143
1786.5781175540067 1.011162281036377
1786.5989504148756 1.0262576341629028
1786.6197832753276 1.0137596130371094
1786.6406161353455 1.0240919589996338
1786.661448994952 1.0263813734054565
1786.6822818541305 0.9916025996208191
1786.7031147129042 1.0213531255722046
1786.7239475712558 1.011478304862976
1786.744780429199 1.0127923488616943
1786.765613286747 1.017163872718811
1786.786446143883 1.0201853513717651
1786.8072790006306 1.0136990547180176
1786.8281118569732 1.0418989658355713
1786.848944712934 1.0302119255065918
1786.8697775684968 1.0099060535430908
1786.8906104236858 1.0210869312286377
1786.9114432784838 1.0364584922790527
1786.9322761329051 1.0125658512115479
1786.9531089869638 1.0181740522384644
1786.9739418406532 1.0382134914398193
1786.9947746939679 1.018938422203064
1787.0156075469217 1.0291258096694946
1787.0364403995286 1.0386121273040771
1787.0572732517733 1.0036942958831787
1787.0781061036798 1.0397865772247314
1787.0989389552328 1.0182901620864868
1787.1197718064564 1.0137109756469727
1787.1406046573356 1.0196698904037476
1787.161437507895 1.0487182140350342
1787.1822703581192 1.0257582664489746
1787.2031032080336 1.0067551136016846
1787.2239360576227 1.0279569625854492
1787.2447689069015 1.0171711444854736
1787.2656017558859 1.0169388055801392
1787.2864346045606 1.0129340887069702
1787.3072674529512 1.0245981216430664
1787.3281003010432 1.03316068649292
1787.348933148863 0.9852041602134705
1787.3697659963952 1.0091896057128906
1787.3905988436563 1.0238995552062988
1787.411431690663 1.0291543006896973
1787.4322645374007 1.0399062633514404
1787.453097383896 1.039298415184021
1787.4739302301355 1.0440118312835693
1787.4947630761458 1.0285980701446533
1787.5155959219135 1.0369317531585693
1787.536428767466 1.0334265232086182
1787.5572616127902 1.0268681049346924
1787.5780944579135 1.042628526687622
1787.5989273028235 1.036745309829712
1787.6197601475378 1.0209777355194092
1787.640592992074 1.035739541053772
1787.661425836431 1.0300977230072021
1787.6822586806059 1.0305719375610352
1787.703091524618 1.0291988849639893
1787.7239243684862 1.0264296531677246
1787.744757212199 1.0440235137939453
1787.7655900557854 1.0307599306106567
1787.7864228992355 1.0277315378189087
1787.8072557425785 1.0207692384719849
1787.8280885858044 1.0216784477233887
1787.8489214289439 1.034451961517334
1787.8697542719867 1.0386927127838135
1787.890587114964 1.0341806411743164
1787.9114199578673 1.023597002029419
1787.9322528007274 1.0206764936447144
1787.9530856435363 1.0236719846725464
1787.973918486316 1.0197341442108154
1787.994751329089 1.012477159500122
1788.0155841718483 1.0315053462982178
1788.0364170146267 1.036219835281372
1788.0572498574184 1.0307475328445435
1788.0780827002566 1.036380410194397
1788.0989155431364 1.0313581228256226
1788.1197483860926 1.0419102907180786
1788.14058122912 1.0407326221466064
1788.161414072255 1.0476847887039185
1788.182246915494 1.0455796718597412
1788.2030797588634 1.0445802211761475
1788.223912602391 1.0379530191421509
1788.2447454460748 1.0352222919464111
1788.265578289953 1.0523080825805664
1788.2864111340252 1.049329161643982
1788.3072439783316 1.0368995666503906
1788.328076822872 1.0325287580490112
1788.3489096676878 1.0269814729690552
1788.3697425127818 1.0411467552185059
1788.390575358196 1.0414009094238281
1788.4114082039341 1.0303086042404175
1788.432241050041 1.024078369140625
1788.4530738965216 1.0334867238998413
1788.4739067434225 1.0313470363616943
1788.4947395907511 1.029789924621582
1788.5155724385552 1.0345865488052368
1788.5364052868442 1.0387135744094849
1788.5572381356594 1.0462555885314941
1788.5780709850414 1.0301527976989746
1788.598903835004 1.043384075164795
1788.6197366856009 1.0363903045654297
1788.6405695368476 1.029097080230713
1788.6614023888014 1.012885332107544
1788.682235241481 1.037137508392334
1788.7030680949458 1.0074700117111206
1788.723900949218 1.0235079526901245
1788.744733804361 1.0008695125579834
1788.7655666604 1.0233725309371948
1788.7863995174023 1.0302221775054932
1788.8072323753968 1.0537283420562744
1788.8280652344552 1.0465738773345947
1788.8488980946104 0.9988234043121338
1788.8697309559384 1.0240589380264282
1788.890563818478 1.0290285348892212
1788.911396682299 1.0192312002182007
1788.9322295474753 1.0165104866027832
1788.9530624140632 1.0092750787734985
1788.9738952821212 1.0139654874801636
1788.9947281517318 0.9959986805915833
1789.01556102298 1.006348967552185
1789.0363938959238 0.9561443328857422
1789.0572267706652 0.9157561659812927
1789.0780596472696 0.9212710857391357
1789.0988925258453 0.9550575613975525
1789.1197254064646 0.9060651063919067
1789.140558289244 0.9680221676826477
1789.1613911742625 0.9645190834999084
1789.2030569514743 0.957284152507782
1789.223889843885 0.9871204495429993
1789.2447227389694 0.9915151000022888
1789.2655556368645 0.9895427227020264
1789.2863885376692 0.9934650659561157
1789.3072214415151 0.980503261089325
1789.3280543485357 0.9638933539390564
1789.3488872588441 0.976502537727356
1789.3697201725538 0.9608586430549622
1789.3905530897962 0.9678681492805481
1789.4113860106988 0.9477485418319702
1789.4322189353547 0.9596747159957886
1789.4530518638887 0.9770235419273376
1789.4738847963752 0.9864873886108398
1789.4947177329148 0.9724928736686707
1789.515550673551 1.0009040832519531
1789.536383618346 1.034874439239502
1789.5572165672952 1.0499145984649658
1789.578049520404 1.0519938468933105
1789.5988824776011 1.031383991241455
1789.6197154388137 1.0572102069854736
1789.640548403883 1.0632296800613403
1789.661381372639 1.0456541776657104
1789.6822143448167 1.0571229457855225