1790.683135485776 1.0007416009902954
1790.7039691475707 1.0008057355880737
1790.7248028063977 1.0009119510650635
1790.745636462469 1.0008641481399536
1790.7664701156673 1.0008435249328613
1790.787303766218 1.0006930828094482
1790.8081374139763 1.0006932020187378
1790.8289710591705 1.000699520111084
1790.8498047016585 1.0004154443740845
1790.8706383416622 0.9999402165412903
1790.8914719790416 0.9995510578155518
1790.9123056140124 0.9994364380836487
1790.9331392464362 0.9999934434890747
1790.9539728765233 0.9991562962532043
1790.974806504136 0.9987726211547852
1790.9956401294796 0.9989818334579468
1791.0164737524183 0.9990464448928833
1791.0373073731514 0.9993286728858948
1791.0581409915449 0.9989442229270935
1791.0789746077933 0.9990164041519165
1791.099808221763 0.9991942048072815
1791.3914786018413 1.0046463012695312
1791.4123121859486 1.0049364566802979
1791.4331457681596 1.005052924156189
1791.4539793486356 1.004994511604309
1791.474812927252 1.0048115253448486
1791.495646504167 1.0049655437469482
1791.516480079258 1.0047972202301025
1791.5373136526798 1.004420280456543
1791.5581472243102 1.0041505098342896
1791.5789807943024 1.0041080713272095
1791.5998143625343 1.0042214393615723
1791.620647929157 1.0035324096679688
1791.6414814940495 1.003962516784668
1791.6623150573603 1.0034818649291992
1791.6831486189692 1.0036495923995972
1791.7039821790227 1.0037691593170166
1791.724815737401 1.0029914379119873
1791.745649294249 1.0033395290374756
1791.7664828494476 1.0033594369888306
1791.7873164031394 1.003216028213501
1791.8081499552063 1.003076195716858
1791.8289835057892 1.0031239986419678
1791.8498170547705 1.0029977560043335
1791.870650602289 1.0028709173202515
1791.8914841482283 1.00276517868042
1791.9123176927258 1.0027204751968384
1791.933151235665 1.002906322479248
1791.953984777182 1.0024452209472656
1791.974818317161 1.0025107860565186
1791.9956518557362 1.0023863315582275
1792.0164853927934 1.0024223327636719
1792.0373189284649 1.002230167388916
1792.0581524626432 1.0021724700927734
1792.0789859954598 1.0019981861114502
1792.0998195267873 1.0018280744552612
1792.1206530567563 1.0015162229537964
1792.1414865852603 1.0013089179992676
1792.1623201124282 1.0016170740127563
1792.1831536381471 1.0015991926193237
1792.2039871625448 1.0016775131225586
1792.2248206855195 1.0015709400177002
1792.245654207167 1.0017998218536377
1792.2664877274067 1.0015935897827148
1792.2873212463535 1.0016982555389404
1792.3081547639067 1.0015740394592285
1792.3289882801603 1.0014302730560303
1792.349821795044 1.001572608947754
1792.3706553086406 1.001462459564209
1792.391488820881 1.0015307664871216
1792.412322331847 1.0013684034347534
1792.433155841469 1.0013349056243896
1792.4539893498288 1.0012041330337524
1792.474822856857 1.0014697313308716
1792.4956563626338 1.0013123750686646
1792.5164898670912 1.0012791156768799
1792.5373233703085 1.0012259483337402
1792.5581568722175 1.0011224746704102
1792.578990372897 1.0011584758758545
1792.5998238722793 1.0012719631195068
1792.6206573704421 1.0012273788452148
1792.6414908673185 1.0011191368103027
1792.6623243629851 1.000863790512085
1792.6831578573758 1.0011041164398193
1792.7039913505662 1.0002211332321167
1792.7248248424903 1.0010395050048828
1792.7456583332232 1.0007092952728271
1792.7664918226994 1.000812292098999
1792.7873253109935 1.0006773471832275
1792.80815879804 1.0008718967437744
1792.828992283913 1.001027226448059
1792.8498257685474 1.0010972023010254
1792.870659252016 1.0008563995361328
1792.8914927342548 1.0008223056793213
1792.9123262153364 1.000852108001709
1792.9331596951963 1.0009856224060059
1792.9539931739064 1.000643014907837
1792.974826651403 1.0008249282836914
1792.995660127757 1.0007416009902954
1793.0164936029055 1.000943660736084
1793.0373270769192 1.0006037950515747
1793.0581605497346 1.000648021697998
1793.078994021422 1.0005687475204468
1793.0998274919184 1.0004464387893677
1793.1206609612937 1.0007073879241943
1793.141494429485 1.0006409883499146
1793.162327896562 1.0005242824554443
1793.1831613624618 1.0004973411560059
1793.2039948272636 1.0006853342056274
1793.2248282908752 1.0005382299423218
1793.2456617534044 1.0006457567214966
1793.26649521475 1.0005744695663452
1793.2873286750198 1.0006277561187744
1793.308162134112 1.000510573387146
1793.328995592134 1.0002819299697876
1793.3498290489847 1.0006277561187744
1793.370662504771 1.0004220008850098
1793.3914959593912 1.000679850578308
1793.4123294129529 1.0005619525909424
1793.433162865355 1.0005581378936768
1793.4539963167033 1.0002907514572144
1793.4748297668973 1.000492811203003
1793.495663216043 1.0004050731658936
1793.5164966640398 1.0002045631408691
1793.5373301109935 1.0004488229751587
1793.5581635568035 1.0003222227096558
1793.5789970015753 1.0003859996795654
1793.5998304452087 1.000382661819458
1793.6206638878084 1.0004538297653198
1793.6414973292747 1.0004621744155884
1793.6623307697118 1.0004242658615112
1793.683164209021 1.0000405311584473
1793.7039976473052 1.0004123449325562
1793.7248310844761 1.0001442432403564
1793.7456645206066 1.000072717666626
1793.7664979556382 1.0003832578659058
1793.787331389634 1.0002689361572266
1793.808164822535 1.0000404119491577
1793.8289982544045 1.0002480745315552
1793.849831685184 1.0001949071884155
1793.8706651149357 1.000279188156128
1793.8914985436015 1.0000807046890259
1793.9123319712437 0.9999933838844299
1793.9331653978045 1.000058889389038
1793.953998823345 1.0000417232513428
1793.9748322478083 0.9998379945755005
1793.9956656712554 1.0002822875976562
1794.016499093629 0.9999892711639404
1794.037332515 0.9999674558639526
1794.0581659352815 1.0000784397125244
1794.078999354574 0.9999273419380188
1794.0998327727807 1.0001063346862793
1794.120666190002 0.999989926815033
1794.141499606141 1.0002042055130005
1794.1623330212983 1.0001015663146973
1794.183166435377 1.0000163316726685
1794.2039998484768 1.0001384019851685
1794.2248332605018 1.000069260597229
1794.2456666715514 1.0000611543655396
1794.266500081529 0.9999814033508301
1794.2873334905348 1.0000361204147339
1794.3081668984723 1.000083327293396
1794.3290003054408 1.0001115798950195
1794.3498337113442 1.0000321865081787
1794.3706671162818 0.9999194741249084
1794.3915005201573 0.9999629855155945
1794.4123339230698 0.9998784065246582
1794.4331673249337 0.999983012676239
1794.4540007258174 0.9999305009841919
1794.4748341256657 0.999999463558197
1794.4956675245367 1.0000964403152466
1794.516500922375 1.0001436471939087
1794.5373343192387 0.9999094605445862
1794.5581677150728 0.9997274279594421
1794.5790011099352 0.9997415542602539
1794.599834503771 0.9999455809593201
1794.6206678966375 0.9998679161071777
1794.64150128848 0.9998592138290405
1794.662334679356 0.9997616410255432
1794.683168069211 0.9996470808982849
1794.7040014581119 0.9997665286064148
1794.7248348459743 0.9996649026870728
1794.7456682328952 0.9996564984321594
1794.76650161878 0.9996939897537231
1794.7873350037262 0.9996897578239441
1794.808168387639 0.9998332858085632
1794.8290017706152 0.9997448921203613
1794.8498351525607 0.9995424747467041
1794.870668533572 0.9995751976966858
1794.8915019135547 0.9995424151420593
1794.9123352926058 0.9996641874313354
1794.9331686706312 0.9994450807571411
1794.974835423799 1.000106930732727
1794.9956687989436 0.9996278882026672
1795.016502173067 1.0000145435333252
1795.0373355462655 0.999954342842102
1795.0581689184548 0.9999986290931702
1795.0790022897006 1.0000178813934326
1795.0998356599505 1.0000355243682861
1795.1206690292593 1.0002861022949219
1795.1415023975737 1.0001437664031982
1795.1623357649494 1.0001823902130127
1795.183169131333 0.9999709725379944
1795.2040024967796 0.9998275637626648
1795.2248358612362 1.0000488758087158
1795.2456692247576 0.9999149441719055
1795.2665025872914 0.9999236464500427
1795.287335948892 0.9998857378959656
1795.3081693095069 0.9999586343765259
1795.3290026692007 1.000207781791687
1795.3498360278907 0.9999828934669495
1795.3706693856714 1.0002212524414062
1795.39150274245 1.0001074075698853
1795.4123360983215 1.0002171993255615
1795.4331694531934 1.0000925064086914
1795.4540028071594 1.0000300407409668
1795.4748361601378 1.0001978874206543
1795.495669512192 1.0002347230911255
1795.5165028632605 1.0001276731491089
1795.5373362134267 1.000130295753479
1795.558169562609 1.0001343488693237
1795.579002910871 1.0000770092010498
1795.5998362581606 1.0002121925354004
1795.6206696045315 0.9999380707740784
1795.641502949932 0.9998521208763123
1795.6623362944154 1.0001217126846313
1795.6831696379304 1.0000886917114258
1795.7040029805298 1.0001778602600098
1795.7248363221627 1.000077486038208
1795.7456696628915 1.0000721216201782
1795.766503002635 1.0000629425048828
1795.7873363414865 1.0000890493392944
1795.8081696793547 0.9999898076057434
1795.8290030163323 1.0000460147857666
1795.849836352328 1.0001392364501953
1795.8706696874349 1.000012993812561
1795.8915030215614 1.0002530813217163
1795.9123363548003 1.0002135038375854
1795.933169687061 0.999995231628418
1795.9540030184357 1.0000494718551636
1795.9748363488436 1.0003023147583008
1795.9956696783468 1.0001808404922485
1796.0165030068947 1.0001614093780518
1796.0373363345395 1.0000275373458862
1796.058169661231 0.9999265670776367
1796.0790029870204 1.0002459287643433
1796.099836311858 1.0001741647720337
1796.1206696357954 1.0001307725906372
1796.1415029587818 1.0000656843185425
1796.1623362808696 1.0002198219299316
1796.1831696020085 1.000171184539795
1796.2040029222599 1.0001506805419922
1796.2248362415437 1.0002217292785645
1796.2456695599515 1.0002018213272095
1796.2665028773931 1.0003094673156738
1796.28733619396 1.0001120567321777
1796.3081695095625 1.000220775604248
1796.3290028242916 1.0002076625823975
1796.3498361380573 1.0000853538513184
1796.3706694509513 1.0000115633010864
1796.3915027628832 1.0000910758972168
1796.4123360739445 0.9999788403511047
1796.4331693840556 1.000107765197754
1796.4540026932773 0.9999001622200012
1796.47483600156 0.9998024106025696
1796.4956693089546 0.9999906420707703
1796.5165026154116 1.0001718997955322
1796.5373359209818 0.9998602271080017
1796.558169225616 0.9998928904533386
1796.5790025293645 0.9997883439064026
1796.5998358321783 0.9999786615371704
1796.6206691341179 0.9998940825462341
1796.6415024351036 0.9998224973678589
1796.6623357352166 0.999966025352478
1796.6831690343975 0.9998987317085266
1796.7040023327065 0.9998542666435242
1796.724835630065 0.999758780002594
1796.7456689265625 1.0000635385513306
1796.7665022221106 0.9998301267623901
1796.7873355167994 0.9998369216918945
1796.8081688105403 0.9999144077301025
1796.829002103423 0.99983811378479
1796.8498353953687 0.9998499155044556
1796.8706686864375 0.9999767541885376
1796.8915019765807 0.999898374080658
1796.9123352658482 0.9999777674674988
1796.9331685541918 1.0000547170639038
1796.9540018416703 0.9999292492866516
1796.9748351282062 0.999876856803894
1796.9956684138888 0.9998860359191895
1797.0165016986293 0.9998888373374939
1797.0373349825181 0.9999620318412781
1797.0581682654663 0.9996423721313477
1797.0790015475636 0.9999050498008728
1797.0998348287217 0.9999086260795593
1797.12066810903 0.9999712109565735
1797.1415013884002 0.9998757839202881
1797.162334666922 0.9999575018882751
1797.1831679445172 0.999873161315918
1797.204001221245 0.9999157190322876
1797.2248344970574 0.9998971819877625
1797.2456677720036 0.9999005198478699
1797.2665010460355 0.9998608827590942
1797.2873343192023 1.000048279762268
1797.3081675914564 0.9999514222145081
1797.3290008628564 1.0000537633895874
1797.3498341333252 1.00009286403656
1797.3706674029509 1.000003457069397
1797.3915006716463 0.9998894333839417
1797.4123339395 0.9999208450317383
1797.433167206425 0.999936044216156
1797.4540004725095 1.0000897645950317
1797.4748337376661 0.9999518990516663
1797.4956670019835 1.000074028968811
1797.5165002653844 1.000081181526184
1797.537333527927 0.9999931454658508
1797.5581667895647 0.9999321103096008
1797.5790000503455 0.9999008178710938
1797.5998333102223 0.9999576210975647
1797.6206665692432 0.9999209046363831
1797.6414998273615 0.9999800324440002
1797.6623330846253 0.9997820258140564
1797.683166340988 0.9998408555984497
1797.7039995965072 0.999714195728302
1797.7248328511064 0.9997717142105103
1797.7456661048732 0.9997249245643616
1797.7664993577214 0.9996964335441589
1797.7873326097388 0.999806821346283
1797.8081658608387 0.9999344944953918
1797.828999111109 0.999781608581543
1797.849832360473 0.9998175501823425
1797.870665608989 0.9997532963752747
1797.8914988566098 0.9999294877052307
1797.9123321033835 1.0000375509262085
1797.9331653492638 0.999776303768158
1797.9539985943084 0.9999004006385803
1797.9748318384409 0.999869704246521
1797.9956650817485 0.9998050928115845
1798.0164983241455 0.9999378323554993
1798.0373315657191 0.999869704246521
1798.0581648063837 0.999736487865448
1798.078998046226 0.9997441172599792
1798.0998312851607 0.9997076988220215
1798.1206645232744 0.999539315700531
1798.1414977604816 0.9996463060379028
1798.1623309968697 0.999867856502533
1798.1831642323627 0.9997770190238953
1798.2039974670176 0.9998634457588196
1798.2248307007894 0.9997683167457581
1798.2456639337242 0.9996765851974487
1798.266497165777 0.9998233318328857
1798.2873303969945 0.9997527003288269
1798.3081636273319 0.9997763633728027
1798.3289968568452 0.9996536374092102
1798.3498300854599 0.9995827078819275
1798.3706633132617 0.9994922280311584
1798.3914965401664 0.9995558857917786
1798.4123297662602 0.9995352029800415
1798.4331629914586 0.9995450973510742
1798.4539962158472 0.9995278120040894
1798.474829439352 0.9995807409286499
1798.495662662029 0.9995476603507996
1798.5164958838334 0.9997171759605408
1798.5373291048113 0.9993686079978943
1798.558162324919 0.9993239641189575
1798.5789955442117 0.9993568658828735
1798.5998287626157 0.9994420409202576
1798.6206619802167 0.99918532371521
1798.6414951969302 0.9994924664497375
1798.6623284128425 0.9993800520896912
1798.6831616278698 0.9995907545089722
1798.7039948420972 0.9994572997093201
1798.7248280554513 0.9995909333229065
1798.7456612679875 0.9995911717414856
1798.766494479662 0.9993845820426941
1798.7873276905207 0.9995937347412109
1798.8081609005199 0.9995236992835999
1798.8289941097146 0.9994632005691528
1798.8498273180323 0.9995183944702148
1798.8706605255572 0.9994867444038391
1798.891493732207 0.9994129538536072
1798.9123269380664 0.9994629621505737
1798.9331601430526 0.999170184135437
1798.9539933472504 0.9995664358139038
1798.9748265505875 0.9993983507156372
1798.995659753118 0.9993289709091187
1799.0164929548 0.9993754625320435
1799.0373261556776 0.9990697503089905
1799.0581593557329 0.9994667768478394
1799.0789925550077 0.9994635581970215
1799.0998257534159 0.9992548227310181
1799.120658951002 0.9991912245750427
1799.1414921477472 0.9993307590484619
1799.1623253437047 0.9993189573287964
1799.183158538804 0.9990854859352112
1799.2248249265965 0.9999575614929199
1799.245658119292 0.9998233914375305
1799.2664913111346 0.9997799396514893
1799.2873245022074 0.9999204874038696
1799.30815769244 0.9998595714569092
1799.3289908818854 0.9998736381530762
1799.349824070504 0.99981290102005
1799.3706572583376 0.9998812675476074
1799.3914904453475 0.9997609853744507
1799.4123236315857 0.9997755289077759
1799.4331568169835 0.9998065829277039
1799.4539900016225 0.9999169707298279
1799.4748231854244 0.9998571872711182
1799.4956563684707 0.9999087452888489
1799.5164895506832 0.9998919367790222
1799.5373227321438 0.9998111724853516
1799.5581559127843 0.999786913394928
1799.578989092656 0.999905526638031
1799.5998222717215 0.9999914765357971
1799.6206554500318 0.999787449836731
1799.6414886275195 0.9999074339866638
1799.662321804266 1.0000380277633667
1799.6831549801946 1.000064492225647
1799.7039881553853 0.9998924732208252
1799.7248213297628 1.0000524520874023
1799.745654503406 1.0000818967819214
1799.7664876762406 0.9999439716339111
1799.7873208483454 1.000037431716919
1799.8081540196563 0.999951958656311
1799.828987190222 0.9999865889549255
1799.8498203600088 1.0000101327896118
1799.8706535290548 0.9999710321426392
1799.8914866973269 0.9999314546585083
1799.9123198648736 1.000044822692871
1799.9331530316317 0.9999778270721436
1799.9539861976796 1.000014305114746
1799.9748193629446 0.9999274611473083
1799.9956525275047 0.9999016523361206
1800.016485691298 0.9998859167098999
1800.0373188543722 0.9999792575836182
1800.058152016696 1.0000203847885132
1800.0789851783065 0.9998995661735535
1800.0998183391737 1.0000007152557373
1800.1206514993435 0.9999414682388306
1800.1414846587568 0.999930202960968
1800.1623178174898 0.999823808670044
1800.183150975474 0.9998102784156799
1800.2039841327844 0.9998348355293274
1800.2248172893642 0.9999058842658997
1800.2456504452575 0.999851405620575
1800.2664836004385 1.000001311302185
1800.2873167549408 0.9999442100524902
1800.3081499087398 0.9999138116836548
1800.3289830618685 0.9999131560325623
1800.349816214303 0.9999952912330627
1800.370649366086 0.9999451637268066
1800.3914825171646 0.9999343156814575
1800.412315667611 0.9999501705169678
1800.433148817364 0.9999079704284668
1800.4539819664944 0.9999603629112244
1800.474815114953 1.0000196695327759
1800.495648262779 0.9998167157173157
1800.5164814099546 0.999904215335846
1800.5373145565095 0.9998921751976013
1800.558147702427 0.9999372363090515
1800.5789808477455 1.0000306367874146
1800.59981399242 0.99993896484375
1800.6206471365178 0.9999245405197144
1800.6414802799864 0.9999522566795349
1800.662313422892 0.9999079704284668
1800.683146565184 0.9998956918716431
1800.7039797069272 1.0001230239868164
1800.7248128480835 1.000136137008667
1800.7456459886862 0.9998018145561218
1800.7664791287298 1.0002150535583496
1800.7873122682367 0.9998953342437744
1800.8081454072037 1.0000245571136475
1800.8289785456616 0.9998807907104492
1800.84981168358 1.0001596212387085
1800.8706448210182 0.9999830722808838
1800.8914779579393 1.0001604557037354
1800.9123110944008 0.9999821186065674
1800.933144230379 1.0002130270004272
1800.9539773658996 0.9997426867485046
1800.9748105009726 1.0018678903579712
1800.995643635612 1.0012304782867432
1801.0164767698313 0.9997057318687439
1801.037309903643 0.9998371601104736
1801.058143037065 1.0000144243240356
1801.0789761701171 0.9998071789741516
1801.0998093027922 1.0003321170806885
1801.1206424351376 1.000301480293274
1801.141475567151 0.9998818039894104
1801.162308698848 1.000458836555481
1801.183141830262 1.000402808189392
1801.2039749613948 1.0004947185516357
1801.2248080922868 1.001186490058899
1801.2456412229465 1.094083547592163
1801.266474353391 0.9699693918228149
1801.2873074836564 0.019806910306215286
1801.3081406137567 --
1801.3289737437242 --
1801.349806873592 --
1801.3706400033575 --
1801.3914731330938 --
1801.412306262784 --
1801.4331393925117 --
1801.453972522265 --
1801.4748056521091 --
1801.4956387820564 --
1801.5164719121753 0.607747495174408
1801.537305042473 0.9970591068267822
1801.5581381730324 0.9961684346199036
1801.5789713038532 0.9979590177536011
1801.5998044350451 0.999072790145874
1801.6206375665708 1.0007290840148926
1801.6414706985881 1.0005463361740112
1801.662303831052 1.0003776550292969
1801.6831369641109 0.9995415210723877
1801.7039700977402 1.0002164840698242
1801.7248032321024 0.9999302625656128
1801.7456363671624 1.001427412033081
1801.7664695031187 1.0006333589553833
1801.7873026398956 1.000656008720398
1801.8081357777517 1.0004950761795044
1801.8289689165972 0.9999728798866272
1801.8498020566951 1.000110149383545
1801.8706351979715 1.0004587173461914
1801.8914683407168 1.0000470876693726
1801.9123014848412 0.999851405620575
1801.9331346306778 1.0003268718719482
1801.953967778119 0.9997884631156921
1801.974800927555 1.0000481605529785
1801.9956340788278 1.0001732110977173
1802.0164672324108 0.9998980760574341
1802.0373003881134 0.9997440576553345
1802.058133546474 1.0003596544265747
1802.078966707286 0.999912440776825
1802.0997998711 0.9999073147773743
1802.1206330377122 0.9996886849403381
1802.141466207759 0.9996315240859985
1802.1622993809758 1.0000274181365967
1802.1831325580883 0.9972984194755554
1802.2039657387888 0.9554224610328674
1802.2247989238663 --
1802.2456321129869 --
1802.2664653069635 --
1802.2872985054553 --
1802.308131709308 --
1802.328964918115 --
1802.349798132754 0.026859614998102188
1802.370631352773 0.706428587436676
1802.3914645790067 0.9997951984405518
1802.4122978109747 1.0002683401107788
1802.4331310494047 1.0001518726348877
1803.4747944838748 1.0011954307556152
1803.4956276898192 1.0011812448501587
1803.5164608928353 1.0010775327682495
1803.5372940931304 1.0010058879852295
1803.5581272905692 1.000954031944275
1803.5789604853826 1.0009137392044067
1803.5997936774381 1.0009077787399292
1803.62062686693 1.0009992122650146
1803.6414600537585 1.0010625123977661
1803.6622932381015 1.0009695291519165
1803.6831264198609 1.0008094310760498
1803.7039595992185 1.0008317232131958
1803.7247927760484 1.00083589553833
1803.7456259505566 1.0007880926132202
1803.766459122619 1.0007811784744263
1803.787292292406 1.0008338689804077
1803.8081254598242 1.0007214546203613
1803.82895862503 1.0007838010787964
1803.849791787931 1.000831127166748
1803.8706249486881 1.000768780708313
1803.891458107181 1.000861406326294
1803.9122912635962 1.0007702112197876
1803.9331244178136 1.000734567642212
1803.953957569986 1.0007214546203613
1803.974790720024 1.0007960796356201
1803.9956238680666 1.0007460117340088
1804.0164570140257 1.000868320465088
1804.0372901580463 1.0006335973739624
1804.058123300011 1.0007997751235962
1804.0789564400914 1.0007903575897217
1804.0997895781713 1.0006569623947144
1804.1206227143884 1.0006734132766724
1804.141455848658 1.0007009506225586
1804.1622889811047 1.0006792545318604
1804.1831221116436 1.000692367553711
1804.2039552404071 1.0006369352340698
1804.2247883672812 1.0008269548416138
1804.245621492425 1.00059974193573
1804.266454615716 1.0006452798843384
1804.2872877373102 1.0006800889968872
1804.308120857096 1.000652551651001
1804.3289539751966 1.0008060932159424
1804.3497870915312 1.0007798671722412
1804.3706202062208 1.0006077289581299
1804.3914533191555 1.000584602355957
1804.412286430484 1.0005370378494263
1804.4331195400966 1.0004926919937134
1804.4539526481105 1.0005474090576172
1804.4747857544464 1.0002284049987793
1804.4956188592091 0.9999708533287048
1804.5164519623206 1.0004020929336548
1804.5372850638937 1.0002185106277466
1804.5581181638208 1.0000503063201904
1804.578951262243 1.0001081228256226
1804.5997843590533 1.000238060951233
1804.6206174543606 1.0002436637878418
1804.6414505480893 1.0001710653305054
1804.6622836403367 0.9998841285705566
1804.6831167310272 1.0000754594802856
1804.7039498202666 1.0002539157867432
1804.7247829079502 0.9997830390930176
1804.7456159942117 0.9999927878379822
1804.7664490789475 0.9999397993087769
1804.7872821622605 0.9999053478240967
1804.8081152440766 0.9999216198921204
1804.8289483244973 0.9997879266738892
1804.8497814034197 1.0003111362457275
1804.8706144809735 0.9997031688690186
1804.8914475570466 1.00034499168396
1804.9122806317675 0.999941349029541
1804.9331137050347 0.9998084306716919
1804.9539467769453 0.9996245503425598
1804.974779847428 1.0000683069229126
1804.995612916579 0.9999079704284668
1805.0164459842977 0.999782145023346
1805.0372790507092 0.999992311000824
1805.0581121157134 1.0000897645950317
1805.078945179404 0.999779999256134
1805.0997782417112 0.9999815225601196
1805.1206113027183 0.9996962547302246
1805.1414443623562 0.999721348285675
1805.1622774207162 0.9998760223388672
1805.1831104777002 0.9998860359191895
1805.2039435334289 0.999942421913147
1805.2247765878037 0.999957799911499
1805.2456096409153 0.9999020099639893
1805.2664426926956 1.000006914138794
1805.2872757432337 0.9996429681777954
1805.3081087924322 1.0000847578048706
1805.3289418404095 0.9999222159385681
1805.3497748870584 0.9999205470085144
1805.3706079324968 1.0000656843185425
1805.391440976628 0.9996240139007568
1805.4122740195387 0.999788224697113
1805.4331070611627 0.9998258948326111
1805.4539401015859 1.0000264644622803
1805.4747731407124 0.9998002648353577
1805.495606178658 0.999700665473938
1805.5164392153167 0.9997723698616028
1805.5372722508034 1.0001473426818848
1805.5581052850232 1.0000163316726685
1805.5789383180595 0.9999059438705444
1805.5997713498477 0.9999833106994629
1805.6206043804711 0.9998883605003357
1805.641437409836 0.9998209476470947
1805.662270438054 0.9998461008071899
1805.683103465032 0.9999589920043945
1805.7039364908512 0.9995539784431458
1805.724769515448 0.9996765851974487
1805.7456025389047 0.9997393488883972
1805.766435561127 0.9995840191841125
1805.7872685822263 0.9998834729194641
1805.8081016020994 0.9999828934669495
1805.8289346208562 0.9999744296073914
1805.8497676384047 1.0001559257507324
1805.870600654824 1.0000180006027222
1805.8914336700523 0.9996223449707031
1805.9122666841683 1.0003094673156738
1805.9330996970805 1.0001423358917236
1805.9539327088967 0.9996938705444336
1805.9747657195257 1.0002776384353638
1805.995598729046 1.000288963317871
1806.0164317373956 1.0002477169036865
1806.0372647446522 1.0000182390213013
1806.058097750734 1.0001609325408936
1806.078930755747 1.0000207424163818
1806.0997637595738 1.000201940536499
1806.1205967623216 1.0003310441970825
1806.141429763908 1.0002703666687012
1806.162262764409 1.0000989437103271
1806.1830957637649 1.0000698566436768
1806.2039287620507 1.0001559257507324
1806.2247617591768 0.9999249577522278
1806.2455947552487 1.0003101825714111
1806.266427750177 1.0002498626708984
1806.2872607440358 1.000161051750183
1806.3080937367665 1.000233769416809
1806.3289267284429 1.0001330375671387
1806.3497597189762 1.000173568725586
1806.3705927084704 1.0002617835998535
1806.3914256968371 1.0002678632736206
1806.4122586841495 1.0001150369644165
1806.4330916703493 1.0000488758087158
1806.4539246555094 1.0000550746917725
1806.4747576395416 1.0000975131988525
1806.495590622549 0.9999847412109375
1806.5164236044336 1.0000956058502197
1806.5372565852974 1.0002577304840088
1806.5580895650535 0.9999985098838806
1806.578922543773 1.000018835067749
1806.599755521399 1.000008225440979
1806.6205884980031 1.000127911567688
1806.6414214734982 1.0002048015594482
1806.6622544479856 1.0001553297042847
1806.683087421378 0.9999819993972778
1806.703920393747 1.0001604557037354
1806.7247533650352 1.0000165700912476
1806.7455863353036 0.9999739527702332
1806.7664193044961 1.0001976490020752
1806.7872522726823 0.9999305009841919
1806.8080852397864 1.0002350807189941
1806.8289182058782 1.0001429319381714
1806.8497511709018 0.9999988079071045
1806.8705841349167 1.0000258684158325
1806.8914170978674 1.0000606775283813
1806.9122500598232 1.0002617835998535
1806.9330830206984 0.9997825622558594
1806.953915980592 1.0000287294387817
1806.9747489394185 1.0002140998840332
1806.9955818972471 1.0002142190933228
1807.0164148540227 1.0000344514846802
1807.0372478098134 1.0000019073486328
1807.0580807645345 1.0000195503234863
1807.078913718284 1.000252604484558
1807.099746670977 1.0002535581588745
1807.120579622682 1.0000919103622437
1807.1414125733443 1.000078797340393
1807.1622455230313 1.000122308731079
1807.183078471659 1.0000977516174316
1807.2039114193242 0.9999077916145325
1807.224744365933 0.9996216297149658
1807.245577311583 0.999969482421875
1807.26641025619 0.9997036457061768
1807.2872431998308 0.9999329447746277
1807.3080761424214 0.9997552037239075
1807.3289090840585 0.9998570084571838
1807.349742024649 0.999750018119812
1807.3705749642888 0.9998317360877991
1807.3914079028948 0.9996948838233948
1807.4122408405328 0.9999672770500183
1807.43307377715 0.9996298551559448
1807.4539067128119 0.9998655915260315
1807.4747396474356 0.9996572136878967
1807.4955725811171 0.9997584223747253
1807.516405513773 1.0000388622283936
1807.5372384454693 0.9998029470443726
1807.5580713761528 0.9997450709342957
1807.5789043058887 0.9997187852859497
1807.599737234595 1.0000876188278198
1807.6205701623664 0.999932587146759
1807.6414030891206 1.0000288486480713
1807.6622360149224 0.9999614357948303
1807.6830689397195 1.0001753568649292
1807.7039018635764 1.0000261068344116
1807.7247347864113 0.9998573660850525
1807.7455677083187 0.9997271299362183
1807.7664006292164 1.0000441074371338
1807.7872335491686 1.0001003742218018
1807.8080664681238 1.0000237226486206
1807.8288993861456 0.9998106956481934
1807.8497323031527 0.999986469745636
1807.870565219239 0.9999563694000244
1807.891398134323 0.9999494552612305
1807.9122310484684 0.9998923540115356
1807.9330639616235 1.000217080116272
1807.953896873852 0.9997187256813049
1807.9747297850727 0.9997609257698059
1808.01639560469 1.000160574913025
1808.0372285130684 1.0002233982086182
1808.0580614204634 1.000133991241455
1808.0788943269279 0.9999796748161316
1808.0997272324114 1.0001366138458252
1808.1205601369766 1.0001193284988403
1808.1413930405527 1.0001918077468872
1808.1622259432024 1.0002524852752686
1808.183058844875 1.0004299879074097
1808.203891745633 1.000259280204773
1808.2247246453962 1.0000869035720825
1808.245557544257 0.9999319911003113
1808.266390442135 1.0003429651260376
1808.2872233390922 1.0003665685653687
1808.3080562350785 1.0003618001937866
1808.3288891301456 1.0002682209014893
1808.349722024244 1.0004353523254395
1808.3705549174356 1.0004409551620483
1808.39138780965 1.0003422498703003
1808.4122207009493 1.0004189014434814
1808.4330535912834 1.0004380941390991
1808.4538864807037 1.0005298852920532
1808.474719369161 1.000440001487732
1808.4955522567166 1.000411033630371
1808.5163851433008 1.0005289316177368
1808.5372180289748 1.0001364946365356
1808.5580509136894 1.000376582145691
1808.5788837974953 1.0003479719161987
1808.5997166803436 1.000507116317749
1808.6205495622953 1.0004583597183228
1808.6413824432807 1.000465989112854
1808.6622153233614 1.000474452972412
1808.6830482024875 1.0003873109817505
1808.7038810807098 1.000529170036316
1808.72471395798 1.0003678798675537
1808.7455468343583 1.0003242492675781
1808.7663797097655 1.0003374814987183
1808.7872125842925 1.0004364252090454
1808.80804545786 1.000458836555481
1808.8288783305288 1.0002809762954712
1808.84971120225 1.0004124641418457
1808.8705440730844 1.000367283821106
1808.8913769429525 1.0002602338790894
1808.9122098119449 1.000355839729309
1808.933042679983 1.0001322031021118
1808.9538755471265 1.0001204013824463
1808.9747084133273 1.0003002882003784
1808.9955412786455 1.0001357793807983
1809.0163741430024 1.0000735521316528
1809.0372070064882 1.0000823736190796
1809.058039869024 1.0
1809.07887273067 0.9998492002487183
1809.0997055913776 1.0000048875808716
1809.1205384512073 0.9998191595077515
1809.1413713100899 0.9997064471244812
1809.1622041680857 1.0002543926239014
1809.183037025146 1.0001789331436157
1809.2038698813208 0.9997705817222595
1809.224702736562 0.9997122883796692
1809.2455355909287 1.0000535249710083
1809.2663684443535 1.000158667564392
1809.287201296895 1.0000410079956055
1809.3080341485056 1.0001983642578125
1809.328866999235 1.0001187324523926
1809.349699849035 1.0000905990600586
1809.3705326979646 0.9999551177024841
1809.3913655459564 1.0001065731048584
1809.412198393069 1.0000132322311401
1809.4330312392551 1.0001014471054077
1809.4538640845738 1.0000287294387817
1809.4746969289472 0.999997079372406
1809.4955297724644 1.0000309944152832
1809.5163626150477 1.0003411769866943
1809.537195456756 0.9997408986091614
1809.5580282975418 1.0000535249710083
1809.578861137464 1.0001280307769775
1809.599693976445 1.000101089477539
1809.6205268145736 0.9997845888137817
1809.6413596517725 0.999912440776825
1809.6621924881001 0.9999861121177673
1809.6830253235091 0.999996542930603
1809.7038581580584 0.9999999403953552
1809.7246909916707 1.0000972747802734
1809.745523824434 0.9996561408042908
1809.766356656272 0.9997619390487671
1809.7871894872421 0.9998493790626526
1809.8080223172979 0.9999879002571106
1809.8288551464973 1.0000113248825073
1809.8496879747638 0.9999678134918213
1809.8705208021852 1.0000076293945312
1809.8913536286848 0.9999454617500305
1809.9121864543304 1.0000935792922974
1809.9330192790453 0.999600350856781
1809.9538521029178 0.9998981356620789
1809.974684925861 0.9997449517250061
1809.9955177479628 0.999796986579895
1810.0163505691469 0.9999309182167053
1810.0371833894803 0.9998030662536621
1810.0580162088872 0.9997221231460571
1810.078849027455 0.999762237071991
1810.0996818450976 0.9997490048408508
1810.120514661902 0.9997859597206116
1810.1413474777926 1.0000181198120117
1810.1621802928364 0.9999417066574097
1810.183013106957 0.9999277591705322
1810.2038459202424 0.9996981024742126
1810.2246787326064 0.9999155402183533
1810.2455115441358 0.9999241232872009
1810.2663443547551 1.0000495910644531
1810.2871771645312 0.9999688267707825
1810.308009973388 1.0001366138458252
1810.328842781413 0.9999182224273682
1810.34967558853 0.9999127388000488
1810.3705083947966 0.9999451041221619
1810.3913412001666 0.9999089241027832
1810.412174004697 1.000127911567688
1810.4330068083118 1.0001945495605469
1810.4538396110986 0.9999663233757019
1810.4746724129814 1.0000252723693848
1810.4955052140167 0.9999653100967407
1810.5163380141596 0.9999443292617798
1810.5371708134664 1.0002058744430542
1810.5580036118615 1.0003125667572021
1810.5788364094321 1.0003026723861694
1810.5996692061026 1.00017511844635
1810.6205020019293 1.0000295639038086
1810.6413347968673 1.0002139806747437
1810.6621675909728 1.0001219511032104
1810.6830003841706 1.0000905990600586
1810.703833176547 1.0002150535583496
1810.7246659680277 0.9998939633369446
1810.7454987586782 0.9998689889907837
1810.7663315484238 1.0000685453414917
1810.7871643373503 1.0002374649047852
1810.8079971253837 1.0000945329666138
1810.8288299125793 1.0000218152999878
1810.8496626988926 1.0000749826431274
1810.8704954843797 0.999918520450592
1810.8913282689662 1.000056505203247
1810.912161052737 1.000045657157898
1810.9329938356186 0.9998828172683716
1810.9538266176664 0.999916136264801
1810.9746593988364 1.0000910758972168
1810.9954921791834 0.9999009966850281
1811.016324958644 0.9999915361404419
1811.0371577372728 1.0000169277191162
1811.0579905150269 1.000017762184143
1811.0788232919606 0.9998548626899719
1811.0996560680007 0.9998947381973267
1811.1204888432321 1.0001133680343628
1811.141321617581 0.9998475909233093
1811.1621543911026 0.999910295009613
1811.1829871637533 0.9998953342437744
1811.203819935588 0.9998520612716675
1811.2246527065333 0.9998767375946045
1811.245485476674 0.9998574256896973
1811.266318245937 0.9999086856842041
1811.2871510143864 0.999686062335968
1811.3079837819496 0.9998594522476196
1811.328816548711 0.9999972581863403
1811.3496493145979 0.9998981952667236
1811.370482079664 1.000010371208191
1811.3913148438671 0.9999620318412781
1811.4121476072612 0.9997901320457458
1811.432980369774 0.9999331831932068
1811.4538131314891 0.9998156428337097
1811.4746458923346 1.0000361204147339
1811.495478652364 0.9999160766601562
1811.5163114115355 0.999830424785614
1811.5371441699024 0.999637246131897
1811.557976927393 0.999940037727356
1811.5788096840906 0.9998700022697449
1811.5996424399239 1.0000205039978027
1811.620475194956 0.9998881220817566
1811.6413079491153 0.9998979568481445
1811.6621407024847 0.9999549388885498
1811.6829734549938 0.9998422265052795
1811.7038062066947 0.999845027923584
1811.7246389575469 0.9997223615646362
1811.7454717076027 0.9994674921035767
1811.7663044567917 0.9994384050369263
1811.7871372051961 0.9996364712715149
1811.8079699527457 0.999702513217926
1811.828802699493 0.9997280836105347
1811.8496354453973 0.9998481273651123
1811.870468190511 0.9996411204338074
1811.8913009347739 0.9997187256813049
1811.912133678238 0.9996588826179504
1811.9329664208637 0.9999098181724548
1811.9537991626928 0.9997363686561584
1811.9746319036856 0.9998989701271057
1811.995464643894 0.9998209476470947
1812.016297383258 0.9999544024467468
1812.0371301218295 0.9999218583106995
1812.0579628595697 0.9999800324440002
1812.0787955965297 0.9999378323554993
1812.0996283326403 0.9998270273208618
1812.1204610679836 0.9999570846557617
1812.1412938024896 0.9999278783798218
1812.1621265362105 0.9998432993888855
1812.1829592691072 0.9999811053276062
1812.203792001231 0.9998201727867126
1812.2246247325236 0.9999421834945679
1812.2454574630358 1.0001552104949951
1812.266290192729 0.9998182058334351
1812.287122921655 0.9999493956565857
1812.3079556497453 0.9998225569725037
1812.3287883770806 0.9998165965080261
1812.3496211035936 0.9998911023139954
1812.370453829334 0.9997658133506775
1812.3912865542652 0.9997610449790955
1812.4121192784376 0.9998154640197754
1812.4329520017836 0.9998865723609924
1812.4537847243837 0.999925971031189
1812.4746174461714 0.999783456325531
1812.5162828874213 0.9996592998504639
1812.5371156068975 0.9997576475143433
1812.5579483255685 0.999568521976471
1812.5787810434936 0.9995300769805908
1812.599613760607 0.9995782971382141
1812.6204464769885 0.9996551871299744
1812.6412791925725 1.0000516176223755
1812.662111907408 1.0000139474868774
1812.6829446214608 1.0001343488693237
1812.7037773347788 1.000029444694519
1812.7246100472987 1.000246286392212
1812.745442759098 1.0001921653747559
1812.7662754701137 0.999916672706604
1812.7871081803935 1.0000464916229248
1812.8079408899048 0.9998791217803955
1812.8287735986944 0.9998462200164795
1812.849606306711 0.9997642040252686
1812.8704390140006 0.9996094107627869
1812.8912717205321 0.9998975396156311
1812.9121044263525 1.0001848936080933
1812.9329371314006 0.9996427297592163
1812.9537698357528 0.9997507929801941
1812.9746025393488 0.9996497631072998
1812.9954352422442 1.0001754760742188
1813.01626794438 0.999933660030365
1813.037100645831 0.9999816417694092
1813.0579333465296 0.9999591112136841
1813.0787660465496 1.0000678300857544
1813.099598745834 0.9997736215591431
1813.120431444437 0.9998692274093628
1813.1412641423015 0.9997730851173401
1813.1620968395014 0.9998531341552734
1813.1829295359814 0.9998418092727661
1813.2037622317844 1.000146508216858
1813.2245949268856 0.9999862909317017
1813.2454276213275 1.0000298023223877
1813.2662603150668 1.000051498413086
1813.2870930081456 1.000002145767212
1813.3079257005413 0.9999240040779114
1813.328758392295 0.9995474815368652
1813.349591083356 0.9998282790184021
1813.3704237737945 0.9994654655456543
1813.3912564635611 0.9997161626815796
1813.4120891526957 0.9996451735496521
1813.43292184118 0.9994542002677917
1813.4537545290525 0.9996421337127686
1813.4745872162775 0.9998525381088257
1813.495419902892 0.9996945858001709
1813.5162525888825 0.9994601607322693
1813.537085274285 0.9996399879455566
1813.5579179590673 0.9996324777603149
1813.578750643265 0.9992958903312683
1813.5995833268678 0.9994439482688904
1813.6204160099098 0.9994078874588013
1813.6412486923534 0.9995265603065491
1813.6620813742618 0.999366283416748
1813.682914055599 0.9995753169059753
1813.7037467363973 0.9993985891342163
1813.7245794166538 0.999728262424469
1813.7454120963985 0.9998100399971008
1813.7662447756018 0.9997469782829285
1813.7870774543226 0.9998787641525269
1813.807910132534 0.9997153282165527
1813.8287428102735 0.9997750520706177
1813.8495754875175 0.9997645616531372
1813.8704081643214 0.9997768998146057
1813.891240840666 0.9996436238288879
1813.9120735165745 0.9994072914123535
1813.9329061920619 0.9997783899307251
1813.9537388671495 0.9995560050010681
1813.9745715418362 0.9997854828834534
1813.9954042161414 0.9996410012245178
1814.0162368900897 0.9999817609786987
1814.0370695636973 0.9998387098312378
1814.0579022369739 0.999706506729126
1814.078734909934 0.999671995639801
1814.099567582613 0.9995303153991699
1814.120400255022 0.9996585845947266
1814.1412329271743 0.9993553161621094
1814.1620655991073 0.9996333122253418
1814.182898270841 0.9999914169311523
1814.2037309423902 1.0002802610397339
1814.224563613783 1.0002894401550293
1814.2453962850502 1.0002446174621582
1814.2662289562297 1.0001572370529175
1814.2870616273178 0.999994695186615
1814.307894298393 1.0001455545425415
1814.3287269694467 1.0002771615982056
1814.349559640539 1.000237226486206
1814.370392311686 1.000205159187317
1814.3912249829618 1.0002626180648804
1814.4120576543567 1.0001499652862549
1814.4328903259589 1.0001300573349
1814.4537229977725 1.0001723766326904
1814.4745556699033 1.000244379043579
1814.4953883423175 1.0001764297485352
1814.5162210151702 1.0001757144927979
1814.5370536884202 1.000120997428894
1814.557886362224 0.9999195337295532
1814.5787190365313 1.0002350807189941
1814.5995517115437 1.0001740455627441
1814.6203843872001 1.0002776384353638
1814.641217063702 1.0001702308654785
1814.6620497410063 1.0001864433288574
1814.6828824193467 1.0002323389053345
1814.7037150986473 1.0003271102905273
1814.7245477791794 1.0002750158309937
1814.7453804608726 1.0003408193588257
1814.7662131440416 1.0003361701965332
1814.7870458285786 1.0003196001052856
1814.8078785148482 1.0005062818527222
1814.8287112027429 1.0002650022506714
1814.8495438926843 1.0003255605697632
1814.8703765845135 1.000345230102539
1814.891209278747 1.000464677810669
1814.9120419751996 1.0003682374954224
1814.9328746744322 1.0003608465194702
1814.9537073762606 1.0004228353500366
1814.9745400813274 1.000566005706787
1814.995372789386 1.000500202178955
1815.016205501199 1.0004037618637085