1764.7038398919176 1.000480055809021
1764.7246736815562 1.0005953311920166
1764.74550746719 1.000360131263733
1764.766341248903 1.000248908996582
1764.7871750267493 1.0001405477523804
1764.808008800814 1.0002079010009766
1764.8288425711723 1.0000578165054321
1764.8496763378992 1.0002917051315308
1764.8705101010785 1.0003883838653564
1764.891343860764 0.999983012676239
1764.9121776170375 1.0004898309707642
1764.9330113699696 1.0001362562179565
1764.9538451196302 1.0005273818969727
1764.9746788660964 1.0005155801773071
1764.9955126094144 1.0003316402435303
1765.0163463496588 1.0005680322647095
1765.0371800868918 1.0003752708435059
1765.0580138211747 1.00028395652771
1765.0788475525762 1.0000900030136108
1765.0996812811334 1.0000903606414795
1765.1205150069122 1.0003211498260498
1765.1413487299667 1.0004814863204956
1765.1621824503484 1.0004690885543823
1765.183016168108 1.0005807876586914
1765.2038498833047 1.000281810760498
1765.2246835959652 1.0009716749191284
1765.2455173061455 1.0004481077194214
1765.2663510138902 1.000637173652649
1765.2871847192516 0.9999071359634399
1765.3080184222513 1.0002977848052979
1765.3288521229395 1.0006060600280762
1765.3496858213546 0.9995192289352417
1765.3705195175344 1.0000557899475098
1765.391353211525 1.0005863904953003
1765.4121869033415 0.9983808994293213
1765.433020593028 0.9993591904640198
1765.4538542806174 0.9985456466674805
1765.4746879661511 0.9993810057640076
1765.49552164964 0.9987346529960632
1765.5163553311245 0.9983423352241516
1765.5371890106326 0.9984004497528076
1765.5580226881925 0.9973738789558411
1765.5788563638318 0.9979881644248962
1765.5996900375862 0.9980922937393188
1765.6205237094614 0.9984346032142639
1765.6413573794919 0.997410237789154
1765.6621910477015 0.9969524145126343
1765.6830247141136 0.9987801313400269
1765.703858378761 0.9992396235466003
1765.7246920416446 0.9979931116104126
1765.7455257027962 0.9983497262001038
1765.7663593622362 0.9974750876426697
1765.7871930199947 0.9987339377403259
1765.8080266760708 0.9981629252433777
1765.8288603304936 0.9970989227294922
1765.849693983281 0.9975577592849731
1765.870527634451 0.9987571835517883
1765.891361284031 0.997081995010376
1765.9121949320174 0.9977585673332214
1765.9330285784367 0.9984399080276489
1765.953862223305 0.9984123706817627
1765.9746958666371 0.9975426197052002
1765.9955295084587 0.9981445670127869
1766.0163631487644 0.9980955719947815
1766.0371967875776 0.997896671295166
1766.058030424913 0.9982432723045349
1766.0788640607936 0.9981816411018372
1766.0996976952133 0.9995983839035034
1766.1205313281937 0.9997766017913818
1766.1413649597482 1.0001379251480103
1766.1621985898887 1.0001659393310547
1766.183032218637 0.9996865391731262
1766.2038658459844 0.9997466802597046
1766.2246994719528 1.0001369714736938
1766.2455330965527 0.9989720582962036
1766.2663667197949 0.9994804263114929
1766.2872003416999 0.999634325504303
1766.308033962258 0.9986417293548584
1766.3288675814888 0.999437689781189
1766.349701199403 1.0003507137298584
1766.3705348160088 0.9998276829719543
1766.3913684313263 1.0006089210510254
1766.4122020453444 1.0002340078353882
1766.433035658082 1.0003111362457275
1766.4538692695476 0.9995918869972229
1766.47470287976 0.9995608329772949
1766.495536488707 1.000106692314148
1766.516370096407 1.0000205039978027
1766.537203702868 1.0000945329666138
1766.5580373080975 0.9995929598808289
1766.5788709121032 1.0005519390106201
1766.5997045149024 1.0002344846725464
1766.6205381164825 0.9998373985290527
1766.6413717168605 1.0000807046890259
1766.6622053160434 0.9995269775390625
1766.683038914048 1.0000051259994507
1766.7038725108607 1.0003459453582764
1766.7247061064986 1.000015139579773
1766.7455397009674 0.9990208745002747
1766.7663732942838 1.0000017881393433
1766.787206886434 0.9999461770057678
1766.8080404774337 0.9997945427894592
1766.828874067289 0.9996938109397888
1766.8497076560056 1.0000336170196533
1766.870541243599 1.0000567436218262
1766.891374830055 0.99981290102005
1766.9122084153892 0.9992581009864807
1766.9330419996063 0.9996891021728516
1766.953875582712 0.9998486638069153
1766.9747091647218 1.0001472234725952
1766.99554274562 0.9998642802238464
1767.0163763254218 0.999950647354126
1767.0372099041322 0.9991762042045593
1767.058043481766 0.9996672868728638
1767.0788770583074 0.999992311000824
1767.0997106337718 0.9991669058799744
1767.120544208163 0.9993650913238525
1767.1413777814855 0.9993096590042114
1767.1622113537544 0.9990043640136719
1767.183044924953 1.0002976655960083
1767.203878495096 0.9992951154708862
1767.2247120641878 0.9992528557777405
1767.2455456322416 0.9994775652885437
1767.2663791992422 0.999046266078949
1767.2872127652033 0.9995867609977722
1767.3080463301285 0.9996780753135681
1767.3288798940316 0.9993185997009277
1767.349713456897 0.9989255666732788
1767.3705470187374 0.9985219240188599
1767.3913805795569 0.9989201426506042
1767.4122141393593 0.9990730285644531
1767.4330476981575 0.999203622341156
1767.4538812559351 0.9984924793243408
1767.474714812706 0.9982753992080688
1767.4955483684728 0.9990519285202026
1767.5163819232391 0.9989882707595825
1767.5372154770182 0.9983630776405334
1767.5580490297934 0.9985257983207703
1767.5788825815773 0.9983115196228027
1767.5997161323733 0.9982555508613586
1767.6205496821945 0.9980908036231995
1767.6413832310236 0.9978501796722412
1767.6622167788737 0.998460054397583
1767.683050325748 0.9976548552513123
1767.7038838716587 0.9984539151191711
1767.7247174165889 0.9980183839797974
1767.7455509605518 0.9976679682731628
1767.7663845035493 0.9980974793434143
1767.7872180455847 0.9979975819587708
1767.8080515866707 0.9987058043479919
1767.8288851267894 0.9986835718154907
1767.8497186659536 0.9980382323265076
1767.870552204166 0.9981281161308289
1767.8913857414389 0.9982631206512451
1767.9122192777547 0.9984964728355408
1767.9330528131263 0.9977236986160278
1767.9538863475557 0.9975958466529846
1767.974719881055 0.9980455636978149
1767.9955534136075 0.9977392554283142
1768.0163869452244 0.9976450800895691
1768.0372204759085 0.9961559772491455
1768.0580540056721 0.9970624446868896
1768.0788875344972 0.9972935318946838
1768.0997210623962 0.9978376030921936
1768.1205545893713 0.996065080165863
1768.1413881154342 0.9979557991027832
1768.1622216405672 0.9965620040893555
1768.1830551647827 0.9975458979606628
1768.2038886880823 0.996673583984375
1768.2247222104684 0.9971739649772644
1768.245555731953 0.9973964691162109
1768.2663892525175 0.9974743127822876
1768.2872227721743 0.9972966313362122
1768.3080562909256 0.998085618019104
1768.3288898087826 0.9972347617149353
1768.3497233257276 0.9976918697357178
1768.3705568417727 0.9982884526252747
1768.3913903569191 0.997040867805481
1768.412223871169 0.9977738857269287
1768.4330573845345 0.9978322386741638
1768.4538908969969 0.9978821277618408
1768.474724408568 0.9966350197792053
1768.49555791926 0.9977983236312866
1768.5163914290538 0.997498095035553
1768.5372249379616 0.997714638710022
1768.5580584459851 0.9976587891578674
1768.5788919531358 0.9974170923233032
1768.6205589647757 0.999372124671936
1768.641392469278 0.9985654354095459
1768.662225972904 0.998680055141449
1768.6830594756655 0.9988053441047668
1768.7038929775438 0.9981181621551514
1768.7247264785503 0.9977858662605286
1768.7455599786872 0.9989125728607178
1768.766393477965 0.9977902770042419
1768.787226976366 0.9978877305984497
1768.8080604739016 0.9987325668334961
1768.8288939705728 0.9982397556304932
1768.8497274663912 0.9971048831939697
1768.8705609613385 0.997737467288971
1768.8913944554263 0.9984337091445923
1768.9122279486553 0.9977702498435974
1768.9330614410376 0.9975519776344299
1768.9538949325542 0.9974464178085327
1768.9747284232164 0.9986584782600403
1768.9955619130258 0.9988213777542114
1769.0163954019938 0.9979022741317749
1769.0372288901015 0.9985635876655579
1769.05806237736 0.9990623593330383
1769.0788958637713 0.998508095741272
1769.0997293493363 0.9984243512153625
1769.120562834066 0.9979851841926575
1769.1413963179425 0.9991453289985657
1769.1622298009763 0.9990420341491699
1769.1830632831786 0.9994979500770569
1769.2038967645315 0.9995830655097961
1769.2247302450455 0.9988783001899719
1769.245563724722 0.999592661857605
1769.2663972035723 0.9985033869743347
1769.2872306815773 0.9988680481910706
1769.3080641587485 0.9989046454429626
1769.3288976350873 0.9995153546333313
1769.3497311105943 0.9994041919708252
1769.3705645852813 0.999504566192627
1769.391398059129 0.9988437294960022
1769.4122315321486 0.9989210367202759
1769.4330650043414 1.0001109838485718
1769.4538984757187 1.0008436441421509
1769.474731946261 0.9999669790267944
1769.49556541598 0.9999856352806091
1769.516398884887 1.0005050897598267
1769.5372323529623 1.0001317262649536
1769.5580658202175 1.0006699562072754
1769.578899286654 1.0006234645843506
1769.5997327522823 1.0003854036331177
1769.6205662170837 1.0005639791488647
1769.6413996810693 1.000779151916504
1769.6622331442402 1.0009205341339111
1769.6830666065973 1.0001739263534546
1769.703900068152 1.0002143383026123
1769.7247335288848 1.000028133392334
1769.7455669888072 1.0004444122314453
1769.7664004479302 1.0005145072937012
1769.7872339062346 1.0007359981536865
1769.8080673637314 1.0002604722976685
1769.8289008204222 1.0005725622177124
1769.8497342763171 1.00009024143219
1769.8705677313978 1.0004328489303589
1769.8914011856752 1.0005791187286377
1769.91223463915 1.000957727432251
1769.9330680918333 1.0004903078079224
1769.9539015437065 1.0008282661437988
1769.9747349947802 1.0005396604537964
1769.9955684450551 1.0006213188171387
1770.016401894543 1.0006866455078125
1770.037235343224 1.0003762245178223
1770.0580687911095 1.0006585121154785
1770.0789022382005 1.0001375675201416
1770.0997356845078 1.0004029273986816
1770.1205691300124 1.0002959966659546
1770.1414025747254 1.0003156661987305
1770.1622360186477 1.0006637573242188
1770.1830694617902 1.0000226497650146
1770.2039029041337 1.0006282329559326
1770.2247363456895 1.0004441738128662
1770.245569786458 1.0003694295883179
1770.2664032264504 1.0002388954162598
1770.2872366656482 1.0009102821350098
1770.3080701040612 1.0003502368927002
1770.3289035416913 1.0006732940673828
1770.349736978549 1.0004596710205078
1770.3705704146153 1.0007320642471313
1770.3914038499008 1.0003570318222046
1770.4122372844172 1.0004253387451172
1770.4330707181446 1.0006871223449707
1770.453904151094 1.0002702474594116
1770.4747375832671 1.000083565711975
1770.4955710146742 1.0004396438598633
1770.516404445296 1.0005221366882324
1770.537237875144 1.0002992153167725
1770.5580713042186 1.000277042388916
1770.5789047325309 1.0001217126846313
1770.599738160062 1.000306248664856
1770.6205715868225 1.0003138780593872
1770.6414050128133 1.0002021789550781
1770.6622384380455 1.0004149675369263
1770.6830718625 1.0002368688583374
1770.7039052861874 1.0000008344650269
1770.724738709119 1.0003371238708496
1770.7455721312756 1.0005606412887573
1770.7664055526677 1.0002846717834473
1770.787238973297 1.0002304315567017
1770.8080723931735 1.0004725456237793
1770.8289058122787 1.0001603364944458
1770.8497392306233 1.0001853704452515
1770.870572648208 1.000000238418579
1770.8914060650443 0.9997852444648743
1770.9122394811125 1.0000882148742676
1770.9330728964237 1.0002775192260742
1770.953906310979 1.0000965595245361
1770.974739724789 1.0002777576446533
1770.9955731378348 1.000619888305664
1771.016406550127 1.0002617835998535
1771.037239961677 1.0002942085266113
1771.0580733724653 1.0001007318496704
1771.078906782503 1.0004277229309082
1771.0997401917912 1.0000338554382324
1771.1205736003403 1.0000883340835571
1771.1414070081314 1.0002955198287964
1771.1622404151758 1.0002248287200928
1771.183073821474 0.9998721480369568
1771.203907227037 0.9999258518218994
1771.2247406318459 1.0000473260879517
1771.2455740359114 0.9999351501464844
1771.2664074392444 0.9996709227561951
1771.2872408418261 1.0003714561462402
1771.3080742436673 0.9998974204063416
1771.3289076447688 1.0001120567321777
1771.3497410451416 1.0003113746643066
1771.370574444767 1.0001192092895508
1771.3914078436555 0.9999998211860657
1771.412241241808 0.9997983574867249
1771.433074639236 1.0000532865524292
1771.4539080359198 1.0000470876693726
1771.4747414318706 1.0000107288360596
1771.4955748270997 0.999983549118042
1771.5164082215874 0.9999493956565857
1771.5372416153452 0.9999843239784241
1771.558075008374 1.0002732276916504
1771.5789084006847 0.999836266040802
1771.599741792258 0.9998375177383423
1771.6205751831055 1.0001033544540405
1771.6414085732276 1.000030755996704
1771.6622419626358 1.0001146793365479
1771.6830753513107 1.0001755952835083
1771.7039087392634 0.9999079704284668
1771.724742126505 1.0000096559524536
1771.7455755130165 0.9996443390846252
1771.766408898809 1.000200867652893
1771.7872422838832 1.0002148151397705
1771.8080756682507 1.0003830194473267
1771.828909051892 0.9997830986976624
1771.8497424348182 0.9997694492340088
1771.8705758170408 0.9999939799308777
1771.8914091985403 1.0001665353775024
1771.9122425793282 1.000316858291626
1771.9330759594054 1.0003374814987183
1771.953909338783 1.000170111656189
1771.9747427174418 0.9995936751365662
1771.9955760953935 0.9997572302818298
1772.0164094726388 1.0001540184020996
1772.0372428491887 1.0002132654190063
1772.058076225025 0.9997878074645996
1772.0789096001579 0.9999077320098877
1772.099742974599 1.0001353025436401
1772.1205763483295 1.000083565711975
1772.1414097213603 0.9995396137237549
1772.1622430936927 1.0003507137298584
1772.1830764653382 1.0000585317611694
1772.2039098362775 0.9996002912521362
1772.224743206522 1.000170350074768
1772.2455765760828 0.9999011754989624
1772.2664099449412 1.0000531673431396
1772.2872433131083 1.000077724456787
1772.3080766805858 0.9998528957366943
1772.3289100473842 0.9999222755432129
1772.3497434134852 1.0001991987228394
1772.3705767789 0.999833881855011
1772.3914101436399 0.9995731115341187
1772.4122435076858 1.0003554821014404
1772.43307687105 1.000011682510376
1772.4539102337326 0.9995498061180115
1772.4955769570702 1.0003085136413574
1772.5164103177178 1.0007675886154175
1772.5372436776997 0.9993036985397339
1772.5580770369972 0.9992781281471252
1772.5789103956222 0.9994287490844727
1772.5997437535755 0.9999639987945557
1772.6205771108685 0.9997280836105347
1772.6414104674832 1.0002645254135132
1772.6622438234303 1.0006775856018066
1772.6830771787118 1.0007177591323853
1772.7039105333395 1.0009146928787231
1772.724743887294 1.00112783908844
1772.7455772405872 1.0006966590881348
1772.766410593231 1.000569224357605
1772.7872439452065 1.0001986026763916
1772.8080772965252 1.0001459121704102
1772.8289106471993 1.00040602684021
1772.8497439972098 1.0003328323364258
1772.8705773465683 1.0003488063812256
1772.891410695277 1.0002772808074951
1772.912244043347 1.0004024505615234
1772.9330773907604 1.0005062818527222
1772.9539107375288 1.114395022392273
1772.9747440836636 1.009464979171753
1772.9955774291468 1.0014246702194214
1773.0164107739902 1.0004942417144775
1773.0372441182055 1.000335454940796
1773.0580774617745 1.0006861686706543
1773.0789108047095 1.000533938407898
1773.0997441470215 1.0004723072052002
1773.1205774886928 1.0010690689086914
1773.1414108297358 1.000524640083313
1773.1622441701516 1.000727653503418
1773.1830775099427 1.00063955783844
1773.203910849121 1.0006965398788452
1773.2247441876682 1.0008586645126343
1773.2455775255967 1.0005759000778198
1773.2664108629187 1.0006837844848633
1773.287244199616 1.0006953477859497
1773.3080775357007 1.0004210472106934
1773.3289108711851 1.000291347503662
1773.3497442060516 0.9998354911804199
1773.3705775403118 1.0000858306884766
1773.3914108739789 1.0000040531158447
1773.4122442070343 1.000131607055664
1773.4330775394908 0.9995045065879822
1773.453910871361 0.9873048067092896
1773.4747442026267 1.0076425075531006
1773.4955775333005 0.9980455040931702
1773.5164108633853 1.0046175718307495
1773.5372441928932 0.9997082352638245
1773.5580775218068 1.0006853342056274
1773.5789108501388 1.0014175176620483
1773.599744177892 1.001816749572754
1773.6205775050787 0.9999122619628906
1773.641410831682 1.003516435623169
1773.6622441577147 0.9838869571685791
1773.6830774831892 0.9997895956039429
1773.7039108080887 0.9989533424377441
1773.7247441324262 1.8017313480377197
1773.7455774562143 --
1773.7664107794362 --
1773.7872441021052 --
1773.808077424224 --
1773.828910745806 --
1773.8497440668348 --
1773.8705773873232 --
1773.8914107072844 --
1773.9122440267026 --
1773.9330773455906 --
1773.953910663962 --
1773.9747439818009 --
1773.9955772991204 --
1774.0164106159345 --
1774.0372439322273 --
1774.058077248012 --
1774.0789105632932 --
1774.0997438780848 --
1774.1205771923708 0.46609848737716675
1774.1414105061656 1.0218547582626343
1774.1622438194834 1.000062108039856
1774.1830771323084 1.0004897117614746
1774.203910444655 1.0061520338058472
1774.2247437565386 0.9888310432434082
1774.245577067943 0.9968741536140442
1774.2664103788832 1.018513798713684
1774.2872436893642 1.0004669427871704
1774.308076999401 1.0022056102752686
1774.3289103089783 1.0022292137145996
1774.3497436181117 1.0038646459579468
1774.370576926816 1.0035419464111328
1774.391410235077 1.0013138055801392
1774.4122435429106 1.000950813293457
1774.4330768503314 0.9997405409812927
1774.4539101573262 0.9987424612045288
1774.4747434639103 1.0017911195755005
1774.4955767701 1.0031776428222656
1774.5164100758814 1.0007941722869873
1774.5372433812709 1.0007333755493164
1774.558076686275 1.0000779628753662
1774.57890999091 1.0002846717834473
1774.5997432951633 0.9999412298202515
1774.6205765990512 0.999962329864502
1774.6414099025915 1.0001775026321411
1774.6622432057707 1.0005959272384644
1774.6830765086072 1.000872015953064
1774.703909811118 1.001290202140808
1774.7247431132907 1.0001428127288818
1774.7455764151446 1.0006197690963745
1774.7664097166964 1.0001468658447266
1774.7872430179357 1.0003794431686401
1774.808076318881 1.000044584274292
1774.8289096195506 1.0005050897598267
1774.8497429199342 0.9998877644538879
1774.8705762200514 1.0003734827041626
1774.8914095199111 1.0001020431518555
1774.912242819534 1.0000125169754028
1774.9330761189099 1.000497817993164
1774.953909418069 1.000586986541748
1774.9747427170025 1.0003701448440552
1774.9955760157316 1.0003360509872437
1775.0164093142669 1.0003776550292969
1775.0372426126307 0.995668351650238
1775.0580759108152 1.0163620710372925
1775.078909208842 1.0000277757644653
1775.0997425067346 1.000556468963623
1775.120575804486 1.0006784200668335
1775.1414091021193 0.9999392628669739
1775.1622423996587 1.0002866983413696
1775.1830756970987 1.0000382661819458
1775.2039089944635 1.0002628564834595
1775.224742291779 1.0004194974899292
1775.2455755890405 1.0004611015319824
1775.2664088862743 1.0002481937408447
1775.2872421835073 1.0005602836608887
1775.3080754807365 1.0006139278411865
1775.3289087779897 1.0005240440368652
1775.3497420752853 1.000248670578003
1775.3705753726526 1.0000646114349365
1775.3914086700909 1.0003207921981812
1775.4122419676305 1.000495195388794
1775.4330752653027 1.0004475116729736
1775.4539085631086 1.0006251335144043
1775.4747418610812 1.0002957582473755
1775.4955751592533 1.0004119873046875
1775.516408457629 1.000572681427002
1775.5372417562432 1.000429630279541
1775.558075055132 1.0006517171859741
1775.5789083543013 1.000732183456421
1775.5997416537891 1.0010154247283936
1775.6205749536343 1.0009649991989136
1775.6414082538465 1.0007895231246948
1775.6622415544662 1.0008785724639893
1775.6830748555353 1.0006099939346313
1775.7039081570674 1.0007998943328857
1775.7247414591066 1.0010203123092651
1775.7455747616984 1.0010178089141846
1775.7664080648606 1.0008624792099
1775.787241368641 1.0008351802825928
1775.8080746730795 1.0009441375732422
1775.8289079782287 1.0008825063705444
1775.8497412841107 1.0008529424667358
1775.8705745907912 1.0009682178497314
1775.8914078982966 1.0007723569869995
1775.9122412066856 1.0008567571640015
1775.9330745160084 1.0009262561798096
1775.9539078263285 1.0006376504898071
1775.9747411376795 0.9998612403869629
1775.995574450129 0.9955570101737976
1776.0164077637462 0.7622477412223816
1776.0372410785724 --
1776.0580743946816 --
1776.078907712151 --
1776.0997410310295 --
1776.1205743513992 --
1776.1414076733452 --
1776.1622409969248 --
1776.183074322229 --
1776.2039076493518 --
1776.2247409783595 --
1776.2455743093524 --
1776.2664076424333 --
1776.287240977678 --
1777.7455781891242 1.0008318424224854
1777.7664115059356 1.0006768703460693
1777.7872448194294 1.0006842613220215
1777.8080781296812 1.0005210638046265
1777.8289114367353 1.0003414154052734
1777.8497447406642 1.0004017353057861
1777.8705780415396 1.0005733966827393
1777.8914113394005 1.0001345872879028
1777.9122446343256 0.9995843172073364
1777.9330779263514 0.9965183734893799
1777.9539112155423 0.9977629780769348
1777.9747445019623 0.9984365701675415
1777.9955777856433 0.9986878633499146
1778.0164110666447 0.9989727139472961
1778.0372443450258 0.9981063604354858
1778.0580776208137 0.9983547925949097
1778.0789108940742 0.9987993836402893
1778.0997441648315 0.9985138773918152
1778.1205774331388 0.998498797416687
1778.1414106990474 0.9986483454704285
1778.1622439625776 0.9977540373802185
1778.1830772237786 0.9984430074691772
1778.2039104826977 0.9986078143119812
1778.2247437393519 0.9982556104660034
1778.2455769937865 0.9989289045333862
1778.2664102460456 0.9986910820007324
1778.2872434961425 0.9980719089508057
1778.3080767441197 0.9983752965927124
1778.3289099900178 0.9981741309165955
1778.3497432338472 0.9978093504905701
1778.3705764756476 0.9985240697860718
1778.3914097154566 0.9993522763252258
1778.4122429532822 0.999422013759613
1778.433076189161 0.9991242289543152
1778.4539094231286 0.9983539581298828
1778.47474265519 0.9988312125205994
1778.4955758853898 0.9989510178565979
1778.5164091137317 0.99947190284729
1778.5372423402482 0.999005913734436
1778.5580755649717 0.9993066191673279
1778.5789087879039 0.9999125599861145
1778.5997420090753 0.9996380805969238
1778.6205752285166 0.9991527795791626
1778.6414084462276 0.9995208382606506
1778.6622416622372 0.9992145895957947
1778.683074876574 1.0000799894332886
1778.7039080892368 0.999522864818573
1778.7247413002524 1.0002049207687378
1778.7455745096486 1.0002902746200562
1778.7664077174218 1.000114917755127
1778.787240923598 0.9997202157974243
1778.808074128203 1.000098705291748
1778.8289073312328 1.0001137256622314
1778.8497405327219 1.0000554323196411
1778.8705737326645 1.0001088380813599
1778.8914069310856 0.9996050000190735
1778.9122401280085 1.000344157218933
1778.9330733234265 0.999572217464447
1778.9539065173633 1.0001490116119385
1778.9747397098413 1.0002702474594116
1778.995572900853 1.0004419088363647
1779.0164060904306 1.000128984451294
1779.037239278566 0.9999433159828186
1779.0580724652805 1.0003384351730347
1779.0789056505957 1.0003336668014526
1779.0997388345027 1.0004011392593384
1779.1205720170217 1.0003176927566528
1779.141405198174 1.0002232789993286
1779.1622383779493 1.0001155138015747
1779.1830715563674 1.000476598739624
1779.2039047334488 1.0002861022949219
1779.2247379091825 0.9998651146888733
1779.245571083588 1.000025749206543
1779.2664042566844 1.0005568265914917
1779.2872374284605 1.000373125076294
1779.308070598945 1.0003681182861328
1779.328903768127 1.0002169609069824
1779.3497369360243 1.00055992603302
1779.370570102655 1.0003306865692139
1779.3914032680073 1.0005731582641602
1779.412236432099 1.0002329349517822
1779.4330695949475 1.0007437467575073
1779.4539027565404 1.0004799365997314
1779.4747359168955 1.0002974271774292
1779.4955690760294 1.0005292892456055
1779.516402233929 1.0003622770309448
1779.5372353906218 1.0004676580429077
1779.558068546094 1.000389814376831
1779.5789017003624 1.0004849433898926
1779.5997348534438 1.0003485679626465
1779.6205680053238 1.0007507801055908
1779.6414011560191 1.0004204511642456
1779.662234305546 1.0003526210784912
1779.6830674538899 1.0006064176559448
1779.703900601067 1.0003551244735718
1779.7247337470933 1.0001075267791748
1779.7455668919538 1.0004795789718628
1779.7664000356742 1.000505805015564
1779.7872331782405 1.0002814531326294
1779.8080663196674 1.000258207321167
1779.8288994599702 1.0004388093948364
1779.8497325991345 1.0001739263534546
1779.8705657371847 1.00034499168396
1779.8913988741062 0.9999494552612305
1779.9122320099139 1.0003056526184082
1779.933065144622 1.0004993677139282
1779.9538982782158 0.9998620748519897
1779.9747314107096 1.0002925395965576
1779.995564542118 1.0003353357315063
1780.0163976724255 1.000279188156128
1780.0372308016563 1.000135898590088
1780.0580639297948 1.0003660917282104
1780.078897056855 1.0002139806747437
1780.0997301828518 1.0003896951675415
1780.1205633077682 1.0003999471664429
1780.141396431619 1.0000909566879272
1780.1622295544178 0.9994908571243286
1780.1830626761484 0.999901294708252
1780.203895796825 0.9990873336791992
1780.2247289164611 0.9998800158500671
1780.2455620350404 0.999616801738739
1780.2663951525865 1.0000581741333008
1780.287228269083 0.9999936819076538
1780.3080613845436 1.0002541542053223
1780.3288944989815 1.0001939535140991
1780.3497276123803 0.9998866319656372
1780.3705607247634 1.0002670288085938
1780.391393836114 1.0003658533096313
1780.4122269464451 1.0000016689300537
1780.4330600557705 0.9996862411499023
1780.4538931640727 1.0003366470336914
1780.4747262713654 1.000106692314148
1780.4955593776613 1.000014066696167
1780.5163924829435 1.0000176429748535
1780.5372255872348 1.000240683555603
1780.558058690519 1.0000414848327637
1780.5788917928076 0.9998120665550232
1780.5997248941144 1.0001277923583984
1780.6205579944224 0.9999315738677979
1780.6413910937433 0.9997795820236206
1780.662224192091 1.0000169277191162
1780.6830572894476 1.0000497102737427
1780.7038903858356 0.9997816681861877
1780.7247234812378 1.000091314315796
1780.7455565756673 0.9996329545974731
1780.7663896691358 0.9992767572402954
1780.7872227616263 0.999660074710846
1780.8080558531615 0.999660849571228
1780.828888943723 0.9998481869697571
1780.849722033324 0.9999804496765137
1780.8705551219768 0.9995871186256409
1780.8913882096635 0.9996710419654846
1780.9122212963964 0.9997065663337708
1780.9330543821882 0.999484658241272
1780.9538874670204 0.9993429183959961
1780.9747205509161 0.9992499351501465
1780.995553633857 0.9993481636047363
1781.0163867158553 0.9994397163391113
1781.0372197969234 0.9998789429664612
1781.0580528770433 0.999283492565155
1781.078885956237 0.9990071654319763
1781.0997190344865 0.999397873878479
1781.1205521118045 0.9993258118629456
1781.141385188202 0.9994615316390991
1781.1622182636618 0.9995713829994202
1781.1830513381954 0.9993368983268738
1781.2038844118154 0.9994644522666931
1781.224717484503 0.9997140765190125
1781.2455505562803 0.9995484948158264
1781.2663836271295 0.9992950558662415
1781.2872166970621 0.9989126920700073
1781.3080497660903 0.9994409084320068
1781.3288828341958 0.9994605183601379
1781.3497159013903 0.9990256428718567
1781.3705489676856 0.9994626045227051
1781.3913820330636 0.9991173148155212
1781.4122150975459 0.9993741512298584
1781.4330481611141 0.9990317821502686
1781.4538812237804 0.9997445940971375
1781.474714285556 0.9994819760322571
1781.4955473464227 0.9991827011108398
1781.5163804064025 0.9992190003395081
1781.5372134654765 0.9991137385368347
1781.5580465236565 0.9987066984176636
1781.5788795809547 0.999297559261322
1781.5997126373516 0.9998322129249573
1781.6205456928697 0.9993956685066223
1781.64137874749 0.9990664124488831
1781.6622118012244 0.9989720582962036
1781.6830448540843 0.9993257522583008
1781.7038779060515 0.9994478225708008
1781.7247109571467 0.9993976950645447
1781.745544007352 0.9992647767066956
1781.7663770566892 0.9991630911827087
1781.808043152713 0.9993272423744202
1781.8288761994231 0.9989911913871765
1781.8497092452503 0.9993821978569031
1781.870542290206 0.9987457990646362
1781.891375334302 0.9986379742622375
1781.9122083775192 0.9993144869804382
1781.9330414198691 0.9990018606185913
1781.9538744613635 0.9987170696258545
1781.9747075019832 0.9982738494873047
1781.9955405417495 0.998368501663208
1782.016373580644 0.999130129814148
1782.0372066186783 1.000093936920166
1782.058039655863 0.9999535083770752
1782.0788726921799 0.999704122543335
1782.0997057276502 0.9998283386230469
1782.120538762255 0.9992704391479492
1782.1413717960056 0.999343752861023
1782.1622048289134 0.9992914199829102
1782.1830378609595 0.9996960759162903
1782.203870892165 0.9993335008621216
1782.2247039225117 0.9997649192810059
1782.24553695201 0.999664843082428
1782.2663699806717 0.9998408555984497
1782.2872030084782 0.9993207454681396
1782.3080360354497 0.9989439845085144
1782.3288690615682 0.9986532926559448
1782.349702086855 0.9976121187210083
1782.3705351112906 0.9978631138801575
1782.3913681348863 0.9983702301979065
1782.4122011576537 0.9986303448677063
1782.4330341795735 0.9977712631225586
1782.453867200667 0.9968787431716919
1782.4747002209156 0.9977237582206726
1782.4955332403297 0.9972520470619202
1782.5163662589212 0.9984349012374878
1782.5371992766707 0.9978581666946411
1782.5580322935994 0.9982603788375854
1782.5788653096884 0.9982707500457764
1782.599698324949 0.9982569813728333
1782.6205313393918 0.9979910850524902
1782.6413643529984 0.9979870319366455
1782.6621973657898 0.9977485537528992
1782.6830303777465 0.9977648258209229
1782.70386338888 0.9985748529434204
1782.7246963992015 0.9986482858657837
1782.7455294086917 0.9978659749031067
1782.7663624173717 0.9989610910415649
1782.787195425223 0.9984831809997559
1782.8080284322557 0.99880051612854
1782.8288614384815 0.9988809823989868
1782.8496944438812 0.9986944198608398
1782.8705274484762 0.9994994401931763
1782.891360452247 0.9985798001289368
1782.9121934552045 0.9991016983985901
1782.9330264573605 0.9985910058021545
1782.9538594586952 0.9995317459106445
1782.9746924592298 0.9988813400268555
1782.9955254589454 0.9993165135383606
1783.016358457853 0.9997021555900574
1783.0371914559635 0.9992672801017761
1783.0580244532578 0.9995375871658325
1783.078857449757 0.99998539686203
1783.0996904454419 0.9993824362754822
1783.1205234403237 0.9991760849952698
1783.1413564344132 0.9996148347854614
1783.1621894276914 1.0003834962844849
1783.1830224201792 0.9999158978462219
1783.2038554118576 0.9999998211860657
1783.2246884027375 1.0002350807189941
1783.2455213928301 0.9995294213294983
1783.2663543821159 1.0002349615097046
1783.287187370616 0.999367356300354
1783.3080203583118 0.9991326928138733
1783.3288533452235 0.9999186992645264
1783.3496863313324 1.0000886917114258
1783.3705193166595 0.9993442296981812
1783.3913523011856 1.000196933746338
1783.4121852849216 1.0007438659667969
1783.4330182678787 1.0003951787948608
1783.4538512500371 0.9999969601631165
1783.4746842314084 1.0001665353775024
1783.4955172120037 1.0004841089248657
1783.5163501918032 0.9997926950454712
1783.5371831708283 0.999983549118042
1783.5580161490598 1.0007764101028442
1783.5788491265184 1.000059723854065
1783.5996821031852 1.0007109642028809
1783.6205150790713 1.000557780265808
1783.6413480541873 1.0007574558258057
1783.6621810285144 1.0007030963897705
1783.6830140020732 1.0006494522094727
1783.7038469748447 1.0006076097488403
1783.7246799468398 0.9998653531074524
1783.7455129180696 1.000052809715271
1783.7663458885152 1.0006273984909058
1783.7871788581967 1.0005582571029663
1783.8080118270955 1.000622034072876
1783.828844795233 0.9995216727256775
1783.849677762589 1.0001448392868042
1783.8705107291753 1.0004849433898926
1783.8913436950024 1.0007987022399902
1783.9121766600515 1.0007057189941406
1783.933009624343 1.0007750988006592
1783.9538425878586 1.0002548694610596
1783.9746755506083 1.000571608543396
1783.9955085126037 0.9999549388885498
1784.0163414738256 0.9998213052749634
1784.0371744342945 1.000504493713379
1784.0580073939916 1.000317096710205
1784.078840352938 0.9998450875282288
1784.0996733111144 1.0001496076583862
1784.1205062685315 0.9999715685844421
1784.141339225201 0.9997827410697937
1784.1621721811027 1.0002368688583374
1784.1830051362583 1.0001232624053955
1784.2038380906488 1.0002459287643433
1784.2246710442944 1.0001490116119385
1784.2455039971767 1.0002444982528687
1784.2663369493066 0.9989708662033081
1784.2871699006946 0.9998944401741028
1784.308002851322 0.9999822378158569
1784.3288358012098 1.0000224113464355
1784.3496687503384 0.9999395608901978
1784.3705016987192 1.0000332593917847
1784.3913346463635 0.9999520182609558
1784.4121675932513 0.999707818031311
1784.4330005394042 1.000176191329956
1784.453833484803 0.999910831451416
1784.474666429469 1.0000088214874268
1784.4954993733825 0.999901294708252
1784.5163323165548 0.9996256232261658
1784.5371652589972 1.000232458114624
1784.55799820069 1.0002508163452148
1784.5788311416547 0.999485969543457
1784.5996640818723 0.9998450875282288
1784.6204970213532 1.000331163406372
1784.641329960109 1.0002546310424805
1784.6621628981209 1.0002202987670898
1784.682995835409 0.9999402165412903
1784.703828771955 0.9999512434005737
1784.72466170778 0.9998221397399902
1784.7454946428643 0.9998704791069031
1784.7663275772193 0.9999357461929321
1784.7871605108564 1.0001558065414429
1784.8079934437562 0.9998592734336853
1784.82882637594 1.0001091957092285
1784.8496593073887 0.9999827742576599
1784.8704922381232 0.9998869895935059
1784.891325168125 0.9996861815452576
1784.9121580974147 0.9994920492172241
1784.9329910259737 0.9996709823608398
1784.9538239538128 0.9998244047164917
1784.9746568809435 0.999780535697937
1784.9954898073463 1.0000994205474854
1785.0163227330427 1.0000252723693848
1785.037155658014 0.9999455213546753
1785.0579885822808 1.0002422332763672
1785.0788215058244 1.0001670122146606
1785.0996544286563 1.0003206729888916
1785.1204873507872 1.000381588935852
1785.1413202721983 1.0000797510147095
1785.1621531929109 0.9995232820510864
1785.1829861129063 0.9996143579483032
1785.2038190321955 0.9999915957450867
1785.2246519507894 1.0004637241363525
1785.24548486867 0.9999952912330627
1785.2663177858576 1.0001496076583862
1785.2871507023337 1.0002137422561646
1785.30798361812 1.0003315210342407
1785.3288165331974 0.9999966621398926
1785.3496494475767 0.9999265670776367
1785.37048236127 1.0003055334091187
1785.391315274258 1.0004277229309082
1785.412148186562 1.0001500844955444
1785.4329810981637 1.0000015497207642
1785.453814009084 1.0004594326019287
1785.4746469193044 0.9999209046363831
1785.4954798288463 1.0001816749572754
1785.5163127376907 1.0002092123031616
1785.5371456458493 1.0002362728118896
1785.5579785533334 1.0001657009124756
1785.5788114601241 1.0005165338516235
1785.5996443662432 1.0004403591156006
1785.6204772716724 1.00053071975708
1785.6413101764322 1.0003145933151245
1785.6621430805046 1.0005507469177246
1785.682975983911 0.9999629855155945
1785.703808886633 1.0005537271499634
1785.724641788682 1.0006370544433594
1785.7454746900696 1.000097393989563
1785.766307590777 1.000428318977356
1785.807973390198 0.9999368190765381
1785.8288062889148 0.9995381832122803
1785.8496391869578 0.9997113943099976
1785.870472084349 0.9993204474449158
1785.8913049810697 0.9998960494995117
1785.9121378771313 0.9997046589851379
1785.932970772546 0.9995906949043274
1785.9538036672955 0.9996412992477417
1785.974636561401 0.999655544757843
1785.9954694548446 0.999657928943634
1786.0163023476484 0.9992722868919373
1786.0371352397935 0.9997870326042175
1786.057968131292 0.9996234178543091
1786.078801022156 0.9988920092582703
1786.099633912367 0.9998456239700317
1786.120466801947 0.999196469783783
1786.1412996908782 0.9999018311500549
1786.1621325791818 0.9997124075889587
1786.1829654668406 0.9994930624961853
1786.2037983538762 0.9996350407600403
1786.2246312402706 1.0000905990600586
1786.2454641260358 0.9995211958885193
1786.2662970111844 0.9995964169502258
1786.2871298956977 0.999487042427063
1786.3079627795985 0.999819278717041
1786.3287956628687 1.0001252889633179
1786.3496285455305 0.9995009303092957
1786.3704614275662 0.9995718002319336
1786.391294308998 0.9999716281890869
1786.4121271898084 1.0000766515731812
1786.4329600700096 0.9995151162147522
1786.4537929496141 1.0004786252975464
1786.4746258286043 1.0003286600112915
1786.4954587070024 0.9995928406715393
1786.5162915847914 1.0000333786010742
1786.5371244619932 1.0001665353775024
1786.5579573385908 1.000683069229126
1786.5787902146071 1.00045645236969
1786.5996230900241 1.0008281469345093
1786.620455964855 1.0005074739456177
1786.6412888391126 1.0007045269012451
1786.6621217127795 1.0006968975067139
1786.6829545858784 1.0001661777496338
1786.7037874583925 1.0004414319992065
1786.724620330345 1.0005600452423096
1786.7454532017184 1.0002121925354004
1786.766286072536 1.0004509687423706
1786.7871189427813 1.000504732131958
1786.8079518124766 1.0005511045455933
1786.8287846816058 1.001023530960083
1786.8496175501825 1.0007866621017456
1786.8704504182192 1.0005528926849365
1786.8912832857 1.0003483295440674
1786.9121161526482 1.0007473230361938
1786.9329490190473 1.0003103017807007
1786.9537818849208 1.0004379749298096
1786.974614750253 1.000616192817688
1786.9954476150572 1.0004609823226929
1787.0162804793472 1.0006744861602783
1787.0371133431072 1.0007762908935547
1787.057946206361 1.0003600120544434
1787.078779069093 1.0006153583526611
1787.0996119313272 1.0006295442581177
1787.120444793048 1.000247597694397
1787.1412776542793 1.0002753734588623
1787.1621105150064 1.0005204677581787
1787.182943375253 1.0002658367156982
1787.2037762350042 1.0003039836883545
1787.2246090942847 1.00033700466156
1787.2454419530793 1.0002460479736328
1787.266274811403 1.0001641511917114
1787.2871076692713 0.9998928308486938
1787.3079405266687 1.0004020929336548
1787.3287733836207 1.000265121459961
1787.3496062401132 0.9999921917915344
1787.3704390961711 1.0002338886260986
1787.3912719517805 1.0003050565719604
1787.4121048069671 1.000433087348938
1787.4329376617172 1.0002641677856445
1787.4537705160465 1.000214695930481
1787.4746033699714 1.000374674797058
1787.4954362234885 1.0001448392868042
1787.516269076594 1.000165581703186
1787.5371019293048 1.0001035928726196
1787.557934781638 1.0000313520431519
1787.5787676335806 1.0002236366271973
1787.5996004851597 1.00003981590271
1787.620433336363 0.9999851584434509
1787.641266187218 1.0000396966934204
1787.6620990377126 0.9999498128890991
1787.682931887875 1.0002676248550415
1787.703764737693 1.00018310546875
1787.7245975871956 0.9999634623527527
1787.7454304363719 0.9999902248382568
1787.7662632852398 0.9999750256538391
1787.7870961338192 0.9998559355735779
1787.8079289820998 0.9999533891677856
1787.828761830111 0.9999573230743408
1787.849594677843 0.9999891519546509
1787.8704275253262 1.0001643896102905
1787.891260372551 1.0001373291015625
1787.9120932195483 0.9999805092811584
1787.93292606631 0.9998008608818054
1787.953758912867 0.9999562501907349
1787.9745917592118 0.9999601244926453
1787.9954246053767 0.9996782541275024
1788.016257451354 0.9998469948768616
1788.0370902971672 0.9999596476554871
1788.05792314284 0.9998340606689453
1788.0787559883659 1.000132441520691
1788.0995888337798 1.0001682043075562
1788.1204216790766 0.9999507665634155
1788.1412545242913 1.0001236200332642
1788.16208736942 0.9998400807380676
1788.1829202144993 1.0002342462539673
1788.2037530595264 0.999906599521637
1788.2245859045386 0.9998385310173035
1788.2454187495339 0.9999548196792603
1788.2662515945517 1.0000642538070679
1788.2870844395911 0.9999217987060547
1788.3079172846924 0.9998010396957397
1788.328750129857 0.9999099969863892
1788.349582975116 0.9995909333229065
1788.370415820502 1.0000184774398804
1788.3912486660192 0.9999812841415405
1788.4120815117108 0.9997673630714417
1788.4329143575824 0.9999644160270691
1788.4537472036805 0.9994765520095825
1788.4745800500116 0.9997003078460693
1788.4954128966244 0.9997437000274658
1788.5162457435283 1.0000282526016235
1788.5370785907737 1.0000135898590088
1788.5579114383725 0.9999526739120483
1788.5787442863777 1.000063419342041
1788.599577134804 1.000292181968689
1788.6204099837068 0.9999099373817444
1788.6412428331043 0.9999954700469971
1788.662075683055 0.9998558759689331
1788.6829085335798 0.9999508857727051
1788.7037413847315 0.9998210668563843
1788.7245742365642 1.0000252723693848
1788.7454070891042 0.99993497133255
1788.7662399424203 0.9999428987503052
1788.7870727965426 1.0000098943710327
1788.8079056515446 1.000048279762268
1788.8287385074616 1.0000425577163696
1788.8495713643713 0.9994603395462036
1788.8704042223146 1.000119686126709
1788.891237081375 0.9998909831047058
1788.9120699415994 0.999864935874939
1788.9329028030766 1.00009024143219
1788.9537356658604 0.9996875524520874
1788.9745685300475 0.9981403946876526
1788.9954013956974 0.9923896789550781
1789.0162342629144 0.39439114928245544
1789.0370671317671 --
1789.0579000023574 --
1789.0787328747922 --
1789.0995657491628 --
1789.1203986255655 --
1789.141231504121 --
1789.1620643849558 --
1789.2037301539124 --
1789.2245630422933 --
1789.2453959334696 --
1789.2662288275637 --
1789.2870617247434 --
1789.3078946251396 --
1789.3287275289285 --
1789.3495604362502 --
1789.3703933472857 --
1789.3912262621789 --
1789.4120591811136 --
1789.4328921042313 0.07829324156045914
1789.4537250316994 --
1789.4745579636797 --
1789.4953909003027 --
1789.5162238416858 0.7255834937095642
1789.5370567879493 0.998819887638092
1789.5578897391886 1.0024617910385132
1789.5787226954424 1.002118706703186
1789.5995556567545 1.0019835233688354
1789.6203886230887 1.002118706703186
1789.6412215944008 1.002252221107483
1789.6620545705557 1.0022984743118286
1789.682887551399 1.002289056777954