1764.703045216146 1.0000568628311157
1764.7238791460488 1.0000548362731934
1764.7447130722846 1.0001803636550903
1764.7655469949352 1.000237226486206
1764.7863809140747 1.000201940536499
1764.8072148297767 1.0002912282943726
1764.8280487421246 1.0002187490463257
1764.8488826511705 1.0003881454467773
1764.8697165569968 1.0004123449325562
1764.8905504596735 1.00039803981781
1764.9113843592697 1.0006135702133179
1764.9322182558637 1.0006860494613647
1764.953052149501 1.0005851984024048
1764.973886040256 1.0004204511642456
1764.994719928192 1.000387191772461
1765.015553813369 1.000266671180725
1765.0363876958565 1.000100016593933
1765.0572215756922 1.0002342462539673
1765.078055452941 1.0001550912857056
1765.0988893276574 1.0004440546035767
1765.119723199893 1.0002906322479248
1765.1405570697084 1.0002267360687256
1765.1613909371322 1.000235915184021
1765.1822248022218 1.0002261400222778
1765.2030586650226 1.0001139640808105
1765.2238925255785 0.9999461770057678
1765.2447263839424 0.9998211860656738
1765.2655602401353 1.0000804662704468
1765.2863940942066 0.999898374080658
1765.3072279461953 1.000428318977356
1765.3280617961382 1.000329852104187
1765.3488956440708 1.0002824068069458
1765.3697294900387 1.0003671646118164
1765.3905633340544 1.0002727508544922
1765.4113971761608 0.999980628490448
1765.4322310163893 1.0000884532928467
1765.4530648547798 0.9999509453773499
1765.4738986913417 1.000138282775879
1765.4947325261135 1.0002843141555786
1765.5155663591224 1.000218391418457
1765.5364001903952 1.0000189542770386
1765.5572340199672 0.9996620416641235
1765.5780678478434 0.9995958209037781
1765.598901674058 0.9994024038314819
1765.619735498634 0.9993199110031128
1765.6405693216043 0.9992040395736694
1765.6614031429704 0.9990720748901367
1765.682236962764 0.9995786547660828
1765.703070781005 0.9997214674949646
1765.7239045977137 0.9996342658996582
1765.7447384129096 0.9999471306800842
1765.7655722266209 0.9997906684875488
1765.7864060388463 1.000051736831665
1765.8072398496133 1.0001194477081299
1765.8280736589388 0.9995957612991333
1765.8489074668396 0.9999062418937683
1765.8697412733418 1.000077486038208
1765.8905750784413 1.0000922679901123
1765.9114088821632 1.0002620220184326
1765.9322426845222 1.0002007484436035
1765.953076485543 0.9999550580978394
1765.9739102852193 0.9994633197784424
1765.994744083575 0.999457836151123
1766.0155778806231 0.9992496967315674
1766.0364116763765 0.9993807673454285
1766.0572454708579 0.9990793466567993
1766.0780792640596 0.9992144703865051
1766.098913056003 0.9996775388717651
1766.1197468467003 0.9995796084403992
1766.1405806361724 0.9998407959938049
1766.1614144244104 0.9999393224716187
1766.182248211435 0.9999722838401794
1766.2030819972567 0.9999978542327881
1766.2239157818856 1.0002272129058838
1766.2447495653414 1.0004068613052368
1766.2655833476144 1.0003913640975952
1766.2864171287233 1.0006376504898071
1766.3072509086776 1.000569462776184
1766.3280846874866 1.0006943941116333
1766.3489184651687 1.0005706548690796
1766.3697522417124 1.0003180503845215
1766.3905860171365 1.00014066696167
1766.4114197914485 0.9997502565383911
1766.4322535646568 0.9996532797813416
1766.4530873367794 0.999355137348175
1766.4739211078033 0.9992437362670898
1766.4947548777463 0.9994806051254272
1766.515588646616 0.9995967149734497
1766.536422414419 0.999578058719635
1766.5572561811719 0.9998530745506287
1766.5780899468625 0.9999334812164307
1766.5989237115066 0.9999250173568726
1766.619757475111 1.0000444650650024
1766.6405912376927 1.0000841617584229
1766.6614249992367 1.000160813331604
1766.6822587597596 1.0005114078521729
1766.703092519268 1.000610589981079
1766.7239262777666 1.0006376504898071
1766.744760035272 1.000380277633667
1766.7655937917698 1.0006603002548218
1766.7864275472748 1.0004023313522339
1766.8072613017928 1.000091552734375
1766.8280950553392 0.9998915195465088
1766.8489288078988 0.9998645186424255
1766.8697625594868 0.9997590184211731
1766.8905963101083 0.999753475189209
1766.911430059768 0.9997471570968628
1766.932263808481 0.9996488690376282
1766.9530975562316 0.9999237060546875
1766.973931303034 0.999840497970581
1766.9947650488937 0.9998568296432495
1767.0155987938244 0.9999157786369324
1767.0364325378107 0.9998763799667358
1767.0572662808665 1.0000059604644775
1767.0781000229965 1.0001096725463867
1767.0989337642045 1.0002498626708984
1767.1197675045044 1.0003020763397217
1767.1406012438804 1.0004113912582397
1767.161434982346 1.0004180669784546
1767.1822687199053 1.0003936290740967
1767.2031024565722 1.0001764297485352
1767.22393619233 0.9999932050704956
1767.2447699271925 1.0000636577606201
1767.2656036611631 0.9999650716781616
1767.2864373942555 1.0001740455627441
1767.3072711264529 1.0001035928726196
1767.3281048577687 1.0001224279403687
1767.3489385882065 0.9999478459358215
1767.3697723177693 0.999885082244873
1767.39060604647 0.9997234344482422
1767.4114397742924 0.9998156428337097
1767.432273501249 0.999991774559021
1767.4531072273433 1.0000122785568237
1767.4739409525882 0.999875545501709
1767.4947746769662 1.0001543760299683
1767.5156084004907 1.0000629425048828
1767.5364421231643 0.9998332858085632
1767.55727584499 1.0000053644180298
1767.5781095659802 0.9997993111610413
1767.5989432861181 0.9998375773429871
1767.6197770054162 0.9995530247688293
1767.6406107238768 0.9996916055679321
1767.661444441513 0.9998719096183777
1767.6822781583069 0.9998415112495422
1767.7031118742711 1.0000569820404053
1767.7239455894087 0.9999905228614807
1767.7447793037213 0.9999538064002991
1767.7656130172218 1.0000057220458984
1767.7864467298925 0.999936580657959
1767.8072804417454 1.0000261068344116
1767.8281141527832 1.000145673751831
1767.8489478630183 0.9999809265136719
1767.8697815724324 1.0001429319381714
1767.890615281038 1.0002200603485107
1767.9114489888375 1.0001070499420166
1767.9322826958326 0.9996048212051392
1767.9531164020354 0.9995694756507874
1767.9739501074287 0.9993817806243896
1767.9947838120238 0.9995129704475403
1768.015617515823 0.9993733167648315
1768.0364512188385 0.9992302656173706
1768.0572849210519 0.9997380375862122
1768.0781186224751 0.99982750415802
1768.0989523231208 1.000213861465454
1768.11978602297 0.9999138712882996
1768.1406197220347 1.0002784729003906
1768.1614534203175 0.9998765587806702
1768.1822871178192 1.0000488758087158
1768.2031208145522 0.9999129176139832
1768.2239545104985 0.9999491572380066
1768.2447882056692 1.0002846717834473
1768.2656219000667 1.0002070665359497
1768.2864555937024 1.0001256465911865
1768.3072892865575 1.0001486539840698
1768.3281229786444 0.9996960163116455
1768.3489566699648 0.9995103478431702
1768.3697903605198 0.999483048915863
1768.390624050321 0.9990589618682861
1768.411457739351 0.9991520047187805
1768.43229142762 0.9993826150894165
1768.4531251151302 0.9995473027229309
1768.4739588018936 0.999468207359314
1768.494792487891 0.9998309016227722
1768.5156261731338 0.9996682405471802
1768.5364598576243 0.9999702572822571
1768.5572935413734 1.0000892877578735
1768.5781272243626 1.000093698501587
1768.5989609066037 0.9221805334091187
1768.6197945880976 1.0006808042526245
1768.640628268856 1.0005792379379272
1768.6614619488603 1.0008190870285034
1768.682295628122 1.0004123449325562
1768.7031293066418 1.0001705884933472
1768.7239629844219 0.9999035000801086
1768.7447966614734 0.9996383786201477
1768.7656303377773 0.9993066787719727
1768.7864640133453 0.9994019269943237
1768.8072976881786 0.9991905689239502
1768.828131362288 0.9989582300186157
1768.8489650356555 0.9989681243896484
1768.8697987082921 0.999046802520752
1768.8906323802087 0.9992778301239014
1768.911466051387 0.9994235634803772
1768.9322997218383 0.9991250038146973
1768.9531333915631 0.9994733333587646
1768.9739670605634 0.9999876618385315
1768.99480072885 1.0003670454025269
1769.015634396404 1.0004403591156006
1769.0364680632367 1.0008782148361206
1769.0573017293495 1.0008695125579834
1769.0781353947532 1.0009429454803467
1769.098969059429 1.0004771947860718
1769.1198027233884 1.000248670578003
1769.140636386632 1.000316858291626
1769.161470049171 0.9998753666877747
1769.1823037109868 0.9996220469474792
1769.2031373720902 0.9994874000549316
1769.2239710324825 0.9992159605026245
1769.2448046921747 0.9991888999938965
1769.2656383511478 0.9988561868667603
1769.2864720094128 0.9991859793663025
1769.3073056669712 0.9989886283874512
1769.3281393238333 0.9994503259658813
1769.3489729799808 0.9996390342712402
1769.3698066354243 0.9997761845588684
1769.390640290165 0.9996935725212097
1769.4114739442139 1.0000156164169312
1769.4323075975524 1.0003776550292969
1769.4531412501906 1.0007338523864746
1769.47397490213 1.000795602798462
1769.494808553382 1.000874400138855
1769.5156422039267 1.0008021593093872
1769.55730950293 1.0005050897598267
1769.5781431514001 1.0002440214157104
1769.598976799167 1.000020980834961
1769.6198104462426 0.9995378851890564
1769.6406440926264 0.9994762539863586
1769.6614777383302 0.9995014667510986
1769.682311383335 0.9993218779563904
1769.7031450276513 0.9994080066680908
1769.7239786712803 0.9993507266044617
1769.744812314233 0.9995883107185364
1769.7656459564898 0.9998003244400024
1769.786479598062 0.999981701374054
1769.807313238961 1.0001236200332642
1769.8281468791665 1.0003035068511963
1769.84898051869 1.0004042387008667
1769.869814157533 1.0004624128341675
1769.8906477956955 1.000719428062439
1769.9114814331886 1.0004843473434448
1769.9323150699931 1.0004868507385254
1769.9531487061206 1.0004109144210815
1769.973982341571 1.000191569328308
1769.9948159763558 0.9999730587005615
1770.0156496104555 1.0000102519989014
1770.036483243881 1.0001091957092285
1770.0573168766434 0.999905526638031
1770.0781505087236 0.9997463822364807
1770.098984140132 0.9996625781059265
1770.1198177708698 0.9997454881668091
1770.1406514009477 0.9997950792312622
1770.1614850303465 0.9999399185180664
1770.1823186590773 0.99994957447052
1770.2031522871407 1.0002267360687256
1770.2239859145475 1.00046968460083
1770.2448195412785 1.0003234148025513
1770.265653167345 1.0003433227539062
1770.2864867927472 1.00021493434906
1770.3073204174962 1.0001426935195923
1770.328154041573 1.0000067949295044
1770.348987664988 0.9998646378517151
1770.3698212877423 1.0000358819961548
1770.3906549098467 0.999885618686676
1770.411488531282 1.0000495910644531
1770.432322152059 1.00014066696167
1770.4531557721787 1.0002195835113525
1770.4739893916515 1.000144600868225
1770.4948230104583 1.0000790357589722
1770.5156566286103 1.0002260208129883
1770.5364902461079 1.0001639127731323
1770.557323862962 1.0002549886703491
1770.5781574791538 1.0003924369812012
1770.5989910946932 1.000588059425354
1770.619824709592 1.000488519668579
1770.6406583238306 1.0004684925079346
1770.6614919374194 1.0004204511642456
1770.6823255503598 1.000023365020752
1770.7031591626626 0.9998765587806702
1770.723992774308 0.9997148513793945
1770.7448263853075 0.999600887298584
1770.7656599956615 0.9996134638786316
1770.7864936053809 0.9997406601905823
1770.8073272144463 0.9997899532318115
1770.8281608228692 0.9999142289161682
1770.8489944306596 1.00001060962677
1770.8698280377985 0.9998883008956909
1770.890661644297 1.0001875162124634
1770.911495250156 1.0003870725631714
1770.9323288553855 1.0006763935089111
1770.9531624599672 1.0008981227874756
1770.9739960639115 1.001124382019043
1770.9948296672192 1.0012658834457397
1771.0156632699013 1.00123131275177
1771.0364968719384 1.0012098550796509
1771.0573304733414 1.0006680488586426
1771.0781640741116 1.0003292560577393
1771.0989976742587 0.9999546408653259
1771.1198312737645 0.9997262358665466
1771.1406648726393 0.9995431900024414
1771.1614984708945 0.9992659091949463
1771.1823320685103 0.9992161393165588
1771.2031656654976 0.9992197155952454
1771.223999261858 0.9991801977157593
1771.2448328575913 0.9992712736129761
1771.2656664527087 0.9995008707046509
1771.2865000471916 0.9997097849845886
1771.30733364105 1.000130295753479
1771.328167234295 1.0004630088806152
1771.349000826908 1.0007898807525635
1771.3698344188992 1.0011677742004395
1771.3906680102696 1.0013723373413086
1771.4115016010303 1.0014805793762207
1771.4323351911619 1.0012712478637695
1771.4531687806752 1.0011415481567383
1771.4740023695815 1.0009095668792725
1771.4948359578614 1.0007165670394897
1771.5156695455255 1.0002233982086182
1771.5365031325853 0.9999577403068542
1771.5573367190211 0.9996928572654724
1771.578170304844 0.9993755221366882
1771.5990038900552 0.9992481470108032
1771.619837474655 0.9992218017578125
1771.6406710586548 0.9992678165435791
1771.6615046420354 0.9992125034332275
1771.6823382248076 0.9993212819099426
1771.7031718069723 0.9995840787887573
1771.7240053885405 0.9999070763587952
1771.7448389694932 1.0001639127731323
1771.7656725498412 1.0005093812942505
1771.7865061295956 1.0007535219192505
1771.8073397087371 1.0010992288589478
1771.8281732872767 1.0010628700256348
1771.8490068652259 1.0008156299591064
1771.8698404425647 1.0007647275924683
1771.890674019305 1.0005793571472168
1771.9115075954471 1.0005500316619873
1771.9323411710022 1.0001791715621948
1771.9531747459516 0.9999395608901978
1771.974008320306 0.9997992515563965
1771.9948418940764 0.999620258808136
1772.0156754672437 0.9994813799858093
1772.0365090398195 0.9993979334831238
1772.057342611804 0.9994276762008667
1772.0781761832088 0.9993759393692017
1772.0990097540148 0.9993975162506104
1772.119843324233 0.9998781681060791
1772.1406768938646 1.0000479221343994
1772.1615104629207 1.0006142854690552
1772.182344031382 1.0007469654083252
1772.2031775992598 1.0008373260498047
1772.2240111665656 1.0009245872497559
1772.2448447332797 1.0008316040039062
1772.2656782994138 1.0008213520050049
1772.286511864969 1.0005723237991333
1772.3073454299565 1.0003756284713745
1772.328178994357 1.0000312328338623
1772.349012558182 1.0000079870224
1772.3698461214428 0.9998024702072144
1772.3906796841202 0.999631404876709
1772.4115132462255 0.9998288750648499
1772.4323468077603 0.9996553659439087
1772.453180368735 0.9995473623275757
1772.4740139291316 0.9265589714050293
1772.4948474889613 0.9996313452720642
1772.515681048235 0.9996775984764099
1772.5365146069337 0.999629020690918
1772.5573481650695 0.9996954798698425
1772.578181722643 1.0000404119491577
1772.5990152796658 1.0000454187393188
1772.6198488361192 1.0002518892288208
1772.6406823920145 1.0004860162734985
1772.6615159473631 1.000322937965393
1772.6823495021463 1.0002572536468506
1772.7031830563753 1.0002329349517822
1772.7240166100519 1.0000282526016235
1772.7448501631873 0.9998965859413147
1772.7656837157629 0.9998393058776855
1772.7865172677898 0.9997532367706299
1772.8073508192804 0.9998125433921814
1772.8281843702152 0.9998874664306641
1772.849017920606 0.9998809695243835
1772.8698514704647 1.0000907182693481
1772.8906850197725 1.0000784397125244
1772.9115185685407 1.0001004934310913
1772.9323521167714 1.000171184539795
1772.953185664476 1.0003268718719482
1772.9740192116358 1.000265121459961
1772.9948527582628 1.0001846551895142
1773.0156863043685 0.9999474883079529
1773.0365198499344 0.9998927116394043
1773.0573533949728 0.9997101426124573
1773.0781869394846 0.9996678829193115
1773.099020483482 0.999636709690094
1773.1198540269468 0.9996647834777832
1773.1406875698906 0.999592661857605
1773.1615211123253 0.9995933175086975
1773.1823546542328 0.9996838569641113
1773.2031881956248 0.9995635747909546
1773.2240217365031 0.9995678067207336
1773.2448552768801 0.9997174143791199
1773.2656888167373 0.9999095797538757
1773.2865223560866 0.9999809861183167
1773.3073558949404 1.0002491474151611
1773.3281894332804 1.000617504119873
1773.3490229711188 1.0005992650985718
1773.3698565084676 1.0007086992263794
1773.3906900453092 1.0006307363510132
1773.4115235816553 1.0004775524139404
1773.432357117508 1.0001728534698486
1773.4531906528803 1.000071406364441
1773.4740241877537 0.9997384548187256
1773.4948577221408 0.999661922454834
1773.515691256054 0.999580979347229
1773.5365247894754 0.9996292591094971
1773.5573583224175 0.9993661642074585
1773.5781918548928 0.9994105696678162
1773.5990253868836 0.9994689226150513
1773.6198589184025 0.9993782639503479
1773.6406924494624 0.9995208978652954
1773.6615259800453 0.9996767640113831
1773.6823595101641 1.0002341270446777
1773.7031930398218 1.0003467798233032
1773.7240265690307 1.0007189512252808
1773.7448600977734 1.001016616821289
1773.7656936260637 1.0009807348251343
1773.7865271539033 1.000938892364502
1773.8073606813057 1.000636339187622
1773.828194208254 1.000179409980774
1773.849027734761 0.9999738931655884
1773.8698612608396 0.9998382329940796
1773.8906947864737 0.9997669458389282
1773.9115283116755 0.9993594884872437
1773.9323618364588 0.9994152188301086
1773.953195360807 0.9993899464607239
1773.9740288847331 0.9990755319595337
1773.9948624082408 0.9993274211883545
1774.0156959313438 0.9994003176689148
1774.0365294540252 0.9994978904724121
1774.057362976299 0.9997405409812927
1774.0781964981788 0.9998452067375183
1774.0990300196484 1.0003573894500732
1774.1406970614125 1.0008634328842163
1774.1615305817047 1.0010342597961426
1774.1823641016128 1.0010699033737183
1774.2031976211508 1.0009644031524658
1774.224031140303 1.0009468793869019
1774.2448646590833 1.0006012916564941
1774.265698177507 1.000229835510254
1774.2865316955579 1.0000933408737183
1774.307365213251 0.9997057318687439
1774.328198730601 0.9992408156394958
1774.3490322475923 0.9988992214202881
1774.3698657642403 0.9990909099578857
1774.3906992805503 0.9992077946662903
1774.411532796537 0.999366044998169
1774.4323663121854 0.9992190599441528
1774.4531998275115 0.9992756843566895
1774.4740333425307 0.9997771382331848
1774.4948668572283 0.9999291300773621
1774.5157003716204 1.0006232261657715
1774.5365338857227 1.0006992816925049
1774.5573673995214 1.0006096363067627
1774.5782009130323 1.0009524822235107
1774.5990344262623 1.001396656036377
1774.619867939227 1.0011231899261475
1774.640701451914 1.0008398294448853
1774.6615349643498 1.0005009174346924
1774.6823684765209 1.0003443956375122
1774.7032019884448 1.0000522136688232
1774.724035500129 1.0000582933425903
1774.7448690115903 0.9996644258499146
1774.765702522817 0.9993042349815369
1774.7865360338267 0.9992737770080566
1774.8073695446276 0.9990841150283813
1774.8282030552377 0.9991535544395447
1774.849036565646 0.999201238155365
1774.8698700758705 0.9994454979896545
1774.8907035859306 0.9995580315589905
1774.9115370958157 1.0000838041305542
1774.9323706055447 1.0003656148910522
1774.9532041151376 1.000543475151062
1774.9740376245845 1.0005139112472534
1774.9948711339152 1.0006059408187866
1775.0157046431204 1.0003501176834106
1775.036538152221 1.0003821849822998
1775.0573716612282 1.0002036094665527
1775.0782051701633 1.0001872777938843
1775.0990386790181 1.00010347366333
1775.1407056965752 1.0001475811004639
1775.1615392052931 0.9998449087142944
1775.1823727139913 0.9997025728225708
1775.2032062226933 0.9996264576911926
1775.2240397313938 0.9996150732040405
1775.2448732401162 0.9994383454322815
1775.265706748876 0.9997186660766602
1775.2865402576988 0.9998167753219604
1775.30737376658 0.9999483227729797
1775.3282072755462 1.0001887083053589
1775.3490407846243 1.0003033876419067
1775.3698742938118 1.0005091428756714
1775.3907078031364 1.0005083084106445
1775.4115413126274 1.0003856420516968
1775.432374822283 1.0002745389938354
1775.453208332134 1.0001709461212158
1775.4740418422102 1.0000923871994019
1775.4948753525136 0.9998913407325745
1775.5157088630756 1.0000709295272827
1775.536542373929 1.0000916719436646
1775.5573758850778 1.0001543760299683
1775.5782093965556 1.0000916719436646
1775.5990429083984 0.9998241066932678
1775.6198764206117 0.999883234500885
1775.640709933233 0.9997634887695312
1775.6615434463 1.0000121593475342
1775.682376959822 1.0001250505447388
1775.703210473839 1.0002106428146362
1775.7240439883924 1.000510811805725
1775.7448775034948 1.0004029273986816
1775.7657110191897 1.0003974437713623
1775.7865445355217 1.0000709295272827
1775.8073780525078 1.0000303983688354
1775.8282115701952 1.0002182722091675
1775.849045088623 1.0000903606414795
1775.869878607842 0.999940812587738
1775.8907121278744 1.0000203847885132
1775.9115456487839 0.9998575448989868
1775.9323791705965 1.0000026226043701
1775.953212693369 0.999932050704956
1775.9740462171512 1.0001322031021118
1775.994879742004 1.0002055168151855
1776.0157132679606 1.0003302097320557
1776.0365467950958 1.0003498792648315
1776.057380323448 1.000702977180481
1776.0782138530858 1.0010993480682373
1776.0990473840718 1.0009076595306396
1776.1198809164803 1.0007632970809937
1776.1407144503573 1.0005618333816528
1776.1615479857928 1.0004955530166626
1776.1823815228383 1.0004552602767944
1776.2032150615778 1.0003020763397217
1776.2240486020883 1.0001838207244873
1776.2448821444593 0.9998812079429626
1776.2657156887524 1.0001115798950195
1776.2865492350622 0.9997798800468445
1777.7449005761302 1.0007139444351196
1777.7657340965486 1.0006134510040283
1777.7865676139488 1.000603437423706
1777.807401128403 1.0007051229476929
1777.8282346399824 1.0004245042800903
1777.849068148727 1.0004987716674805
1777.8699016547048 1.0003340244293213
1777.8907351579821 0.9999334812164307
1777.9115686585942 0.9994569420814514
1777.9324021566042 0.998417317867279
1777.9532356520738 0.9989185333251953
1777.9740691450334 0.9988000392913818
1777.9949026355412 0.9988744854927063
1778.0157361236543 0.998822808265686
1778.0365696093988 0.9989866018295288
1778.0574030928283 0.9993511438369751
1778.0782365739958 0.9996784925460815
1778.0990700529223 0.999883234500885
1778.1199035296681 0.9999548196792603
1778.1407370042514 1.0003032684326172
1778.1615704767203 1.000234842300415
1778.18240394712 1.0002659559249878
1778.2032374154664 1.000411033630371
1778.224070881803 1.0002315044403076
1778.2449043461725 1.0005148649215698
1778.2657378085864 1.000497579574585
1778.2865712690862 1.000010371208191
1778.3074047277105 1.0000333786010742
1778.3282381844685 0.9995410442352295
1778.3490716393985 0.9992569088935852
1778.3699050925366 0.9993724822998047
1778.390738543889 0.9993255734443665
1778.4115719934916 0.9991896152496338
1778.4324054413785 0.9994322061538696
1778.4532388875532 0.9992166757583618
1778.474072332049 0.9993197321891785
1778.4949057748981 0.999220609664917
1778.515739216102 0.9993639588356018
1778.5365726557015 0.9994443655014038
1778.5574060936976 0.9995965361595154
1778.5782395301192 0.9997850060462952
1778.599072964996 0.9999582171440125
1778.6199063983263 1.0001312494277954
1778.640739830138 1.0002591609954834
1778.661573260459 1.0003966093063354
1778.6824066892862 1.0005548000335693
1778.703240116646 1.0006846189498901
1778.7240735425642 1.0005544424057007
1778.744906967037 1.0005042552947998
1778.7657403900891 1.0004034042358398
1778.7865738117455 1.0003069639205933
1778.8074072320005 1.0003265142440796
1778.828240650888 1.0002321004867554
1778.8490740684015 1.0002895593643188
1778.8699074845645 1.0001153945922852
1778.8907408993996 0.99972003698349
1778.9115743128996 0.9994878768920898
1778.9324077250865 0.9993823766708374
1778.9532411359821 0.9992918372154236
1778.974074545578 0.9992945790290833
1778.994907953896 0.999423086643219
1779.0157413609563 0.9994474053382874
1779.0365747667502 0.9996558427810669
1779.057408171308 0.999979555606842
1779.0782415746196 1.0000070333480835
1779.0990749767054 0.9998777508735657
1779.1199083775853 0.9999291896820068
1779.1407417772477 0.9999743103981018
1779.1615751757129 1.000092625617981
1779.1824085729997 1.000450849533081
1779.2032419690966 1.0007718801498413
1779.2240753640224 1.0008106231689453
1779.2449087577954 1.0007404088974
1779.2657421504043 1.0007238388061523
1779.2865755418763 1.0004496574401855
1779.3074089322 1.0002894401550293
1779.3282423213927 0.9999669194221497
1779.3490757094717 0.9997289180755615
1779.3699090964246 0.9995294809341431
1779.390742482269 0.9994519352912903
1779.411575867021 0.9993618726730347
1779.432409250668 0.9994938969612122
1779.4532426332369 0.9994935989379883
1779.4740760147135 0.9997240900993347
1779.494909395115 0.999791145324707
1779.5157427744575 0.9998436570167542
1779.536576152727 0.9999083876609802
1779.5574095299396 1.0000799894332886
1779.5782429061114 1.0001627206802368
1779.599076281228 1.0004884004592896
1779.6199096553048 1.000705361366272
1779.6407430283582 1.0007838010787964
1779.6615764003727 1.0008586645126343
1779.682409771374 1.0006428956985474
1779.7032431413477 1.0003846883773804
1779.7240765103086 1.000002145767212
1779.7449098782715 0.999884843826294
1779.765743245222 0.9996508955955505
1779.786576611174 0.9993820786476135
1779.8074099761432 0.9990628957748413
1779.8282433401139 0.9991192817687988
1779.8490767031105 0.9991915225982666
1779.8699100651174 0.9993618130683899
1779.8907434261498 0.9995295405387878
1779.911576786221 0.9997240900993347
1779.932410145316 0.9997223615646362
1779.9532435034487 0.9998916983604431
1779.974076860633 1.0004087686538696
1779.994910216853 1.0006444454193115
1780.015743572133 1.0008900165557861
1780.0365769264565 1.0008872747421265
1780.0574102798375 1.0010234117507935
1780.07824363229 1.0010733604431152
1780.099076983797 1.0009855031967163
1780.1199103343727 1.000699758529663
1780.1407436840304 1.0002723932266235
1780.161577032754 0.9998485445976257
1780.1824103805664 0.9997127652168274
1780.203243727451 0.9995564818382263
1780.2240770734218 0.9993922114372253
1780.2449104184914 0.9993966817855835
1780.265743762643 0.9993703365325928
1780.2865771058907 0.9992969036102295
1780.3074104482464 0.999250054359436
1780.328243789694 0.9990867376327515
1780.349077130256 0.9992443919181824
1780.3699104699158 0.9993702173233032
1780.390743808686 0.9995729923248291
1780.41157714658 0.9999526739120483
1780.4324104835798 1.0005018711090088
1780.4532438196989 1.0008100271224976
1780.4740771549498 1.0010203123092651
1780.494910489315 1.0011932849884033
1780.5157438228077 1.0010713338851929
1780.5365771554405 1.0009537935256958
1780.5574104871953 1.0008524656295776
1780.578243818095 1.0006628036499023
1780.5990771481227 1.0005234479904175
1780.6199104773 1.000405192375183
1780.6407438056096 1.0003225803375244
1780.6615771330644 1.000180959701538
1780.6824104596762 0.9998626112937927
1780.7032437854277 0.9996360540390015
1780.724077110331 0.9993741512298584
1780.7449104343987 0.9992033243179321
1780.7657437576124 0.9992010593414307
1780.7865770799951 0.9993892312049866
1780.8074104015284 0.9994959235191345
1780.8282437222247 0.9998477697372437
1780.8490770420963 0.9999353885650635
1780.869910361125 1.000126600265503
1780.890743679323 1.0002384185791016
1780.9115769967023 1.0002375841140747
1780.9324103132446 1.0003365278244019
1780.9532436289726 1.000423550605774
1780.9740769438679 1.0004849433898926
1780.9949102579424 1.0007476806640625
1781.015743571208 1.0006510019302368
1781.0365768836466 1.000593900680542
1781.0574101952805 1.0004452466964722
1781.0782435060908 1.0003619194030762
1781.0990768160898 1.0002259016036987
1781.1199101252894 1.0002137422561646
1781.140743433671 1.0000280141830444
1781.1615767412466 1.000069260597229
1781.182410048028 1.0000132322311401
1781.2032433539969 0.9998335838317871
1781.2240766591744 0.9997544288635254
1781.2449099635433 0.9996726512908936
1781.2657432671144 0.9996713399887085
1781.2865765698994 0.9996944665908813
1781.3074098718805 0.9996423125267029
1781.3282431730786 0.9998114705085754
1781.3490764734756 1.000024437904358
1781.3699097730835 1.0003451108932495
1781.390743071913 1.000550627708435
1781.411576369946 1.0006451606750488
1781.4324096672044 1.0006835460662842
1781.4532429636693 1.0006569623947144
1781.474076259352 1.0007776021957397
1781.4949095542645 1.0003730058670044
1781.5157428483878 1.0002180337905884
1781.5365761417336 1.0000756978988647
1781.5574094343133 1.0001059770584106
1781.578242726108 0.9998748302459717
1781.5990760171396 0.9999663233757019
1781.6199093073894 0.999786376953125
1781.6407425968684 0.9995763897895813
1781.661575885588 0.999435305595398
1781.68240917353 0.9994484782218933
1781.7032424607153 0.9996036291122437
1781.7240757471252 0.9996128082275391
1781.7449090327714 0.9998372793197632
1781.7657423176647 0.9999864101409912
1781.7865756017866 0.9325619339942932
1781.8074088851588 1.0002574920654297
1781.8282421677616 1.0004600286483765
1781.849075449607 1.0008320808410645
1781.869908730706 1.000535011291504
1781.8907420110397 1.00071382522583
1781.9115752906196 1.0007507801055908
1781.9324085694566 1.0006778240203857
1781.9532418475324 1.0004644393920898
1781.9740751248673 1.000143051147461
1781.9949084014431 0.9999696612358093
1782.0157416772813 0.999707818031311
1782.0365749523621 0.9996450543403625
1782.0574082266971 0.9993574023246765
1782.078241500298 0.9991744756698608
1782.0990747731448 0.9989521503448486
1782.1199080452493 0.9986834526062012
1782.1407413166228 0.9987918734550476
1782.161574587246 0.9989475607872009
1782.1824078571397 0.99919193983078
1782.2032411262858 0.9996562600135803
1782.2240743946948 1.000043272972107
1782.2449076623777 1.0004642009735107
1782.2865741955306 1.0011173486709595
1782.3074074610022 1.001457929611206
1782.3282407257423 1.0013750791549683
1782.3490739897616 1.0012824535369873
1782.369907253041 1.0012320280075073
1782.3907405156021 1.0009615421295166
1782.4115737774255 1.000863790512085
1782.432407038522 1.0002671480178833
1782.453240298903 0.9998973608016968
1782.4740735585492 0.9993852376937866
1782.494906817482 0.9991068840026855
1782.5157400756818 0.9989328980445862
1782.5365733331598 0.9984671473503113
1782.557406589927 0.9984686970710754
1782.5782398459648 0.9985815286636353
1782.5990731012932 0.9987838864326477
1782.6199063558938 0.9990308284759521
1782.6407396097877 0.9994264245033264
1782.6615728629552 0.9996280670166016
1782.6824061154077 0.999857485294342
1782.703239367156 1.000485897064209
1782.724072618181 1.000586986541748
1782.7449058685036 1.00098717212677
1782.7657391181046 1.0009974241256714
1782.7865723669954 1.001152515411377
1782.8074056151863 1.0013731718063354
1782.8282388626583 1.0011571645736694
1782.8490721094329 1.000746726989746
1782.8699053554901 1.0005247592926025
1782.8907386008414 1.0000653266906738
1782.9115718454977 0.9999216198921204
1782.9324050894395 0.9994417428970337
1782.9532383326778 0.999343991279602
1782.9740715752237 0.9991004467010498
1782.9949048170577 0.9990354776382446
1783.0157380582007 0.9990599155426025
1783.0365712986343 0.9990746974945068
1783.0574045383783 0.9993801116943359
1783.078237777414 0.9995447993278503
1783.0990710157628 0.9997351169586182
1783.1199042534045 0.9999710917472839
1783.1407374903506 1.0003795623779297
1783.1615707266121 1.000516414642334
1783.1824039621692 1.0008677244186401
1783.2032371970333 1.0007942914962769
1783.2240704312153 1.0008466243743896
1783.2449036646956 1.000960350036621
1783.2657368974951 1.000626564025879
1783.2865701295948 1.0002326965332031
1783.3074033610155 0.9999464750289917
1783.328236591738 0.9997141361236572
1783.3490698217734 0.999482274055481
1783.3699030511318 0.999424159526825
1783.3907362797947 0.9993101358413696
1783.4115695077828 0.9992640614509583
1783.4324027350767 0.9993396997451782
1783.4532359616871 0.9992798566818237
1783.4740691876254 0.9994755387306213
1783.494902412872 0.9997599124908447
1783.5157356374477 1.0001037120819092
1783.5365688613335 1.0003899335861206
1783.5574020845502 1.0003753900527954
1783.5782353070783 1.0005327463150024
1783.599068528929 1.0006505250930786
1783.619901750113 1.0005781650543213
1783.640734970611 1.0005037784576416
1783.6615681904436 1.0006502866744995
1783.6824014095923 1.0005629062652588
1783.7032346280673 1.000319242477417
1783.7240678458795 1.0002789497375488
1783.74490106301 1.0001505613327026
1783.7657342794794 0.9999796748161316
1783.7865674952684 0.9999364614486694
1783.8074007103883 0.9996698498725891
1783.8282339248492 0.9994725584983826
1783.8490671386323 0.9993716478347778
1783.8699003517586 0.99951171875
1783.8907335642084 0.9995651841163635
1783.911566775993 0.999620795249939
1783.932399987123 0.9998239278793335
1783.9532331975793 0.9997763633728027
1783.9740664073825 0.9999917149543762
1783.9948996165137 0.9999420642852783
1784.0157328249936 0.9999825954437256
1784.036566032803 1.0001026391983032
1784.0573992399527 1.0001869201660156
1784.0782324464535 1.0002835988998413
1784.0990656522863 1.0005404949188232
1784.119898857472 1.0007010698318481
1784.1407320619912 1.0006846189498901
1784.161565265855 1.0006873607635498
1784.182398469074 1.000705599784851
1784.2032316716293 1.0005978345870972
1784.2240648735415 1.0004900693893433
1784.2448980747915 1.0005146265029907
1784.2657312754002 1.0003663301467896
1784.2865644753483 1.0003445148468018
1784.3073976746466 1.0002368688583374
1784.3282308733064 1.0002042055130005
1784.3490640713082 0.9998607635498047
1784.3698972686727 0.9996163249015808
1784.3907304653812 0.9993515610694885
1784.4115636614442 0.9992774724960327
1784.4323968568729 0.9991969466209412
1784.4532300516578 0.9991660118103027
1784.47406324579 0.9991689324378967
1784.4948964392802 0.999222457408905
1784.5157296321395 0.9994197487831116
1784.5365628243485 0.9996351599693298
1784.5573960159284 1.0000478029251099
1784.5782292068602 1.000230073928833
1784.5990623971543 1.0005886554718018
1784.6198955868217 1.0008431673049927
1784.6407287758439 1.0012627840042114
1784.661561964241 1.0015767812728882
1784.6823951519943 1.0017309188842773
1784.703228339125 1.001744270324707
1784.7240615256135 1.0015666484832764
1784.744894711471 1.0011612176895142
1784.7657278967085 1.000638484954834
1784.786561081307 1.000253438949585
1784.807394265287 0.9997544884681702
1784.8282274486298 0.9994855523109436
1784.8490606313565 0.999260425567627
1784.8698938134476 0.998902440071106
1784.8907269949248 0.9988147616386414
1784.9115601757683 0.9988099336624146
1784.9323933559892 0.9987442493438721
1784.9532265355992 0.999043881893158
1784.9740597145785 0.9992756247520447
1784.9948928929384 0.9995830059051514
1785.0157260706903 0.999992311000824
1785.0365592478245 1.0004996061325073
1785.0573924243324 1.0010069608688354
1785.078225600225 1.001333236694336
1785.0990587755136 1.0015877485275269
1785.119891950179 1.0014592409133911
1785.140725124242 1.00138521194458
1785.1615582976842 1.0010017156600952
1785.1823914705164 1.0006966590881348
1785.2032246427495 1.0002449750900269
1785.2240578143653 1.0000051259994507
1785.244890985384 0.9996720552444458
1785.2657241557872 0.9995906352996826
1785.2865573255963 0.9993368983268738
1785.3073904947917 0.9991746544837952
1785.328223663385 0.9990913271903992
1785.3490568313875 0.9991160035133362
1785.36988999878 0.9991562962532043
1785.390723165584 0.9993135333061218
1785.4115563317807 0.9995672106742859
1785.432389497391 1.0000091791152954
1785.453222662396 1.0003219842910767
1785.4740558268177 1.000994086265564
1785.4948889906364 1.0011560916900635
1785.5157221538639 1.0014153718948364
1785.5365553165116 1.00132155418396
1785.5573884785601 1.0011996030807495
1785.5782216400314 1.0008862018585205
1785.5990548009067 1.0004618167877197
1785.6198879612068 1.000012993812561
1785.6407211209134 0.9996925592422485
1785.6615542800382 0.9993894100189209
1785.6823874385918 0.9992017149925232
1785.703220596556 0.9992952346801758
1785.7240537539526 0.9991097450256348
1785.744886910762 0.9990156888961792
1785.7657200670064 0.9991583824157715
1785.7865532226674 0.9274811744689941
1785.8073863777656 0.9990767240524292
1785.8282195322834 0.9991893768310547
1785.8490526862315 0.9999375343322754
1785.8698858396222 1.0004236698150635
1785.8907189924364 1.0007506608963013
1785.9115521446959 1.0011193752288818
1785.9323852963823 1.0012625455856323
1785.9532184475172 1.0010446310043335
1785.974051598082 1.0006681680679321
1785.9948847480987 1.0005618333816528
1786.0157178975487 1.0002330541610718
1786.0365510464435 0.9997751116752625
1786.0573841947955 0.9995474219322205
1786.0782173425857 0.9994350671768188
1786.099050489836 0.9992111325263977
1786.1198836365286 0.9991809725761414
1786.1407167826846 0.9991862773895264
1786.1615499282864 0.9989359378814697
1786.1823830733558 0.9990071058273315
1786.2032162178743 0.9991620182991028
1786.2240493618542 0.9992662668228149
1786.2448825053073 0.9995495080947876
1786.2657156482153 0.9998088479042053
1786.2865487906004 1.0000263452529907
1786.3073819324447 1.0003772974014282
1786.32821507377 1.0004068613052368
1786.3490482145587 1.0003602504730225
1786.3698813548328 1.000187873840332
1786.3907144945742 1.000264048576355
1786.4115476337954 1.0001028776168823
1786.4323807725086 1.0000532865524292
1786.4532139106957 0.9999863505363464
1786.4740470483794 0.9999791383743286
1786.494880185542 0.9997633695602417
1786.515713322205 0.9997072815895081
1786.536546458352 0.9997317790985107
1786.557379593995 0.9996909499168396
1786.578212729146 0.999569296836853
1786.599045863788 0.9997106790542603
1786.6198789979435 0.9997805953025818
1786.6407121315951 1.0000900030136108
1786.6615452647654 1.0003360509872437
1786.682378397437 1.000290036201477
1786.703211529633 1.000319480895996
1786.724044661336 1.0002514123916626
1786.7448777925586 1.0000038146972656
1786.7657109233141 0.9999809265136719
1786.7865440535852 0.9998346567153931
1786.8073771833947 0.9996964931488037
1786.8282103127262 0.9998635053634644
1786.8490434416024 0.9998296499252319
1786.8698765700065 0.9997988343238831
1786.890709697962 0.9998072981834412
1786.911542825452 0.99977707862854
1786.9323759524896 0.999649703502655
1786.953209079089 0.9997733235359192
1786.9740422052428 0.9998685121536255
1786.994875330945 0.9999492764472961
1787.0157084562095 1.0001118183135986
1787.0365415810493 1.000497817993164
1787.0573747054486 1.000679850578308
1787.0782078294317 1.0008459091186523
1787.0990409529818 1.0009393692016602
1787.119874076123 1.0006890296936035
1787.1407071988401 1.0001749992370605
1787.1615403211565 0.9999839067459106
1787.1823734430568 0.9995647072792053
1787.2032065645656 0.9993820190429688
1787.2240396856669 0.9993821382522583
1787.2448728063753 0.9993184804916382
1787.2657059267062 0.9994354844093323
1787.2865390466434 0.9996305108070374
1787.3073721662124 0.999629020690918
1787.328205285398 0.9997471570968628
1787.3490384042257 0.9996364116668701
1787.36987152268 0.9998297691345215
1787.3907046407764 0.9999628663063049
1787.411537758531 1.000119686126709
1787.4323708759289 1.0005426406860352
1787.453203992996 1.0005981922149658
1787.474037109718 1.0008776187896729
1787.494870226121 1.0008924007415771
1787.515703342191 1.0007485151290894
1787.536536457955 1.000432014465332
1787.5573695733988 1.000136375427246
1787.578202688549 0.9997076392173767
1787.599035803393 0.9994678497314453
1787.619868917947 0.9993404150009155
1787.6407020322288 0.999260663986206
1787.6615351462358 0.999244749546051
1787.682368259965 0.9992636442184448
1787.7032013734345 0.9994909167289734
1787.7240344866623 0.9996647834777832
1787.7448675996363 0.9997149109840393
1787.7657007123853 0.999515175819397
1787.7865338248978 0.9998694062232971
1787.8073669372022 1.0001062154769897
1787.8282000492882 1.0003747940063477
1787.8490331611852 1.0007158517837524
1787.8698662728823 1.0009769201278687
1787.8906993844098 1.0010234117507935
1787.9115324957581 1.0009313821792603
1787.9323656069573 1.0007725954055786
1787.9531987179985 1.000446081161499
1787.974031828903 0.9999261498451233
1787.9948649396918 0.9996806383132935
1788.015698050357 0.9993968605995178
1788.0365311609312 0.9992727637290955
1788.0573642714066 0.9991987943649292
1788.0781973818162 0.9992356896400452
1788.0990304921536 0.9990087151527405
1788.1198636024526 0.9990635514259338
1788.1406967127073 0.9989987015724182
1788.1615298229526 0.999396026134491
1788.1823629331843 0.9995792508125305
1788.2031960434272 0.9997764229774475
1788.2240291537082 1.0004446506500244
1788.2448622640243 1.000792384147644
1788.2656953744124 1.0013164281845093
1788.2865284848708 1.0013757944107056
1788.3073615954388 1.0013452768325806
1788.3281947061148 1.0011521577835083
1788.3490278169395 1.0007939338684082
1788.3698609279138 1.0005422830581665
1788.3906940390789 1.000164270401001
1788.411527150437 0.9996991753578186
1788.432360262032 0.9995075464248657
1788.4531933738674 0.999248206615448
1788.4740264859886 0.9992415904998779
1788.4948595984015 0.9991471171379089
1788.515692711153 0.9990900754928589
1788.536525824251 0.9990888237953186
1788.5573589377352 0.9990293979644775
1788.5781920516456 0.9993520379066467
1788.599025165994 0.9996265172958374
1788.6198582808336 0.9998719096183777
1788.640691396178 1.0001988410949707
1788.6615245120834 1.000436782836914
1788.6823576285672 1.0008021593093872
1788.7031907456878 1.0009859800338745
1788.724023863466 1.001089096069336
1788.7448569819642 1.0008363723754883
1788.7656901012067 1.0008422136306763
1788.7865232212591 1.0005791187286377
1788.8073563421501 1.0004998445510864
1788.82818946395 1.0003104209899902
1788.849022586691 0.9999740719795227
1788.8698557104485 0.9997029304504395
1788.8906888352603 0.9994951486587524
1788.9115219611963 0.9995286464691162
1788.9323550883296 0.9989989399909973
1788.9531882167164 0.9989273548126221
1788.9740213464154 0.998950183391571
1788.994854477509 0.9992372393608093
1789.0156876100834 0.9995447993278503
1789.036520744197 0.9997533559799194
1789.057353879953 0.999501645565033
1789.0781870174185 0.999285101890564
1789.0990201567033 0.9995973706245422
1789.1198532978829 0.9996923208236694
1789.140686441076 0.9998543858528137
1789.161519586366 1.0000141859054565
1789.2031858837113 1.0007539987564087
1789.2240190359953 1.000136137008667
1789.2448521908332 1.000065565109253
1789.26568534837 1.0000070333480835
1789.2865185087144 0.9993630051612854
1789.307351672009 0.9997549653053284
1789.3281848383995 0.9989963173866272
1789.3490180080137 0.9993375539779663
1789.3698511809812 0.9993106722831726
1789.390684357452 0.9994785785675049
1789.4115175375748 0.9995056390762329
1789.432350721466 0.9995465874671936
1789.453183909277 0.9997960329055786
1789.474017101112 1.0002610683441162
1789.4948502971044 1.0004476308822632
1789.5156834973345 1.000301480293274
1789.5365167019045 1.0006866455078125
1789.5573499108539 1.0003581047058105
1789.5781831242355 1.0002624988555908
1789.59901634203 1.000484585762024
1789.6198495642186 1.0004733800888062
1789.640682790701 1.0002912282943726
1789.6615160213676 1.0005104541778564
1789.6823492560145 1.0002801418304443