1790.6817869055149 1.0003955364227295
1790.7026206820074 1.0004103183746338
1790.7234544561675 1.0002050399780273
1790.744288228158 1.0002191066741943
1790.7651219979048 1.000357985496521
1790.785955765564 0.9999701976776123
1790.8067895310633 1.0004284381866455
1790.8276232945518 1.000223994255066
1790.8484570559583 0.9995514154434204
1790.8692908154262 0.998498797416687
1790.8901245728848 0.9979795813560486
1790.9109583284724 0.9974842071533203
1790.9317920821195 0.9985619783401489
1790.9526258339583 0.9970946311950684
1790.9734595839207 0.9960862994194031
1790.9942933321338 0.9972255229949951
1791.0151270785298 0.9967406988143921
1791.0359608232316 0.9976807832717896
1791.0567945661728 0.9971084594726562
1791.077628307471 0.9973559379577637
1791.0984620470608 0.9974732398986816
1791.3901342392687 1.008806586265564
1791.4109679564729 1.0090768337249756
1791.4318016722852 1.0092650651931763
1791.4526353867952 1.0086872577667236
1791.473469099943 1.0085687637329102
1791.494302811816 1.0088320970535278
1791.515136522355 1.008126139640808
1791.5359702316448 1.007494568824768
1791.5568039396273 1.0071507692337036
1791.5776376463853 1.0068501234054565
1791.5984713518608 1.007313847541809
1791.619305056135 1.0060982704162598
1791.6401387591507 1.0064003467559814
1791.6609724609866 1.0054881572723389
1791.6818061615868 1.0053527355194092
1791.702639861028 1.005384922027588
1791.7234735592547 1.0047945976257324
1791.744307256342 1.0052129030227661
1791.765140952235 1.0046358108520508
1791.7859746470072 1.0047211647033691
1791.8068083406044 1.0047283172607422
1791.827642033099 1.0044012069702148
1791.8484757244366 1.0043467283248901
1791.8693094146884 1.0040072202682495
1791.8901431038005 1.003679871559143
1791.9109767918426 1.0041072368621826
1791.931810478762 1.0038758516311646
1791.9526441646267 1.0035055875778198
1791.9734778493842 1.0030055046081543
1791.9943115331016 1.0031849145889282
1792.015145215727 1.003027081489563
1792.0359788973258 1.0030070543289185
1792.0568125778407 1.002575397491455
1792.0776462573367 1.002402663230896
1792.098479935775 1.0022833347320557
1792.1193136132194 1.0015134811401367
1792.1401472896125 1.0016040802001953
1792.1609809650174 1.0019605159759521
1792.1818146393841 1.0013210773468018
1792.202648312774 1.0021872520446777
1792.2234819851378 1.0016677379608154
1792.2443156565357 1.0020850896835327
1792.2651493269188 1.0019474029541016
1792.2859829963468 1.0016679763793945
1792.3068166647708 1.001706838607788
1792.3276503322502 1.0014526844024658
1792.3484839987364 1.0016556978225708
1792.369317664287 1.0016119480133057
1792.390151328855 1.0013777017593384
1792.4109849924964 1.0015106201171875
1792.431818655165 1.001420497894287
1792.4526523169166 1.001422643661499
1792.473485977704 1.0009649991989136
1792.4943196375834 1.000814437866211
1792.5151532965074 1.0008411407470703
1792.5359869545314 1.0005958080291748
1792.5568206116093 1.0005396604537964
1792.577654267795 1.0006297826766968
1792.5984879230425 1.000796914100647
1792.6193215774058 1.0006721019744873
1792.640155230839 1.0006085634231567
1792.6609888833948 1.0001074075698853
1792.6818225350287 1.000511884689331
1792.7026561858024 0.9987545609474182
1792.7234898356414 1.0002946853637695
1792.7443234846373 0.9999954104423523
1792.7651571327053 1.0001431703567505
1792.7859907799368 1.0001229047775269
1792.8068244262474 0.9999797940254211
1792.8276580717281 1.0002391338348389
1792.8484917162946 1.0004539489746094
1792.8693253600372 1.0000157356262207
1792.890159002872 1.0000327825546265
1792.9109926448887 1.0000413656234741
1792.9318262860038 1.0006332397460938
1792.952659926307 0.9997913241386414
1792.9734935657145 1.0000423192977905
1792.9943272043154 1.000107765197754
1793.0151608420265 1.0002740621566772
1793.0359944789361 0.9999504089355469
1793.0568281149617 0.9998735189437866
1793.0776617501913 0.9996098875999451
1793.0984953845523 1.0001130104064941
1793.1193290181022 1.0001211166381836
1793.1401626507986 0.9999116659164429
1793.1609962826888 1.0
1793.1818299137208 0.9991793632507324
1793.202663543971 1.000052571296692
1793.2234971733683 0.9997855424880981
1793.2443308019685 1.000321865081787
1793.26516442973 0.9996911287307739
1793.2859980566989 0.9998769760131836
1793.3068316828242 0.999681293964386
1793.3276653081812 0.9994868636131287
1793.3484989326987 1.0000978708267212
1793.3693325564323 0.9995856881141663
1793.390166179341 1.000032663345337
1793.4109998014692 0.9997650980949402
1793.431833422777 0.9996451139450073
1793.4526670433086 0.9992924332618713
1793.4735006630235 0.9999063611030579
1793.494334281966 0.9994277954101562
1793.5151679000962 0.999522864818573
1793.5360015174574 0.9994927644729614
1793.5568351340103 0.999939501285553
1793.577668749798 0.9995715618133545
1793.5985023647809 0.9993565678596497
1793.6193359790022 0.9996496438980103
1793.6401695924221 0.9995934367179871
1793.661003205084 0.9998133778572083
1793.6818368169481 0.9988095760345459
1793.7026704280577 0.9992592334747314
1793.723504038373 0.9994651675224304
1793.7443376479466 0.9996190071105957
1793.7651712567097 0.9994715452194214
1793.7860048647337 0.9996707439422607
1793.8068384719707 0.9997009634971619
1793.8276720784722 0.9995599985122681
1793.8485056841696 0.999494731426239
1793.8693392891446 0.9996602535247803
1793.8901728933183 0.999283492565155
1793.9110064967722 0.9992528557777405
1793.9318400994284 0.9993194341659546
1793.9526737013678 0.9996436238288879
1793.9735073025122 0.9992322325706482
1793.9943409029427 0.9994255304336548
1794.0151745025807 0.9991648197174072
1794.0360081015074 0.9994642734527588
1794.056841699645 0.9997382164001465
1794.077675297074 0.9996204972267151
1794.0985088937264 0.9993333220481873
1794.1193424896526 0.9992823004722595
1794.140176084815 0.9995094537734985
1794.1610096792535 0.9996404051780701
1794.181843272921 0.9993422627449036
1794.2026768658873 0.9994811415672302
1794.223510458085 0.9992626905441284
1794.244344049564 0.9998013973236084
1794.2651776402868 0.999346137046814
1794.2860112302928 0.9990548491477966
1794.3068448195454 0.9996776580810547
1794.3276784080838 0.9993579387664795
1794.348511995871 0.9989869594573975
1794.3693455829462 0.9989596605300903
1794.3901791692724 0.9996981024742126
1794.4110127548886 0.999137282371521
1794.4318463397583 0.9991419911384583
1794.4526799239204 0.999302327632904
1794.4735135073383 0.9991932511329651
1794.4943470900605 0.9994462132453918
1794.5151806720205 0.999393105506897
1794.5360142532966 0.9994344711303711
1794.556847833813 0.9987895488739014
1794.577681413648 0.9992921352386475
1794.5985149927249 0.9990111589431763
1794.6193485711221 0.9990501403808594
1794.6401821487636 0.9990172982215881
1794.661015725727 0.999354362487793
1794.681849301937 0.9989233613014221
1794.7026828774713 0.99886155128479
1794.7235164522635 0.9990081191062927
1794.7443500263619 0.9990124106407166
1794.7651835997303 0.9993703961372375
1794.7860171724064 0.9991377592086792
1794.8068507443447 0.999334454536438
1794.8276843156125 0.9989607334136963
1794.8485178861442 0.9982801079750061
1794.8693514559873 0.999032735824585
1794.8901850251061 0.9990050792694092
1794.9110185935378 0.9989737868309021
1794.931852161247 0.9984139204025269
1794.9735192945743 0.9998044967651367
1794.994352860194 0.9993351101875305
1795.0151864250947 0.9997386336326599
1795.0360199893134 0.9995155334472656
1795.0568535528134 1.0000100135803223
1795.0776871156322 0.999950647354126
1795.0985206777366 0.999447762966156
1795.119354239173 0.9998177886009216
1795.1401877998755 0.999605655670166
1795.1610213599206 0.9998841881752014
1795.181854919233 0.9996978044509888
1795.20268847789 0.9993998408317566
1795.2235220358161 0.999518871307373
1795.244355593088 0.9995911717414856
1795.2651891496305 0.9994701743125916
1795.28602270552 0.9994599223136902
1795.306856260682 1.0000214576721191
1795.3276898151926 0.999968945980072
1795.348523368977 0.9998182654380798
1795.3693569221114 0.9994734525680542
1795.3901904745312 0.9999598860740662
1795.4110240262821 0.9997014999389648
1795.43185757733 1.0000460147857666
1795.4526911277105 0.9999748468399048
1795.4735246773896 1.0002676248550415
1795.4943582264025 1.0002174377441406
1795.5151917747153 1.0000296831130981
1795.5360253223632 1.0001198053359985
1795.5568588693122 1.0000109672546387
1795.577692415598 1.0002189874649048
1795.5985259611866 1.0002511739730835
1795.619359506123 1.00010347366333
1795.6401930503434 0.9999995827674866
1795.661026593923 1.0003025531768799
1795.6818601367877 1.0001808404922485
1795.702693679013 1.0000325441360474
1795.723527220525 1.0002946853637695
1795.7443607613989 0.9999906420707703
1795.7651943015605 1.0002739429473877
1795.7860278410851 1.0003191232681274
1795.8068613798991 1.000199556350708
1795.8276949180772 1.0004115104675293
1795.8485284555559 1.000661015510559
1795.86936199238 1.000425934791565
1795.890195528516 1.0003899335861206
1795.9110290639985 1.000619888305664
1795.931862598794 1.0005077123641968
1795.9526961329373 1.0003628730773926
1795.9735296663953 1.0008615255355835
1795.9943631992019 1.000700831413269
1796.0151967313243 1.0006059408187866
1796.0360302628064 1.0005278587341309
1796.0568637935855 1.000693440437317
1796.0776973237357 1.0010453462600708
1796.0985308531845 1.0007764101028442
1796.1193643820052 1.0006024837493896
1796.1401979101254 1.0007678270339966
1796.1610314376187 1.0011494159698486
1796.1818649644126 1.0008143186569214
1796.202698490581 1.0008862018585205
1796.2235320160514 1.0008348226547241
1796.2443655408972 1.000794768333435
1796.2651990650559 1.0010181665420532
1796.2860325885713 1.0011837482452393
1796.3068661114107 1.0008646249771118
1796.3276996336078 1.0009678602218628
1796.3485331551306 1.0007009506225586
1796.3693666760119 1.0010933876037598
1796.39020019622 1.0012011528015137
1796.4110337157874 1.000638723373413
1796.4318672346826 1.0011093616485596
1796.4527007529387 1.000732183456421
1796.473534270524 1.0009013414382935
1796.4943677874808 1.0009363889694214
1796.5152013037477 1.001007318496704
1796.5360348193976 1.0010051727294922
1796.5568683343583 1.001167893409729
1796.5777018487036 1.0009129047393799
1796.5985353623607 1.0010713338851929
1796.619368875403 1.0008987188339233
1796.6402023877688 1.000875473022461
1796.6610358995006 1.0013731718063354
1796.6818694105568 1.0008913278579712
1796.7027029210003 1.0006643533706665
1796.7235364307694 1.000908374786377
1796.7443699399066 1.0011016130447388
1796.7652034483808 1.0006755590438843
1796.7860369562238 1.000793218612671
1796.8068704634047 1.000913143157959
1796.827703969956 1.000465750694275
1796.8485374758466 1.0010361671447754
1796.869370981118 1.0010548830032349
1796.8902044857098 1.0005172491073608
1796.9110379896938 1.0011080503463745
1796.9318714929989 1.0008677244186401
1796.9527049956973 1.0008068084716797
1796.9735384977184 1.000765323638916
1796.9943719991336 1.000457763671875
1797.0152054998725 1.0007961988449097
1797.0360390000064 1.000741958618164
1797.056872499465 1.0002436637878418
1797.0777059983202 1.00041925907135
1797.0985394965112 1.0008459091186523
1797.1193729940794 1.000747561454773
1797.1402064909948 1.0004751682281494
1797.1610399872884 1.0005007982254028
1797.18187348293 1.0003505945205688
1797.2027069779513 1.0002665519714355
1797.2235404723217 1.000373363494873
1797.2443739660825 1.000463843345642
1797.265207459174 1.0002532005310059
1797.2860409516668 1.0001788139343262
1797.306874443491 0.9999194145202637
1797.327707934718 1.000320315361023
1797.3485414252777 1.0001246929168701
1797.369374915241 1.0002613067626953
1797.3902084045483 0.9996514320373535
1797.4110418932403 1.0001115798950195
1797.431875381287 1.0001338720321655
1797.4527088687198 1.0000852346420288
1797.4735423555087 0.9997617602348328
1797.4943758416846 1.0003201961517334
1797.515209327218 1.000016450881958
1797.5360428121492 0.9999567270278931
1797.5568762964187 0.999821126461029
1797.5777097800978 1.0003093481063843
1797.5985432631167 1.0000735521316528
1797.6193767455457 0.9999716877937317
1797.6402102273157 0.9997130036354065
1797.6610437084971 1.000065803527832
1797.6818771890205 0.999697208404541
1797.7027106689568 0.9996091723442078
1797.7235441482464 0.9995130896568298
1797.7443776269297 0.9999242424964905
1797.7652111049779 0.9998802542686462
1797.7860445824208 0.9998351335525513
1797.8068780592296 1.000004529953003
1797.8277115354344 0.9995902180671692
1797.8485450110068 0.9994012713432312
1797.8693784859863 0.9993095993995667
1797.8902119603147 0.9996758699417114
1797.9110454340612 0.9999204874038696
1797.9318789071576 0.999503493309021
1797.9527123796738 0.9998167157173157
1797.9735458515415 0.9996964931488037
1797.9943793228301 0.9996235370635986
1798.0152127934814 0.9998471140861511
1798.0360462635347 0.9996181726455688
1798.056879732962 0.9996170401573181
1798.077713201793 0.9995512962341309
1798.0985466699995 0.9995338916778564
1798.1193801376107 0.9992434978485107
1798.1402136045992 0.9993579387664795
1798.1610470710034 0.9995471239089966
1798.1818805367661 0.999636173248291
1798.2027140019463 0.9996733665466309
1798.2235474665067 0.999919056892395
1798.2443809304857 0.9996969103813171
1798.2652143938265 0.9997616410255432
1798.2860478565972 0.999911904335022
1798.3068813187308 0.9999991059303284
1798.3277147802964 0.9996470808982849
1798.3485482412366 0.9997184872627258
1798.3693817015899 0.9997726678848267
1798.3902151613297 0.9995551109313965
1798.4110486204838 0.9992519617080688
1798.4318820790259 0.9994529485702515
1798.4527155369842 0.9995482563972473
1798.473548994332 0.9995296001434326
1798.4943824511079 0.999453067779541
1798.515215907255 0.9995502233505249
1798.5360493628414 0.9997580647468567
1798.5568828178007 0.9994109869003296
1798.5777162722013 0.9994339346885681
1798.5985497259767 0.9991503357887268
1798.6193831791948 0.9989888072013855
1798.6402166317998 0.9990362524986267
1798.6610500838292 0.9991748929023743
1798.681883535257 0.999384880065918
1798.7027169861112 0.9992026090621948
1798.7235504363662 0.9997884035110474
1798.744383886059 0.9997351765632629
1798.7652173351346 0.9995644688606262
1798.78605078366 0.9992339015007019
1798.80688423157 0.9993484616279602
1798.8277176789318 0.9990063309669495
1798.8485511256806 0.9994761347770691
1798.869384571883 0.9993211627006531
1798.8902180174846 0.9992890954017639
1798.9110514625218 0.9988255500793457
1798.9318849069703 0.998860776424408
1798.9527183508567 0.999118447303772
1798.973551794157 0.9989337921142578
1798.994385236907 0.9990116953849792
1799.015218679053 0.9991694092750549
1799.0360521206612 0.99858158826828
1799.0568855616873 0.9991195797920227
1799.0777190021956 0.9995241165161133
1799.098552442086 0.9990447759628296
1799.1193858814254 0.998680830001831
1799.1402193201784 0.9985857009887695
1799.1610527583805 0.9991300702095032
1799.181886196009 0.9984006881713867
1799.223553069599 1.0002893209457397
1799.2443865055627 0.9997918605804443
1799.2652199409588 0.9997599720954895
1799.2860533758217 0.9996506571769714
1799.3068868100995 0.9998115301132202
1799.3277202438574 0.9996669888496399
1799.3485536770336 0.9994988441467285
1799.3693871096923 0.9997802376747131
1799.3902205417726 0.9995263814926147
1799.4110539733385 1.0003184080123901
1799.431887404339 0.9997297525405884
1799.4527208348084 0.9999799132347107
1799.4735542647263 1.0000925064086914
1799.4943876941159 1.0002683401107788
1799.5152211229574 0.9996899366378784
1799.5360545512742 0.9996216297149658
1799.5568879790467 1.0002106428146362
1799.5777214063078 1.0001187324523926
1799.5985548330088 1.0002434253692627
1799.619388259212 0.9998595118522644
1799.6402216848687 0.9998546838760376
1799.6610551100116 0.9999106526374817
1799.6818885346222 1.0003094673156738
1799.7027219587228 1.000299334526062
1799.723555382296 1.0001505613327026
1799.7443888053629 0.9998997449874878
1799.7652222279069 0.9998729825019836
1799.786055649959 1.000024437904358
1799.8068890714728 0.9998875260353088
1799.8277224925096 1.0000091791152954
1799.848555913013 0.9995521903038025
1799.8693893330435 0.9998014569282532
1799.8902227525462 0.9999228715896606
1799.9110561715809 1.000083088874817
1799.931889590103 0.9999822378158569
1799.9527230081424 0.999944269657135
1799.973556425685 1.000191569328308
1799.9943898427503 1.0001442432403564
1800.0152232593248 1.0000905990600586
1800.0360566754368 0.9998762607574463
1800.0568900910448 1.0002031326293945
1800.0777235062067 1.0001001358032227
1800.0985569208706 1.0000581741333008
1800.1193903350943 1.0000159740447998
1800.1402237488373 1.0002416372299194
1800.1610571621266 1.0000927448272705
1800.1818905749521 1.0000290870666504
1800.202723987331 1.0002007484436035
1800.2235573992539 0.9999917149543762
1800.2443908107368 0.999879002571106
1800.265224221772 1.0001705884933472
1800.2860576323849 1.0000218152999878
1800.3068910425384 0.9999821782112122
1800.3277244522874 1.0001704692840576
1800.3485578615862 1.0003052949905396
1800.369391270489 1.0001636743545532
1800.3902246789605 1.0000295639038086
1800.411058087025 0.9996594786643982
1800.4318914946782 0.9999171495437622
1800.4527249019336 1.0000280141830444
1800.4735583087888 1.0002814531326294
1800.4943917152657 1.0002731084823608
1800.5152251213335 1.00009286403656
1800.5360585270432 1.0001243352890015
1800.5568919323562 1.0001029968261719
1800.5777253373221 1.0000799894332886
1800.5985587419136 1.0000531673431396
1800.61939214615 1.0001744031906128
1800.6402255500352 1.0002121925354004
1800.6610589535774 0.9998511672019958
1800.6818923567832 1.0002658367156982
1800.7027257596594 1.0000431537628174
1800.723559162214 1.0001194477081299
1800.7443925644632 1.0004719495773315
1800.765225966387 0.999964714050293
1800.7860593680302 1.000119924545288
1800.8068927693655 1.0002583265304565
1800.8277261704363 0.9996759295463562
1800.848559571228 1.000584363937378
1800.8693929717517 1.0002282857894897
1800.890226372026 1.0000635385513306
1800.911059772051 1.0003993511199951
1800.931893171848 1.000081181526184
1800.9527265714253 0.9998468160629272
1800.9735599707772 0.9999409317970276
1800.9943933699406 1.0000027418136597
1801.015226768903 0.9999670386314392
1801.0360601676991 1.0002596378326416
1801.0568935663312 0.9998601675033569
1801.0777269648015 1.0003539323806763
1801.098560363146 1.0002247095108032
1801.1193937613548 1.000298261642456
1801.1402271594684 1.0003303289413452
1801.1610605574847 1.0002669095993042
1801.1818939554194 0.9999939799308777
1801.2027273532974 1.0002192258834839
1801.2235607511295 1.000076413154602
1801.2443941489385 1.0001153945922852
1801.2652275467506 1.0002942085266113
1801.286060944555 0.99972003698349
1801.3068943424153 1.0002245903015137
1801.3277277403074 0.9999006390571594
1801.3485611383014 1.000103235244751
1801.36939453638 0.999849259853363
1801.3902279345907 1.0002814531326294
1801.4110613329424 1.0000137090682983
1801.4318947314816 1.000038504600525
1801.4527281302128 1.0000046491622925
1801.4735615292016 1.0002316236495972
1801.494394928418 1.0003083944320679
1801.515228327968 0.9998605251312256
1801.536061727807 1.0003104209899902
1801.5568951280525 1.0000439882278442
1801.5777285286538 0.9997701644897461
1801.5985619297417 0.9999953508377075
1801.6193953312693 0.9994292259216309
1801.640228733352 0.9998569488525391
1801.6610621359655 0.9998417496681213
1801.6818955392419 0.9999293088912964
1801.7027289431194 0.9999959468841553
1801.7235623477773 1.0001648664474487
1801.7443957531361 0.9998018145561218
1801.765229159395 1.0001801252365112
1801.7860625664748 0.9998773336410522
1801.8068959745676 0.999640166759491
1801.8277293836138 1.0000152587890625
1801.8485627938198 0.9999085664749146
1801.8693962051152 1.0002527236938477
1801.8902296177434 1.0007168054580688
1801.9110630315918 0.9998465776443481
1801.9318964469644 0.9998422861099243
1801.952729863724 1.0000358819961548
1801.9735632822083 0.9996545910835266
1801.9943967022748 0.9997795820236206
1802.0152301242667 0.9988306164741516
1802.036063548055 1.0000320672988892
1802.0568969740173 0.99952632188797
1802.0777304020048 1.0003228187561035
1802.09856383243 0.9997112154960632
1802.1193972650947 0.9993399977684021
1802.1402307004967 1.0000685453414917
1802.1610641384154 1.0002838373184204
1802.1818975793533 0.9994284510612488
1802.2027310230958 1.0000317096710205
1802.2235644701773 0.999632716178894
1802.2443979203301 0.999605655670166
1802.2652313741398 0.9999683499336243
1802.2860648313047 0.9996734857559204
1802.3068982924133 0.999859631061554
1802.327731757142 0.9994425177574158
1802.348565226054 1.0003361701965332
1802.3693986988176 1.0001769065856934
1802.3902321759035 1.0004879236221313
1802.4110656569972 0.9998708963394165
1802.431899142451 1.0000267028808594
1803.4735734503042 1.0007959604263306
1803.4944068763862 1.000858187675476
1803.5152403001277 1.0006496906280518
1803.5360737217277 1.0006593465805054
1803.5569071410837 1.0003808736801147
1803.5777405583583 1.0005770921707153
1803.5985739734795 1.0006177425384521
1803.619407386604 1.0005289316177368
1803.6402407976316 1.0006840229034424
1803.6610742067426 1.000522255897522
1803.6819076138277 1.0001336336135864
1803.7027410190624 1.0001263618469238
1803.7235744223476 1.00066339969635
1803.744407823824 1.0003374814987183
1803.7652412234236 1.000268816947937
1803.7860746212812 1.000699520111084
1803.8069080173007 1.0005322694778442
1803.8277414116426 1.0002951622009277
1803.8485748042106 1.0006296634674072
1803.8694081951314 1.0004091262817383
1803.8902415843395 1.000510573387146
1803.9110749719473 1.0003068447113037
1803.9319083578905 1.0006284713745117
1803.952741742278 1.0004202127456665
1803.9735751250455 1.0009528398513794
1803.9944085063084 1.0004523992538452
1804.0152418859736 1.000566005706787
1804.0360752641832 1.0002528429031372
1804.0569086408445 1.0001329183578491
1804.0777420160668 1.0003046989440918
1804.098575389788 1.000631332397461
1804.1194087621143 1.000415563583374
1804.1402421329547 1.0002080202102661
1804.1610755024421 1.000504970550537
1804.1819088704765 1.0007506608963013
1804.2027422371887 1.0001667737960815
1804.2235756024886 1.000544548034668
1804.244408966475 0.9999849200248718
1804.265242329088 1.0005162954330444
1804.286075690425 1.000295877456665
1804.3069090503964 1.0000344514846802
1804.3277424091266 1.0001972913742065
1804.3485757665273 1.000287652015686
1804.3694091226912 1.000185489654541
1804.3902424775602 1.000244140625
1804.4110758312152 0.9999186396598816
1804.4319091835987 0.9998651742935181
1804.4527425347997 1.0006451606750488
1804.4735758847312 0.9992396235466003
1804.4944092335106 0.9987491965293884
1804.5152425810415 0.9997705221176147
1804.53607592744 0.9994951486587524
1804.55690927262 0.9991604089736938
1804.5777426166658 0.9990735650062561
1804.598575959522 0.9994388222694397
1804.6194093012712 0.9996967315673828
1804.6402426418288 0.999592125415802
1804.6610759813063 0.9991888403892517
1804.6819093196098 0.9997245073318481
1804.7027426568484 1.0000723600387573
1804.7235759929392 0.9989286065101624
1804.7444093279607 0.9992587566375732
1804.7652426618595 0.999420702457428
1804.7860759947134 0.9989486336708069
1804.8069093264398 0.9992066025733948
1804.8277426571449 0.9988937973976135
1804.8485759867465 0.9997514486312866
1804.86940931532 0.9988381266593933
1804.8902426428133 0.9992374181747437
1804.911075969291 0.9990349411964417
1804.9319092947019 0.9988735914230347
1804.9527426191187 0.9986028671264648
1804.9735759424614 0.9992168545722961
1804.9944092648313 0.9989627599716187
1805.0152425861386 0.9988878965377808
1805.0360759064845 0.99922114610672
1805.0569092257892 0.9992864727973938
1805.077742544133 0.9990500807762146
1805.0985758614363 0.9988535046577454
1805.1194091777986 0.9987328052520752
1805.1402424931307 0.9986833930015564
1805.161075807532 0.9986951351165771
1805.1819091209231 0.9991928339004517
1805.2027424333724 0.9989607930183411
1805.2235757448314 0.9993841052055359
1805.2444090553672 0.999163806438446
1805.2652423649017 0.9994489550590515
1805.286075673532 0.9989665746688843
1805.3069089811802 0.9994751811027527
1805.3277422879119 0.9991441369056702
1805.3485755936802 0.9994316101074219
1805.3694088985499 0.9992692470550537
1805.3902422024441 0.9989582300186157
1805.4110755054578 0.9987759590148926
1805.4319088075042 0.9988855123519897
1805.452742108677 0.99925696849823
1805.4735754089004 0.9991706609725952
1805.494408708237 0.999015748500824
1805.5152420066413 0.9992652535438538
1805.5360753041762 0.9998657703399658
1805.556908600766 0.9996742010116577
1805.5777418965026 0.9994940757751465
1805.598575191311 0.9993069171905518
1805.619408485253 0.9991539716720581
1805.6402417782829 0.9994361400604248
1805.6610750704524 0.9994133710861206
1805.681908361717 0.9991156458854675
1805.7027416521366 0.9986990094184875
1805.7235749416375 0.9990001916885376
1805.7444082303095 0.9989098310470581
1805.7652415180783 0.9986306428909302
1805.7860748050039 0.9994885325431824
1805.8069080910423 0.9994248151779175
1805.8277413762528 0.9995428323745728
1805.8485746605618 0.9994726777076721
1805.8694079440577 0.9996545314788818
1805.8902412266577 0.9989997148513794
1805.91107450845 0.9997773766517639
1805.9319077893615 0.9990863800048828
1805.95274106945 0.9989742040634155
1805.9735743486729 0.9995102286338806
1805.9944076270874 0.9995888471603394
1806.0152409046214 0.9998141527175903
1806.0360741813615 0.9996321201324463
1806.0569074572416 0.9995979070663452
1806.0777407323171 0.9995386004447937
1806.0985740065364 0.9996750950813293
1806.1194072799558 0.999988853931427
1806.1402405525084 0.99997878074646
1806.1610738242805 0.9995211958885193
1806.1819070951904 0.9993380904197693
1806.2027403653235 0.9998298287391663
1806.2235736346088 0.9996024370193481
1806.2444069031012 0.9998244643211365
1806.2652401707599 0.9999112486839294
1806.2860734376395 0.9998310208320618
1806.3069067036695 0.9999174475669861
1806.3277399689346 0.9999237656593323
1806.3485732333636 0.9996248483657837
1806.3694064970111 0.9998467564582825
1806.3902397598363 0.9999843239784241
1806.4110730218938 0.9997650980949402
1806.431906283113 0.9998422861099243
1806.4527395435778 0.9993153214454651
1806.4735728032076 0.9997098445892334
1806.4944060620865 0.9992863535881042
1806.5152393201438 0.9997048377990723
1806.5360725774335 0.9997161626815796
1806.5569058339156 0.9998530745506287
1806.5777390896428 0.9992226362228394
1806.5985723445456 0.9997217655181885
1806.6194055987066 0.999646008014679
1806.6402388520567 0.9999709725379944
1806.661072104648 0.9995237588882446
1806.6819053564413 0.9993581771850586
1806.7027386074892 0.9998698830604553
1806.7235718577222 0.9998281002044678
1806.744405107222 0.9996035695075989
1806.7652383559202 1.0000971555709839
1806.7860716038685 0.9993847608566284
1806.806904851028 0.9997270107269287
1806.82773809745 0.999614417552948
1806.8485713430664 0.9995906352996826
1806.8694045879577 1.0000112056732178
1806.890237832046 0.9993941783905029
1806.9110710754123 1.0001671314239502
1806.9319043179885 0.999489963054657
1806.9527375598348 0.9997234344482422
1806.9735708008836 0.9998594522476196
1806.9944040412154 0.9996395707130432
1807.015237280752 0.9997047185897827
1807.0360705195742 0.9995054602622986
1807.056903757614 0.9996216297149658
1807.0777369949215 1.0000842809677124
1807.0985702314592 1.0000581741333008
1807.1194034672767 0.9998533725738525
1807.140236702307 0.9995932579040527
1807.1610699366295 1.0001790523529053
1807.181903170177 0.9999499917030334
1807.2027364029993 0.9993305206298828
1807.2235696350588 0.9992380142211914
1807.2444028664047 0.9999508857727051
1807.2652360969707 0.9993524551391602
1807.2860693268353 0.9997678399085999
1807.306902555932 0.9995932579040527
1807.3277357843097 0.9996260404586792
1807.3485690119314 0.9995027184486389
1807.369402238836 0.999685525894165
1807.3902354649872 0.999634861946106
1807.4110686904332 0.9997038841247559
1807.4319019151178 0.9991710186004639
1807.4527351390893 0.9991354942321777
1807.4735683623114 0.999235212802887
1807.4944015848223 0.9990873336791992
1807.5152348065858 0.9992595911026001
1807.5360680276501 0.999306857585907
1807.556901247949 0.999039351940155
1807.5777344675605 0.9991230964660645
1807.5985676864188 1.000032663345337
1807.6194009045712 0.9996157884597778
1807.6402341219823 0.9998120665550232
1807.6610673386997 0.9999603033065796
1807.6819005546574 0.9996877908706665
1807.702733769933 0.9996242523193359
1807.723566984461 0.999244213104248
1807.7444001982888 0.9989758729934692
1807.7652334113804 0.9992687106132507
1807.7860666237839 0.999603271484375
1807.806899835433 0.9993857741355896
1807.8277330464052 0.9994982481002808
1807.8485662566352 0.9996693134307861
1807.8693994661696 0.9990552067756653
1807.8902326749737 0.9996013641357422
1807.9110658830941 0.9996625781059265
1807.9318990904655 0.9997913241386414
1807.9527322971649 0.9993406534194946
1807.9735655031272 0.9995925426483154
1808.0152319129447 0.9997444152832031
1808.0360651168019 0.9998170733451843
1808.056898319935 0.9996457695960999
1808.0777315223909 0.9995182156562805
1808.0985647241143 0.9998354315757751
1808.1193979251514 0.9999223351478577
1808.1402311254683 0.9999768137931824
1808.1610643251004 1.0002243518829346
1808.1818975240133 0.9996181726455688
1808.2027307222531 0.9999300241470337
1808.2235639197554 0.999692976474762
1808.2443971165956 0.9991666078567505
1808.2652303127102 1.000065803527832
1808.286063508144 1.0001336336135864
1808.3068967028637 1.0000314712524414
1808.3277298969142 1.000061273574829
1808.3485630902417 1.0001399517059326
1808.369396282891 1.0001174211502075
1808.3902294748293 1.0000814199447632
1808.4110626661013 1.0000149011611938
1808.431895856643 1.0002036094665527
1808.4527290465296 1.000164270401001
1808.4735622356973 1.0001040697097778
1808.4943954241915 1.000565528869629
1808.5152286119785 1.0003585815429688
1808.536061799093 0.9995102286338806
1808.5568949855015 1.0000826120376587
1808.5777281712487 0.9999992847442627
1808.5985613562716 1.000270962715149
1808.6193945406442 1.000490665435791
1808.6402277243037 1.0002859830856323
1808.6610609073048 1.000264286994934
1808.6818940895837 1.0002672672271729
1808.7027272712155 1.0003347396850586
1808.7235604521263 1.0000455379486084
1808.7443936323912 1.0002647638320923
1808.7652268119466 0.9999589920043945
1808.7860599908472 1.0004583597183228
1808.8068931690298 0.9999954700469971
1808.8277263465684 1.0000230073928833
1808.8485595233901 1.0002808570861816
1808.8693926995695 1.0001589059829712
1808.8902258750434 0.9999871253967285
1808.911059049866 1.0001705884933472
1808.9318922239743 1.000022292137146
1808.9527253974422 0.9998709559440613
1808.973558570207 1.0002270936965942
1808.9943917423127 0.999986469745636
1809.0152249137268 1.0000640153884888
1809.0360580844929 0.9998505115509033
1809.0568912545484 0.9996508359909058
1809.077724423967 0.9993380308151245
1809.0985575926863 0.9995099306106567
1809.1193907607499 0.9994164705276489
1809.1402239281254 0.9988333582878113
1809.1610570948562 1.0005180835723877
1809.1818902608802 1.0001208782196045
1809.2027234262705 0.9991651177406311
1809.223556590955 0.9992542862892151
1809.2443897550072 0.9999569654464722
1809.2652229183648 0.9997537732124329
1809.2860560810811 1.000106930732727
1809.306889243094 1.0002714395523071
1809.3277224044768 0.9998692274093628
1809.3485555651569 0.9995525479316711
1809.3693887252082 0.9993449449539185
1809.3902218845683 1.000017762184143
1809.4110550432904 1.0000370740890503
1809.4318882013126 0.9998576641082764
1809.4527213587078 0.9994684457778931
1809.4735545154037 0.9997155666351318
1809.4943876714742 0.9997079968452454
1809.5152208268569 1.0002506971359253
1809.5360539816047 0.9990487694740295
1809.556887135656 0.9997720122337341
1809.5777202890836 0.99969881772995
1809.5985534418155 0.9994726777076721
1809.6193865939247 0.9995343685150146
1809.64021974535 0.9995271563529968
1809.6610528961432 0.9998588562011719
1809.6818860462436 1.0000852346420288
1809.702719195723 0.9999814033508301
1809.7235523445204 1.0001972913742065
1809.7443854926782 0.9991406798362732
1809.7652186401654 0.9995924830436707
1809.7860517870238 0.9996572732925415
1809.8068849331926 0.9998594522476196
1809.8277180787438 0.9998394250869751
1809.8485512236161 0.9999381303787231
1809.8693843678523 1.0000977516174316
1809.8902175114208 0.9997636079788208
1809.911050654364 1.0002272129058838
1809.931883796631 0.9994135499000549
1809.9527169382632 0.9993630051612854
1809.9735500792303 0.9994688630104065
1809.994383219574 0.9998294711112976
1810.0152163592338 0.999913215637207
1810.0360494982813 0.9997542500495911
1810.0568826366557 0.9992563128471375
1810.077715774399 0.9995818138122559
1810.09854891148 1.0001829862594604
1810.1193820479411 1.0000324249267578
1810.1402151837217 1.0002188682556152
1810.161048318893 1.00001060962677
1810.181881453395 1.0001260042190552
1810.2027145872687 0.9996302723884583
1810.2235477204838 1.0000804662704468
1810.2443808530822 1.0003862380981445
1810.2652139850034 1.000611424446106
1810.2860471163185 1.0003913640975952
1810.3068802469677 1.0007139444351196
1810.3277133769916 1.0000783205032349
1810.348546506361 1.0003541707992554
1810.3693796351165 1.0003448724746704
1810.3902127631984 1.000300407409668
1810.4110458906775 1.0010234117507935
1810.4318790174943 1.000699520111084
1810.452712143689 1.000705599784851
1810.4735452692328 1.0006141662597656
1810.494378394166 1.0006769895553589
1810.5152115184392 1.0005549192428589
1810.5360446420927 1.000932216644287
1810.5568777650976 1.0013761520385742
1810.577710887494 1.0014270544052124
1810.598544009223 1.001076102256775
1810.6193771303547 1.0008922815322876
1810.6402102508303 1.0012319087982178
1810.6610433706896 1.0012474060058594
1810.681876489904 1.001299500465393
1810.702709608513 1.001144528388977
1810.7235427264586 1.0011115074157715
1810.7443758438105 1.0010015964508057
1810.7652089605099 1.0011731386184692
1810.7860420765967 1.0017694234848022
1810.8068751920423 1.0011545419692993
1810.8277083068863 1.0014153718948364
1810.8485414210706 1.0017330646514893
1810.8693745346648 1.0013571977615356
1810.8902076476104 1.0011579990386963
1810.9110407599571 1.0012390613555908
1810.9318738716468 1.0009880065917969
1810.9527069827484 1.0010015964508057
1810.9735400931945 1.001336693763733
1810.9943732030542 1.001230239868164
1811.0152063122696 1.0013452768325806
1811.03603942089 1.0007507801055908
1811.056872528857 1.001418948173523
1811.0777056362401 1.0009207725524902
1811.098538742982 1.0008386373519897
1811.1193718491215 1.0014560222625732
1811.140204954631 1.001209020614624
1811.1610380595491 1.0009441375732422
1811.1818711638186 1.0007579326629639
1811.2027042675084 1.0011028051376343
1811.2235373705614 1.00111985206604
1811.244370473016 1.001009464263916
1811.265203574845 1.0010154247283936
1811.2860366760872 1.0009866952896118
1811.3068697766855 1.0011775493621826
1811.3277028767081 1.000916838645935
1811.3485359760987 1.0011054277420044
1811.3693690749053 1.0010429620742798
1811.3902021730714 1.0008646249771118
1811.411035270665 1.000610589981079
1811.4318683676295 1.0012781620025635
1811.4527014640032 1.0007165670394897
1811.4735345597596 1.0013048648834229
1811.4943676549372 1.0010424852371216
1811.515200749479 1.000923752784729
1811.5360338434532 1.0005372762680054
1811.5568669368038 1.0010625123977661
1811.5777000295782 1.000838279724121
1811.5985331217212 1.0007445812225342
1811.6193662132998 1.001171350479126
1811.6401993042584 1.0008022785186768
1811.6610323946347 1.0007479190826416
1811.6818654844028 1.0008774995803833
1811.7026985736004 1.0007623434066772
1811.7235316621723 1.0007485151290894
1811.744364750185 0.9998130798339844
1811.765197837584 1.0003732442855835
1811.786030924416 0.9999986886978149
1811.8068640106262 1.0004256963729858
1811.8276970962816 1.0001490116119385
1811.8485301813173 1.000787615776062
1811.8693632657998 1.0001428127288818
1811.8901963496753 1.000463604927063
1811.9110294329898 1.0000308752059937
1811.931862515689 1.0004335641860962
1811.95269559784 1.0002391338348389
1811.9735286793878 1.0004342794418335
1811.9943617603694 1.0006217956542969
1812.0151948407606 1.0003705024719238
1812.0360279205975 1.000471830368042
1812.0568609998265 1.000442624092102
1812.0776940785138 1.0005924701690674
1812.098527156606 1.0004823207855225
1812.1193602341489 1.0003877878189087
1812.1401933110892 1.0008008480072021
1812.1610263874923 1.000540852546692
1812.1818594633057 1.0001877546310425
1812.202692538565 1.0001749992370605
1812.2235256132476 1.0005656480789185
1812.2443586873883 1.0007317066192627
1812.2651917609355 0.9998229742050171
1812.2860248339534 1.0005161762237549
1812.3068579063906 1.0006258487701416
1812.327690978282 1.0001883506774902
1812.3485240496059 1.000232458114624
1812.3693571203967 0.9999814033508301
1812.3901901906136 1.000203251838684
1812.4110232602902 0.9999266266822815
1812.4318563294062 1.0005030632019043
1812.4526893979955 1.000243902206421
1812.4735224660078 1.0001221895217896
1812.5151886004423 0.9997496008872986
1812.5360216668578 0.9999765157699585
1812.5568547327039 0.9998555779457092
1812.5776877980438 0.999521791934967
1812.5985208628185 0.999488353729248
1812.6193539270905 0.9996265172958374
1812.6401869908116 1.000625491142273
1812.661020054024 1.000569462776184
1812.6818531166796 1.0006401538848877
1812.7026861788406 1.0007190704345703
1812.7235192404598 1.0006515979766846
1812.7443523015688 1.0007495880126953
1812.7651853621508 1.0005121231079102
1812.7860184222368 1.0002790689468384
1812.8068514817805 1.0004793405532837
1812.8276845408432 1.0000605583190918
1812.8485175993794 0.9996859431266785
1812.869350657429 0.999575674533844
1812.8901837149479 1.0001784563064575
1812.9110167719953 1.0002425909042358
1812.9318498285274 0.9999311566352844
1812.9526828845737 0.999744176864624
1812.973515940121 0.9997668266296387
1812.994348995198 1.0001872777938843
1813.0151820497724 1.0000473260879517
1813.0360151038722 1.0001341104507446
1813.0568481574862 1.0000287294387817
1813.0776812106424 1.0004781484603882
1813.0985142632996 1.0000237226486206
1813.1193473155154 0.9998846054077148
1813.14018036725 1.000318169593811
1813.1610134185296 0.99992835521698
1813.181846469346 0.9999103546142578
1813.2026795197253 1.0005009174346924
1813.2235125696395 1.0002132654190063
1813.244345619114 1.0003492832183838
1813.2651786681424 1.0003570318222046
1813.286011716749 1.0004959106445312
1813.306844764899 1.0003429651260376
1813.3276778126462 0.9994028806686401
1813.3485108599564 0.999794065952301
1813.369343906863 0.9994120001792908
1813.3901769533327 0.9996984004974365
1813.4110099994184 0.9997020363807678
1813.431843045089 0.9991506338119507
1813.4526760903655 1.000095009803772
1813.4735091352486 0.9999520778656006
1813.4943421797586 0.999778687953949
1813.5151752238778 0.9997740983963013
1813.5360082676254 1.0000293254852295
1813.5568413110057 0.9996059536933899
1813.5776743540368 0.9993064999580383
1813.5985073966947 0.9996962547302246
1813.619340439027 0.9997193217277527
1813.640173481011 0.9997154474258423
1813.6610065226632 0.9991728067398071
1813.681839563994 0.9998672604560852
1813.7026726050178 0.9995701909065247
1813.7235056457275 0.9998095035552979
1813.7443386861369 0.9997124075889587
1813.7651717262604 0.9999260306358337
1813.7860047661106 0.9999977946281433
1813.8068378056757 0.9998785853385925
1813.8276708449962 1.0002355575561523
1813.848503884063 0.9999722838401794
1813.8693369228952 1.0000940561294556
1813.8901699614867 0.9996869564056396
1813.911002999875 0.9992102384567261
1813.9318360380485 1.000022530555725
1813.9526690760422 0.9995376467704773
1813.9735021138576 0.9996732473373413
1813.9943351515087 0.9999600052833557
1814.0151681890013 1.000449776649475
1814.0360012263661 0.9999148845672607
1814.0568342636147 1.0002392530441284
1814.0776673007456 0.9997082352638245
1814.0985003378048 0.9995137453079224
1814.1193333747883 0.9995813369750977
1814.1401664117282 0.9992040395736694
1814.160999448617 0.9998413324356079
1814.181832485514 1.0003443956375122
1814.2026655224086 1.0013691186904907
1814.223498559346 1.001400113105774
1814.2443315963128 1.0013659000396729
1814.2651646333823 1.0012463331222534
1814.2859976705372 1.0006376504898071
1814.306830707829 1.0010677576065063
1814.327663745267 1.001092791557312
1814.348496782912 1.00135338306427
1814.3693298207384 1.0009881258010864
1814.3901628588483 1.00135338306427
1814.4109958972108 1.0010583400726318
1814.4318289359203 1.0009825229644775
1814.4526619749404 1.001052975654602
1814.4734950143988 1.0006433725357056
1814.494328054253 1.000839114189148
1814.5151610946157 1.0012456178665161
1814.5359941354682 1.0011967420578003
1814.5568271769407 1.0003626346588135
1814.5776602189858 1.001001238822937
1814.5984932617537 1.0009444952011108
1814.6193263052082 1.0011144876480103
1814.6401593495218 1.0008094310760498
1814.6609923946294 1.001284122467041
1814.6818254407276 1.0010781288146973
1814.7026584877606 1.0008594989776611
1814.7234915359536 1.000468134880066
1814.7443245852187 1.0007256269454956
1814.7651576358132 1.0008918046951294
1814.7859906876556 1.0009422302246094
1814.80682374104 1.0008063316345215
1814.8276567958387 1.0009876489639282
1814.8484898524173 1.0005056858062744
1814.8693229106307 1.0014245510101318
1814.8901559708597 1.0013235807418823
1814.9109890329703 1.0010052919387817
1814.9318220973942 1.0013864040374756
1814.9526551639547 1.0009530782699585
1814.9734882331386 1.0006948709487915
1814.9943213047652 1.0013504028320312
1815.0151543793781 1.0013641119003296