1790.6826867669913 1.0346136093139648
1790.7035205871803 1.0351500511169434
1790.7243544046266 1.0345571041107178
1790.745188219526 1.0343762636184692
1790.7660220317732 1.0350691080093384
1790.786855841577 1.034379005432129
1790.8076896488046 1.0349868535995483
1790.8285234536686 1.0340023040771484
1790.8493572560376 1.0335429906845093
1790.870191056118 1.0315055847167969
1790.8910248537811 1.031458854675293
1790.9118586492273 1.0307092666625977
1790.9326924423287 1.0321100950241089
1790.9535262332804 1.0297868251800537
1790.974360021956 1.0290614366531372
1790.9951938085455 1.028931736946106
1791.0160275929238 1.0291097164154053
1791.036861375276 1.0297144651412964
1791.0576951554779 1.0291025638580322
1791.0785289337098 1.028602957725525
1791.0993627098487 1.0287083387374878
1791.3910353781139 1.035534381866455
1791.4118691268716 1.035856008529663
1791.432702873892 1.0363905429840088
1791.4535366193243 1.035692811012268
1791.4743703630531 1.0366328954696655
1791.4952041052254 1.036482810974121
1791.5160378457267 1.036116600036621
1791.5368715847017 1.036318063735962
1791.5577053220359 1.0358613729476929
1791.578539057872 1.0359253883361816
1791.5993727920963 1.0358715057373047
1791.620206524849 1.0343080759048462
1791.6410402560182 1.034894585609436
1791.661873985741 1.0331746339797974
1791.6827077139062 1.034228801727295
1791.7035414406496 1.0338231325149536
1791.7243751658602 1.0327337980270386
1791.7452088896716 1.0331816673278809
1791.766042611974 1.032575011253357
1791.7868763328993 1.0325827598571777
1791.8077100523378 1.0320584774017334
1791.8285437704205 1.0314871072769165
1791.8493774870376 1.0319477319717407
1791.8702112023184 1.0309760570526123
1791.8910449161547 1.0305017232894897
1791.9118786286733 1.0303281545639038
1791.9327123397668 1.0306824445724487
1791.953546049561 1.0294026136398315
1791.9743797579486 1.0292824506759644
1791.995213465054 1.028679609298706
1792.0160471707707 1.028456211090088
1792.0368808752216 1.0277820825576782
1792.0577145783027 1.0271110534667969
1792.0785482801352 1.0262341499328613
1792.099381980611 1.0253734588623047
1792.1202156798502 1.024284839630127
1792.14104937775 1.0237478017807007
1792.1618830744294 1.0240753889083862
1792.1827167697838 1.0245192050933838
1792.2035504639318 1.0234065055847168
1792.2243841567793 1.023073673248291
1792.2452178484132 1.0240907669067383
1792.2660515387606 1.0231633186340332
1792.2868852279275 1.0229984521865845
1792.307718915821 1.0226550102233887
1792.3285526025259 1.0222755670547485
1792.34938628798 1.0216912031173706
1792.3702199722572 1.0211708545684814
1792.391053655296 1.0209428071975708
1792.4118873371694 1.0208643674850464
1792.4327210178158 1.020650029182434
1792.4535546973075 1.020082950592041
1792.4743883755837 1.0196446180343628
1792.4952220527155 1.0197147130966187
1792.5160557286424 1.0192880630493164
1792.5368894034355 1.018978476524353
1792.557723077034 1.018546223640442
1792.5785567495082 1.0184630155563354
1792.5993904207978 1.0183937549591064
1792.6202240909722 1.017818808555603
1792.6410577599722 1.017233967781067
1792.6618914278658 1.0170141458511353
1792.6827250945942 1.0167142152786255
1792.7035587602252 1.0134127140045166
1792.7243924246995 1.0159201622009277
1792.7452260880848 1.0156126022338867
1792.7660597503223 1.0146995782852173
1792.786893411479 1.0146498680114746
1792.8077270714962 1.0143721103668213
1792.8285607304404 1.0139968395233154
1792.8493943882531 1.0144927501678467
1792.870228045 1.013126254081726
1792.8910617006238 1.0130507946014404
1792.9118953551892 1.0130337476730347
1792.9327290086387 1.0131133794784546
1792.9535626610368 1.0120301246643066
1792.9743963123265 1.0126802921295166
1792.9952299625713 1.0123231410980225
1793.016063611715 1.0119174718856812
1793.0368972598208 1.0116163492202759
1793.057730906832 1.0114023685455322
1793.0785645528115 1.0112522840499878
1793.0993981977033 1.0109440088272095
1793.1202318415694 1.011111855506897
1793.1410654843542 1.011344313621521
1793.1618991261194 1.0109578371047974
1793.1827327668097 1.0105124711990356
1793.203566406496 1.0105469226837158
1793.2244000450937 1.0110098123550415
1793.2452336827027 1.0110416412353516
1793.2660673192288 1.0096975564956665
1793.2869009547724 1.01033353805542
1793.3077345892384 1.0100409984588623
1793.328568222727 1.0092828273773193
1793.349401855144 1.0103081464767456
1793.3702354865882 1.0093950033187866
1793.391069116966 1.0093224048614502
1793.4119027463767 1.0096254348754883
1793.432736374726 1.0091197490692139
1793.4535700021129 1.0085304975509644
1793.4744036284435 1.0084494352340698
1793.4952372538164 1.008124589920044
1793.5160708781377 1.0078332424163818
1793.5369045015061 1.0080714225769043
1793.557738123828 1.0069961547851562
1793.578571745201 1.0068724155426025
1793.5994053655322 1.0063328742980957
1793.620238984919 1.0070189237594604
1793.6410726032684 1.0059220790863037
1793.6619062206776 1.0051168203353882
1793.682739837054 1.00390625
1793.703573452494 1.0045733451843262
1793.7244070669158 1.003825068473816
1793.745240680385 1.004183053970337
1793.76607429285 1.003902554512024
1793.7869079043664 1.0037994384765625
1793.8077415148828 1.0022310018539429
1793.8285751244543 1.0026549100875854
1793.8494087330298 1.0021668672561646
1793.8702423406642 1.0024123191833496
1793.8910759473058 1.0015203952789307
1793.9119095530104 1.0007990598678589
1793.9327431577265 1.0015943050384521
1793.9535767615084 1.0006489753723145
1793.9744103643054 1.0002416372299194
1793.995243966172 1.000135064125061
1794.0160775670568 0.9999552965164185
1794.0369111670245 0.9996764659881592
1794.0577447659946 1.000632405281067
1794.0785783640606 0.9995489716529846
1794.099411961132 0.9997780919075012
1794.1202455573027 0.999128520488739
1794.141079152482 0.9994462132453918
1794.1619127467638 0.9991406202316284
1794.1827463400575 0.999583899974823
1794.2035799324567 0.9992408156394958
1794.2244135238711 0.9991458654403687
1794.2452471143936 0.999012291431427
1794.2660807039342 0.9982330799102783
1794.286914292586 0.9988040924072266
1794.3077478802593 0.9984676837921143
1794.3285814670464 0.9983736276626587
1794.349415052858 0.9983487129211426
1794.370248637786 0.9982789158821106
1794.391082221741 0.9976740479469299
1794.4119158048154 0.9972178936004639
1794.43274938693 0.9972941875457764
1794.4535829681465 0.9975107908248901
1794.4744165484158 0.9970095753669739
1794.4952501277894 0.9975888729095459
1794.5160837062183 0.9974615573883057
1794.5369172837543 0.9974633455276489
1794.5577508603485 0.9968656301498413
1794.578584436052 0.9968341588973999
1794.5994180108164 0.9968605041503906
1794.6202515846924 0.9970543384552002
1794.6410851576316 0.997400164604187
1794.6619187296849 0.9967164993286133
1794.6827523008042 0.9969690442085266
1794.7035858710497 0.9967849254608154
1794.7244194403434 0.9965165257453918
1794.7452530087755 0.9967177510261536
1794.7660865762582 0.9971150755882263
1794.7869201428819 0.9973469376564026
1794.8077537085585 0.9972177147865295
1794.828587273378 0.9974386096000671
1794.8494208372526 0.9967157244682312
1794.8702544002722 0.9970954060554504
1794.8910879623493 0.9968332052230835
1794.9119215235735 0.9977915287017822
1794.9327550838573 0.9973707795143127
1794.974422201785 0.9987916350364685
1794.9952557594308 0.9981736540794373
1795.0160893161403 0.9989990592002869
1795.0369228720033 0.9986585974693298
1795.0577564269413 0.9991975426673889
1795.078589981014 0.9990131855010986
1795.099423534175 0.9987221360206604
1795.1202570864737 0.9990670084953308
1795.141090637862 0.998789370059967
1795.161924188389 0.9992225170135498
1795.1827577380081 0.999316930770874
1795.2035912867677 0.9989606738090515
1795.2244248346212 0.9989433288574219
1795.2452583816168 0.9983453750610352
1795.266091927708 0.9988542199134827
1795.2869254729433 0.9990452527999878
1795.3077590172763 0.9988818168640137
1795.328592560765 0.9987175464630127
1795.3494261033331 0.9984383583068848
1795.3702596450685 0.9990111589431763
1795.391093185885 0.9993343353271484
1795.4119267258707 0.9989942908287048
1795.4327602649394 0.9988455176353455
1795.4535938031786 0.998689591884613
1795.4744273405124 0.9992589950561523
1795.4952608769988 0.9990416169166565
1795.516094412581 0.9986923933029175
1795.5369279473375 0.9985212683677673
1795.5577614811918 0.998855471611023
1795.5785950142017 0.9992732405662537
1795.5994285463212 0.9991582036018372
1795.6202620775978 0.9983587265014648
1795.641095607985 0.9983911514282227
1795.6619291375314 0.9990274310112
1795.6827626661902 0.9986838102340698
1795.7035961940092 0.9988453388214111
1795.7244297209425 0.9986333250999451
1795.7452632470472 0.9990830421447754
1795.7660967722477 0.9992604851722717
1795.786930296631 0.9993155002593994
1795.807763820112 0.9993566274642944
1795.8285973427771 0.9991638660430908
1795.8494308645413 0.9993588924407959
1795.870264385491 0.9999293088912964
1795.891097905541 0.9999104142189026
1795.9119314247782 0.9996246695518494
1795.9327649431175 0.999539315700531
1795.9535984606448 1.000301480293274
1795.9744319772858 1.0001029968261719
1795.9952654930962 1.0001981258392334
1796.0160990080312 1.000377893447876
1796.0369325221375 1.0001308917999268
1796.05776603537 0.999760091304779
1796.0785995477747 0.9998782873153687
1796.099433059307 1.0005072355270386
1796.120266570013 0.9999485015869141
1796.1411000798475 1.0004346370697021
1796.1619335888572 1.0002115964889526
1796.1827670969972 1.0004132986068726
1796.2036006043231 1.0001829862594604
1796.224434110761 1.0000554323196411
1796.245267616396 1.0002397298812866
1796.2661011211437 1.0000877380371094
1796.2869346250902 0.9994394779205322
1796.307768128151 1.000210165977478
1796.3286016304114 1.0000901222229004
1796.3494351317877 0.9998870491981506
1796.3702686323647 0.9997295141220093
1796.3911021320584 0.9994635581970215
1796.4119356309545 0.9995609521865845
1796.4327691289789 1.0002667903900146
1796.4536026261862 0.999623715877533
1796.4744361225332 0.9999816417694092
1796.4952696180646 0.9998890161514282
1796.5161031127363 0.9998498558998108
1796.536936606594 1.000514030456543
1796.5577700995934 1.0000966787338257
1796.5786035917797 0.9999319314956665
1796.5994370831093 1.0000951290130615
1796.6202705736364 0.9997824430465698
1796.641104063288 0.9994930624961853
1796.6619375521384 0.9997696876525879
1796.6827710401346 1.0001792907714844
1796.703604527331 0.9998201131820679
1796.7244380136542 0.9999474287033081
1796.7452714991884 0.99971604347229
1796.7661049838505 0.9996833205223083
1796.7869384677251 1.0000274181365967
1796.8077719507287 0.9999943375587463
1796.828605432946 0.9997115135192871
1796.8494389143034 0.9996227025985718
1796.8702723948554 0.999381959438324
1796.8911058745587 0.9991657733917236
1796.911939353458 0.9992968440055847
1796.9327728315097 0.9996933341026306
1796.953606308768 0.9994576573371887
1796.9744397851605 0.9986568093299866
1796.9952732607705 0.9987421035766602
1797.0161067355152 0.9988577961921692
1797.036940209479 0.9990565180778503
1797.0577736825792 0.9976800680160522
1797.0786071548991 0.9982936978340149
1797.0994406263565 0.9986579418182373
1797.1202740970348 0.9983128309249878
1797.1411075668514 0.9978724718093872
1797.16194103589 0.9980651140213013
1797.1827745040785 0.9976585507392883
1797.2036079714699 0.9975464344024658
1797.2244414380223 0.9969668984413147
1797.2452749037786 0.997126042842865
1797.2661083686967 0.9975279569625854
1797.2869418328203 0.9978330731391907
1797.3077752961071 0.9965770244598389
1797.32860875861 0.9967517256736755
1797.3494422202573 0.9968345761299133
1797.3702756811317 0.9968019127845764
1797.3911091411517 0.9964630007743835
1797.4119426004 0.996019184589386
1797.432776058795 0.9965521693229675
1797.4536095164194 0.9960076212882996
1797.4744429731918 0.996034562587738
1797.4952764291945 0.9964700937271118
1797.516109884356 0.9964072704315186
1797.5369433387293 0.9961880445480347
1797.5577767922728 0.9959954619407654
1797.5786102450288 0.9964094161987305
1797.5994436969563 0.9968439340591431
1797.6202771480976 0.996291995048523
1797.641110598411 0.9958081841468811
1797.6619440479396 0.9964805841445923
1797.6827774966418 0.9955105185508728
1797.70361094457 0.9954924583435059
1797.7244443916534 0.9952682852745056
1797.7452778379736 0.9958606958389282
1797.7661112834496 0.9959722757339478
1797.7869447281641 0.9956711530685425
1797.807778172036 0.9958169460296631
1797.8286116151473 0.9957669973373413
1797.8494450574271 0.9950271248817444
1797.8702784989275 0.9948335886001587
1797.8911119396073 0.9949702620506287
1797.9119453795092 0.995735764503479
1797.932778818592 0.9947724342346191
1797.9536122569077 0.9948478937149048
1797.9744456943856 0.9944700002670288
1797.9952791311075 0.9944286346435547
1798.0161125669931 0.9949927926063538
1798.0369460021238 0.9941379427909851
1798.0577794364197 0.9942370653152466
1798.0786128699617 0.9939754605293274
1798.0994463026702 0.9938956499099731
1798.1202797346264 0.9941621422767639
1798.1411131657499 0.9943320155143738
1798.1619465961223 0.9942770600318909
1798.182780025674 0.9945432543754578
1798.2036134544558 0.9940189123153687
1798.2244468824279 0.9941731691360474
1798.2452803096314 0.9941825866699219
1798.2661137360265 0.9939417839050293
1798.2869471616546 0.9947897791862488
1798.307780586476 0.9939164519309998
1798.3286140105413 0.9941055774688721
1798.3494474337815 0.9941673278808594
1798.370280856277 0.9939486384391785
1798.3911142779484 0.9938422441482544
1798.4119476988772 0.9936854839324951
1798.4327811189833 0.9936346411705017
1798.453614538348 0.9935612082481384
1798.4744479569017 0.993240237236023
1798.4952813746952 0.9926359057426453
1798.5161147916892 0.9931657910346985
1798.5369482079248 0.9929615259170532
1798.5577816233626 0.9927723407745361
1798.5786150380534 0.9924683570861816
1798.599448451928 0.9926713109016418
1798.620281865067 0.9916563630104065
1798.6411152773917 0.9914235472679138
1798.6619486889824 0.9917854070663452
1798.6827820997607 0.992030918598175
1798.7036155098062 0.991550087928772
1798.7244489190514 0.991686224937439
1798.7452823275455 0.9918692708015442
1798.7661157352507 0.9923775792121887
1798.7869491422068 0.9916626811027527
1798.807782548376 0.990934431552887
1798.828615953808 0.9909509420394897
1798.8494493584346 0.9909637570381165
1798.8702827623358 0.9908713102340698
1798.891116165434 0.991331160068512
1798.9119495678085 0.9906542301177979
1798.932782969382 0.9901676774024963
1798.9536163702337 0.9905378818511963
1798.9744497702968 0.9908154606819153
1798.9952831696198 0.9898828864097595
1799.0161165681661 0.9908550381660461
1799.0369499659746 0.9897075295448303
1799.057783363032 0.9903727173805237
1799.0786167593747 0.9907015562057495
1799.0994501549228 0.9904446005821228
1799.1202835497159 0.9897656440734863
1799.1411169437395 0.9903722405433655
1799.1619503370416 0.9902328252792358
1799.182783729557 0.990156888961792
1799.224450512385 0.991929292678833
1799.2452839026998 0.9915742874145508
1799.2661172922328 0.9913713932037354
1799.2869506810619 0.9915638566017151
1799.307784069122 0.9916215538978577
1799.3286174564603 0.9916292428970337
1799.3494508430426 0.9913627505302429
1799.3702842289058 0.9920125007629395
1799.391117614016 0.9920974969863892
1799.4119509984198 0.9925405383110046
1799.4327843820538 0.9920480847358704
1799.4536177649945 0.992571234703064
1799.4744511471686 0.9932258129119873
1799.495284528652 0.9931604266166687
1799.5161179093723 0.9930800795555115
1799.5369512894051 0.9929360151290894
1799.5577846686886 0.9933170080184937
1799.5786180472676 0.993422269821167
1799.5994514251108 0.9928521513938904
1799.620284802263 0.9932727217674255
1799.6411181786632 0.9936641454696655
1799.6619515543862 0.9933869242668152
1799.6827849293609 0.9937637448310852
1799.703618303662 0.9935213923454285
1799.7244516772193 0.9941180348396301
1799.745285050107 0.9940689206123352
1799.7661184222545 0.9942013621330261
1799.786951793737 0.9944766163825989
1799.8077851644941 0.9948516488075256
1799.8286185345698 0.9944133162498474
1799.8494519039355 0.994663417339325
1799.870285272624 0.9950559735298157
1799.891118640607 0.9946873188018799
1799.9119520079278 0.9952738285064697
1799.9327853745285 0.9956919550895691
1799.953618740482 0.9962213039398193
1799.974452105721 0.9961326718330383
1799.9952854703174 0.9960589408874512
1800.016118834215 0.9964483380317688
1800.0369521974558 0.9966286420822144
1800.057785560014 0.996690034866333
1800.0786189219211 0.9965248107910156
1800.0994522831518 0.9972189664840698
1800.1202856437474 0.997214138507843
1800.141119003653 0.9973640441894531
1800.1619523629402 0.9971898794174194
1800.1827857215449 0.9975151419639587
1800.2036190795372 0.9977301955223083
1800.2244524368648 0.997848391532898
1800.2452857935668 0.9975711107254028
1800.2661191496222 0.9982590079307556
1800.2869525050596 0.9984630346298218
1800.3077858598588 0.9984875321388245
1800.3286192140476 0.9988111257553101
1800.3494525676072 0.9988861083984375
1800.3702859205748 0.9993939399719238
1800.3911192729024 0.9995563626289368
1800.411952624657 0.9998784065246582
1800.4327859757818 1.0000895261764526
1800.4536193263427 1.0004061460494995
1800.4744526762947 1.0006191730499268
1800.4952860256726 1.0007630586624146
1800.5161193744623 1.0011674165725708
1800.536952722689 1.0022947788238525
1800.55778607034 1.0021350383758545
1800.5786194174489 1.0023133754730225
1800.5994527639748 1.0024943351745605
1800.6202861099803 1.0027791261672974
1800.6411194554166 1.0034165382385254
1800.6619528003457 1.0033361911773682
1800.6827861447202 1.0035279989242554
1800.703619488601 1.0046097040176392
1800.724452831953 1.0040576457977295
1800.7452861748056 1.005558967590332
1800.766119517156 1.005474328994751
1800.786952859023 1.0055437088012695
1800.807786200406 1.0064810514450073
1800.8286195413318 1.0056021213531494
1800.8494528817735 1.0068621635437012
1800.8702862217856 1.007076621055603
1800.891119561334 1.0065126419067383
1800.911952900473 1.0069010257720947
1800.9327862391804 1.006966471672058
1800.9536195774788 1.0086511373519897
1800.97445291538 1.0462054014205933
1800.9952862528946 0.9890840649604797
1801.016119590038 1.0093932151794434
1801.036952926819 1.0099358558654785
1801.0577862632574 1.0108281373977661
1801.0786195993692 1.011831283569336
1801.099452935149 1.0122038125991821
1801.1202862706407 1.0124202966690063
1801.1411196058432 1.0130338668823242
1801.1619529407685 1.0123132467269897
1801.182786275451 1.012126088142395
1801.2036196098895 1.013013243675232
1801.2244529441243 1.0135236978530884
1801.2452862781618 1.0141260623931885
1801.2661196120182 1.0137912034988403
1801.2869529457269 1.0147696733474731
1801.3077862793016 1.0153380632400513
1801.3286196127717 1.0153687000274658
1801.3494529461693 1.0154262781143188
1801.3702862794898 1.0175750255584717
1801.3911196128038 1.0155996084213257
1801.4119529460927 1.0180706977844238
1801.432786279437 1.0191662311553955
1801.4536196128238 1.0162014961242676
1801.4744529463137 1.019162654876709
1801.4952862799191 1.0196932554244995
1801.5161196137028 1.0211008787155151
1801.5369529476714 1.0212008953094482
1801.5577862819018 1.0203036069869995
1801.5786196163938 1.021893858909607
1801.5994529512498 1.0195077657699585
1801.6202862864325 1.0270167589187622
1801.6411196220909 1.0639885663986206
1801.6619529581812 1.0621227025985718
1801.6827862948412 1.0217137336730957
1801.7036196320478 1.0218474864959717
1801.724452969951 1.0238951444625854
1801.7452863085184 1.0233067274093628
1801.7661196479335 1.022462010383606
1801.7869529881239 1.0233443975448608
1801.8077863293304 1.0259387493133545
1801.8286196714685 1.0234240293502808
1801.8494530147798 1.0244981050491333
1801.8702863591966 1.0252199172973633
1801.8911197049847 1.0254542827606201
1801.9119530520622 1.0261539220809937
1801.9327864007334 1.025380253791809
1801.9536197508994 1.026231050491333
1801.9744531029178 1.0252740383148193
1801.9952864566412 1.0281946659088135
1802.0161198125045 1.0283334255218506
1802.0369531703302 1.0272358655929565
1802.0577865306118 1.0274643898010254
1802.0786198931578 1.0297380685806274
1802.0994532584687 1.0301051139831543
1802.1202866263582 1.0305095911026
1802.141119997404 1.02801513671875
1802.1619533713622 1.030041217803955
1802.1827867488926 1.0177030563354492
1802.203620129711 --
1802.2244535145317 --
1802.245286903049 --
1802.2661202959923 --
1802.2869536930532 --
1802.307787094987 --
1802.3286205014226 1.0604249238967896
1802.3494539131427 0.039181310683488846
1802.3702873297364 1.353491187095642
1802.3911207519398 1.0908290147781372
1802.4119541793182 1.0312904119491577
1802.4327876125046 1.0330510139465332
1803.4744604294451 1.0353128910064697
1803.495293825546 1.0354946851730347
1803.5161272189305 1.0351399183273315
1803.53696060979 1.0349452495574951
1803.5577939980005 1.0346081256866455
1803.5786273837775 1.0343183279037476
1803.5994607669993 1.0341850519180298
1803.6202941478446 1.034436583518982
1803.6411275262242 1.034006118774414
1803.6619609023014 1.0335228443145752
1803.6827942759878 1.033584713935852
1803.7036276474514 1.0331270694732666
1803.7244610165756 1.0335321426391602
1803.7452943835522 1.032966136932373
1803.7661277482669 1.0329004526138306
1803.7869611108765 1.0330277681350708
1803.807794471297 1.0328400135040283
1803.8286278296712 1.0328199863433838
1803.8494611859157 1.0325003862380981
1803.870294540179 1.0322142839431763
1803.891127892349 1.0328764915466309
1803.9119612426 1.0320830345153809
1803.9327945908208 1.0315409898757935
1803.9536279371512 1.0319674015045166
1803.9744612815111 1.0315321683883667
1803.995294624027 1.0314083099365234
1804.0161279646197 1.0309934616088867
1804.036961303422 1.0301766395568848
1804.0577946403255 1.0299636125564575
1804.0786279754896 1.0299981832504272
1804.0994613088064 1.0298651456832886
1804.1202946404028 1.0295957326889038
1804.1411279702018 1.029686689376831
1804.1619612983168 1.0290662050247192
1804.1827946246717 1.0290571451187134
1804.2036279493875 1.0286040306091309
1804.2244612723587 1.028663158416748
1804.245294593733 1.0282937288284302
1804.2661279133963 1.0278304815292358
1804.2869612314942 1.0273514986038208
1804.3077945479226 1.0271821022033691
1804.328627862795 1.0269981622695923
1804.3494611760377 1.0271731615066528
1804.370294487762 1.026845932006836
1804.3911277978657 1.0269192457199097
1804.4119611064875 1.0263245105743408
1804.4327944135255 1.0258550643920898
1804.4536277190869 1.0267040729522705
1804.4744610231 1.0251102447509766
1804.4952943256599 1.0257418155670166
1804.5161276266965 1.0256562232971191
1804.536960926313 1.0248942375183105
1804.557794224409 1.0244089365005493
1804.5786275211162 1.0242975950241089
1804.5994608163355 1.0242434740066528
1804.6202941101662 1.0244437456130981
1804.6411274025404 1.0237752199172974
1804.661960693546 1.0232237577438354
1804.6827939831146 1.0232021808624268
1804.7036272713435 1.0236430168151855
1804.7244605581348 1.0222209692001343
1804.7452938436136 1.0219826698303223
1804.7661271276836 1.022200584411621
1804.7869604104385 1.021093726158142
1804.8077936918119 1.0213044881820679
1804.8286269718965 1.020163893699646
1804.8494602505964 1.0214005708694458
1804.8702935280328 1.0198984146118164
1804.8911268041008 1.0212132930755615
1804.9119600789204 1.019776463508606
1804.9327933523969 1.0192725658416748
1804.9536266246193 1.0180336236953735
1804.974459895523 1.0189847946166992
1804.9952931651965 1.0180624723434448
1805.0161264335459 1.017094612121582
1805.036959700688 1.0175268650054932
1805.0577929665292 1.0172419548034668
1805.0786262311558 1.0163182020187378
1805.0994594945048 1.0160027742385864
1805.1202927566512 1.0157614946365356
1805.1411260175328 1.0147006511688232
1805.1619592772333 1.014593482017517
1805.1827925356606 1.0141806602478027
1805.2036257929285 1.0133014917373657
1805.2244590489445 1.0140268802642822
1805.2452923037918 1.0132914781570435
1805.2661255574087 1.013152837753296
1805.2869588098772 1.0121229887008667
1805.307792061106 1.0125069618225098
1805.328625311206 1.0115474462509155
1805.3494585600768 1.0121673345565796
1805.3702918078286 1.0112640857696533
1805.3911250543713 1.0109539031982422
1805.4119582997841 1.010614275932312
1805.4327915440074 1.0108003616333008
1805.45362478712 1.0111268758773804
1805.4744580290317 1.0104291439056396
1805.4952912698514 1.0103727579116821
1805.51612450948 1.0100380182266235
1805.5369577480244 1.0114609003067017
1805.5577909853962 1.010294795036316
1805.5786242216723 1.0096756219863892
1805.5994574567935 1.0091490745544434
1805.620290690837 1.008802056312561
1805.6411239237143 1.0090060234069824
1805.661957155531 1.0084357261657715
1805.682790386199 1.008405327796936
1805.7036236157937 1.0066994428634644
1805.7244568442577 1.0069142580032349
1805.745290071665 1.0064445734024048
1805.7661232979294 1.0058248043060303
1805.7869565231538 1.006561517715454
1805.807789747242 1.0062776803970337
1805.8286229702971 1.0061209201812744
1805.8494561922325 1.0051474571228027
1805.8702894131216 1.0054364204406738
1805.8911226329078 1.0045634508132935
1805.9119558516636 1.0055080652236938
1805.932789069303 1.0048387050628662
1805.9536222859278 1.0035454034805298
1805.9744555014527 1.004830241203308
1805.9952887159486 1.0052391290664673
1806.016121929361 1.004934310913086
1806.03695514176 1.0041708946228027
1806.0577883530698 1.0046745538711548
1806.0786215633898 1.0036206245422363
1806.0994547726089 1.0044938325881958
1806.1202879808282 1.004814624786377
1806.1411211879708 1.0044549703598022
1806.1619543941063 1.004198670387268
1806.1827875991805 1.0036840438842773
1806.2036208032625 1.0041626691818237
1806.2244540062684 1.0037976503372192
1806.245287208297 1.0040655136108398
1806.2661204092649 1.0037238597869873
1806.2869536092403 1.0031428337097168
1806.3077868081698 1.0040194988250732
1806.3286200061214 1.0033762454986572
1806.3494532030115 1.0029276609420776
1806.3702863989386 1.0022392272949219
1806.3911195938192 1.0030099153518677
1806.411952787721 1.002915382385254
1806.4327859805908 1.00191068649292
1806.4536191724958 1.001436471939087
1806.4744523633533 1.0014243125915527
1806.4952855532604 1.0010130405426025
1806.5161187421245 1.0008766651153564
1806.5369519300418 1.0016565322875977
1806.5577851169305 1.0009231567382812
1806.5786183028565 0.9999133944511414
1806.599451487768 1.0005433559417725
1806.6202846717304 1.0009835958480835
1806.6411178546625 1.0000271797180176
1806.6619510366593 1.0001226663589478
1806.6827842176394 0.998785674571991
1806.7036173976683 0.9993264675140381
1806.724450576694 0.9989131093025208
1806.745283754772 0.9988830089569092
1806.7661169318508 0.9990426301956177
1806.7869501079952 0.9982883930206299
1806.8077832831343 0.9986404776573181
1806.8286164573321 0.9983630180358887
1806.8494496305382 0.9973966479301453
1806.8702828028063 0.9975100755691528
1806.8911159740862 0.9968878626823425
1806.9119491444417 0.997789740562439
1806.9327823137921 0.9961352348327637
1806.953615482231 0.9967374801635742
1806.9744486496782 0.9972872734069824
1806.9952818161971 0.9966031312942505
1807.0161149817377 0.9962210059165955
1807.0369481463629 0.996231198310852
1807.0577813099928 0.9969824552536011
1807.0786144727203 0.9973230361938477
1807.0994476344656 0.9972499012947083
1807.1202807952916 0.9968539476394653
1807.1411139551485 0.9969102740287781
1807.1619471140987 0.9973177909851074
1807.1827802720627 0.9976376891136169
1807.2036134291325 0.9971821904182434
1807.2244465852193 0.9959421753883362
1807.2452797404146 0.9968549013137817
1807.26611289464 0.9962401986122131
1807.2869460479662 0.9967278242111206
1807.3077792003153 0.9964191913604736
1807.3286123517778 0.9964419603347778
1807.3494455022658 0.9962717890739441
1807.3702786518702 0.9963125586509705
1807.3911118005124 0.995532751083374
1807.4119449482532 0.9954485893249512
1807.4327780950448 0.9956446886062622
1807.4536112409473 0.9955322742462158
1807.474444385883 0.9947168231010437
1807.4952775299425 0.99517422914505
1807.5161106730477 0.9954071640968323
1807.5369438152586 0.9951244592666626
1807.5577769565275 0.9955117106437683
1807.5786100969144 0.9950025081634521
1807.5994432363418 0.9960698485374451
1807.6202763749 0.995785653591156
1807.6411095125106 0.9958940744400024
1807.661942649234 0.9962441325187683
1807.6827757850226 0.9968389868736267
1807.7036089199355 0.9965470433235168
1807.7244420538962 0.9962971210479736
1807.7452751869937 0.9954637289047241
1807.7661083191508 0.997130274772644
1807.7869414504269 0.9976139664649963
1807.8077745807748 0.9970389604568481
1807.8286077102534 0.9972162842750549
1807.8494408387862 0.9979366064071655
1807.8702739664618 0.9978258609771729
1807.8911070932036 0.998200535774231
1807.9119402190704 0.9985260963439941
1807.9327733440152 0.9994164705276489
1807.9536064680965 0.9978693127632141
1807.9744395912383 0.9980233907699585
1808.0161058348915 0.9997850060462952
1808.0369389553848 1.000308871269226
1808.057772074962 1.0000853538513184
1808.0786051936716 0.9993440508842468
1808.0994383114673 1.0000758171081543
1808.1202714284072 1.0004589557647705
1808.1411045444252 1.000582218170166
1808.1619376595788 1.000367283821106
1808.1827707738225 1.0003489255905151
1808.2036038872136 1.0001851320266724
1808.2244369996765 1.0004651546478271
1808.2452701112989 1.000270128250122
1808.2661032220046 1.0006866455078125
1808.2869363318514 1.000667929649353
1808.3077694407932 1.001041054725647
1808.3286025488778 1.000261664390564
1808.3494356560593 1.0007060766220093
1808.3702687623954 1.0008273124694824
1808.39110186782 1.00083589553833
1808.4119349723906 1.0003582239151
1808.4327680760614 1.0001989603042603
1808.4536011788796 1.0002613067626953
1808.4744342808 1.0006552934646606
1808.4952673818793 0.9999262690544128
1808.5161004820527 0.9992823004722595
1808.5369335813762 0.9991825819015503
1808.5577666798054 1.0000016689300537
1808.578599777386 0.9996960163116455
1808.599432874074 0.9997078776359558
1808.6202659699254 0.9996721148490906
1808.6410990648753 0.9999035000801086
1808.6619321589803 1.0000079870224
1808.6827652521954 1.0
1808.7035983445664 1.000374674797058
1808.7244314360494 1.000052571296692
1808.7452645267 0.9998472332954407
1808.766097616444 1.0000221729278564
1808.786930705367 1.000783920288086
1808.8077637933948 1.000238299369812
1808.8285968805828 1.0006111860275269
1808.849429966887 1.0008779764175415
1808.8702630523635 1.0007563829421997
1808.8910961369372 1.0007272958755493
1808.9119292206942 1.0003783702850342
1808.9327623035604 1.0003021955490112
1808.9535953855907 1.0002827644348145
1808.9744284667418 1.000640630722046
1808.9952615470686 1.0003106594085693
1809.0160946264975 1.000063419342041
1809.0369277051134 0.9998288750648499
1809.0577607828425 0.999387800693512
1809.0785938597398 0.9989118576049805
1809.099426935762 0.9990285634994507
1809.1202600109639 0.998445451259613
1809.141093085282 0.9978246092796326
1809.1619261587707 0.9996116757392883
1809.1827592313864 0.9988839626312256
1809.203592303175 0.9973876476287842
1809.2244253740917 0.9978243708610535
1809.2452584441921 0.9977489113807678
1809.2660915134122 0.9986068606376648
1809.2869245818072 0.9979848861694336
1809.307757649333 0.9980934858322144
1809.328590716035 0.9982042908668518
1809.3494237818695 0.9984058737754822
1809.3702568468912 0.9980615973472595
1809.3910899110365 0.9984158277511597
1809.41192297436 0.9979268908500671
1809.4327560368183 0.9986225366592407
1809.4535890984664 0.9977503418922424
1809.4744221592307 0.997979998588562
1809.4952552191955 0.9978678226470947
1809.516088278288 0.9985713362693787
1809.536921336562 0.9972875118255615
1809.5577543939748 0.9980922937393188
1809.5785874505805 0.998139500617981
1809.5994205063062 0.9978257417678833
1809.620253561236 0.9970294833183289
1809.641086615297 0.9979075193405151
1809.661919668543 0.9980953931808472
1809.6827527209314 0.9980365037918091
1809.7035857725161 0.9979926943778992
1809.7244188232246 0.9977785348892212
1809.7452518731402 0.9969872832298279
1809.7660849221909 0.9971966743469238
1809.7869179704298 0.9968236684799194
1809.8077510178148 0.9977006912231445
1809.8285840643994 0.9975403547286987
1809.849417110111 0.9974501132965088
1809.8702501550335 0.9977942109107971
1809.8910831990945 0.9979644417762756
1809.911916242357 0.9980339407920837
1809.932749284749 0.99647456407547
1809.9535823263539 0.9960969090461731
1809.9744153670897 0.9967392683029175
1809.9952484070393 0.9961572289466858
1810.0160814461308 0.9964350461959839
1810.0369144844274 0.9954856038093567
1810.0577475218568 0.9952795505523682
1810.0785805585024 0.9954052567481995
1810.0994135942824 0.9952878952026367
1810.1202466292793 0.9956660866737366
1810.1410796634218 0.9952953457832336
1810.1619126967726 0.9952420592308044
1810.1827457292595 0.9949415326118469
1810.203578760966 0.9939658641815186
1810.22441179181 0.9942789673805237
1810.2452448218748 0.9953073859214783
1810.2660778510883 0.9952369928359985
1810.2869108795132 0.9947755336761475
1810.3077439070778 0.9950354099273682
1810.3285769338654 0.9941343069076538
1810.349409959804 0.9939987659454346
1810.3702429849461 0.9939173460006714
1810.3910760092508 0.993670642375946
1810.4119090327702 0.994822084903717
1810.4327420554328 0.9938076734542847
1810.4535750773211 0.9935818314552307
1810.4744080983644 0.9943532347679138
1810.4952411186146 0.9932979941368103
1810.5160741380305 0.9936217069625854
1810.5369071566645 0.9948500394821167
1810.5577401744451 0.9951868653297424
1810.5785731914552 0.9949581623077393
1810.5994062076236 0.9950067400932312
1810.6202392230018 0.9946684837341309
1810.6410722375497 0.9946289658546448
1810.6619052513188 0.994612455368042
1810.6827382642382 0.9948380589485168
1810.7035712763902 0.9941869974136353
1810.7244042877041 0.9926761388778687
1810.7452372982414 0.9931804537773132
1810.7660703079318 0.9932727217674255
1810.7869033168568 0.9936563372612
1810.807736324946 0.993381142616272
1810.8285693322512 0.9923451542854309
1810.8494023387318 0.993287205696106
1810.8702353444394 0.9920576214790344
1810.8910683493036 0.9925442934036255
1810.9119013534057 0.9928789734840393
1810.9327343566763 0.9924588203430176
1810.9535673591658 0.991506040096283
1810.974400360835 0.9926258325576782
1810.9952333617346 0.9921872615814209
1811.0160663618046 0.9921298027038574
1811.0368993610962 0.9912320375442505
1811.0577323595699 0.9920613765716553
1811.0785653572764 0.9912047386169434
1811.0993983541464 0.990827739238739
1811.1202313502604 0.99115389585495
1811.141064345549 0.9902420043945312
1811.1618973400628 0.990827202796936
1811.1827303337627 0.9906136393547058
1811.2035633266992 0.9906478524208069
1811.2243963188032 0.9909836649894714
1811.245229310155 0.9904376268386841
1811.266062300686 0.9911888837814331
1811.2868952904557 0.9907802939414978
1811.307728279396 0.9908055067062378
1811.328561267587 0.991539478302002
1811.3493942549596 0.991704523563385
1811.3702272415642 0.9913614392280579
1811.391060227362 0.9910801649093628
1811.411893212403 0.9912568926811218
1811.432726196619 0.9922208189964294
1811.4535591800895 0.9915626049041748
1811.4743921627464 0.9921924471855164
1811.4952251446398 0.9922437071800232
1811.516058125731 0.991609513759613
1811.5368911060696 0.9908679723739624
1811.557724085588 0.9917893409729004
1811.5785570643657 0.9924737215042114
1811.5993900423346 0.9921883344650269
1811.6202230195543 0.992863118648529
1811.6410559959568 0.9919229745864868
1811.6618889716215 0.9924923181533813
1811.6827219464813 0.992201030254364
1811.7035549205848 0.9921271800994873
1811.724387893895 0.9913618564605713
1811.7452208664608 0.9904464483261108
1811.766053838215 0.9907689690589905
1811.7868868092362 0.9906176924705505
1811.807719779458 0.991538405418396
1811.828552748929 0.9906174540519714
1811.8493857176122 0.9912296533584595
1811.8702186855562 0.9911826848983765
1811.8910516527046 0.9911350607872009
1811.9118846191054 0.9904399514198303
1811.932717584723 0.99119633436203
1811.953550549595 0.9909149408340454
1811.9743835136858 0.9916262626647949
1811.9952164770432 0.9919517636299133
1812.0160494396114 0.9920333623886108
1812.0368824014379 0.9919806122779846
1812.0577153624877 0.9920920133590698
1812.0785483228083 0.9920794367790222
1812.0993812823344 0.9928444623947144
1812.1202142411435 0.9925533533096313
1812.14104719917 0.9930829405784607
1812.161880156462 0.9926882982254028
1812.1827131129846 0.9927771687507629
1812.2035460687848 0.992901086807251
1812.2243790238078 0.9939146637916565
1812.245211978101 0.9940219521522522
1812.2660449316297 0.9934036731719971
1812.286877884441 0.9942165017127991
1812.307710836471 0.9938836693763733
1812.3285437877962 0.9939707517623901
1812.3493767383527 0.994163453578949
1812.3702096881873 0.9940939545631409
1812.391042637266 0.9948265552520752
1812.411875585636 0.994332492351532
1812.4327085332334 0.9948405027389526
1812.4535414801346 0.9946029186248779
1812.4743744262767 0.9947953820228577
1812.5160403163889 0.9949315190315247
1812.5368732603722 0.99558025598526
1812.5577062036036 0.9954470992088318
1812.5785391461384 0.9950023293495178
1812.599372087915 0.9953749775886536
1812.6202050290085 0.9957303404808044
1812.6410379693573 0.9967324733734131
1812.661870909007 0.997142493724823
1812.6827038479264 0.9976003170013428
1812.7035367861602 0.9976063966751099
1812.7243697236481 0.9977577924728394
1812.7452026604644 0.997979462146759
1812.7660355965493 0.9986483454704285
1812.7868685319465 0.9984122514724731
1812.8077014666276 0.9984477162361145
1812.8285344006354 0.9986056685447693
1812.8493673339217 0.9984756112098694
1812.8702002665293 0.9984444975852966
1812.8910331984305 0.999206006526947
1812.9118661296684 1.0003387928009033
1812.9326990601853 0.9996261596679688
1812.9535319900538 1.0002975463867188
1812.9743649192174 1.0008448362350464
1812.995197847728 1.0020256042480469
1813.016030775529 1.002339243888855
1813.0368637026932 1.0024250745773315
1813.057696629155 1.002634882926941
1813.0785295549854 1.0033448934555054
1813.0993624801301 1.0036638975143433
1813.1201954046396 1.0036002397537231
1813.1410283284608 1.0037163496017456
1813.1618612516636 1.0046788454055786
1813.182694174196 1.0047935247421265
1813.2035270960969 1.0055294036865234
1813.2243600173451 1.0063979625701904
1813.2451929379797 1.0061293840408325
1813.2660258579601 1.0075604915618896
1813.286858777325 1.0074089765548706
1813.3076916960551 1.0075584650039673
1813.3285246141877 1.0071227550506592
1813.3493575316752 1.0073275566101074
1813.3701904485845 1.007067322731018
1813.3910233648687 1.007538914680481
1813.4118562805645 1.0083423852920532
1813.4326891956566 1.0078071355819702
1813.45352211018 1.0090304613113403
1813.474355024102 1.0090996026992798
1813.4951879374555 1.009293556213379
1813.5160208502305 1.0092722177505493
1813.536853762459 1.0102667808532715
1813.5576866741121 1.0097920894622803
1813.5785195852216 1.0101193189620972
1813.5993524957796 1.0102472305297852
1813.6201854058172 1.0107117891311646
1813.6410183152993 1.010751485824585
1813.6618512242856 1.0108593702316284
1813.6826841327427 1.011454701423645
1813.7035170406994 1.0120344161987305
1813.7243499481547 1.013381838798523
1813.7451828551361 1.013182520866394
1813.7660157616156 1.013474941253662
1813.786848667649 1.014089822769165
1813.8076815732118 1.0145303010940552
1813.8285144783374 1.01457941532135
1813.8493473830047 1.0149085521697998
1813.8701802872658 1.01588773727417
1813.8910131911032 1.0158202648162842
1813.9118460945372 1.0151914358139038
1813.9326789975833 1.016564130783081
1813.953511900261 1.0161724090576172
1813.9743448025695 1.017135739326477
1813.995177704526 1.0179246664047241
1814.0160106061549 1.0196458101272583
1814.0368435074706 1.0191295146942139
1814.057676408483 1.0187249183654785
1814.078509309204 1.01839280128479
1814.099342209669 1.0187267065048218
1814.120175109887 1.0197559595108032
1814.14100800987 1.019140601158142
1814.161840909654 1.0200618505477905
1814.1826738092577 1.0215109586715698
1814.2035067086942 1.023359775543213
1814.2243396079898 1.023500919342041
1814.2451725071737 1.0239249467849731
1814.2660054062815 1.0240943431854248
1814.2868383053083 1.0237653255462646
1814.307671204329 1.0243949890136719
1814.3285041033346 1.0248541831970215
1814.3493370023805 1.0255613327026367
1814.370169901483 1.0250766277313232
1814.3910028007103 1.0257067680358887
1814.4118357000534 1.0259889364242554
1814.4326685995934 1.0266250371932983
1814.4535014993355 1.0272423028945923
1814.474334399377 1.0269770622253418
1814.4951672996858 1.027468204498291
1814.5160002004075 1.0274477005004883
1814.5368331015022 1.0273536443710327
1814.5576660031156 1.0277503728866577
1814.5784989051995 1.0287506580352783
1814.5993318079425 1.0292036533355713
1814.6201647112869 1.0292896032333374
1814.6409976154175 1.0300724506378174
1814.6618305202965 1.0304642915725708
1814.6826634261383 1.0298724174499512
1814.7034963328726 1.0302647352218628
1814.7243292407486 1.0312564373016357
1814.7451621497023 1.0311963558197021
1814.7659950600228 1.0320247411727905
1814.78682797161 1.032116413116455
1814.807660884798 1.0331593751907349
1814.8284937994893 1.033678650856018
1814.8493267160693 1.0330638885498047
1814.8701596343906 1.0326346158981323
1814.8909925549278 1.0335508584976196
1814.9118254775096 1.0346211194992065
1814.9326584026471 1.0338903665542603
1814.9534913301727 1.0346287488937378
1814.9743242606712 1.0341887474060059
1814.9951571939152 1.036129355430603
1815.0159901306 1.0350110530853271