1764.7037663306419 1.0001699924468994
1764.7246004199578 0.9988247752189636
1764.7454345055353 0.9977302551269531
1764.7662685874327 0.9967519640922546
1764.787102665682 0.996367871761322
1764.8079367403466 0.9959598779678345
1764.828770811483 0.9957582354545593
1764.8496048791471 0.9958950281143188
1764.8704389434065 0.9959529638290405
1764.8912730042991 0.9963095188140869
1764.912107061892 0.9964850544929504
1764.9329411162423 0.9966156482696533
1764.953775167408 0.9968044757843018
1764.9746092154537 0.9968841075897217
1764.9954432604159 0.9970900416374207
1765.0162773023587 0.9968546628952026
1765.037111341335 0.9967994093894958
1765.0579453773978 0.9967742562294006
1765.0787794106081 0.9964501857757568
1765.0996134409954 0.9963156580924988
1765.120447468619 0.9962537288665771
1765.1412814935263 0.9959256052970886
1765.1621155157632 0.9956794381141663
1765.182949535375 0.9955283403396606
1765.2037835524159 0.9952839612960815
1765.224617566908 0.995010495185852
1765.2454515789027 0.9948254823684692
1765.2662855884407 0.9947014451026917
1765.2871195955706 0.9944663047790527
1765.3079536003106 0.9945139288902283
1765.3287876027075 0.994399905204773
1765.349621602797 0.9944721460342407
1765.370455600614 0.994581401348114
1765.3912895962021 0.9948364496231079
1765.4121235895739 0.9948883652687073
1765.4329575807712 0.9954882264137268
1765.453791569825 0.9959434866905212
1765.474625556775 0.9970429539680481
1765.49545954163 0.9979269504547119
1765.5162935244286 0.9988341927528381
1765.537127505198 1.0004292726516724
1765.5579614839646 1.0018855333328247
1765.5787954607547 1.004231572151184
1765.5996294356028 1.0067338943481445
1765.6204634085132 1.009413480758667
1765.64129737952 1.0122871398925781
1765.6621313486457 1.0151439905166626
1765.682965315913 1.0186694860458374
1765.7037992813534 1.021897554397583
1765.724633244968 1.0243263244628906
1765.7454672067868 1.0270136594772339
1765.7663011668308 1.028975009918213
1765.7871351251283 1.0319373607635498
1765.8079690816787 1.0334532260894775
1765.8288030365106 1.0347180366516113
1765.849636989641 1.0361121892929077
1765.8704709410881 1.0377728939056396
1765.8913048908787 1.0377336740493774
1765.9121388390085 1.0380239486694336
1765.9329727855043 1.0381441116333008
1765.9538067303818 1.0380561351776123
1765.9746406736554 1.036864161491394
1765.9954746153505 1.0358275175094604
1766.0163085554618 1.0345001220703125
1766.0371424940126 1.0326606035232544
1766.0579764310173 1.030974268913269
1766.078810366499 1.0283063650131226
1766.099644300451 1.026467204093933
1766.1204782328955 1.0238652229309082
1766.1413121638452 1.0213472843170166
1766.1621460933127 1.0183908939361572
1766.182980021319 1.0155892372131348
1766.2038139478561 1.0129364728927612
1766.2246478729455 1.0104613304138184
1766.2454817965977 1.0079712867736816
1766.2663157188235 1.0058387517929077
1766.287149639644 1.0036869049072266
1766.3079835590486 1.0017244815826416
1766.3288174770578 1.0004689693450928
1766.3496513936816 0.9993770718574524
1766.3704853089291 0.9983478784561157
1766.3913192228201 0.9979338645935059
1766.4121531353435 0.9973468780517578
1766.4329870465183 0.9972156286239624
1766.453820956353 0.9972611665725708
1766.4746548648668 0.9975417852401733
1766.4954887720476 0.9975075125694275
1766.5163226779134 0.9977484345436096
1766.537156582473 0.9980872273445129
1766.5579904857336 0.9980234503746033
1766.578824387703 0.9983975291252136
1766.599658288399 0.9983340501785278
1766.6204921878088 0.9983072876930237
1766.6413260859495 0.9982099533081055
1766.6621599828286 0.9981383085250854
1766.6829938784624 0.9979895949363708
1766.7038277728382 0.9978151321411133
1766.7246616659725 0.9975384473800659
1766.7454955578717 0.9971990585327148
1766.7663294485524 0.9972472190856934
1766.7871633380012 0.9969325661659241
1766.8079972262333 0.9965711832046509
1766.8288311132555 0.9965004324913025
1766.8496649990736 0.9962796568870544
1766.8704988837032 0.9960508942604065
1766.8913327671303 0.995886504650116
1766.9121666493704 0.9956074357032776
1766.9330005304287 0.9958726763725281
1766.9538344103105 0.9958576560020447
1766.9746682890318 0.9960648417472839
1766.9955021665771 0.996251106262207
1767.0163360429617 0.9965395927429199
1767.037169918191 0.9969347715377808
1767.0580037922794 0.9975640177726746
1767.0788376652115 0.9982345104217529
1767.099671537003 0.999038815498352
1767.1205054076574 1.0003161430358887
1767.1413392771801 1.0017448663711548
1767.1621731455855 1.0033972263336182
1767.1830070128576 1.005632758140564
1767.203840879011 1.0078301429748535
1767.2246747440502 1.010414481163025
1767.245508607989 1.0134992599487305
1767.2663424708117 1.0165513753890991
1767.2871763325322 1.0196934938430786
1767.3080101931548 1.02277410030365
1767.328844052693 1.0256223678588867
1767.3496779111313 1.0284544229507446
1767.3705117684826 1.0310639142990112
1767.3913456247512 1.033306360244751
1767.4121794799412 1.0352288484573364
1767.4330133340652 1.03702712059021
1767.4538471871074 1.0384052991867065
1767.4746810390811 1.0394755601882935
1767.4955148899899 1.0404077768325806
1767.516348739837 1.0407962799072266
1767.537182588636 1.0407819747924805
1767.55801643637 1.040464162826538
1767.5788502830521 1.039520263671875
1767.5996841286858 1.0385324954986572
1767.6205179732842 1.0371190309524536
1767.64135181683 1.0353022813796997
1767.6621856593365 1.033481478691101
1767.6830195008072 1.030997633934021
1767.7038533412542 1.0286705493927002
1767.7246871806608 1.0258952379226685
1767.74552101904 1.0231910943984985
1767.7663548563944 1.0204849243164062
1767.7871886927269 1.017629861831665
1767.8080225280503 1.0150684118270874
1767.828856362347 1.0125229358673096
1767.84969019563 1.0098354816436768
1767.870524027902 1.0074790716171265
1767.8913578591755 1.0054781436920166
1767.9121916894328 1.0036109685897827
1767.9330255186867 1.001875638961792
1767.9538593469395 1.0006332397460938
1767.9746931742038 0.9996494650840759
1767.995527000462 0.999108076095581
1768.0163608257267 0.9986171722412109
1768.0371946499997 0.9980829954147339
1768.058028473294 0.9981589317321777
1768.078862295591 0.9983007311820984
1768.099696116904 0.9985543489456177
1768.1205299372348 0.9985063076019287
1768.1413637565952 0.9989060163497925
1768.1621975749679 0.9989546537399292
1768.1830313923651 0.9992127418518066
1768.2038652087883 0.9991708993911743
1768.2246990242402 0.9991200566291809
1768.245532838733 0.9990460872650146
1768.2663666522478 0.9988106489181519
1768.2872004647975 0.9986089468002319
1768.308034276384 0.9986865520477295
1768.328868087019 0.9982414245605469
1768.3497018966843 0.9981019496917725
1768.3705357053925 0.9980480074882507
1768.3913695131448 0.9975717663764954
1768.4122033199433 0.9973478317260742
1768.4330371258 0.9971609115600586
1768.4538709306964 0.9969473481178284
1768.4747047346448 0.996507465839386
1768.4955385376566 0.996505618095398
1768.5163723397136 0.9963991641998291
1768.5372061408277 0.9962770342826843
1768.5580399410005 0.9963620901107788
1768.5788737402438 0.9963464140892029
1768.6205413358985 0.9971750378608704
1768.6413751323232 0.9974509477615356
1768.6622089278148 0.9979575872421265
1768.6830427223856 0.9985920786857605
1768.7038765160162 0.9994235038757324
1768.7247103087188 1.0004514455795288
1768.7455441004952 1.001863718032837
1768.7663778913561 1.0035181045532227
1768.7872116812837 1.0052835941314697
1768.8080454702895 1.0077617168426514
1768.8288792583746 1.0102992057800293
1768.8497130455505 1.0129294395446777
1768.8705468317992 1.016031265258789
1768.891380617132 1.0192148685455322
1768.9122144015498 1.0217863321304321
1768.9330481850643 1.0246596336364746
1768.9538819676573 1.0271415710449219
1768.9747157493398 1.0302209854125977
1768.995549530113 1.0323487520217896
1769.016383309989 1.033950686454773
1769.0372170889482 1.0360966920852661
1769.0580508670025 1.0374399423599243
1769.0788846441535 1.038771390914917
1769.0997184204018 1.0394256114959717
1769.120552195759 1.039663553237915
1769.1413859702068 1.0399730205535889
1769.1622197437557 1.0397995710372925
1769.1830535164177 1.0392625331878662
1769.2038872881737 1.0383663177490234
1769.224721059035 1.036823034286499
1769.2455548290025 1.0353528261184692
1769.266388598088 1.0330272912979126
1769.2872223662725 1.0312557220458984
1769.3080561335669 1.0285677909851074
1769.328889899973 1.0262377262115479
1769.3497236654914 1.0236115455627441
1769.3705574301332 1.0208138227462769
1769.3913911938803 1.0179455280303955
1769.4122249567433 1.0152066946029663
1769.4330587187233 1.0130103826522827
1769.4538924798317 1.0106902122497559
1769.4747262400492 1.0080326795578003
1769.4955599993873 1.005801796913147
1769.5163937578573 1.0041084289550781
1769.5372275154398 1.0022677183151245
1769.5580612721458 1.0010747909545898
1769.578895027977 1.0000536441802979
1769.599728782944 0.9991534352302551
1769.620562537028 0.9986432790756226
1769.6413962902402 0.9984638690948486
1769.6622300425813 0.9983450174331665
1769.6830637940525 0.9983185529708862
1769.703897544665 0.998421311378479
1769.7247312943998 0.9987207651138306
1769.7455650432676 0.998842716217041
1769.7663987912797 0.9991824626922607
1769.787232538417 0.9992948770523071
1769.8080662846903 0.999177873134613
1769.8289000301013 0.9991417527198792
1769.84973377466 0.999060332775116
1769.870567518348 0.9989969730377197
1769.8914012611763 0.9988052845001221
1769.9122350031455 0.99875807762146
1769.9330687442668 0.9984511733055115
1769.9539024845214 0.9983327388763428
1769.9747362239195 0.997977614402771
1769.9955699624627 0.9976204037666321
1770.016403700162 0.9975923895835876
1770.0372374369977 0.9971280694007874
1770.0580711729813 0.9970543384552002
1770.0789049081136 0.9966248273849487
1770.099738642405 0.9966802597045898
1770.1205723758371 0.9964348673820496
1770.1414061084206 0.9964087605476379
1770.1622398401564 0.9964389801025391
1770.1830735710553 0.9963679909706116
1770.203907301098 0.9966474771499634
1770.2247410302962 0.9968752264976501
1770.2455747586498 0.9971835017204285
1770.2664084861701 0.9976645708084106
1770.2872422128382 0.9985272288322449
1770.3080759386646 0.9992439150810242
1770.3289096636502 1.0003573894500732
1770.3497433878063 1.0015902519226074
1770.370577111113 1.003251552581787
1770.3914108335819 1.0049844980239868
1770.4122445552237 1.0072275400161743
1770.433078276019 1.009790062904358
1770.4539119959784 1.0125457048416138
1770.4747457151036 1.01556396484375
1770.4955794334046 1.018526554107666
1770.5164131508627 1.0215044021606445
1770.5372468674889 1.02435302734375
1770.5580805832833 1.0272647142410278
1770.5789142982574 1.0298691987991333
1770.599748012392 1.0324348211288452
1770.6205817256975 1.0341763496398926
1770.641415438175 1.0360286235809326
1770.6622491498354 1.0376863479614258
1770.6830828606594 1.0387166738510132
1770.7039165706576 1.0398085117340088
1770.7247502798416 1.0402164459228516
1770.7455839881914 1.040723204612732
1770.7664176957178 1.0405097007751465
1770.7872514024223 1.0397852659225464
1770.8080851083153 1.0389890670776367
1770.8289188133774 1.0373461246490479
1770.84975251762 1.035895824432373
1770.870586221043 1.0338088274002075
1770.891419923658 1.0317600965499878
1770.9122536254458 1.0294358730316162
1770.9330873264166 1.0271011590957642
1770.9539210265718 1.0244141817092896
1770.9747547259221 1.0216777324676514
1770.995588424448 1.0189889669418335
1771.0164221221603 1.0162314176559448
1771.0372558190704 1.013594627380371
1771.0580895151584 1.0107511281967163
1771.0789232104355 1.0086644887924194
1771.0997569049025 1.0061872005462646
1771.12059059857 1.0041977167129517
1771.1414242914188 1.0024906396865845
1771.1622579834602 1.0010771751403809
1771.1830916746942 0.9998541474342346
1771.2039253651321 0.9991822242736816
1771.224759054755 0.998617947101593
1771.2455927435728 0.9982700943946838
1771.2664264315972 0.9980739951133728
1771.2872601188085 0.9982064366340637
1771.3080938052178 0.9983026385307312
1771.3289274908257 0.9984985589981079
1771.3497611756432 0.9987127184867859
1771.370594859651 0.9988493323326111
1771.3914285428598 0.9990006685256958
1771.4122622252705 0.9991136193275452
1771.433095906894 0.9990649223327637
1771.4539295877112 0.9989962577819824
1771.4747632677327 0.9988431334495544
1771.4955969469697 0.9986684918403625
1771.5164306254026 0.9984338879585266
1771.537264303042 0.9982782006263733
1771.55809797989 0.9981274604797363
1771.5789316559558 0.9978693723678589
1771.599765331221 0.9975345730781555
1771.620599005697 0.997361958026886
1771.6414326793836 0.9971475005149841
1771.6622663522924 0.9968950152397156
1771.683100024404 0.9966429471969604
1771.703933695729 0.9965033531188965
1771.7247673662785 0.9963527917861938
1771.7456010360338 0.996218204498291
1771.766434705005 0.996226966381073
1771.787268373193 0.9963011145591736
1771.8081020406096 0.9963659644126892
1771.8289357072345 0.9965493083000183
1771.8497693730792 0.9969439506530762
1771.870603038155 0.997418224811554
1771.8914367024418 0.9980007410049438
1771.9122703659511 0.9988284111022949
1771.933104028684 0.9998257756233215
1771.9539376906507 1.0009738206863403
1771.9747713518327 1.002440333366394
1771.995605012241 1.0042684078216553
1772.016438671876 1.0063031911849976
1772.0372723307487 1.008912205696106
1772.0581059888407 1.0115083456039429
1772.078939646162 1.0144177675247192
1772.0997733027243 1.017500400543213
1772.1206069585082 1.0205391645431519
1772.1414406135248 1.0234047174453735
1772.1622742677748 1.026404619216919
1772.1831079212698 1.0290027856826782
1772.2039415739898 1.0313999652862549
1772.2247752259466 1.033420205116272
1772.2456088771512 1.0352575778961182
1772.2664425275839 1.0369877815246582
1772.2872761772562 1.0382713079452515
1772.3081098261696 1.0392259359359741
1772.3289434743342 1.039872169494629
1772.3497771217312 1.040246844291687
1772.3706107683724 1.0399096012115479
1772.391444414268 1.0393749475479126
1772.4122780593996 1.038925290107727
1772.4331117037782 1.037348747253418
1772.4539453474047 1.0358171463012695
1772.4956126324157 1.0314838886260986
1772.516446273793 1.0295727252960205
1772.5372799144322 1.026770830154419
1772.5581135543152 1.023757815361023
1772.5789471934531 1.0212894678115845
1772.5997808318466 1.0187950134277344
1772.6206144695072 1.0161079168319702
1772.6414481064162 1.0136287212371826
1772.6622817425844 1.0112258195877075
1772.6831153780133 1.0086615085601807
1772.7039490127142 1.0063730478286743
1772.724782646668 1.004277229309082
1772.7456162798862 1.0025101900100708
1772.7664499123803 1.0008777379989624
1772.787283544131 0.9994767904281616
1772.80811717515 0.998240053653717
1772.8289508054486 0.9978175163269043
1772.849784435008 0.9973772168159485
1772.8706180638394 0.9971638321876526
1772.8914516919447 0.9971874952316284
1772.9122853193344 0.9975420236587524
1772.9331189459906 0.9978889226913452
1772.9539525719247 0.9972348213195801
1772.9747861971478 0.9973188042640686
1772.9956198216414 0.9981308579444885
1773.0164534454173 0.9983152747154236
1773.0372870684864 0.998196005821228
1773.0581206908307 0.9983653426170349
1773.0789543124615 0.9981811046600342
1773.0997879333904 0.9979103207588196
1773.120621553599 0.9978423118591309
1773.141455173099 0.997626781463623
1773.1622887918916 0.9974567890167236
1773.1831224099788 0.9971166849136353
1773.2039560273722 0.9967820644378662
1773.2247896440533 0.996474027633667
1773.2456232600339 0.996148407459259
1773.266456875326 0.9960199594497681
1773.2872904899107 0.9954843521118164
1773.3081241038003 0.9955472350120544
1773.3289577170067 0.995293140411377
1773.3497913295114 0.9950702786445618
1773.3706249413262 0.9950982332229614
1773.3914585524635 0.9950753450393677
1773.4122921629048 0.9949861764907837
1773.433125772662 0.9948848485946655
1773.4539593817474 0.9948481321334839
1773.4747929901428 0.9956166744232178
1773.49562659786 0.9962878227233887
1773.516460204902 0.9973054528236389
1773.5372938112798 0.9982175230979919
1773.558127416976 0.9996374249458313
1773.5789610220029 1.0010366439819336
1773.5997946263628 1.0027846097946167
1773.6206282300677 1.004785180091858
1773.6414618331 1.0068491697311401
1773.6622954354723 1.0096570253372192
1773.6831290371963 1.0125614404678345
1773.703962638255 1.0155858993530273
1773.7247962386612 1.018302321434021
1773.7456298384263 1.0212322473526
1773.7664634375337 1.024114966392517
1773.787297035996 1.0267330408096313
1773.8081306338154 1.028826117515564
1773.8289642310049 1.0305238962173462
1773.8497978275475 1.0325002670288086
1773.8706314234553 1.0337162017822266
1773.8914650187417 1.03544282913208
1773.9122986133898 1.0363092422485352
1773.9331322074117 1.0364878177642822
1773.9539658008214 1.037337303161621
1773.9747993936016 1.0368425846099854
1773.9956329857653 1.03703773021698
1774.016466577326 1.0360158681869507
1774.0373001682667 1.034875512123108
1774.058133758601 1.033713936805725
1774.078967348332 1.0314034223556519
1774.0998009374737 1.0318726301193237
1774.120634526009 1.0308555364608765
1774.141468113952 1.051305890083313
1774.1623017013164 1.032849669456482
1774.1831352880859 1.0197927951812744
1774.2039688742743 1.0121005773544312
1774.2248024598957 3.977076530456543
1774.245636044934 --
1774.2664696294034 --
1774.2873032133084 --
1774.3081367966627 6.361461162567139
1774.3289703794512 --
1774.3498039616884 --
1774.3706375433887 --
1774.391471124537 --
1774.4123047051485 --
1774.4331382852374 --
1774.453971864789 --
1774.4748054438194 --
1774.4956390223426 --
1774.5164726003447 --
1774.5373061778416 --
1774.5581397548385 --
1774.5789733313513 --
1774.5998069073667 --
1774.6206404829 --
1774.6414740579678 --
1774.6623076325568 --
1774.683141206684 --
1774.7039747803656 --
1774.7248083535887 2.5327088832855225
1774.745641926371 0.9979294538497925
1774.7664754987295 0.9945120215415955
1774.7873090706519 0.9917929172515869
1774.8081426421563 0.9900640845298767
1774.8289762132601 0.9919580221176147
1774.8498097839524 0.9924324750900269
1774.8706433542511 0.9925111532211304
1774.891476924165 0.9922465682029724
1774.9123104937134 0.9932349324226379
1774.9331440628857 0.9937878251075745
1774.9539776317108 0.9947766661643982
1774.9748112001787 0.9949713349342346
1774.9956447683098 0.9951984882354736
1775.0164783361145 0.9953280687332153
1775.037311903613 0.9980120062828064
1775.058145470797 0.9970216155052185
1775.0789790376873 0.9960055351257324
1775.0998126043062 0.996761679649353
1775.1206461706454 0.997870147228241
1775.1414797367274 0.9988162517547607
1775.1623133025755 1.000096082687378
1775.1831468681826 1.0014981031417847
1775.2039804335725 1.0031194686889648
1775.2248139987694 1.0051847696304321
1775.2456475637682 1.0075163841247559
1775.2664811285938 1.0101007223129272
1775.2873146932716 1.0130071640014648
1775.3081482577986 1.0159518718719482
1775.3289818222006 1.0188500881195068
1775.3498153864955 1.0218210220336914
1775.3706489507113 1.0247855186462402
1775.3914825148458 1.027560830116272
1775.4123160789293 1.030133843421936
1775.433149642991 1.0323160886764526
1775.4539832070316 1.0342036485671997
1775.4748167710827 1.035603404045105
1775.4956503351766 1.0372923612594604
1775.5164838993157 1.0384516716003418
1775.5373174635342 1.0391461849212646
1775.5581510278673 1.0398763418197632
1775.57898459232 1.039879322052002
1775.5998181569296 1.0394772291183472
1775.6206517217333 1.0388599634170532
1775.6414852867406 1.0374913215637207
1775.6623188519907 1.0362262725830078
1775.6831524175254 1.034265398979187
1775.703985983357 1.0325216054916382
1775.724819549529 1.0303826332092285
1775.7456531160867 1.0280386209487915
1775.7664866830469 1.0252156257629395
1775.7873202504572 1.0227110385894775
1775.8081538183576 1.019784927368164
1775.8289873867998 1.0172067880630493
1775.8498209558063 1.0143475532531738
1775.8706545254424 1.0114359855651855
1775.8914880957352 1.0088000297546387
1775.9123216667433 1.0061661005020142
1775.9331552385179 1.0030460357666016
1775.9539888111226 0.9980412721633911
1775.9748223845927 0.9857540130615234
1775.9956559589962 0.9318069219589233
1776.0164895344044 0.7774600386619568
1776.0373231108601 0.2898117005825043
1776.0581566884398 --
1776.0789902672227 --
1776.0998238472607 --
1776.1206574286393 --
1776.1414910114477 --
1776.1623245957474 --
1776.1831581816343 --
1776.2039917692082 --
1776.224825358542 --
1776.2456589497428 --
1776.2664925429222 --
1776.2873261381646 --
1777.7456828288555 0.9973825812339783
1777.7665164455643 0.9975744485855103
1777.7873500590474 0.9976949691772461
1777.8081836693682 0.9977307915687561
1777.8290172765587 0.9978989362716675
1777.8498508806808 0.9980921149253845
1777.870684481796 0.9980448484420776
1777.891518079934 0.997710108757019
1777.9123516751642 0.9972683787345886
1777.9331852675157 0.9959256649017334
1777.9540188570452 0.996637225151062
1777.974852443809 0.9964848756790161
1777.9956860278328 0.9957857728004456
1778.0165196091705 0.9962170124053955
1778.037353187875 0.9955756068229675
1778.0581867639685 0.9955058097839355
1778.0790203375116 0.9952335357666016
1778.0998539085242 0.9949475526809692
1778.120687477055 0.9947562217712402
1778.1415210431517 0.9946064352989197
1778.1623546068306 0.9942221641540527
1778.1831881681376 0.9941975474357605
1778.2040217271167 0.9944786429405212
1778.2248552837818 0.9940510392189026
1778.245688838176 0.9946076273918152
1778.2665223903402 0.9947564005851746
1778.2873559402858 0.9947435259819031
1778.3081894880524 0.9953633546829224
1778.3290230336793 0.9959293007850647
1778.3498565771743 0.9963560700416565
1778.3706901185753 0.9979326725006104
1778.391523657919 0.9991590976715088
1778.4123571952107 1.0006145238876343
1778.4331907304863 1.0022130012512207
1778.45402426378 1.0039721727371216
1778.4748577950952 1.0066174268722534
1778.4956913244757 1.0092118978500366
1778.5165248519238 1.0119061470031738
1778.537358377471 1.0147963762283325
1778.5581919011488 1.0175423622131348
1778.5790254229582 1.0206873416900635
1778.599858942929 1.0233795642852783
1778.6206924610906 1.0260236263275146
1778.6415259774424 1.0283176898956299
1778.6623594920127 1.0296772718429565
1778.6831930048297 1.0318766832351685
1778.7040265158914 1.0329307317733765
1778.724860025224 1.035021185874939
1778.7456935328548 1.0355011224746704
1778.7665270387802 1.0361523628234863
1778.7873605430252 1.0357301235198975
1778.8081940456161 1.0358692407608032
1778.8290275465476 1.0353672504425049
1778.8498610458544 1.034663200378418
1778.8706945435306 1.033535361289978
1778.8915280396006 1.0317528247833252
1778.9123615340875 1.0307927131652832
1778.9331950269848 1.0285091400146484
1778.9540285183155 1.0264673233032227
1778.9748620081018 1.0238926410675049
1778.9956954963366 1.021914005279541
1779.0165289830518 1.0190101861953735
1779.037362468239 1.0163021087646484
1779.0581959519195 1.013645887374878
1779.0790294341152 1.0115268230438232
1779.0998629148162 1.0086603164672852
1779.1206963940438 1.006407380104065
1779.1415298718182 1.0039151906967163
1779.1623633481297 1.0018413066864014
1779.183196822998 1.0005719661712646
1779.2040302964438 0.9991394281387329
1779.2248637684554 0.9979532957077026
1779.245697239053 0.9969583749771118
1779.2665307082555 0.996540904045105
1779.2873641760516 0.9962228536605835
1779.3081976424705 0.9960629343986511
1779.3290311075007 0.9960556030273438
1779.34986457116 0.9961415529251099
1779.3706980334673 0.9963245987892151
1779.3915314944104 0.9964113235473633
1779.412364954007 0.996510922908783
1779.433198412275 0.9967349767684937
1779.454031869202 0.9965991973876953
1779.4748653248055 0.9967606663703918
1779.4956987791022 0.9967492818832397
1779.5165322320795 0.9967766404151917
1779.5373656837648 0.9965908527374268
1779.5581991341444 0.996353030204773
1779.579032583235 0.9962289333343506
1779.5998660310536 0.9958997964859009
1779.6206994775862 0.995875358581543
1779.6415329228491 0.9956400394439697
1779.662366366859 0.9953163862228394
1779.6831998096013 0.9951199293136597
1779.7040332510924 0.9948285818099976
1779.724866691348 0.9944751262664795
1779.745700130354 0.9942908883094788
1779.7665335681359 0.9942055344581604
1779.7873670046793 0.9941239356994629
1779.8082004399994 0.9938655495643616
1779.8290338741117 0.9941707849502563
1779.8498673070017 0.9942163228988647
1779.870700738694 0.9944780468940735
1779.8915341691738 0.9947140216827393
1779.9123675984567 0.9951384663581848
1779.9332010265568 0.9956916570663452
1779.9540344534591 0.9963141679763794
1779.9748678791789 0.997398853302002
1779.99570130373 0.9985786080360413
1780.016534727097 0.9999463558197021
1780.0373681493052 1.001429796218872
1780.058201570338 1.003598928451538
1780.0790349902104 1.005906581878662
1780.0998684089363 1.0085688829421997
1780.1207018265002 1.011339545249939
1780.1415352429158 1.014098882675171
1780.1623686581977 1.0163695812225342
1780.1832020723293 1.0194288492202759
1780.204035485325 1.021803617477417
1780.2248688971983 1.0249265432357788
1780.2457023079332 1.026546597480774
1780.2665357175533 1.0289515256881714
1780.2873691260424 1.0307340621948242
1780.3082025334143 1.0322439670562744
1780.3290359396822 1.0336112976074219
1780.3498693448296 1.034338116645813
1780.3707027488804 1.0353292226791382
1780.3915361518175 1.0356073379516602
1780.4123695536543 1.0352767705917358
1780.4332029544048 1.0348318815231323
1780.4540363540514 1.034530758857727
1780.4748697526074 1.033348560333252
1780.4957031500867 1.0316689014434814
1780.5165365464716 1.0303542613983154
1780.5373699417853 1.0286725759506226
1780.5582033360113 1.0265164375305176
1780.5790367291622 1.0242401361465454
1780.599870121251 1.02168869972229
1780.6207035122604 1.0190173387527466
1780.6415369022036 1.0166045427322388
1780.6623702910933 1.0140691995620728
1780.6832036789124 1.0114972591400146
1780.7040370656832 1.0091681480407715
1780.7248704513886 1.0067341327667236
1780.7457038360417 1.0044398307800293
1780.7665372196545 1.002464771270752
1780.7873706022099 1.0007458925247192
1780.8082039837304 0.9991594552993774
1780.8290373641985 0.9980276226997375
1780.8498707436268 0.9970612525939941
1780.8707041220277 0.9964303374290466
1780.8915374993835 0.9959169030189514
1780.9123708757068 0.9957655072212219
1780.9332042510098 0.9957056641578674
1780.9540376252749 0.9957572817802429
1780.974870998524 0.9959651231765747
1780.9957043707404 0.996200442314148
1781.0165377419353 0.9964150190353394
1781.0373711121213 0.9966540932655334
1781.0582044812807 0.9965852499008179
1781.0790378494353 0.996632993221283
1781.0998712165676 0.9966958165168762
1781.1207045826898 0.9965210556983948
1781.1415379478135 0.9963303208351135
1781.162371311921 0.9962188005447388
1781.1832046750246 0.9960831999778748
1781.2040380371361 0.9957395792007446
1781.2248713982372 0.9955649971961975
1781.24570475835 0.9952507615089417
1781.266538117457 0.9949608445167542
1781.2873714755692 0.9948506951332092
1781.308204832699 0.9945996403694153
1781.3290381888285 0.9944039583206177
1781.349871543969 0.993989884853363
1781.3707048981325 0.9939405918121338
1781.3915382513012 0.9938141107559204
1781.4123716034965 0.99388587474823
1781.4332049547 0.9937676191329956
1781.4540383049239 0.9940427541732788
1781.4748716541797 0.9942218065261841
1781.4957050024489 0.9944108724594116
1781.5165383497538 0.9947346448898315
1781.5373716960753 0.9952515363693237
1781.5582050414255 0.9959505796432495
1781.5790383858164 0.9967299103736877
1781.5998717292287 0.9981712102890015
1781.6207050716846 0.9994093775749207
1781.6415384131658 1.0008403062820435
1781.6623717536834 1.002738118171692
1781.6832050932492 1.0050196647644043
1781.7040384318448 1.0077160596847534
1781.7248717694915 1.0103181600570679
1781.745705106171 1.0130690336227417
1781.7665384419051 1.0158299207687378
1781.8082051104914 1.0204780101776123
1781.829038443367 1.0226813554763794
1781.8498717752823 1.0255941152572632
1781.870705106249 1.027221918106079
1781.891538436279 1.0284579992294312
1781.9123717653529 1.0306360721588135
1781.9332050934825 1.0320647954940796
1781.9540384206794 1.0325615406036377
1781.9748717469245 1.03317391872406
1781.9957050722392 1.0337307453155518
1782.0165383966048 1.034057855606079
1782.0373717200332 1.0345394611358643
1782.0582050425348 1.0333157777786255
1782.0790383640915 1.0322953462600708
1782.0998716847246 1.0310940742492676
1782.120705004415 1.0291601419448853
1782.141538323174 1.027474284172058
1782.1623716410134 1.0256967544555664
1782.1832049579136 1.0237879753112793
1782.2040382738965 1.0211904048919678
1782.2248715889432 1.0188302993774414
1782.2457049030645 1.0163888931274414
1782.2665382162718 1.01377272605896
1782.2873715285466 1.0113165378570557
1782.3082048399096 1.0088177919387817
1782.329038150342 1.006177544593811
1782.3498714598657 1.0037899017333984
1782.3707047684609 1.0019307136535645
1782.391538076139 1.0001381635665894
1782.4123713829117 0.9987713098526001
1782.4332046887594 0.9973259568214417
1782.4540379937034 0.9964057207107544
1782.4748712977253 0.995768666267395
1782.4957046008353 0.9951450228691101
1782.516537903045 0.9951217770576477
1782.5373712043358 0.9949101209640503
1782.558204504728 0.9950599074363708
1782.5790378042032 0.9952713847160339
1782.5998711027726 0.995573103427887
1782.6207044004466 0.9955271482467651
1782.6415376972068 0.995809018611908
1782.662370993074 0.9956504106521606
1782.6832042880292 0.9958328604698181
1782.7040375820836 0.9959093928337097
1782.7248708752481 0.995792031288147
1782.7457041675036 0.9956768751144409
1782.7665374588712 0.995421826839447
1782.787370749332 0.9952268600463867
1782.8082040388967 0.9951395392417908
1782.8290373275768 0.9949601292610168
1782.8498706153525 0.9946354031562805
1782.8707039022456 0.9946767687797546
1782.8915371882365 0.9942469596862793
1782.912370473336 0.9940938353538513
1782.933203757556 0.9936524629592896
1782.9540370408763 0.9936105608940125
1782.9748703233186 0.9934508800506592
1782.9957036048636 0.9934458136558533
1783.016536885522 0.9934622049331665
1783.037370165305 0.9932673573493958
1783.0582034441936 0.9934002161026001
1783.0790367222085 0.9937082529067993
1783.0998699993306 0.9938566088676453
1783.120703275571 0.9940890669822693
1783.1415365509404 0.994625985622406
1783.1623698254198 0.9955426454544067
1783.1832030990302 0.9962541460990906
1783.2040363717522 0.9973148107528687
1783.2248696435968 0.9985147714614868
1783.245702914575 1.000067949295044
1783.2665361846675 1.001781702041626
1783.2873694538953 1.0036355257034302
1783.3082027222395 1.006030559539795
1783.3290359897203 1.0089707374572754
1783.3498692563192 1.0116987228393555
1783.3707025220567 1.0141764879226685
1783.391535786914 1.0172338485717773
1783.4123690509014 1.0201518535614014
1783.4332023140303 1.0226823091506958
1783.454035576281 1.0248041152954102
1783.4748688376649 1.0269250869750977
1783.4957020981926 1.0288355350494385
1783.5165353578448 1.0299984216690063
1783.5373686166424 1.0314669609069824
1783.5582018745665 1.0332387685775757
1783.5790351316377 1.033445954322815
1783.5998683878368 1.034226417541504
1783.6207016431747 1.0344374179840088
1783.641534897662 1.0340288877487183
1783.6623681512797 1.0337166786193848
1783.6832014040488 1.0327796936035156
1783.70403465595 1.0312813520431519
1783.7248679069937 1.029679775238037
1783.7457011571912 1.0281327962875366
1783.7665344065235 1.0266815423965454
1783.7873676550107 1.024339199066162
1783.808200902634 1.0221141576766968
1783.8290341494146 1.0192334651947021
1783.8498673953325 1.0167179107666016
1783.870700640399 1.0143989324569702
1783.891533884625 1.0121147632598877
1783.9123671279908 1.0097675323486328
1783.9332003705176 1.0073095560073853
1783.9540336121863 1.0049463510513306
1783.9748668530074 1.002933382987976
1783.9957000929915 1.0007171630859375
1784.0165333321202 0.99920254945755
1784.0373665704135 0.9980522394180298
1784.0581998078524 0.9970143437385559
1784.0790330444581 0.9960576891899109
1784.099866280211 0.9957696795463562
1784.1206995151217 0.9952558875083923
1784.1415327492018 0.995191216468811
1784.162365982431 0.9954176545143127
1784.1831992148311 0.9956705570220947
1784.2040324463826 0.9957609176635742
1784.2248656771058 0.9959177374839783
1784.245698906982 0.996160089969635
1784.266532136022 0.996030330657959
1784.2873653642364 0.996239185333252
1784.3081985916058 0.9962631464004517
1784.3290318181519 0.9962006211280823
1784.3498650438544 0.9960323572158813
1784.3706982687245 0.9959092736244202
1784.3915314927735 0.9957647919654846
1784.4123647159815 0.9954437017440796
1784.4331979383696 0.9954267740249634
1784.4540311599187 0.9950134754180908
1784.47486438065 0.9947687387466431
1784.4956976005433 0.9946171641349792
1784.51653081961 0.9941810965538025
1784.5373640378612 0.9941642880439758
1784.558197255277 0.9940431714057922
1784.579030471879 0.9935651421546936
1784.5998636876475 0.993542492389679
1784.6206969025934 0.9937294125556946
1784.6415301167278 0.9936496019363403
1784.6623633300314 0.993621289730072
1784.6831965425247 0.9938212633132935
1784.704029754189 0.9940004348754883
1784.724862965045 0.9944124817848206
1784.7456961750736 0.9948199987411499
1784.7665293842854 0.995445728302002
1784.7873625926916 0.9963406324386597
1784.8081958002726 0.9970805644989014
1784.8290290070497 0.9984822273254395
1784.849862213004 0.9999444484710693
1784.8706954181555 1.001628041267395
1784.8915286224856 1.003708839416504
1784.9123618260153 1.005849838256836
1784.9331950287253 1.0085023641586304
1784.9540282306264 1.0112669467926025
1784.9748614317298 1.0140405893325806
1784.995694632016 1.017008900642395
1785.016527831506 1.0197261571884155
1785.0373610301813 1.022223711013794
1785.058194228062 1.0247758626937866
1785.0790274251292 1.0271072387695312
1785.099860621394 1.02882719039917
1785.1206938168675 1.0304136276245117
1785.1415270115303 1.0319427251815796
1785.1623602054037 1.032670021057129
1785.1831933984683 1.033535361289978
1785.2040265907353 1.0340521335601807
1785.2248597822154 1.034809947013855
1785.24569297289 1.0342562198638916
1785.2665261627797 1.0340827703475952
1785.2873593518655 1.0331153869628906
1785.3081925401689 1.0320576429367065
1785.3290257276701 1.0304127931594849
1785.3498589143805 1.0288589000701904
1785.3706921003115 1.027204990386963
1785.3915252854435 1.0252286195755005
1785.412358469798 1.0227867364883423
1785.4331916533558 1.0202581882476807
1785.454024836138 1.0177704095840454
1785.4748580181256 1.01505708694458
1785.49569119934 1.0127015113830566
1785.516524379762 1.010168194770813
1785.5373575594024 1.0079622268676758
1785.5581907382732 1.0057525634765625
1785.5790239163546 1.0036274194717407
1785.5998570936683 1.001623272895813
1785.6206902701954 0.9998723864555359
1785.6415234459566 0.9984654188156128
1785.6623566209335 0.9974443316459656
1785.6831897951474 0.9965415596961975
1785.704022968579 0.9961320757865906
1785.7248561412398 0.9957525134086609
1785.7456893131412 0.9955490827560425
1785.7665224842638 0.9956701993942261
1785.8081888242193 0.9955028295516968
1785.8290219930545 0.995546817779541
1785.8498551611162 0.9958691596984863
1785.8706883284265 0.9959806799888611
1785.8915214949654 0.9959700107574463
1785.9123546607452 0.9961180686950684
1785.9331878257772 0.9960073828697205
1785.9540209900426 0.9958410263061523
1785.9748541535625 0.9956077933311462
1785.9956873163187 0.9955511093139648
1786.016520478333 0.9953990578651428
1786.0373536395857 0.9951642155647278
1786.0581868000893 0.9948926568031311
1786.0790199598548 0.9947616457939148
1786.0998531188638 0.9944833517074585
1786.120686277138 0.9942469000816345
1786.141519434659 0.9941579699516296
1786.1623525914476 0.9939191341400146
1786.1831857474863 0.99368816614151
1786.2040189027966 0.9936328530311584
1786.2248520573596 0.9935908913612366
1786.2456852111875 0.9934632778167725
1786.2665183642919 0.9934279918670654
1786.287351516654 0.9936425685882568
1786.3081846682962 0.9937630295753479
1786.3290178192003 0.9942833185195923
1786.3498509693877 0.994541347026825
1786.37068411884 0.9952014684677124
1786.39151726758 0.9959227442741394
1786.4123504155887 0.9969920516014099
1786.4331835628782 0.9980518221855164
1786.4540167094608 0.9997023344039917
1786.474849855318 1.0013141632080078
1786.4956830004724 1.002821922302246
1786.5165161449058 1.0052528381347656
1786.53734928864 1.007939338684082
1786.558182431657 1.011165738105774
1786.57901557398 1.0134707689285278
1786.59984871559 1.0166867971420288
1786.6206818565 1.0193991661071777
1786.641514996722 1.0219194889068604
1786.6623481362383 1.0247019529342651
1786.683181275071 1.0265066623687744
1786.7040144132031 1.0284255743026733
1786.7248475506567 1.029815435409546
1786.7456806874145 1.031473994255066
1786.7665138234986 1.032906174659729
1786.7873469588922 1.033760905265808
1786.8081800936175 1.0343856811523438
1786.8290132276572 1.03466796875
1786.8498463610244 1.0347015857696533
1786.8706794937316 1.034104347229004
1786.8915126257616 1.033473253250122
1786.9123457571377 1.0326554775238037
1786.9331788878426 1.0311408042907715
1786.9540120178992 1.029528021812439
1786.9748451472913 1.0279966592788696
1786.9956782760312 1.0257861614227295
1787.0165114041324 1.023798942565918
1787.0373445315786 1.0214310884475708
1787.0581776583927 1.0185707807540894
1787.0790107845582 1.0164334774017334
1787.0998439100993 1.013502836227417
1787.1206770349986 1.0111029148101807
1787.1415101592804 1.00861394405365
1787.1623432829285 1.0064224004745483
1787.1831764059664 1.0042020082473755
1787.2040095283783 1.0021167993545532
1787.2248426501885 1.0004514455795288
1787.2456757713803 0.9988901615142822
1787.2665088919687 0.9976192116737366
1787.2873420119681 0.9970001578330994
1787.3081751313623 0.9965084791183472
1787.329008250176 0.9961375594139099
1787.3498413683944 0.9957725405693054
1787.3706744860417 0.9958839416503906
1787.391507603103 0.9959849715232849
1787.4123407196032 0.9962673187255859
1787.433173835528 0.9964614510536194
1787.4540069508917 0.9967764616012573
1787.4748400657104 0.9968007206916809
1787.4956731799796 0.9968869686126709
1787.5165062936949 0.9969510436058044
1787.5373394068718 0.9969131946563721
1787.558172519527 0.9968307614326477
1787.5790056316462 0.996655285358429
1787.5998387432555 0.9965179562568665
1787.6206718543422 0.9963892698287964
1787.6415049649322 0.9961423873901367
1787.662338075013 0.9958593845367432
1787.6831711846112 0.9957229495048523
1787.7040042937142 0.9954562187194824
1787.7248374023497 0.9952413439750671
1787.7456705105053 0.9949454665184021
1787.7665036181986 0.9947623610496521
1787.7873367254483 0.994671642780304
1787.8081698322426 0.9943855404853821
1787.8290029386098 0.9943163990974426
1787.8498360445394 0.9943594932556152
1787.8706691500604 0.9944359660148621
1787.891502255162 0.994350254535675
1787.9123353598745 0.9944561123847961
1787.9331684641877 0.9948662519454956
1787.954001568132 0.9952947497367859
1787.974834671698 0.9958537817001343
1787.9956677749176 0.9964757561683655
1788.0165008777813 0.9974320530891418
1788.0373339803114 0.9984821081161499
1788.0581670825304 0.9997771382331848
1788.0790001844305 1.0014320611953735
1788.099833286045 1.0032912492752075
1788.1206663873675 1.0055389404296875
1788.1414994884321 1.0079103708267212
1788.162332589233 1.0107836723327637
1788.183165689806 1.013620138168335
1788.2039987901462 1.0163652896881104
1788.2248318902896 1.0191279649734497
1788.245664990233 1.021830439567566
1788.2664980900145 1.0247151851654053
1788.2873311896315 1.026820182800293
1788.3081642891227 1.0286755561828613
1788.328997388488 1.0303690433502197
1788.3498304877571 1.032005786895752
1788.3706635869612 1.033552646636963
1788.3914966861028 1.0342146158218384
1788.4123297852234 1.0350106954574585
1788.4331628843274 1.0351675748825073
1788.4539959834597 1.0352232456207275
1788.4748290826253 1.0347673892974854
1788.495662181871 1.0342892408370972
1788.5164952812052 1.0330822467803955
1788.5373283806762 1.03183913230896
1788.5581614802945 1.0301969051361084
1788.5789945801123 1.0285249948501587
1788.5998276801417 1.026498794555664
1788.6206607804377 1.0241450071334839
1788.6414938810165 1.0215227603912354
1788.6623269819354 1.0191001892089844
1788.683160083214 1.0166586637496948
1788.7039931849038 1.0138962268829346
1788.7248262870576 1.011265754699707
1788.745659389701 1.0088119506835938
1788.7664924929013 1.0066100358963013
1788.787325596688 1.004104733467102
1788.8081587011336 1.0019997358322144
1788.8289918062733 1.000108003616333
1788.8498249121835 0.9979430437088013
1788.8706580189055 0.9966771006584167
1788.8914911265222 0.9953518509864807
1788.9123242350809 0.9940275549888611
1788.9331573446711 0.9918196201324463
1788.9539904553471 0.9846490621566772
1788.9748235672064 0.967352032661438
1788.9956566803103 0.8815575838088989
1789.016489794765 0.598205029964447
1789.0373229106413 --
1789.058156028044 --
1789.0789891470843 --
1789.099822267857 --
1789.1206553904638 --
1789.1414885150316 --
1789.1623216416938 --
1789.2039879017843 --
1789.224821035492 --
1789.245654171851 --
1789.2664873109984 --
1789.2873204531177 --
1789.3081535983588 --
1789.3289867469189 --
1789.349819898961 --
1789.3706530546938 --
1789.391486214291 --
1789.41231937797 --
1789.43315254591 --
1789.453985718321 --
1789.4748188954109 --
1789.495652077362 --
1789.5164852643486 --
1789.5373184565526 --
1789.5581516541376 --
1789.5789848572144 --
1789.5998180659049 --
1789.6206512802548 --
1789.6414845003076 0.9979282021522522
1789.6623177260162 0.9994112849235535
1789.6831509573185 1.001318097114563