1790.6808247439137 1.0001691579818726
1790.7016581245475 0.9997919201850891
1790.7224915031659 0.9995928406715393
1790.7433248799307 0.9993586540222168
1790.7641582548 0.9999175667762756
1790.784991627898 0.9992542266845703
1790.8058249991923 0.9994243383407593
1790.8266583687998 0.9996868968009949
1790.8474917366875 0.9991881847381592
1790.8683251029663 0.9986804723739624
1790.8891584676026 0.9989092946052551
1790.9099918307018 0.9982441067695618
1790.9308251922291 0.9987295269966125
1790.9516585522852 0.998367965221405
1790.972491910835 0.9980772733688354
1790.9933252679737 0.9982714653015137
1791.0141586236666 0.9989759922027588
1791.0349919780044 0.9990963935852051
1791.055825330952 0.9985530376434326
1791.0766586825962 0.9983543157577515
1791.0974920329015 0.9981940388679504
1791.3891588117967 1.0071876049041748
1791.409992144914 1.0048719644546509
1791.430825476992 1.0051339864730835
1791.45165880809 1.007183313369751
1791.472492138176 1.0069935321807861
1791.493325467307 1.0070765018463135
1791.5141587954508 1.0067962408065796
1791.5349921226637 1.0076141357421875
1791.555825448913 1.007378101348877
1791.5766587742532 1.007511019706726
1791.5974920986523 1.0069576501846313
1791.6183254221626 1.0048952102661133
1791.6391587447526 1.0048662424087524
1791.6599920664735 1.0047717094421387
1791.6808253872941 1.0049946308135986
1791.7016587072635 1.002707839012146
1791.7224920263513 1.0041770935058594
1791.7433253446052 1.0031180381774902
1791.7641586619948 1.0030938386917114
1791.784991978567 1.0038944482803345
1791.8058252942917 1.0029888153076172
1791.826658609214 1.0031516551971436
1791.8474919233045 1.003798007965088
1791.8683252366072 1.0024052858352661
1791.8891585490928 1.0036191940307617
1791.9099918608047 1.002831220626831
1791.9308251717136 1.00253164768219
1791.9516584818614 1.0018094778060913
1791.9724917912197 1.0023077726364136
1791.9933250998295 1.0024936199188232
1792.014158407662 1.002126932144165
1792.034991714758 1.002623200416565
1792.0558250210747 1.0020707845687866
1792.0766583266518 1.0023820400238037
1792.0974916314904 1.001203179359436
1792.1183249356275 1.0017235279083252
1792.139158239022 1.0012906789779663
1792.1599915417114 1.0018625259399414
1792.1808248436691 1.001577615737915
1792.2016581449413 1.0013890266418457
1792.2224914454714 1.0022600889205933
1792.2433247453353 1.0019187927246094
1792.2641580444663 1.0008659362792969
1792.2849913429297 1.0016305446624756
1792.30582464069 1.0012993812561035
1792.326657937791 1.0008431673049927
1792.347491234177 1.0007025003433228
1792.3683245299217 1.0008991956710815
1792.3891578249597 1.0014190673828125
1792.4099911193543 1.000549077987671
1792.4308244130702 1.0005903244018555
1792.45165770614 1.000618815422058
1792.4724909985387 1.0009735822677612
1792.4933242903078 1.0001412630081177
1792.514157581393 1.0002378225326538
1792.5349908718558 1.0005464553833008
1792.555824161662 1.000022053718567
1792.5766574508518 1.000388503074646
1792.5974907393716 1.001071572303772
1792.6183240272915 0.9996859431266785
1792.6391573145472 0.9998780488967896
1792.6599906012093 1.0009783506393433
1792.6808238872138 0.9998663067817688
1792.7016571726301 0.9990980625152588
1792.7224904573948 1.0004992485046387
1792.7433237415764 0.9999868273735046
1792.7641570251121 1.0003327131271362
1792.7849903080705 0.9998641610145569
1792.8058235903886 1.000923991203308
1792.8266568721342 0.9997462034225464
1792.8474901532447 1.0000814199447632
1792.8683234337877 0.9998599290847778
1792.8891567137005 1.000254511833191
1792.9099899930507 1.0001224279403687
1792.9308232717758 1.0001012086868286
1792.9516565499428 0.999515950679779
1792.9724898274894 0.999698281288147
1792.9933231044822 1.000008225440979
1793.014156380859 0.9995670318603516
1793.0349896566865 1.0004035234451294
1793.0558229319029 0.9997276663780212
1793.0766562065737 1.000190258026123
1793.0974894806477 1.0000746250152588
1793.1183227541599 1.0007106065750122
1793.1391560270793 1.0004794597625732
1793.1599892994611 1.0001838207244873
1793.1808225712443 1.00030517578125
1793.2016558424934 1.0000073909759521
1793.2224891131577 1.000391960144043
1793.2433223832716 1.00038480758667
1793.2641556528042 1.0002449750900269
1793.28498892181 1.0002248287200928
1793.3058221902286 1.0001248121261597
1793.3266554581237 0.999036967754364
1793.3474887254447 0.9999703764915466
1793.3683219922254 1.0002355575561523
1793.3891552584457 1.0001626014709473
1793.409988524129 0.999772310256958
1793.430821789255 0.999426007270813
1793.4516550538472 0.9993644952774048
1793.4724883178856 0.9996494054794312
1793.4933215813928 1.0009626150131226
1793.5141548443492 1.0000141859054565
1793.5349881067775 0.9997864961624146
1793.5558213686584 1.000152349472046
1793.576654630024 1.0000908374786377
1793.5974878908248 0.9996857643127441
1793.6183211511232 1.0001887083053589
1793.6391544108594 0.9998955726623535
1793.6599876700961 1.0000909566879272
1793.680820928774 1.0002588033676147
1793.7016541869543 0.9999314546585083
1793.7224874445787 0.9997109770774841
1793.7433207017082 0.9998058080673218
1793.764153958284 1.000270128250122
1793.7849872143677 0.9999980330467224
1793.8058204699005 0.9995176196098328
1793.8266537249435 0.9999292492866516
1793.8474869794381 1.0001232624053955
1793.8683202334453 1.0001696348190308
1793.889153486906 1.0000758171081543
1793.909986739882 0.9991190433502197
1793.9308199923146 1.0001482963562012
1793.951653244264 1.0002776384353638
1793.9724864956725 1.0000771284103394
1794.0141529969883 0.9992964267730713
1794.0349862468984 0.9992531538009644
1794.0558194962719 1.0004087686538696
1794.0766527451688 0.9992560744285583
1794.0974859935413 0.999550461769104
1794.1183192414194 1.000134825706482
1794.139152488785 1.0000033378601074
1794.159985735658 0.9997182488441467
1794.1808189820213 1.00030517578125
1794.2016522278936 0.9996499419212341
1794.222485473258 0.999815046787262
1794.2433187181339 1.0003066062927246
1794.2641519625033 0.9999382495880127
1794.2849852063864 0.9998320937156677
1794.3058184497652 1.0000444650650024
1794.326651692659 0.9998804926872253
1794.347484935051 1.0000598430633545
1794.3683181769593 0.9999191761016846
1794.3891514183676 1.0001177787780762
1794.4099846592944 0.9987810850143433
1794.430817899723 1.0000168085098267
1794.4516511396819 0.9994409680366516
1794.4724843791244 0.9997915029525757
1794.4933176181087 0.9995672106742859
1794.514150856578 1.0002062320709229
1794.5349840945914 0.9997069239616394
1794.5558173320917 0.9996029734611511
1794.5766505691372 0.999056875705719
1794.5974838056718 0.9999796152114868
1794.618317041753 0.9995049238204956
1794.6391502773247 0.9998937249183655
1794.6599835124448 1.000269889831543
1794.6808167470574 0.9997370839118958
1794.7016499812198 0.9995399117469788
1794.722483214886 0.9993274807929993
1794.7433164480838 0.9994153380393982
1794.7641496807869 0.9998528957366943
1794.7849829130432 0.9998006224632263
1794.8058161447966 1.0004996061325073
1794.8266493761046 0.999648928642273
1794.8474826069212 0.9992965459823608
1794.8683158372737 0.9999898076057434
1794.889149067146 0.9992929100990295
1794.909982296556 0.9998401403427124
1794.930815525488 0.9993107318878174
1794.9516487539588 0.9113227128982544
1794.9724819819528 0.9999526143074036
1794.9933152094968 0.9992128014564514
1795.0141484365456 0.9996249079704285
1795.034981663156 0.9999814033508301
1795.055814889271 0.9994112253189087
1795.0766481149471 1.0000054836273193
1795.097481340133 1.0004985332489014
1795.1183145648845 1.000034213066101
1795.139147789145 0.999940037727356
1795.1599810129712 0.9995788335800171
1795.1808142363082 0.999110758304596
1795.201647459212 1.0002962350845337
1795.2224806816278 0.999310314655304
1795.2433139036118 0.9996196627616882
1795.264147125109 1.0000622272491455
1795.2849803461756 0.9991207122802734
1795.3058135667673 0.9999904036521912
1795.3266467869096 0.999076247215271
1795.347480006588 0.9997603893280029
1795.3683132258184 0.9996926188468933
1795.389146444586 0.9996574521064758
1795.4099796629073 0.99965500831604
1795.4308128807672 0.999997079372406
1795.4516460981818 0.9993552565574646
1795.4724793151363 0.9988424777984619
1795.4933125316566 1.0003854036331177
1795.5141457476982 0.9997662901878357
1795.534978963307 0.999541699886322
1795.5558121784584 1.0000594854354858
1795.576645393178 0.9998865127563477
1795.5974786074219 0.999757707118988
1795.6183118212448 0.9993011355400085
1795.6391450345932 0.9998664855957031
1795.659978247522 0.9999473690986633
1795.6808114599776 0.999786913394928
1795.701644672015 1.00039541721344
1795.72247788358 1.0002611875534058
1795.7433110947281 0.9991368055343628
1795.7641443054154 0.9998629689216614
1795.7849775156667 0.9988722801208496
1795.8058107254685 0.9994993805885315
1795.8266439348356 0.9999193549156189
1795.8474771437543 0.9999974966049194
1795.8683103522394 0.9994245767593384
1795.8891435602773 1.0000301599502563
1795.9099767678829 0.9994531273841858
1795.9308099750426 0.9992249608039856
1795.9516431817713 0.9995196461677551
1795.9724763880552 0.9995203018188477
1795.993309593909 0.9993508458137512
1796.0141427993196 1.0001072883605957
1796.0349760043107 0.9999151825904846
1796.0558092088402 0.9997438788414001
1796.0766424129617 1.0002820491790771
1796.0974756166224 0.9992654323577881
1796.1183088198766 0.9991024732589722
1796.139142022671 0.9996275901794434
1796.1599752250595 0.9994754791259766
1796.1808084269899 1.0000460147857666
1796.201641628516 0.999197781085968
1796.2224748295948 0.9996722340583801
1796.2433080302503 0.9993282556533813
1796.26414123047 0.9998204112052917
1796.284974430267 0.999663233757019
1796.30580762963 0.9997690916061401
1796.3266408285717 0.999329149723053
1796.34747402708 0.9994093775749207
1796.3683072251683 0.9990473389625549
1796.3891404228245 0.9995490312576294
1796.409973620062 0.9998773336410522
1796.4308068168684 0.9987174272537231
1796.4516400132572 0.9996658563613892
1796.4724732092166 0.9995368123054504
1796.493306404769 0.9997327327728271
1796.5141395998735 0.9993396997451782
1796.5349727945822 0.9998838305473328
1796.5558059888438 0.9987866282463074
1796.5766391827115 0.9996072053909302
1796.597472376143 0.9998933672904968
1796.6183055691615 1.0001635551452637
1796.6391387617555 1.000085711479187
1796.6599719539372 0.9996182918548584
1796.680805145696 0.9999913573265076
1796.7016383370437 0.9988957047462463
1796.7224715279697 0.999688446521759
1796.743304718486 0.9991330504417419
1796.7641379085812 0.999096155166626
1796.784971098268 0.9995428919792175
1796.8058042875355 0.9995062947273254
1796.8266374764057 0.9990925192832947
1796.8474706648378 0.999885618686676
1796.8683038528839 0.9990494251251221
1796.8891370404929 0.9997120499610901
1796.9099702277172 0.9997419118881226
1796.9308034145058 0.9992643594741821
1796.951636600911 0.9996947050094604
1796.9724697868917 0.999782145023346
1796.99330297247 0.9997658729553223
1797.0141361576354 0.9991216063499451
1797.0349693423996 0.9997236132621765
1797.0558025267521 0.9994187355041504
1797.076635710705 0.9993603229522705
1797.0974688942474 0.9998828768730164
1797.1183020773915 0.9999417662620544
1797.1391352601263 0.9993379712104797
1797.1599684424639 0.999481201171875
1797.1808016243938 0.9998103976249695
1797.2016348059378 0.9993954300880432
1797.2224679870558 0.9996533393859863
1797.2433011677988 0.9994282722473145
1797.264134348117 0.999866247177124
1797.2849675280618 0.9993564486503601
1797.3058007075833 0.9996986985206604
1797.326633886733 0.9998772144317627
1797.3474670654703 0.9991653561592102
1797.368300243817 1.0001779794692993
1797.3891334217633 0.9996039867401123
1797.4099665993201 0.9994199872016907
1797.430799776478 1.000536561012268
1797.4516329532478 0.999163806438446
1797.4724661296202 0.9998342394828796
1797.493299305606 1.0001392364501953
1797.5141324811957 0.9996500611305237
1797.53496565641 0.99917072057724
1797.55579883121 0.999608039855957
1797.5766320056464 1.0001661777496338
1797.5974651796696 0.9995386600494385
1797.6182983533306 0.9995779395103455
1797.6391315265805 0.9997079968452454
1797.659964699469 0.9995377659797668
1797.680797871948 0.9996234774589539
1797.7016310440679 0.9996656179428101
1797.7224642157894 0.9993011355400085
1797.7432973871332 0.9997435212135315
1797.7641305580905 0.9996484518051147
1797.7849637286713 0.9995352029800415
1797.8057968988676 0.9992332458496094
1797.826630068689 0.9993260502815247
1797.8474632381274 0.9998717308044434
1797.8682964072025 0.9997451305389404
1797.8891295758765 0.9997591972351074
1797.9099627441985 0.9995735287666321
1797.9307959121213 0.9997743368148804
1797.9516290796942 0.999659538269043
1797.9724622468693 1.000101089477539
1797.9932954136962 1.0000293254852295
1798.0141285801371 1.0001513957977295
1798.0349617462111 0.9993682503700256
1798.0557949119116 0.9993364810943604
1798.076628077247 0.9998300671577454
1798.0974612422106 1.0001987218856812
1798.118294406821 0.9994876980781555
1798.139127571041 0.9995368123054504
1798.1599607349197 0.9995407462120056
1798.1807938984105 0.9992803931236267
1798.2016270615616 1.0000580549240112
1798.2224602243268 0.9999868869781494
1798.2432933867542 0.9991436004638672
1798.2641265487978 0.999955415725708
1798.2849597105053 1.0004125833511353
1798.305792871841 1.0004794597625732
1798.326626032823 0.9995452165603638
1798.3474591934455 1.0001516342163086
1798.3682923537158 0.9999563097953796
1798.3891255136289 1.0002285242080688
1798.4099586731918 0.9994668364524841
1798.4307918323998 0.9995779395103455
1798.45162499127 1.0002291202545166
1798.4724581497671 1.0003018379211426
1798.493291307939 0.9999298453330994
1798.51412446574 1.0001170635223389
1798.5349576232175 1.0003424882888794
1798.555790780327 0.9994690418243408
1798.5766239371153 0.9994938373565674
1798.597457093548 0.9997541308403015
1798.6182902496416 0.9993292093276978
1798.6391234053924 0.9995543360710144
1798.6599565608062 1.0000954866409302
1798.6807897158797 0.9990576505661011
1798.701622870619 1.0000195503234863
1798.7224560250206 1.0002615451812744
1798.7432891791002 1.000387191772461
1798.7641223328249 1.0002996921539307
1798.7849554862403 0.9998018145561218
1798.8057886393033 0.9994031190872192
1798.8266217920598 0.9995772242546082
1798.847454944477 1.000503420829773
1798.8682880965703 1.000400424003601
1798.8891212483368 0.9995997548103333
1798.9099543997822 0.9989754557609558
1798.9307875509041 1.0003712177276611
1798.951620701708 0.9997978210449219
1798.9724538521914 0.9991230964660645
1798.9932870023692 0.9998067617416382
1799.0141201522101 0.9994189143180847
1799.0349533017582 0.9997615814208984
1799.0557864509863 0.9994194507598877
1799.0766195999374 0.99982750415802
1799.0974527485448 1.0003381967544556
1799.1182858968532 0.9996428489685059
1799.1391190448446 0.9993143677711487
1799.1599521925332 1.0000807046890259
1799.1807853399187 0.9993655681610107
1799.2016184870042 0.8878347873687744
1799.2224516337903 1.0002212524414062
1799.2432847802804 0.9998689889907837
1799.2641179264747 1.000079870223999
1799.284951072376 1.0003392696380615
1799.3057842179858 1.000326156616211
1799.3266173633167 0.9994688034057617
1799.3474505083402 0.9991211891174316
1799.3682836530982 1.0001838207244873
1799.389116797553 0.9996335506439209
1799.4099499417464 0.9999695420265198
1799.430783085651 0.9999904632568359
1799.4516162292782 0.9999198317527771
1799.4724493726312 1.000037670135498
1799.4932825157111 0.9996229410171509
1799.5141156585212 0.9999220967292786
1799.5349488010625 0.9998557567596436
1799.555781943339 1.000522494316101
1799.5766150853615 1.0003647804260254
1799.5974482271042 0.9997316002845764
1799.6182813686073 0.9998674392700195
1799.6391145098357 1.0003262758255005
1799.6599476508293 1.0004491806030273
1799.6807807915638 1.0007147789001465
1799.7016139320485 1.0008524656295776
1799.72244707229 0.9989681243896484
1799.7432802122967 1.0002728700637817
1799.7641133520453 1.0008351802825928
1799.7849464915753 1.000299334526062
1799.8057796308533 1.0005921125411987
1799.826612769918 0.9997107982635498
1799.8474459087372 1.0000255107879639
1799.8682790473488 1.0004976987838745
1799.8891121857314 1.0006357431411743
1799.9099453238923 1.0019350051879883
1799.9307784618416 1.0006221532821655
1799.9516115995752 1.0002846717834473
1799.972444737104 1.000775933265686
1799.9932778744342 1.0011712312698364
1800.0141110115464 1.0012925863265991
1800.034944148477 1.000359058380127
1800.0557772851978 1.0005685091018677
1800.076610421744 1.0011966228485107
1800.0974435580883 1.0000526905059814
1800.1182766942654 1.0023608207702637
1800.1391098302588 1.001121163368225
1800.1599429660732 1.0013427734375
1800.1807761017228 1.000318169593811
1800.2016092372012 1.0003890991210938
1800.2224423725243 1.0008857250213623
1800.2432755076943 1.0005697011947632
1800.2641086426986 1.0018657445907593
1800.2849417775692 1.0009771585464478
1800.3266080468745 1.00112783908844
1800.34744118132 1.0006673336029053
1800.3682743156505 1.0006722211837769
1800.3891074498572 1.0010684728622437
1800.4099405839393 1.0008596181869507
1800.4307737179192 1.001103162765503
1800.4516068517955 1.0014115571975708
1800.472439985562 1.0016400814056396
1800.493273119246 1.0021084547042847
1800.5141062528326 1.0009111166000366
1800.534939386349 1.0014432668685913
1800.555772519782 1.001498818397522
1800.5766056531572 1.00205659866333
1800.5974387864733 1.0019298791885376
1800.6182719197247 1.0021451711654663
1800.6391050529419 1.0021191835403442
1800.6599381861088 1.0009400844573975
1800.6807713192577 1.0017719268798828
1800.7016044523805 1.0023767948150635
1800.7224375854823 1.0004913806915283
1800.743270718584 1.0022584199905396
1800.7641038516822 1.002337098121643
1800.7849369847968 1.0015243291854858
1800.805770117927 1.0034070014953613
1800.8266032510912 1.0023430585861206
1800.847436384301 1.0033296346664429
1800.8682695175432 1.0022159814834595
1800.8891026508625 1.0030748844146729
1800.9099357842338 1.0029547214508057
1800.930768917705 1.0031404495239258
1800.9516020512594 1.002524971961975
1800.9724351849177 1.0030267238616943
1800.9932683186912 1.0023137331008911
1801.0141014525943 1.003822684288025
1801.0349345866368 1.0032298564910889
1801.0557677208465 1.0039960145950317
1801.0766008552005 1.004650592803955
1801.0974339897612 1.0030192136764526
1801.1182671244935 1.0049971342086792
1801.1391002594632 1.0038461685180664
1801.1599333946442 1.0036929845809937
1801.1807665300764 1.004041314125061
1801.2015996657606 1.0043354034423828
1801.2224328017421 1.001659870147705
1801.243265937989 1.0046004056930542
1801.2640990745817 1.0033127069473267
1801.2849322114757 1.0042918920516968
1801.3057653487576 1.0050764083862305
1801.326598486389 1.0043314695358276
1801.3474316244333 1.005700707435608
1801.3682647628784 1.0060354471206665
1801.3890979017847 1.0055147409439087
1801.409931041137 1.0059105157852173
1801.430764181003 1.0073939561843872
1801.451597321363 1.0072604417800903
1801.472430462303 1.0080153942108154
1801.4932636037697 1.0081926584243774
1801.5140967458874 1.0092331171035767
1801.5349298885887 1.0087472200393677
1801.5557630320077 1.0090197324752808
1801.576596176081 1.0094074010849
1801.5974293209244 1.0113967657089233
1801.6182624664991 1.0117113590240479
1801.639095612932 1.0127321481704712
1801.6599287601484 1.012811541557312
1801.6807619083186 1.0139594078063965
1801.701595057351 1.015273094177246
1801.7224282074294 1.0184661149978638
1801.743261358466 1.0208088159561157
1801.764094510629 1.0197968482971191
1801.7849276638538 1.0233880281448364
1801.8057608183144 1.0247362852096558
1801.8265939739376 1.030258059501648
1801.847427130926 1.0307245254516602
1801.8682602891668 1.0344983339309692
1801.8890934489111 1.0377168655395508
1801.9099266100272 1.037155032157898
1801.930759772786 1.0422794818878174
1801.9515929370543 1.0480438470840454
1801.9724261030947 1.047675609588623
1801.9932592707926 1.0552897453308105
1802.0140924404207 1.0599582195281982
1802.0349256118534 1.0657793283462524
1802.0557587853873 1.0681877136230469
1802.0765919608834 1.0706695318222046
1802.0974251386556 1.078137993812561
1802.1182583185227 1.0825531482696533
1802.139091500853 1.0844937562942505
1802.1807578726646 1.090455174446106
1802.201591062311 1.0928752422332764
1802.2224242547322 1.0963935852050781
1802.2432574497093 1.0947771072387695
1802.2640906475935 1.0908559560775757
1802.2849238481479 1.0890425443649292
1802.3057570516828 1.0892316102981567
1802.3265902579653 1.0863678455352783
1802.3474234672087 1.086573600769043
1802.3682566792097 1.0794001817703247
1802.389089894069 1.075897216796875
1802.4099231115915 1.0666927099227905
1802.430756331739 1.0581004619598389
1803.4724154984822 1.0010100603103638
1803.4932486133157 0.9999822974205017
1803.5140817261638 1.0010392665863037
1803.5349148371947 1.0006741285324097
1803.555747946348 1.001092791557312
1803.5765810537541 1.0007892847061157
1803.5974141593817 1.000293493270874
1803.6182472633552 1.000332236289978
1803.6390803656122 1.0005314350128174
1803.6599134663013 1.0007392168045044
1803.6807465653499 1.000942349433899
1803.7015796629 1.0002058744430542
1803.7224127588893 1.0005232095718384
1803.7432458534247 1.0005117654800415
1803.764078946473 1.0000669956207275
1803.784912038137 1.0001521110534668
1803.8057451283535 1.0005509853363037
1803.8265782172498 1.0002466440200806
1803.8474113047632 1.0005265474319458
1803.8682443909872 1.000780701637268
1803.8890774758886 1.0008090734481812
1803.9099105595474 1.0006674528121948
1803.9307436419303 1.0009746551513672
1803.9515767231242 1.0012421607971191
1803.9724098030654 1.0003852844238281
1803.9932428818672 1.0001617670059204
1804.0140759594572 1.0003554821014404
1804.0349090359452 1.0002635717391968
1804.0557421112685 0.9996400475502014
1804.0765751855045 1.0003819465637207
1804.0974082586208 1.000126600265503
1804.1182413306917 0.9992547035217285
1804.1390744016555 1.0001285076141357
1804.1599074716146 1.0002667903900146
1804.1807405405066 0.9999979734420776
1804.2015736084018 1.0001822710037231
1804.2224066752685 0.9997560381889343
1804.2432397411644 1.0000269412994385
1804.2640728060587 1.0002087354660034
1804.2849058700172 1.0003703832626343
1804.3057389329783 0.9994020462036133
1804.3265719950368 0.9996678829193115
1804.3474050561317 0.9999042749404907
1804.368238116325 0.999967098236084
1804.389071175587 1.0006235837936401
1804.4099042339683 0.9999992847442627
1804.4307372914386 0.9998469948768616
1804.4515703480572 1.0002104043960571
1804.4724034037642 0.9991667866706848
1804.4932364586475 0.9989455938339233
1804.514069512648 0.9997060298919678
1804.5349025658215 0.9994298219680786
1804.5557356181396 0.9995113611221313
1804.576568669657 0.9993506073951721
1804.5974017203152 0.9993745684623718
1804.6182347701977 1.0001410245895386
1804.6390678192367 0.9999260902404785
1804.6599008675146 0.9986268877983093
1804.6807339149734 0.9995443820953369
1804.7015669616649 1.0001983642578125
1804.7224000075612 0.9990735054016113
1804.7432330527126 1.0002682209014893
1804.7640660970624 0.9986056089401245
1804.7848991406897 0.9988244771957397
1804.805732183538 0.9988665580749512
1804.8265652256555 0.9987050890922546
1804.8473982670155 0.9998214840888977
1804.8682313076556 0.999018132686615
1804.8890643475502 0.9993454217910767
1804.9098973867453 0.9989006519317627
1804.9307304251856 0.9992565512657166
1804.9515634629465 0.9989346861839294
1804.9723964999725 0.9994102716445923
1804.993229536309 0.9990888237953186
1805.0140625719305 0.9986260533332825
1805.0348956068715 0.9989458322525024
1805.055728641107 0.9988349080085754
1805.0765616746805 0.9993159174919128
1805.097394707538 0.9990785121917725
1805.118227739751 0.9985607862472534
1805.1390607712667 0.9982666373252869
1805.1598938021268 0.9994195103645325
1805.1807268323073 0.9986947774887085
1805.2015598618395 0.9994081258773804
1805.2223928907001 0.9983348250389099
1805.2432259189297 0.9993864297866821
1805.2640589464752 0.9993957281112671
1805.284891973407 0.9987903833389282
1805.3057249996718 0.999125063419342
1805.3265580253096 0.9991578459739685
1805.3473910502973 0.999965250492096
1805.368224074664 0.9988940954208374
1805.3890570983879 0.998767077922821
1805.4098901215073 0.999519944190979
1805.4307231439795 0.9992577433586121
1805.4515561658434 0.9995474815368652
1805.4723891870763 0.9992849826812744
1805.4932222077064 0.9981789588928223
1805.5140552277117 0.9986087679862976
1805.5348882471296 1.000192403793335
1805.5557212659085 1.000122308731079
1805.5765542841154 0.9996556043624878
1805.5973873016987 0.9997320771217346
1805.6182203186947 0.9998528361320496
1805.6390533350827 0.9990854263305664
1805.6598863508889 0.9989187121391296
1805.6807193660916 0.9988000988960266
1805.7015523807272 0.999119758605957
1805.7223853947444 0.9989470839500427
1805.7432184082088 0.9989625811576843
1805.76405142107 0.9989501237869263
1805.7848844333628 0.9994291067123413
1805.8057174450669 0.9994860887527466
1805.8265504562169 0.9994762539863586
1805.8473834667625 0.9988315105438232
1805.8682164767679 0.9999449849128723
1805.8890494861837 0.9989656209945679
1805.9098824950433 0.9990115761756897
1805.9307155033273 0.999546229839325
1805.9515485110692 0.9986500144004822
1805.9723815182192 0.9995919466018677
1805.9932145248406 0.9994191527366638
1806.0140475308744 0.9993581175804138
1806.0348805363835 0.9994580745697021
1806.0557135413178 0.9991825222969055
1806.07654654571 0.9990310072898865
1806.0973795495427 0.9992504715919495
1806.1182125528485 0.9997034072875977
1806.1390455555775 0.9993165135383606
1806.1598785577921 1.0004512071609497
1806.1807115594434 0.9996728301048279
1806.2015445605634 0.9988167881965637
1806.2223775611335 0.9994062781333923
1806.2432105611751 0.9995720386505127
1806.2640435606704 0.9994515776634216
1806.2848765596505 0.9999316930770874
1806.305709558067 0.9995901584625244
1806.3265425559814 0.9991116523742676
1806.3473755533453 0.9998114705085754
1806.36820855019 1.0000417232513428
1806.3890415464973 0.9995987415313721
1806.409874542298 1.0000141859054565
1806.4307075375443 0.9997939467430115
1806.451540532297 0.9993065595626831
1806.4723735265077 1.0003564357757568
1806.4932065202074 0.999050498008728
1806.5140395133783 0.9987799525260925
1806.5348725060508 1.0005924701690674
1806.555705498177 0.9997421503067017
1806.5765384898173 0.9993573427200317
1806.5973714809138 0.9991883039474487
1806.618204471527 0.9999129772186279
1806.6390374616092 0.999447762966156
1806.6598704511903 0.9997193217277527
1806.680703440253 0.9993016719818115
1806.7015364288268 0.9995812773704529
1806.7223694168645 1.0002031326293945
1806.7432024044258 0.9993469715118408
1806.7640353914637 0.9997478127479553
1806.784868378007 0.9995278716087341
1806.8057013640394 0.9996797442436218
1806.8265343495896 0.9999994039535522
1806.8473673346105 0.9993763566017151
1806.8682003191616 0.999627411365509
1806.8890333031864 0.9997891187667847
1806.909866286743 0.9993834495544434
1806.930699269785 0.9995120763778687
1806.9515322523514 0.9992753863334656
1806.972365234395 0.9997442960739136
1806.993198215975 0.9997779130935669
1807.014031197035 0.9996597170829773
1807.034864177633 0.9998511075973511
1807.0556971577228 0.9998888969421387
1807.0765301373324 0.9999295473098755
1807.0973631164459 0.9995619654655457
1807.1181960950912 1.000307321548462
1807.1390290732227 0.9998199343681335
1807.1598620508976 0.9997665286064148
1807.1806950280707 0.9997683763504028
1807.2015280047688 0.9999260306358337
1807.2223609809766 0.999431312084198
1807.243193956722 0.9997023940086365
1807.264026931959 0.9996100068092346
1807.284859906745 1.0001790523529053
1807.3056928810345 0.9995534420013428
1807.3265258548545 0.9999958872795105
1807.3473588281897 0.9992020726203918
1807.3681918010573 0.9995361566543579
1807.389024773442 0.9993871450424194
1807.409857745371 0.9993742108345032
1807.4306907168086 0.9997437596321106
1807.451523687782 0.9997793436050415
1807.4723566582754 0.9999809861183167
1807.4931896283065 0.9993170499801636
1807.5140225978598 1.0001473426818848
1807.5348555669618 0.9998911023139954
1807.5556885355777 0.99932861328125
1807.576521503734 0.9993794560432434
1807.5973544714157 0.9993809461593628
1807.6181874386493 0.9994674921035767
1807.63902040539 0.9997261762619019
1807.6598533716942 0.9998419880867004
1807.6806863375073 0.9999735951423645
1807.7015193028851 0.9992616176605225
1807.722352267783 1.0001705884933472
1807.7431852322275 0.9999895095825195
1807.7640181962038 1.0000489950180054
1807.7848511597379 0.9996899366378784
1807.8056841227954 1.0001789331436157
1807.826517085402 1.000211238861084
1807.8473500475434 0.9992113709449768
1807.8681830092355 0.9996146559715271
1807.889015970464 1.0000203847885132
1807.9098489312544 0.9997707605361938
1807.930681891563 1.000370979309082
1807.9515148514445 0.9993986487388611
1807.9723478108554 0.9996519088745117
1807.993180769821 0.8970687985420227
1808.0140137283277 0.9993554353713989
1808.0348466864 1.00094735622406
1808.0556796439948 0.9997458457946777
1808.0765126011668 1.0004345178604126
1808.0973455578724 0.9997380375862122
1808.1181785141366 1.0000708103179932
1808.139011469946 1.0000169277191162
1808.1598444253252 1.000388264656067
1808.180677380231 1.0003893375396729
1808.2015103347178 1.000083088874817
1808.2223432887424 0.9997165203094482
1808.2431762423296 0.9999256730079651
1808.2640091954659 0.9997825026512146
1808.2848421481758 1.0000265836715698
1808.3056751004165 0.9998799562454224
1808.326508052242 0.9998525381088257
1808.3473410036092 1.0002031326293945
1808.368173954543 1.0004949569702148
1808.3890069050296 0.99934321641922
1808.4098398550939 1.0000488758087158
1808.4306728046927 1.0002955198287964
1808.45150575388 1.0008594989776611
1808.4723387026131 0.9996051788330078
1808.4931716509163 1.0003108978271484
1808.5140045987766 0.999835729598999
1808.534837546218 1.0003581047058105
1808.5556704931976 1.0009890794754028
1808.5765034397693 0.9998432397842407
1808.5973363858811 1.000108003616333
1808.6181693315864 1.0005123615264893
1808.6390022768426 1.0004469156265259
1808.6598352216834 1.0007380247116089
1808.6806681660664 0.9999990463256836
1808.7015011100452 1.0008621215820312
1808.7223340535677 0.9997764825820923
1808.743166996687 1.0007388591766357
1808.7639999393614 1.0001901388168335
1808.7848328816237 1.0008219480514526
1808.8056658234325 1.000134825706482
1808.82649876484 1.0002775192260742
1808.847331705795 0.9999750852584839
1808.8681646463508 1.0008310079574585
1808.8889975864652 0.9997255206108093
1808.909830526171 1.000635027885437
1808.9306634654267 1.0001052618026733
1808.951496404285 1.0001990795135498
1808.9723293427046 1.0002158880233765
1808.9931622807082 1.0004892349243164
1809.0139952182842 1.0006327629089355
1809.0348281554552 1.0003153085708618
1809.05566109218 1.0002801418304443
1809.0764940285105 1.0001789331436157
1809.0973269644062 0.9999591708183289
1809.1181598998892 1.0000978708267212
1809.1389928349483 0.9996286034584045
1809.1598257696062 0.999956488609314
1809.1806587038213 0.9996588230133057
1809.2014916376459 0.9997920989990234
1809.222324571039 0.999042809009552
1809.2431575040232 0.999759316444397
1809.2639904365874 1.000240683555603
1809.2848233687532 1.0001399517059326
1809.3056563004805 1.000591516494751
1809.3264892318205 0.9998216032981873
1809.347322162733 1.0002503395080566
1809.36815509324 0.9998762011528015
1809.3889880233303 1.0004937648773193
1809.4098209530264 0.999914288520813
1809.430653882287 0.9996705055236816
1809.4514868111644 1.0002695322036743
1809.472319739618 1.0000452995300293
1809.4931526676692 1.000115990638733
1809.5139855953078 1.0002697706222534
1809.5348185225555 0.9997797012329102
1809.555651449372 1.0001344680786133
1809.5764843758081 0.9996985197067261
1809.5973173018244 0.999121904373169
1809.6181502274421 0.9998576641082764
1809.638983152651 0.9999502301216125
1809.6598160774724 0.9999585151672363
1809.6806490018664 1.000292181968689
1809.7014819258839 0.9995085000991821
1809.7223148494852 0.9998851418495178
1809.7431477726914 0.9996662139892578
1809.7639806954928 0.9993160367012024
1809.7848136179105 0.9991406798362732
1809.8056465399043 0.9995351433753967
1809.8264794615254 0.9998263120651245
1809.8473123827343 1.000253677368164
1809.868145303552 1.0001754760742188
1809.8889782239685 0.99965900182724
1809.9098111440048 0.9999914765357971
1809.9306440636315 0.9998127222061157
1809.9514769828693 0.9998036026954651
1809.9723099017087 0.999708890914917
1809.9931428201708 0.9996907114982605
1810.0139757382158 0.9992355108261108
1810.0348086558943 1.0
1810.055641573167 0.9997187852859497
1810.0764744900548 1.0003255605697632
1810.0973074065485 0.9998270273208618
1810.1181403226683 0.9996040463447571
1810.1389732383755 0.9997810125350952
1810.15980615372 1.0001167058944702
1810.180639068663 0.9998489618301392
1810.2014719832248 0.9991145133972168
1810.222304897397 0.9996345043182373
1810.2431378111992 1.0001581907272339
1810.2639707245928 0.9991823434829712
1810.2848036376279 0.9999633431434631
1810.305636550266 0.999904215335846
1810.3264694625268 0.9996280670166016
1810.3473023744023 0.9999545216560364
1810.3681352859116 0.9998414516448975
1810.3889681970172 0.9998018145561218
1810.4098011077683 0.999688446521759
1810.4306340181267 0.9998469352722168
1810.4514669281123 1.0000014305114746
1810.472299837717 0.9997062087059021
1810.49313274696 0.9992479681968689
1810.5139656558138 0.9991693496704102
1810.534798564297 1.0001096725463867
1810.5556314724026 1.0001698732376099
1810.5764643801494 1.0000165700912476
1810.5972972875002 1.0001972913742065
1810.6181301945037 0.9997727274894714
1810.6389631011227 0.999598503112793
1810.659796007376 1.000064730644226
1810.6806289132562 1.0002291202545166
1810.7014618187823 0.9994516372680664
1810.7222947239172 0.9998974204063416
1810.7431276287095 0.9996499419212341
1810.7639605331224 1.0003125667572021
1810.7847934371841 1.000127911567688
1810.8056263408578 0.9995476603507996
1810.8264592441922 1.0002769231796265
1810.8472921471407 1.0001881122589111
1810.8681250497514 0.999606728553772
1810.888957951988 0.9995547533035278
1810.9097908538783 0.9995169043540955
1810.930623755386 0.9992792010307312
1810.9514566565595 1.0001088380813599
1810.9722895573625 0.9999732375144958
1810.9931224578127 0.9997715353965759
1811.0139553579043 0.9994426965713501
1811.0347882576548 0.9995226263999939
1811.0556211570286 1.0001585483551025
1811.076454056073 0.9997029304504395
1811.0972869547531 1.0001271963119507
1811.1181198530855 0.9994818568229675
1811.1389527510655 0.999941885471344
1811.1597856487099 0.9999561309814453
1811.1806185459834 1.0000455379486084
1811.2014514429334 0.9996501803398132
1811.222284339525 1.0001425743103027
1811.243117235785 0.9997493028640747
1811.2639501316783 0.999942421913147
1811.284783027252 0.999352216720581
1811.3056159224711 0.9998400211334229
1811.326448817353 0.999689519405365
1811.3472817118925 1.000594139099121
1811.3681146061067 0.9995793700218201
1811.388947499961 0.9994758367538452
1811.409780393502 0.9994117021560669
1811.4306132866952 1.0001736879348755
1811.4514461795573 0.9996116161346436
1811.4722790720843 0.9998791217803955
1811.4931119642922 0.9990867376327515
1811.5139448561476 0.9996097683906555
1811.534777747696 0.9992899894714355
1811.5556106389045 0.9994147419929504
1811.5764435297983 0.9996560215950012
1811.5972764203448 1.000319480895996
1811.618109310589 0.9999658465385437
1811.6389422004984 0.9991123080253601
1811.6597750900878 0.9998832941055298
1811.6806079793553 1.0000931024551392
1811.7014408683153 0.9996324777603149
1811.7222737569364 0.9998710751533508
1811.7431066452625 0.9989833235740662
1811.7639395332621 0.9998664259910583
1811.7847724209494 0.999433696269989
1811.8056053083235 0.9994109869003296
1811.826438195398 0.9996393322944641
1811.847271082152 0.9992839097976685
1811.8681039685996 1.000118613243103
1811.8889368547395 1.0003262758255005
1811.9097697405855 0.9993771314620972
1811.9306026261074 0.9996137022972107
1811.9514355113486 1.0000625848770142
1811.9722683962787 0.9998959302902222
1811.9931012809109 1.0002248287200928
1812.0139341652457 1.000070333480835
1812.0347670492954 0.9997663497924805
1812.055599933031 0.9999508261680603
1812.0764328164955 0.9999063611030579
1812.0972656996591 1.000290036201477
1812.118098582545 1.0004682540893555
1812.1389314651235 1.0000361204147339
1812.1597643474372 0.9995706081390381
1812.180597229458 0.9995811581611633
1812.2014301111976 1.0003273487091064
1812.222262992658 1.0003063678741455
1812.243095873851 1.0007067918777466
1812.2639287547586 0.9995330572128296
1812.2847616353922 0.9999487996101379
1812.3055945157553 0.9997113347053528
1812.3264273958582 1.000189185142517
1812.3472602756747 0.999512791633606
1812.368093155245 0.9997888803482056
1812.3889260345436 1.0003187656402588
1812.40975891358 1.0002217292785645
1812.430591792359 1.000234603881836
1812.4514246708907 1.000215768814087
1812.4722575491598 1.0004899501800537
1812.4930904271757 0.8863411545753479
1812.513923304944 1.0000265836715698
1812.5347561824738 0.9995656609535217
1812.5555890597411 1.0000603199005127
1812.576421936785 0.998941957950592
1812.5972548135815 1.0004339218139648
1812.6180876901394 1.0000808238983154
1812.638920566466 1.0000333786010742
1812.6597534425687 1.0007615089416504
1812.6805863184259 1.0003186464309692
1812.7014191940748 1.0009241104125977
1812.7222520694943 1.0005898475646973
1812.743084944701 1.0005464553833008
1812.7639178196741 1.0007327795028687
1812.7847506944504 1.0010327100753784
1812.80558356901 1.0005890130996704
1812.8264164433585 1.000598430633545
1812.8472493175072 0.9991928339004517
1812.8680821914613 1.0006622076034546
1812.8889150652026 1.000599980354309
1812.9097479387656 1.0010148286819458
1812.930580812133 0.9998524188995361
1812.9514136853195 1.000826358795166
1812.972246558308 1.0000097751617432
1812.9930794311326 0.999667763710022
1813.013912303777 1.0005525350570679
1813.0347451762455 0.9996790289878845
1813.0555780485522 1.0011370182037354
1813.0764109207003 1.0002342462539673
1813.097243792676 1.000605821609497
1813.118076664511 1.0008646249771118
1813.1389095361924 1.0003958940505981
1813.1597424077322 1.0002518892288208
1813.1805752791183 1.0010592937469482
1813.2014081503817 1.0010346174240112
1813.2222410215113 1.0005725622177124
1813.2430738925075 1.0004805326461792
1813.2639067633907 1.0008535385131836
1813.2847396341604 1.0011632442474365
1813.3055725048084 1.0010459423065186
1813.3264053753633 1.0005040168762207
1813.3472382458185 1.0002435445785522
1813.3680711161815 1.0012329816818237
1813.3889039864466 1.0002644062042236
1813.4097368566415 0.9998258352279663
1813.430569726762 1.0006468296051025
1813.4514025968042 1.0012714862823486
1813.4930683367315 0.9997950196266174
1813.5139012066115 1.0002812147140503
1813.5347340764595 1.0005472898483276
1813.5555669462774 1.0013571977615356
1813.5763998160671 1.0010786056518555
1813.597232685833 1.0007697343826294
1813.6180655555963 1.0009102821350098
1813.6388984253629 1.001160740852356
1813.659731295123 1.0012691020965576
1813.6805641649153 1.0015543699264526
1813.7013970347277 1.0010795593261719
1813.722229904582 1.0020464658737183
1813.7430627744648 1.002152681350708
1813.7638956444198 1.0020391941070557
1813.784728514433 1.0024940967559814
1813.8055613845208 1.0024830102920532
1813.826394254697 1.0037968158721924
1813.8472271249816 1.0030665397644043
1813.8680599953668 1.0023221969604492
1813.8888928658753 1.0023980140686035
1813.9097257365179 1.0026181936264038
1813.9305586073215 1.0030275583267212
1813.951391478264 1.0022562742233276
1813.9722243494064 1.0025559663772583
1813.9930572207245 1.0042306184768677
1814.0138900922536 1.0021082162857056
1814.0347229639974 1.0033249855041504
1814.055555835996 1.0035227537155151
1814.0763887082303 1.0031741857528687
1814.0972215807453 1.0041303634643555
1814.1180544535393 1.0039993524551392
1814.138887326663 1.0035247802734375
1814.159720200082 1.003013253211975
1814.1805530738825 1.0046024322509766
1814.201385948027 1.0048980712890625
1814.2222188225887 1.0047844648361206
1814.2430516975264 1.0053207874298096
1814.263884572941 1.0053505897521973
1814.2847174487874 1.004635214805603
1814.3055503251437 1.0065873861312866
1814.3263832019916 1.0064771175384521
1814.3472160794179 1.0065356492996216
1814.3680489573794 1.0078351497650146
1814.388881835973 1.0061944723129272
1814.409714715171 1.0078496932983398
1814.4305475950805 1.0092120170593262
1814.4513804756384 1.008717656135559
1814.4722133569937 1.0084220170974731
1814.4930462390776 1.009262204170227
1814.5138791220322 1.0103472471237183
1814.5347120057827 1.010374665260315
1814.555544890505 1.0105620622634888
1814.5763777761179 1.011740803718567
1814.597210662793 1.0132274627685547
1814.6180435504411 1.014074683189392
1814.6388764392723 1.014328956604004
1814.6597093291891 1.0164741277694702
1814.68054222039 1.016930341720581
1814.701375112799 1.0195558071136475
1814.7222080066363 1.0219249725341797
1814.7430409017852 1.0243651866912842
1814.7638737985196 1.0276989936828613
1814.7847066967126 1.030117392539978
1814.8055395966423 1.0316941738128662
1814.8263724981703 1.0354900360107422
1814.8472054016222 1.0385463237762451
1814.8680383068456 1.0416613817214966
1814.8888712141659 1.0454633235931396
1814.909704123446 1.047279953956604
1814.9305370350405 1.0528548955917358
1814.9513699487773 1.0556010007858276
1814.9722028650388 1.0567351579666138
1814.993035783657 1.0674803256988525
1815.01386870504 1.0703157186508179