1790.6817040799824 1.0003111362457275
1790.7025378385804 1.0002490282058716
1790.7233715948796 1.0003412961959839
1790.7442053490402 1.000165581703186
1790.7650391009906 1.0002192258834839
1790.785872850885 1.000044584274292
1790.8067065986534 1.000022292137146
1790.8275403444422 1.000227689743042
1790.848374088183 0.9995283484458923
1790.8692078300164 0.9987511038780212
1790.8900415698747 0.9978472590446472
1790.910875307893 0.9983974695205688
1790.9317090440047 0.9992790222167969
1790.9525427783394 0.9979488253593445
1790.973376510831 0.9975164532661438
1790.9942102416042 0.99801105260849
1791.0150439705938 0.9977985620498657
1791.03587769792 0.9978452324867249
1791.0567114235182 0.9979284405708313
1791.0775451475042 0.9981337189674377
1791.0983788698145 0.9980225563049316
1791.390050823318 1.007799506187439
1791.4108845236942 1.007989525794983
1791.4317182227092 1.0078706741333008
1791.4525519204492 1.0076543092727661
1791.4733856168568 1.0075327157974243
1791.4942193120169 1.0076067447662354
1791.5150530058722 1.0076031684875488
1791.5358866985055 1.006993293762207
1791.5567203898604 1.0068665742874146
1791.5775540800175 1.0062025785446167
1791.5983877689212 1.006413459777832
1791.6192214566497 1.0056873559951782
1791.6400551431482 1.0056833028793335
1791.6608888284932 1.004783034324646
1791.6817225126304 1.0048255920410156
1791.7025561956345 1.0052703619003296
1791.723389877452 1.0046014785766602
1791.744223558156 1.0047886371612549
1791.7650572376929 1.0044138431549072
1791.7858909161346 1.0042973756790161
1791.8067245934285 1.0042626857757568
1791.827558269645 1.004025936126709
1791.8483919447315 1.0037323236465454
1791.869225618757 1.0037204027175903
1791.8900592916696 1.0034444332122803
1791.910892963537 1.0034358501434326
1791.931726634308 1.0035934448242188
1791.9525603040488 1.0034655332565308
1791.973393972709 1.002879023551941
1791.9942276403528 1.0029438734054565
1792.0150613069309 1.0031110048294067
1792.0358949725066 1.0027744770050049
1792.0567286370233 1.0023679733276367
1792.077562300544 1.002174973487854
1792.098395963034 1.0020428895950317
1792.1192296245536 1.0017852783203125
1792.1400632850477 1.0017467737197876
1792.160896944577 1.0018887519836426
1792.181730603093 1.0018866062164307
1792.202564260656 1.0018566846847534
1792.223397917217 1.0019930601119995
1792.2442315728358 1.0022352933883667
1792.2650652274644 1.0016781091690063
1792.2858988811606 1.0017989873886108
1792.3067325338777 1.0016807317733765
1792.3275661856726 1.0016770362854004
1792.3483998364989 1.0016133785247803
1792.3692334864122 1.0013103485107422
1792.3900671353667 1.0013160705566406
1792.4109007834174 1.0013731718063354
1792.431734430519 1.0015331506729126
1792.4525680767263 1.0012460947036743
1792.473401721993 1.0010606050491333
1792.4942353663737 1.0009915828704834
1792.515069009823 1.0009294748306274
1792.535902652394 1.0009456872940063
1792.5567362940424 1.0006464719772339
1792.5775699348205 1.000421404838562
1792.598403574684 1.0008238554000854
1792.6192372136848 1.0008504390716553
1792.6400708517785 1.0007140636444092
1792.6609044890167 1.0006296634674072
1792.6817381253557 1.0009759664535522
1792.7025717608562 0.9993084669113159
1792.7234053954448 1.0005383491516113
1792.7442390292117 1.0004239082336426
1792.7650726620736 1.0005182027816772
1792.78590629412 1.0004570484161377
1792.8067399252684 1.000406265258789
1792.8275735556078 1.000437617301941
1792.8484071850555 1.0003927946090698
1792.8692408137003 1.0003570318222046
1792.8900744414598 1.000372290611267
1792.9109080684218 1.0001556873321533
1792.9317416945048 1.0005619525909424
1792.9525753197963 1.000220775604248
1792.9734089442145 1.000077247619629
1792.9942425678466 1.000409483909607
1793.0150761906111 1.0005534887313843
1793.0359098125946 1.000191330909729
1793.056743433716 0.9999319314956665
1793.077577054062 1.0001673698425293
1793.0984106735611 1.0002003908157349
1793.1192442922693 1.0000736713409424
1793.140077910146 1.0002306699752808
1793.1609115272365 1.0003069639205933
1793.1817451434904 0.9998074173927307
1793.202578758983 1.0002050399780273
1793.2234123736441 1.0001981258392334
1793.244245987528 1.0005828142166138
1793.2650796005948 0.9999635219573975
1793.285913212889 1.000191569328308
1793.3067468243607 1.0000861883163452
1793.3275804350842 0.9999473690986633
1793.3484140449896 1.0003122091293335
1793.3692476541307 0.9999275207519531
1793.390081262468 1.0001527070999146
1793.4109148700445 1.0003771781921387
1793.431748476822 1.0000032186508179
1793.4525820828428 0.9997413158416748
1793.473415688068 1.0001152753829956
1793.4942492925404 0.9998578429222107
1793.5150828962212 0.9997319579124451
1793.5359164991526 0.9998527765274048
1793.5567501012965 0.9997598528862
1793.5775837026947 0.9999106526374817
1793.598417303309 0.9997433423995972
1793.6192509031807 0.999888002872467
1793.6400845022722 1.0000641345977783
1793.6609181006245 0.9998298287391663
1793.6817516982 0.9993217587471008
1793.70258529504 0.9997564554214478
1793.7234188911063 0.9992319345474243
1793.7442524864503 0.9997049570083618
1793.765086081004 0.9999802112579346
1793.785919674838 0.9999117255210876
1793.8067532679054 0.999495267868042
1793.8275868602561 0.9993146061897278
1793.8484204518231 1.0000090599060059
1793.8692540426866 0.9999091625213623
1793.8900876327693 0.9997062087059021
1793.9109212221513 0.9998210072517395
1793.9317548107556 0.9998844861984253
1793.9525883986619 0.9994316101074219
1793.9734219857935 0.9994584321975708
1793.9942555722298 0.9998646974563599
1794.0150891578942 0.9993767142295837
1794.0359227428658 0.9995686411857605
1794.0567563270686 0.999539852142334
1794.077589910581 0.9998801350593567
1794.0984234933371 0.9998148083686829
1794.1192570753858 0.9997308254241943
1794.1400906566905 0.9997696280479431
1794.16092423729 0.9997267723083496
1794.1817578171383 0.9996768236160278
1794.2025913963041 0.9997981786727905
1794.2234249747212 0.9997137784957886
1794.244258552438 0.9997971653938293
1794.2650921294182 0.9993966221809387
1794.2859257057005 0.999446451663971
1794.306759281249 0.9994577169418335
1794.3275928561018 0.99977046251297
1794.348426430223 0.9994624257087708
1794.3692600036507 0.9992474317550659
1794.390093576349 0.9995371103286743
1794.4109271483555 0.999519944190979
1794.4317607196356 0.9997727274894714
1794.4525942902262 0.9995688199996948
1794.473427860092 0.9995209574699402
1794.4942614292804 0.9996129870414734
1794.5150949977265 0.9996626377105713
1794.5359285655065 0.999600350856781
1794.5567621325467 0.9991747736930847
1794.5775956989232 0.9992508888244629
1794.5984292645617 0.9995582103729248
1794.6192628295382 0.9991297721862793
1794.6400963937788 0.9994696974754333
1794.6609299573593 0.9992460608482361
1794.6817635202058 0.9988246560096741
1794.7025970823945 0.9992328882217407
1794.7234306438609 0.9990304708480835
1794.744264204651 0.9991439580917358
1794.7650977647309 0.9994774460792542
1794.785931324136 0.9995080232620239
1794.806764882823 0.9995884299278259
1794.8275984408576 0.9993146061897278
1794.8484319981753 0.9984430074691772
1794.8692655548223 0.9990730881690979
1794.8900991107644 0.9992990493774414
1794.910932666037 0.9989739656448364
1794.9317662206067 0.9989113211631775
1794.9734333277097 0.9998828172683716
1794.9942668802446 0.9993610978126526
1795.0151004320799 0.9999441504478455
1795.0359339832505 1.000126838684082
1795.0567675337222 1.0000455379486084
1795.0776010835302 0.999847412109375
1795.098434632643 0.999607264995575
1795.1192681811053 0.9997274279594421
1795.1401017288533 0.9999643564224243
1795.1609352759613 1.0000308752059937
1795.1817688223562 0.999878466129303
1795.2026023681128 0.9995986223220825
1795.223435913158 0.9995937347412109
1795.2442694575664 0.9997589588165283
1795.2651030012648 0.9997571110725403
1795.2859365443278 0.9998328685760498
1795.306770086682 0.9997966885566711
1795.3276036284026 0.9998695850372314
1795.3484371694162 0.9999270439147949
1795.3692707097973 0.9996258020401001
1795.3901042494829 0.9999393224716187
1795.4109377885172 0.9997795820236206
1795.4317713268674 0.9999129176139832
1795.4526048645678 0.9996532797813416
1795.4734384015858 0.9997636079788208
1795.494271937955 1.0000147819519043
1795.5151054736434 0.9998677968978882
1795.5359390086842 0.9998697638511658
1795.5567725430453 0.9998156428337097
1795.5776060767605 0.9999288320541382
1795.5984396097974 0.9999436736106873
1795.6192731421995 0.9998712539672852
1795.640106673905 0.9995878338813782
1795.6609402049867 0.9999427795410156
1795.6817737353726 1.0000829696655273
1795.7026072651365 1.0000314712524414
1795.7234407942062 0.9996892809867859
1795.744274322655 0.9999337196350098
1795.7651078504107 0.9995420575141907
1795.7859413775466 1.0000842809677124
1795.8067749039908 0.9998080134391785
1795.8276084298163 0.9998432397842407
1795.8484419549618 0.9997516870498657
1795.8692754794697 0.9998472929000854
1795.8901090033085 0.9997374415397644
1795.9109425265112 0.9999240040779114
1795.9317760490458 0.9998466968536377
1795.9526095709455 1.0000296831130981
1795.9734430921785 0.999912440776825
1795.9942766127779 0.9999215006828308
1796.0151101327117 0.9996601343154907
1796.0359436520228 0.9999064803123474
1796.0567771706496 0.999983549118042
1796.077610688665 0.9998452663421631
1796.0984442059973 0.9999256730079651
1796.119277722719 0.9999476075172424
1796.1401112387593 1.000176191329956
1796.16094475419 0.9999908804893494
1796.1817782689402 0.9998115301132202
1796.2026117830821 0.9999728798866272
1796.2234452965447 0.9997400045394897
1796.2442788094002 0.9999002814292908
1796.2651123215874 0.9999895095825195
1796.2859458331484 1.0000371932983398
1796.3067793440523 0.9998825788497925
1796.3276128543314 0.9998995065689087
1796.3484463639547 0.9997837543487549
1796.369279872954 0.9999136328697205
1796.3901133812985 1.000161051750183
1796.4109468890204 0.9997590780258179
1796.4317803960882 0.9998147487640381
1796.4526139025345 0.9997797012329102
1796.4734474083286 1.0000886917114258
1796.4942809135116 0.9999324679374695
1796.5151144180238 0.999862551689148
1796.5359479219358 0.9999666213989258
1796.5567814251779 0.9999886155128479
1796.5776149278213 0.9998816847801208
1796.5984484297958 1.0000897645950317
1796.6192819311725 0.9999842047691345
1796.6401154318914 0.9998990893363953
1796.6609489319937 1.0001239776611328
1796.6817824314392 0.9999954104423523
1796.7026159302893 0.9999101758003235
1796.723449428484 1.000014066696167
1796.7442829260638 1.0000439882278442
1796.7651164229994 0.9995866417884827
1796.7859499193214 0.9998448491096497
1796.806783415 1.0000327825546265
1796.8276169100661 0.999708354473114
1796.8484504044902 1.000049352645874
1796.8692838983127 1.0003167390823364
1796.8901173914742 0.9995921850204468
1796.9109508840452 0.9999221563339233
1796.931784375956 0.9999687075614929
1796.952617867278 1.000056505203247
1796.973451357941 0.9997220635414124
1796.9942848480155 0.9997990131378174
1797.0151183374323 0.9998293519020081
1797.035951826262 0.999833881855011
1797.0567853144348 0.9997534155845642
1797.0776188020216 0.9997535347938538
1797.098452288963 0.9998838305473328
1797.1192857752992 1.0001626014709473
1797.140119261001 0.9999314546585083
1797.1609527460987 0.9999001622200012
1797.181786230563 0.9997691512107849
1797.2026197144244 0.9997026920318604
1797.2234531976537 0.9996774792671204
1797.244286680291 0.9998932480812073
1797.2651201622775 0.9998445510864258
1797.285953643683 0.999930202960968
1797.3067871244384 0.9996919631958008
1797.3276206046144 0.999778687953949
1797.3484540841416 0.9999640583992004
1797.3692875630902 1.0001299381256104
1797.3901210414012 0.9996865391731262
1797.4109545191145 0.9998942017555237
1797.4317879962016 0.999913215637207
1797.452621472692 1.0000190734863281
1797.4734549485574 0.9997887015342712
1797.4942884238274 0.9999986886978149
1797.5151218984736 1.0001410245895386
1797.5359553725352 1.000036597251892
1797.556788845954 0.9999086260795593
1797.5776223188 1.00033700466156
1797.5984557910044 0.999995231628418
1797.6192892626366 0.9997251033782959
1797.6401227336287 0.999597430229187
1797.6609562040496 0.9999369382858276
1797.6817896738316 0.9996927976608276
1797.7026231430439 0.9995636343955994
1797.7234566116285 0.9996338486671448
1797.7442900796245 0.9998528361320496
1797.7651235470041 0.9998146295547485
1797.7859570137962 0.9998839497566223
1797.806790479973 0.9998213648796082
1797.8276239455636 1.0000048875808716
1797.8484574105407 0.999536395072937
1797.8692908749424 0.999589204788208
1797.890124338712 0.9995657205581665
1797.9109578019174 0.9999472498893738
1797.9317912644917 0.9994410872459412
1797.9526247265037 0.9998118877410889
1797.9734581878859 0.9996892213821411
1797.9942916487066 0.999521791934967
1798.0151251089094 0.9998717904090881
1798.0359585685317 0.999681293964386
1798.0567920275473 0.9997877478599548
1798.077625485984 0.9996159672737122
1798.0984589438156 0.999635636806488
1798.1192924010695 0.9994669556617737
1798.1401258577196 0.9995284676551819
1798.1609593138035 0.9997367858886719
1798.181792769265 0.999866247177124
1798.2026262241618 0.9997960925102234
1798.2234596784576 0.9999874234199524
1798.2442931321903 0.9996228814125061
1798.2651265853035 0.9995699524879456
1798.2859600378647 0.9998595118522644
1798.3067934898083 1.0000003576278687
1798.3276269412013 0.9998515248298645
1798.3484603919885 0.9999583959579468
1798.3692938422064 0.9997527599334717
1798.3901272918301 0.9994317889213562
1798.4109607408861 0.9995278120040894
1798.4317941893494 0.9996413588523865
1798.4526276372467 0.9995073676109314
1798.4734610845533 0.9996216893196106
1798.4942945313053 0.9996109008789062
1798.5151279774482 0.9996401071548462
1798.5359614230483 0.9997074007987976
1798.5567948680407 0.9995514154434204
1798.5776283124924 0.9994328618049622
1798.5984617563386 0.9993041753768921
1798.6192951996452 0.9991077184677124
1798.6401286423584 0.9994399547576904
1798.6609620845138 0.9993913173675537
1798.6817955260872 0.9997570514678955
1798.702628967105 0.9995083212852478
1798.7234624075434 0.9999669790267944
1798.7442958474376 0.999763011932373
1798.765129286734 0.9996561408042908
1798.7859627254986 0.9997588992118835
1798.8067961636673 0.9995434284210205
1798.827629601306 0.9993575811386108
1798.8484630383514 0.9995472431182861
1798.8692964748686 0.9995459914207458
1798.8901299108045 0.9995880722999573
1798.9109633461944 0.9992766380310059
1798.9317967810155 0.9991450905799866
1798.9526302152924 0.9993934035301208
1798.9734636490032 0.9990083575248718
1798.994297082182 0.9992612600326538
1799.0151305147765 0.9992484450340271
1799.0359639468518 0.9986379146575928
1799.056797378364 0.9991424679756165
1799.0776308093768 0.9993136525154114
1799.098464239792 0.9991827607154846
1799.1192976696748 0.9991601705551147
1799.140131098991 0.9990973472595215
1799.1609645277751 0.9995202422142029
1799.1817979560055 0.998916745185852
1799.223464810856 1.0005096197128296
1799.2442982374787 1.0000821352005005
1799.2651316635538 1.0000498294830322
1799.2859650891144 1.0000996589660645
1799.30679851411 1.0
1799.327631938604 0.9999136328697205
1799.3484653625367 1.0000691413879395
1799.3692987859706 1.0002821683883667
1799.3901322088461 0.9999938011169434
1799.4109656312262 1.0001912117004395
1799.431799053061 0.9999234676361084
1799.4526324743836 1.0001050233840942
1799.4734658951747 1.0001164674758911
1799.4942993154566 1.0004199743270874
1799.5151327352107 1.0000557899475098
1799.535966154459 1.0002644062042236
1799.556799573183 1.000117301940918
1799.5776329914152 1.0003337860107422
1799.5984664091072 1.0000425577163696
1799.6192998263205 1.0003987550735474
1799.640133243008 1.0000702142715454
1799.6609666592003 1.000098466873169
1799.6818000748813 1.0002902746200562
1799.702633490071 1.000112533569336
1799.723466904754 1.000260591506958
1799.74430031895 1.0003578662872314
1799.7651337326438 1.000286340713501
1799.785967145865 1.0001808404922485
1799.8068005585683 1.0003423690795898
1799.8276339708136 1.0002001523971558
1799.8484673825467 1.0003224611282349
1799.8693007938261 0.9999712705612183
1799.8901342045986 1.000145435333252
1799.9109676149224 1.0002760887145996
1799.9318010247543 1.0001386404037476
1799.952634434123 1.0002673864364624
1799.973467843016 1.0003241300582886
1799.9943012514507 1.0005100965499878
1800.015134659416 1.00021493434906
1800.0359680669383 1.0002140998840332
1800.0568014739774 1.0003317594528198
1800.07763488059 1.000244140625
1800.098468286726 1.000248670578003
1800.1193016924415 1.0005521774291992
1800.140135097697 1.0004174709320068
1800.160968502519 1.0002504587173462
1800.181801906898 1.000396966934204
1800.2026353108502 1.0004833936691284
1800.2234687143678 1.000524878501892
1800.2443021174654 1.0000886917114258
1800.2651355201365 1.0002521276474
1800.2859689224047 1.000494360923767
1800.3068023242354 1.0003383159637451
1800.3276357256814 1.0001407861709595
1800.3484691266988 1.0005439519882202
1800.3693025273396 1.000298023223877
1800.3901359275715 1.0004417896270752
1800.4109693274156 1.0001482963562012
1800.4318027268705 1.0002431869506836
1800.4526361259475 1.0004794597625732
1800.473469524646 1.0003957748413086
1800.494302922986 1.0002257823944092
1800.515136320939 1.0004935264587402
1800.5359697185538 1.0005592107772827
1800.5568031157936 1.0002321004867554
1800.5776365127067 1.0003361701965332
1800.5984699092674 1.0001821517944336
1800.6193033054926 1.0004628896713257
1800.6401367013889 1.0004677772521973
1800.6609700969623 1.0002843141555786
1800.6818034922214 1.0002667903900146
1800.702636887171 1.000417709350586
1800.723470281821 1.0004318952560425
1800.7443036761856 1.0009071826934814
1800.7651370702472 1.000303864479065
1800.785970464048 1.0005358457565308
1800.8068038575634 1.000669240951538
1800.8276372508344 1.000354290008545
1800.848470643848 1.0006595849990845
1800.8693040366145 1.0005885362625122
1800.8901374291536 1.000254511833191
1800.9109708214633 1.0003594160079956
1800.9318042135671 1.0004465579986572
1800.9526376054716 1.000220537185669
1800.9734709971726 1.0003896951675415
1800.9943043887054 1.0001182556152344
1801.0151377800591 1.000274419784546
1801.035971171267 1.0004262924194336
1801.0568045623324 1.0002954006195068
1801.0776379532563 1.0004090070724487
1801.098471344076 1.0004827976226807
1801.1193047347804 1.0003291368484497
1801.1401381254113 1.0002304315567017
1801.1609715159648 1.0001449584960938
1801.181804906458 1.0000278949737549
1801.2026382969148 1.000243067741394
1801.2234716873465 1.0004363059997559
1801.2443050777752 1.0005182027816772
1801.2651384682279 1.0004940032958984
1801.2859718586924 1.0002951622009277
1801.3068052492338 1.000357985496521
1801.3276386398263 1.0003327131271362
1801.3484720305412 1.000514030456543
1801.3693054213595 1.0001730918884277
1801.3901388123302 1.000224232673645
1801.4109722034605 1.0003172159194946
1801.4318055947977 1.0001273155212402
1801.4526389863454 1.0001871585845947
1801.4734723781696 1.0001534223556519
1801.4943057702392 1.0003749132156372
1801.5151391626612 1.0003302097320557
1801.5359725553885 1.000425100326538
1801.5568059485406 1.0002915859222412
1801.5776393420647 0.9999967813491821
1801.5984727360922 1.0003607273101807
1801.6193061305748 1.0002222061157227
1801.640139525628 1.0002654790878296
1801.6609729212269 1.000154972076416
1801.6818063175026 1.0001505613327026
1801.702639714393 1.0002561807632446
1801.7234731120764 1.000570297241211
1801.7443065104726 1.0002341270446777
1801.7651399097797 1.0007294416427612
1801.785973309918 1.0001870393753052
1801.8068067110778 1.000505805015564
1801.8276401131993 1.0006357431411743
1801.8484735164866 1.0003015995025635
1801.8693069208691 1.0004979372024536
1801.8901403265877 1.0005382299423218
1801.9109737335289 1.000759243965149
1801.9318071419937 1.0004205703735352
1801.9526405518452 1.0003042221069336
1801.9734739634162 1.0004453659057617
1801.9943073765644 1.0003974437713623
1802.0151407916283 1.0004329681396484
1802.0359742084786 1.0003544092178345
1802.0568076274865 1.0004993677139282
1802.0776410485043 1.0003271102905273
1802.0984744719358 1.0005725622177124
1802.1193078975848 1.0002580881118774
1802.1401413259384 1.0002062320709229
1802.1609747567788 1.0003644227981567
1802.1818081905951 1.0004820823669434
1802.2026416271765 1.0006771087646484
1802.223475067042 1.0003403425216675
1802.244308509928 1.0003753900527954
1802.265141956402 1.0000215768814087
1802.2859754061678 1.0005652904510498
1802.3068088597931 1.000856637954712
1802.3276423169605 1.0002601146697998
1802.34847577821 1.0010578632354736
1802.3693092432175 1.000855565071106
1802.3901427124279 1.0005484819412231
1802.4109761855357 1.0007500648498535
1802.431809662866 1.0007840394973755
1803.4734834390426 1.0007076263427734
1803.4943168542118 1.0008118152618408
1803.5151502670742 1.0004957914352417
1803.5359836778268 1.0005149841308594
1803.5568170863696 1.000531792640686
1803.5776504928629 1.0006318092346191
1803.5984838972372 1.000466227531433
1803.6193172996468 1.0006065368652344
1803.640150699994 1.0005545616149902
1803.660984098456 1.0004242658615112
1803.6818174949274 1.0001626014709473
1803.7026508895797 1.0002774000167847
1803.723484282317 1.0004475116729736
1803.7443176732772 1.000624418258667
1803.7651510623946 1.000389814376831
1803.7859844498018 1.000191330909729
1803.8068178354047 1.000581979751587
1803.8276512193613 1.0002601146697998
1803.8484846015774 1.000435471534729
1803.8693179821776 1.0001152753829956
1803.8901513610983 1.000478982925415
1803.9109847384495 1.0005271434783936
1803.9318181141691 1.0003526210784912
1803.9526514883635 1.0005351305007935
1803.9734848609705 1.000368356704712
1803.9943182321033 1.0003433227539062
1804.0151516016706 1.0005688667297363
1804.035984969812 1.0003926753997803
1804.0568183364376 1.0003206729888916
1804.0776517016534 1.00038743019104
1804.0984850654 1.0004087686538696
1804.1193184277809 1.000055193901062
1804.1401517887068 1.000298261642456
1804.1609851483092 1.0002785921096802
1804.1818185064894 1.0002421140670776
1804.202651863376 1.0000636577606201
1804.2234852188813 1.000209927558899
1804.244318573101 1.0001534223556519
1804.265151925978 1.000422477722168
1804.2859852776066 1.0000643730163574
1804.3068186279 0.9999343752861023
1804.3276519769797 1.0002766847610474
1804.34848532476 1.0002895593643188
1804.3693186713308 1.0001097917556763
1804.390152016636 0.9998989105224609
1804.4109853607542 1.0002564191818237
1804.4318187036304 0.9999526739120483
1804.4526520453508 1.0003641843795776
1804.4734853858308 0.999515175819397
1804.4943187251854 0.9993563294410706
1804.5151520633199 0.9998610019683838
1804.5359854003482 0.9995911717414856
1804.5568187361864 0.9993613362312317
1804.5776520709164 0.9996036291122437
1804.598485404485 0.9996957778930664
1804.6193187369727 0.999564528465271
1804.6401520682964 0.9999258518218994
1804.6609853985656 0.9993139505386353
1804.6818187276883 0.9995496273040771
1804.7026520557718 1.0000414848327637
1804.7234853827345 0.999231219291687
1804.744318708653 0.9996651411056519
1804.7651520334762 0.9993460178375244
1804.7859853572793 0.999183177947998
1804.8068186799817 0.9993519186973572
1804.8276520016875 0.9991581439971924
1804.8484853223165 0.999582827091217
1804.8693186419418 0.9994011521339417
1804.8901519605135 0.9997251629829407
1804.910985278094 0.9992905259132385
1804.9318185946338 0.9993550181388855
1804.9526519102037 0.9990638494491577
1804.9734852247254 0.9994423389434814
1804.9943185382986 0.9995162487030029
1805.0151518508346 0.999241828918457
1805.0359851624332 0.9996061325073242
1805.0568184730162 0.9995924234390259
1805.0776517826616 0.9990138411521912
1805.0984850912923 0.9991455078125
1805.1193183990056 0.9993500113487244
1805.1401517057138 0.9990682005882263
1805.1609850115142 0.999216616153717
1805.18181831633 0.9993774890899658
1805.2026516202268 0.9991517066955566
1805.2234849231581 0.9995415210723877
1805.2443182251893 0.9997693300247192
1805.2651515262442 0.9994900226593018
1805.2859848264172 0.9994669556617737
1805.306818125633 0.9996020197868347
1805.327651423955 0.9994269013404846
1805.348484721338 0.9995539784431458
1805.3693180178452 0.9995591640472412
1805.390151313401 0.9993156790733337
1805.4109846080985 0.9992108941078186
1805.431817901853 0.9992128014564514
1805.4526511947563 0.9996868371963501
1805.473484486734 0.9996940493583679
1805.494317777847 0.9996697902679443
1805.5151510680519 0.999784529209137
1805.535984357409 0.999970018863678
1805.5568176458448 0.9997510313987732
1805.5776509334496 0.9993373155593872
1805.5984842201497 0.9993715286254883
1805.619317506005 0.99950110912323
1805.6401507909718 0.9998531341552734
1805.6609840750998 0.9995115399360657
1805.6818173583463 0.9994914531707764
1805.7026506407694 0.9994357824325562
1805.7234839222972 0.9990711212158203
1805.744317203017 0.9994593858718872
1805.7651504828573 0.9992620348930359
1805.7859837618755 0.9999365210533142
1805.8068170400295 0.9997949004173279
1805.8276503173768 0.9999147057533264
1805.8484835938457 0.9995253682136536
1805.8693168695227 0.9998196959495544
1805.8901501443263 0.9992765188217163
1805.9109834183432 0.999708890914917
1805.9318166915023 0.9997109770774841
1805.9526499638591 0.9993544220924377
1805.9734832353731 0.9996175169944763
1805.9943165060995 0.9997850060462952
1806.0151497759678 1.0002415180206299
1806.0359830450632 0.9994335174560547
1806.05681631332 0.999988317489624
1806.0776495807931 1.0000202655792236
1806.0984828474325 1.00021493434906
1806.119316113293 0.999865710735321
1806.1401493783092 0.9997773766517639
1806.160982642565 0.9998078346252441
1806.1818159059808 1.0000652074813843
1806.2026491686404 1.0000494718551636
1806.2234824304742 1.000019907951355
1806.2443156915356 0.999872088432312
1806.2651489517848 0.9999686479568481
1806.2859822112757 0.999935507774353
1806.3068154699388 1.0004003047943115
1806.3276487278567 1.000008463859558
1806.3484819849607 1.0000112056732178
1806.3693152413034 0.9998945593833923
1806.3901484968455 1.0002710819244385
1806.41098175164 1.0001959800720215
1806.4318150056179 1.000077724456787
1806.452648258861 0.9993786811828613
1806.473481511291 0.9999933242797852
1806.4943147629901 0.9997888207435608
1806.515148013889 0.9992926716804504
1806.5359812640402 1.0001367330551147
1806.5568145134052 0.999932587146759
1806.577647762035 0.9999452233314514
1806.598481009862 0.9997681975364685
1806.619314256967 0.9998570680618286
1806.6401475032822 0.9999839067459106
1806.6609807488583 0.9994297027587891
1806.681813993658 0.9995778203010559
1806.7026472377315 0.9999346733093262
1806.7234804810114 0.9999052286148071
1806.7443137235778 0.9996767044067383
1806.7651469653638 1.0000641345977783
1806.785980206419 0.9997131824493408
1806.8068134467069 1.000197410583496
1806.8276466862765 1.0000908374786377
1806.8484799250614 1.000102162361145
1806.869313163141 1.0001572370529175
1806.8901464004384 0.9995720982551575
1806.9109796370333 1.0003005266189575
1806.9318128728587 0.9999439120292664
1806.9526461079738 1.0000920295715332
1806.9734793423122 1.0002199411392212
1806.9943125759526 0.9997708201408386
1807.015145808819 0.9998463988304138
1807.0359790409898 0.9995384812355042
1807.0568122723992 0.9998833537101746
1807.0776455030955 1.0002431869506836
1807.0984787330426 1.0002083778381348
1807.1193119622885 1.0000336170196533
1807.140145190768 0.9993209838867188
1807.160978418559 0.9997759461402893
1807.1818116455954 1.0000091791152954
1807.2026448719255 0.9998506903648376
1807.2234780975134 0.9996725916862488
1807.244311322407 0.9997743964195251
1807.265144546541 0.9997425675392151
1807.2859777699928 1.0000652074813843
1807.306810992697 0.9997798800468445
1807.327644214701 0.9996227622032166
1807.3484774359697 1.000009536743164
1807.36931065654 1.0001226663589478
1807.3901438763771 0.9994855523109436
1807.4109770955283 0.999685525894165
1807.431810313938 0.9992031455039978
1807.4526435316538 0.9992856383323669
1807.4734767486405 0.9996172189712524
1807.4943099649342 0.9994434118270874
1807.5151431805014 0.9995664954185486
1807.535976395388 0.9996945261955261
1807.5568096095294 0.999405562877655
1807.5776428230024 0.9997578859329224
1807.598476035742 1.0004112720489502
1807.6193092477945 0.9996488094329834
1807.6401424591259 0.9998750686645508
1807.6609756697821 0.9998700022697449
1807.681808879699 0.9999386668205261
1807.7026420889526 0.9998626112937927
1807.7234752974784 1.0001651048660278
1807.7443085053224 0.9996106624603271
1807.765141712451 0.9997553825378418
1807.7859749189092 0.9998806118965149
1807.8068081246336 0.9997206330299377
1807.8276413296994 0.999650239944458
1807.8484745340431 0.9999710917472839
1807.8693077377097 0.999420166015625
1807.890140940666 0.9997803568840027
1807.910974142957 1.0002397298812866
1807.9318073445193 1.0001415014266968
1807.9526405454278 0.9992807507514954
1807.973473745619 0.9991912841796875
1808.0151401439516 0.9999192953109741
1808.0359733420946 1.0002532005310059
1808.0568065395335 0.999937117099762
1808.0776397363134 0.9999244213104248
1808.0984729323807 0.9998626708984375
1808.1193061277802 0.9999428391456604
1808.1401393224792 1.000186562538147
1808.160972516512 1.0001405477523804
1808.181805709845 1.0001893043518066
1808.2026389025236 1.000217080116272
1808.2234720944844 1.0000779628753662
1808.2443052858016 0.9997529983520508
1808.2651384764124 1.0004801750183105
1808.2859716663615 1.0001397132873535
1808.3068048556156 1.0002771615982056
1808.327638044219 1.0001246929168701
1808.348471232119 1.0002857446670532
1808.3693044193594 0.9999927282333374
1808.3901376059082 1.0004898309707642
1808.410970791809 1.0003089904785156
1808.4318039769992 1.0002186298370361
1808.4526371615527 1.0004149675369263
1808.473470345407 1.000380039215088
1808.4943035286058 1.0004971027374268
1808.515136711117 1.0002835988998413
1808.535969892974 0.9999840259552002
1808.5568030741447 1.0003604888916016
1808.5776362546724 1.0001646280288696
1808.598469434495 1.0004160404205322
1808.619302613686 1.00067937374115
1808.6401357921832 1.0004717111587524
1808.6609689700401 1.0003989934921265
1808.6818021471947 1.0005213022232056
1808.70263532372 1.0004746913909912
1808.7234684995442 1.0003279447555542
1808.7443016747404 1.0004006624221802
1808.7651348492468 1.0004713535308838
1808.7859680231165 1.000557541847229
1808.8068011962878 1.0004252195358276
1808.8276343688333 1.000408411026001
1808.8484675406814 1.0004085302352905
1808.8693007119052 1.0003572702407837
1808.890133882443 1.0003222227096558
1808.9109670523476 1.0000978708267212
1808.9318002215575 1.000145435333252
1808.9526333901451 1.0001360177993774
1808.973466558049 1.0004668235778809
1808.9942997253122 1.0001572370529175
1809.015132891903 1.0003734827041626
1809.035966057864 1.000076174736023
1809.056799223134 1.0001648664474487
1809.0776323877851 1.0000956058502197
1809.0984655517561 0.9999213218688965
1809.1192987150898 0.9995701313018799
1809.1401318777548 0.9994315505027771
1809.1609650397934 1.000502347946167
1809.1817982011441 1.0002444982528687
1809.2026313618799 0.9991827011108398
1809.2234645219287 0.999575138092041
1809.2442976813636 1.0002431869506836
1809.2651308401234 1.0002022981643677
1809.2859639982598 1.0000603199005127
1809.3067971557125 1.0004242658615112
1809.3276303125526 1.0001029968261719
1809.3484634687102 1.000024437904358
1809.3692966242565 0.9997938871383667
1809.3901297791313 1.0001486539840698
1809.4109629333861 1.0002920627593994
1809.4317960869603 1.0000605583190918
1809.4526292399257 0.999350905418396
1809.4734623922113 0.9997949600219727
1809.4942955438894 1.0000814199447632
1809.5151286948992 1.0001552104949951
1809.5359618452924 0.9995834827423096
1809.5567949950082 1.000351905822754
1809.5776281441183 1.0000662803649902
1809.5984612925524 0.9995906949043274
1809.6192944403817 0.9998238682746887
1809.6401275875464 0.9997696876525879
1809.6609607340974 1.0000239610671997
1809.6817938799747 1.0000935792922974
1809.7026270252495 1.0001047849655151
1809.7234601698615 1.00004243850708
1809.744293313852 0.9996059536933899
1809.7651264571912 0.9998008012771606
1809.7859595999198 0.9998733997344971
1809.8067927419784 0.9996830821037292
1809.8276258834371 0.9999186396598816
1809.8484590242367 1.0002076625823975
1809.8692921644179 1.0001381635665894
1809.8901253039512 0.9998828172683716
1809.910958442877 1.0002413988113403
1809.9317915811462 0.9996547698974609
1809.952624718799 0.9998478293418884
1809.9734578558057 0.9999173879623413
1809.9942909922072 0.9996038675308228
1810.0151241279443 0.9999271035194397
1810.035957263087 0.9999264478683472
1810.0567903975766 0.9992179870605469
1810.0776235314527 0.9999133944511414
1810.0984566646864 0.9996241331100464
1810.119289797318 0.9997032284736633
1810.1401229292887 0.9996843338012695
1810.1609560606682 0.999729335308075
1810.181789191398 0.9998295903205872
1810.2026223215173 0.9998651742935181
1810.223455450998 0.99969881772995
1810.2442885798796 0.9998086094856262
1810.2651217081038 1.0000584125518799
1810.28595483574 0.9998504519462585
1810.3067879627301 1.0004478693008423
1810.3276210891129 0.9997007250785828
1810.3484542148608 0.9997103810310364
1810.3692873400128 1.0000801086425781
1810.3901204645108 0.9998151659965515
1810.4109535884243 1.000566005706787
1810.431786711695 1.0004154443740845
1810.4526198343617 0.999946653842926
1810.473452956397 1.00010085105896
1810.4942860778401 0.9997636675834656
1810.5151191986429 0.9999322891235352
1810.5359523188442 1.0003372430801392
1810.5567854384165 1.0005987882614136
1810.5776185573982 1.0002682209014893
1810.5984516757323 1.0004992485046387
1810.6192847934876 1.0001707077026367
1810.640117910606 1.0002504587173462
1810.6609510271267 1.000291347503662
1810.681784143022 1.0001579523086548
1810.7026172583305 1.0001899003982544
1810.723450372995 0.9999637603759766
1810.744283487084 1.0000786781311035
1810.7651166005405 0.999904990196228
1810.7859497134025 1.0006043910980225
1810.806782825643 1.000272512435913
1810.8276159373004 1.0002247095108032
1810.8484490483177 1.00057852268219
1810.8692821587633 1.0002027750015259
1810.89011526858 1.0000133514404297
1810.9109483778163 1.0001153945922852
1810.9317814864153 0.9999567270278931
1810.9526145944446 1.0002161264419556
1810.9734477018383 1.0002117156982422
1810.994280808664 1.0001506805419922
1811.015113914865 1.0002915859222412
1811.0359470204894 1.0001035928726196
1811.0567801254806 1.0003806352615356
1811.077613229906 0.9994104504585266
1811.0984463337104 0.9997832775115967
1811.1192794369306 0.9997538924217224
1811.1401125395407 0.9997745156288147
1811.160945641578 1.000122308731079
1811.181778742987 1.0000033378601074
1811.2026118438343 1.0001150369644165
1811.223444944065 0.9999935626983643
1811.2442780437157 1.0000187158584595
1811.2651111427608 0.9998787045478821
1811.2859442412378 0.9997581839561462
1811.3067773390908 0.9996991753578186
1811.3276104363867 0.9998320937156677
1811.3484435330708 1.0001651048660278
1811.3692766291895 0.9998796582221985
1811.3901097246874 1.0000417232513428
1811.4109428196318 0.999565839767456
1811.4317759139674 0.9999551177024841
1811.4526090077304 0.9998624920845032
1811.4734421008966 1.0001578330993652
1811.4942751935023 1.0003422498703003
1811.5151082854927 0.9996334910392761
1811.5359413769343 0.9996311068534851
1811.5567744677724 1.0000101327896118
1811.577607558053 1.0001201629638672
1811.5984406477223 1.0000380277633667
1811.6192737368463 0.9998822808265686
1811.6401068253706 0.9998748302459717
1811.6609399133313 1.0003156661987305
1811.6817730007042 1.0000944137573242
1811.7026060875253 1.000203013420105
1811.723439173741 0.9998778700828552
1811.7442722594167 0.9993484020233154
1811.765105344499 1.0000969171524048
1811.7859384290332 0.9996108412742615
1811.806771512966 0.9998526573181152
1811.8276045963628 0.9998331069946289
1811.8484376791607 1.0000780820846558
1811.8692707614246 0.9999726414680481
1811.8901038431015 0.9998742938041687
1811.9109369242367 0.9995402693748474
1811.9317700047773 1.0002822875976562
1811.952603084788 0.9997832775115967
1811.9734361642172 1.0000094175338745
1811.9942692430986 1.0001689195632935
1812.0151023214105 1.0001683235168457
1812.0359353991873 1.0001401901245117
1812.056768476377 0.9999013543128967
1812.0776015530441 0.9999433159828186
1812.0984346291368 0.999955415725708
1812.1192677046993 0.9998179078102112
1812.1401007796803 1.0002827644348145
1812.1609338541434 0.9997754693031311
1812.1817669280376 0.9999224543571472
1812.2026000013968 0.9998199939727783
1812.2234330742003 1.000311255455017
1812.2442661464816 1.0002585649490356
1812.26509921819 0.9995017647743225
1812.2859322893887 1.0000495910644531
1812.3067653600278 0.9999843239784241
1812.3275984301404 1.0002143383026123
1812.3484314997067 1.000030755996704
1812.3692645687593 0.9999051690101624
1812.390097637259 0.9999075531959534
1812.4109307052383 0.9997838139533997
1812.4317637726779 1.000093936920166
1812.4525968396106 1.0001100301742554
1812.4734299059876 0.9999005198478699
1812.515096037212 0.9991505742073059
1812.535929102053 0.9997518062591553
1812.5567621663458 0.9992384910583496
1812.5775952301522 0.9993320107460022
1812.5984282934148 0.9994861483573914
1812.6192613561946 0.999340295791626
1812.640094418445 1.0002373456954956
1812.6609274802063 1.000326156616211
1812.6817605414328 1.0005378723144531
1812.7025936021846 1.000368356704712
1812.7234266624162 1.0002504587173462
1812.7442597221575 1.0004314184188843
1812.7650927813934 1.0001602172851562
1812.7859258401534 1.000138282775879
1812.8067588983931 1.00003182888031
1812.827591956172 0.9998684525489807
1812.848425013446 0.9995748400688171
1812.8692580702539 0.9991499185562134
1812.8900911265525 1.0000507831573486
1812.9109241824003 1.0002259016036987
1812.9317572377545 0.9995918869972229
1812.9525902926434 0.999357283115387
1812.9734233470554 0.9990588426589966
1812.9942564010173 1.000264048576355
1813.0150894544988 0.9998098611831665
1813.0359225075263 0.999649167060852
1813.0567555600903 0.9998085498809814
1813.0775886122167 0.9999313950538635
1813.0984216638667 0.9997141361236572
1813.1192547150956 1.000006079673767
1813.1400877658657 0.9998871684074402
1813.1609208162017 0.9999918341636658
1813.1817538660969 0.9997775554656982
1813.2025869155755 1.0002269744873047
1813.2234199646116 1.0000070333480835
1813.244253013229 1.000077247619629
1813.2650860614226 1.0001028776168823
1813.2859191092155 1.0002602338790894
1813.3067521565745 1.0004781484603882
1813.3275852035515 0.9989022612571716
1813.348418250114 0.9995437264442444
1813.3692512962941 0.9993334412574768
1813.3900843420604 0.9996935725212097
1813.4109173874635 0.9998313188552856
1813.4317504324745 0.9992260336875916
1813.4525834771125 0.9997460842132568
1813.4734165213802 1.0000402927398682
1813.494249565296 1.0000368356704712
1813.5150826088438 0.99932861328125
1813.5359156520415 1.0000098943710327
1813.5567486948948 0.9998092651367188
1813.5775817374206 0.9992417693138123
1813.5984147795962 0.9993656873703003
1813.6192478214673 0.9994434118270874
1813.6400808630137 0.9996403455734253
1813.6609139042496 0.9994301199913025
1813.6817469451873 0.9994310140609741
1813.7025799858397 0.9995461702346802
1813.7234130262013 1.0000542402267456
1813.7442460662842 0.9998149871826172
1813.7650791061046 0.9997515082359314
1813.7859121456734 0.9996390342712402
1813.8067451849802 1.0000035762786865
1813.8275782240642 0.9997531175613403
1813.8484112629178 1.0001511573791504
1813.8692443015584 0.9999678730964661
1813.890077339982 0.9997574687004089
1813.9109103782243 0.9990827441215515
1813.9317434162747 1.0001144409179688
1813.9525764541672 0.9994390606880188
1813.973409491905 0.9997749924659729
1813.9942425295 0.99944007396698
1814.0150755669597 1.0003877878189087
1814.0359086043136 0.9999940991401672
1814.0567416415743 1.0000001192092896
1814.077574678739 0.9990286231040955
1814.098407715855 0.9994771480560303
1814.119240752917 0.9996025562286377
1814.1400737899585 0.9994927644729614
1814.1609068269702 1.0000108480453491
1814.1817398640128 1.0003553628921509
1814.2025729010745 1.0007766485214233
1814.2234059382015 1.0008476972579956
1814.2442389753792 1.0008437633514404
1814.2650720126817 1.0007851123809814
1814.2859050500904 1.0004879236221313
1814.3067380876585 1.0008304119110107
1814.3275711253928 1.0005420446395874
1814.3484041633558 1.0007749795913696
1814.3692372015203 1.0005749464035034
1814.3900702399892 1.0008395910263062
1814.4109032787305 1.0007647275924683
1814.4317363178395 1.0006401538848877
1814.4525693572778 1.0005332231521606
1814.4734023971741 1.000693440437317
1814.4942354374846 1.000632643699646
1814.5150684783225 1.0004220008850098
1814.5359015196673 1.000720500946045
1814.5567345616498 1.0003833770751953
1814.5775676042213 1.0005542039871216
1814.5984006475317 1.0008329153060913
1814.619233691544 1.001097321510315
1814.6400667364298 1.0006235837936401
1814.660899782123 1.0006943941116333
1814.6817328288193 1.0006215572357178
1814.702565876462 1.0007773637771606
1814.723398925275 1.0005290508270264
1814.744231975169 1.0006458759307861
1814.7650650263995 1.0006608963012695
1814.7858980788844 1.0008412599563599
1814.8067311329144 1.0007600784301758
1814.827564188362 1.000836730003357
1814.848397245588 1.0009287595748901
1814.8692303044477 1.0010219812393188
1814.8900633653163 1.000817894935608
1814.9108964280606 1.00080406665802
1814.9317294931045 1.0009257793426514
1814.9525625602728 1.0008985996246338
1814.973395630043 1.000738263130188
1814.9942287022354 1.0008702278137207
1815.015061777383 1.000991702079773