1653.9501463357892 1.0002222061157227
1653.970979931604 1.0001685619354248
1653.9918135281184 1.0004984140396118
1654.012647125432 1.0002577304840088
1654.033480723476 1.0001972913742065
1654.0543143223288 1.0001174211502075
1654.0751479219182 1.0001164674758911
1654.0959815223123 1.000095009803772
1654.1168151234358 1.000083088874817
1654.1376487253365 0.9996516704559326
1654.1584823279507 0.9993286728858948
1654.1793159313124 0.9996100068092346
1654.2001495353568 1.0000711679458618
1654.2209831401099 0.9999396204948425
1654.2418167455094 0.9998977780342102
1654.2626503515767 0.9988206028938293
1654.2834839582517 0.9995967745780945
1654.3043175655466 0.9988589882850647
1654.3251511734106 0.9991840720176697
1654.3459847818476 0.9993643760681152
1654.3668183908112 0.9991758465766907
1654.3876520003032 0.9994327425956726
1654.4084856102806 0.9994365572929382
1654.4293192207433 0.9986850619316101
1654.4501528316487 0.9988769292831421
1654.4709864429983 0.9990018606185913
1654.4918200547534 0.9985079765319824
1654.5334872794342 0.9984880685806274
1654.5543208923243 0.9993802309036255
1654.5751545055452 0.9991467595100403
1654.5959881190959 0.9989999532699585
1654.6168217329443 0.9988510608673096
1654.6376553470916 0.9991711378097534
1654.658488961506 0.998977541923523
1654.6793225761817 0.9992666244506836
1654.7001561910995 0.9991371035575867
1654.7209898062515 0.9992498755455017
1654.7418234216173 0.9996815323829651
1654.7626570371892 0.9993981122970581
1654.7834906529488 0.9991898536682129
1654.8043242688916 0.9996395707130432
1654.8251578849986 0.9993473887443542
1654.8459915012622 0.9993864297866821
1654.8668251176705 0.9994268417358398
1654.887658734213 0.9994164705276489
1654.90849235088 0.9994542002677917
1654.9293259676629 0.9993335604667664
1654.950159584548 0.9996297359466553
1654.9709932015314 0.9998568296432495
1654.9918268186009 0.9996798634529114
1655.012660435749 0.9999274015426636
1655.0334940529694 0.9995872378349304
1655.0543276702494 0.9994176030158997
1655.0751612875865 0.9997617602348328
1655.0959949049698 0.9995539784431458
1655.1168285223953 0.9999215602874756
1655.137662139852 0.9999204277992249
1655.158495757336 0.9998573064804077
1655.17932937484 0.9996954798698425
1655.200162992363 0.9997125267982483
1655.2209966098874 1.0000802278518677
1655.2418302274189 0.999626874923706
1655.2626638449433 0.9994672536849976
1655.2834974624643 0.9989613890647888
1655.3043310799671 1.0000735521316528
1655.3251646974534 0.9999048709869385
1655.345998314913 0.9999656677246094
1655.3668319323488 0.9998644590377808
1655.3876655497452 0.9991939663887024
1655.4084991671086 0.9997745156288147
1655.429332784424 0.9997069835662842
1655.4501664017 0.9994240403175354
1655.4710000189202 0.999998152256012
1655.4918336360893 0.9998072981834412
1655.5126672531965 1.0002747774124146
1655.5335008702461 1.0006004571914673
1655.5543344872256 1.0004253387451172
1655.5751681041404 0.999850332736969
1655.5960017209757 0.9999369382858276
1655.6168353377436 1.000252366065979
1655.6376689544254 1.000069260597229
1655.658502571028 1.0004171133041382
1655.6793361875418 1.0002343654632568
1655.7001698039728 1.000370740890503
1655.7210034203065 0.9997073411941528
1655.741837036552 0.9995076060295105
1655.7626706526937 0.9998900294303894
1655.7835042687439 1.000169277191162
1655.8043378846835 1.0002907514572144
1655.8251715005258 1.000063180923462
1655.846005116255 1.0001304149627686
1655.8668387318785 1.0000810623168945
1655.8876723473882 0.9996334910392761
1655.9085059627866 0.9998005032539368
1655.9293395780624 1.000030755996704
1655.9501731932273 0.9997198581695557
1655.9710068082647 1.0001659393310547
1655.9918404231862 0.9999681711196899
1656.0126740379762 0.9999438524246216
1656.033507652645 1.0002236366271973
1656.0543412671807 1.0000742673873901
1656.0751748815896 0.9997445940971375
1656.0960084958615 1.000067949295044
1656.116842110006 1.000307559967041
1656.1376757240077 1.0002150535583496
1656.158509337879 0.9998505115509033
1656.1793429516038 1.000300407409668
1656.2001765651942 1.0000425577163696
1656.2210101786366 1.0001473426818848
1656.2418437919403 0.9999662041664124
1656.2626774050923 0.9999740719795227
1656.2835110181047 1.000139832496643
1656.3043446309593 1.0002355575561523
1656.3251782436755 1.0001777410507202
1656.3460118562289 0.9996973276138306
1656.366845468639 0.9995400309562683
1656.3876790808877 0.999983549118042
1656.4085126929888 0.9999628067016602
1656.4293463049255 0.9995086789131165
1656.4501799167124 1.0002416372299194
1656.4710135283312 1.0000759363174438
1656.4918471397998 1.0002864599227905
1656.5126807510972 1.0000933408737183
1656.5335143622408 1.000014066696167
1656.5543479732128 0.9999812245368958
1656.5751815840258 1.0002787113189697
1656.596015194669 1.00019371509552
1656.6168488051492 1.0002751350402832
1656.6376824154554 1.0001834630966187
1656.6585160256006 1.000116229057312
1656.6793496355679 1.0001230239868164
1656.7001832453718 1.0001018047332764
1656.721016854996 1.0003201961517334
1656.7418504644531 1.0000931024551392
1656.7626840737303 1.0000327825546265
1656.783517682841 1.0002108812332153
1656.8043512917675 1.0001628398895264
1656.8251849005258 1.000332236289978
1656.846018509097 1.0001940727233887
1656.8668521175005 1.0000935792922974
1656.8876857257144 1.0001561641693115
1656.9085193337576 0.9998890161514282
1656.9293529416116 1.0001291036605835
1656.9501865492905 0.9997654557228088
1656.9710201567825 1.0001388788223267
1656.991853764098 0.9994537234306335
1657.0126873712188 0.9997345209121704
1657.0335209781658 1.000525951385498
1657.0543545849182 1.000199556350708
1657.0751881914937 0.999854564666748
1657.0960217978734 0.9996793866157532
1657.1168554040732 1.0002063512802124
1657.1376890100773 0.9999505877494812
1657.1585226159013 1.0000392198562622
1657.1793562215269 1.000194787979126
1657.200189826971 1.0001311302185059
1657.2210234322133 1.0000258684158325
1657.241857037275 1.0001624822616577
1657.2626906421376 0.9999805688858032
1657.2835242468127 1.0002272129058838
1657.3043578512873 0.9999309182167053
1657.3251914555758 0.9998936057090759
1657.3668586635629 0.9986317157745361
1657.387692267258 0.999454140663147
1657.4085258707669 0.9981995820999146
1657.429359474069 0.9983801245689392
1657.4501930771842 0.9987124800682068
1657.471026680091 0.9982145428657532
1657.4918602828077 0.996807336807251
1657.5126938853173 0.998987078666687
1657.5335274876365 0.9985885620117188
1657.5543610897466 0.9994953274726868
1657.5751946916653 0.998218834400177
1657.5960282933718 0.9985986351966858
1657.616861894888 0.9985060095787048
1657.637695496195 0.9982966780662537
1657.6585290973048 0.9980226755142212
1657.6793626982044 0.9994267821311951
1657.7001962989088 0.9989383220672607
1657.7210298994012 0.9993840456008911
1657.7418634996993 0.9986679553985596
1657.7626970997815 0.999441385269165
1657.7835306996687 0.9989908933639526
1657.804364299341 0.9987089037895203
1657.8251978988144 0.998997151851654
1657.8460314980762 0.9986832737922668
1657.8668650971363 0.9989444017410278
1657.8876986959815 0.99878990650177
1657.9085322946282 0.9989514946937561
1657.9293658930567 0.999048113822937
1657.9501994912878 0.999033510684967
1657.9710330892983 0.9981870651245117
1657.9918666871104 0.9990401268005371
1658.0127002847028 0.998587429523468
1658.0335338820926 0.999157726764679
1658.0543674792652 0.9990790486335754
1658.0752010762358 0.9994254112243652
1658.0960346729844 0.9994881749153137
1658.1168682695318 0.999439001083374
1658.1377018658566 0.9998224377632141
1658.1585354619806 0.9992051124572754
1658.1793690578813 0.999879002571106
1658.2002026535765 0.9988765716552734
1658.2210362490516 0.9993947744369507
1658.2418698443196 0.9990639090538025
1658.2627034393665 0.9990063905715942
1658.283537034208 0.9992472529411316
1658.3043706288238 0.9999067783355713
1658.325204223235 0.999180018901825
1658.346037817421 0.9995341897010803
1658.366871411401 0.9996821880340576
1658.387705005155 0.9994840621948242
1658.4085385987007 0.999814510345459
1658.4293721920214 0.9997665286064148
1658.4502057851348 0.9994142055511475
1658.471039378021 1.0000239610671997
1658.4918729706997 0.9997713565826416
1658.512706563149 0.9996196627616882
1658.5335401553912 0.9996979236602783
1658.5543737474047 0.9999997019767761
1658.5752073392093 1.0000782012939453
1658.5960409307845 1.0001310110092163
1658.6168745221505 1.0000375509262085
1658.6377081132844 0.9996302127838135
1658.6585417042102 1.0001120567321777
1658.6793752949045 0.9999752640724182
1658.7002088853903 1.0002312660217285
1658.7210424756443 0.9997503161430359
1658.7418760656858 0.9999998807907104
1658.7627096554968 0.9998388886451721
1658.783543245094 0.9998677968978882
1658.8043768344633 1.0002937316894531
1658.8252104236183 1.0002766847610474
1658.8460440125384 1.0000869035720825
1658.8668776012476 1.0002540349960327
1658.8877111897239 1.0002461671829224
1658.9085447779867 1.0000971555709839
1658.9293783660157 0.9999747276306152
1658.950211953829 1.000050663948059
1658.9710455414108 1.000176191329956
1658.9918791287776 0.9998869299888611
1659.0127127159083 1.0000144243240356
1659.0335463028255 1.0001705884933472
1659.054379889506 1.0003399848937988
1659.0752134759723 1.0005053281784058
1659.0960470622028 0.9999319314956665
1659.1168806482167 1.000030517578125
1659.137714233996 1.0001617670059204
1659.158547819558 0.9999771118164062
1659.179381404882 1.0001516342163086
1659.2002149899895 1.000258207321167
1659.2210485748597 1.000180721282959
1659.2418821595145 0.9996576905250549
1659.2627157439306 1.0000507831573486
1659.283549328128 1.000140905380249
1659.304382912088 1.000174641609192
1659.325216495828 1.0001354217529297
1659.3460500793312 1.0001972913742065
1659.366883662618 1.0002037286758423
1659.3877172456612 1.0002834796905518
1659.4085508284875 1.000235676765442
1659.4293844110741 1.000172734260559
1659.4502179934404 0.9999510049819946
1659.4710515755683 1.000266194343567
1659.4918851574744 1.0001381635665894
1659.512718739142 1.0000171661376953
1659.5335523205906 1.0004408359527588
1659.5543859017946 0.9999192953109741
1659.575219482779 1.0002102851867676
1659.5960530635216 1.0000805854797363
1659.616886644043 1.000268816947937
1659.6377202243225 1.0001128911972046
1659.6585538043796 1.0003604888916016
1659.6793873841948 0.9998106956481934
1659.7002209637885 1.0001139640808105
1659.721054543139 1.000057578086853
1659.7418881222673 1.0000064373016357
1659.76272170115 1.0000345706939697
1659.7835552798122 1.0001561641693115
1659.8043888582304 1.0000008344650269
1659.8252224364253 1.0000419616699219
1659.846056014376 1.000411033630371
1659.8668895921023 1.0002342462539673
1659.8877231695847 1.0001248121261597
1659.9085567468424 1.0002614259719849
1659.9293903238547 1.0001529455184937
1659.950223900646 1.0002068281173706
1659.9710574771884 1.0003877878189087
1659.9918910535064 1.0002081394195557
1660.0127246295792 1.0000791549682617
1660.0335582054258 1.000144600868225
1660.054391781027 0.9999101758003235
1660.0752253564037 1.0002803802490234
1660.0960589315307 0.9998611211776733
1660.116892506434 1.0001319646835327
1660.1377260810884 1.000148892402649
1660.158559655518 0.9998799562454224
1660.1793932296998 1.0001418590545654
1660.2002268036551 1.0000377893447876
1660.2210603773622 1.0000338554382324
1660.241893950842 0.9999883770942688
1660.2627275240716 1.0002297163009644
1660.2835610970758 0.9999787211418152
1660.3043946698301 1.0000823736190796
1660.3252282423584 1.0002002716064453
1660.3460618146366 1.0002975463867188
1660.3668953866854 1.0000786781311035
1660.3877289584855 1.0002995729446411
1660.4085625300552 1.00017249584198
1660.4293961013775 1.0004979372024536
1660.450229672471 1.0004342794418335
1660.471063243311 1.000095009803772
1660.4918968139239 0.999853253364563
1660.5127303842855 1.0002436637878418
1660.5335639544164 1.0003153085708618
1660.554397524297 1.0002810955047607
1660.5752310939479 1.0002566576004028
1660.5960646633466 1.000216007232666
1660.616898232515 1.000000238418579
1660.6377318014293 1.0000308752059937
1660.6585653701145 1.000114917755127
1660.6793989385465 1.0000540018081665
1660.700232506749 0.9999173283576965
1660.7418996424137 0.9992614388465881
1660.7627332098773 0.9988740086555481
1660.7835667771092 0.998819887638092
1660.8044003440853 0.9985833764076233
1660.825233910833 0.9991562366485596
1660.8460674773223 0.9995374083518982
1660.866901043581 0.9989202618598938
1660.887734609585 0.9995407462120056
1660.9085681753556 0.9994527101516724
1660.9294017408713 0.9995889663696289
1660.9502353061541 0.9999809861183167
1660.9710688711814 0.9994956254959106
1660.991902435975 1.0001602172851562
1661.0127360005104 0.9994915723800659
1661.033569564814 0.9997458457946777
1661.0544031288612 0.999315619468689
1661.0752366926727 0.999645471572876
1661.0960702562295 0.9992668628692627
1661.1169038195499 0.9997011423110962
1661.1377373826135 0.9988722205162048
1661.1585709454414 0.9993367791175842
1661.1794045080112 0.9992488622665405
1661.2002380703468 0.9993410110473633
1661.2210716324244 0.9998031854629517
1661.241905194266 0.9995309710502625
1661.262738755849 0.9989140033721924
1661.2835723171947 0.9996212124824524
1661.3044058782828 0.9997121095657349
1661.325239439133 0.9992781281471252
1661.3460729997248 0.9997603297233582
1661.3669065600798 0.9994937777519226
1661.3877401201737 0.9992651343345642
1661.4085736800314 0.9993456602096558
1661.4294072396287 0.9996123313903809
1661.4502407989864 0.9993966817855835
1661.4710743580865 0.9992069005966187
1661.4919079169472 0.999786913394928
1661.512741475546 0.9998049736022949
1661.533575033907 0.9999216198921204
1661.554408592006 1.00039541721344
1661.5752421498664 1.0002033710479736
1661.5960757074652 0.9993366003036499
1661.6169092648227 0.9996157884597778
1661.6377428219216 0.9999884963035583
1661.6585763787768 1.0002516508102417
1661.6794099353713 0.9997341632843018
1661.7002434917256 0.9995404481887817
1661.7210770478155 1.000124454498291
1661.741910603666 1.0000290870666504
1661.7627441592526 1.0000237226486206
1661.783577714598 1.0000211000442505
1661.8044112696796 0.9996492862701416
1661.8252448245178 0.9995847940444946
1661.8460783790931 1.0000009536743164
1661.866911933427 1.0000313520431519
1661.8877454874944 1.0002052783966064
1661.9085790413217 1.0000272989273071
1661.9294125948818 1.0005589723587036
1661.9502461482 1.0000354051589966
1661.9710797012522 1.000049352645874
1661.9919132540592 1.0001429319381714
1662.0127468066016 1.0000215768814087
1662.0335803588998 1.0002926588058472
1662.054413910933 1.0005576610565186
1662.075247462721 1.0005598068237305
1662.0960810142408 1.000143051147461
1662.1169145655172 1.0005067586898804
1662.1377481165257 1.0002120733261108
1662.1585816672873 1.0001667737960815
1662.1794152177827 1.0002564191818237
1662.2002487680327 1.0003437995910645
1662.2210823180135 0.999781608581543
1662.241915867749 1.000174880027771
1662.2627494172139 0.9999573826789856
1662.2835829664336 1.000012993812561
1662.3044165153815 1.0001368522644043
1662.3252500640867 0.9998564124107361
1662.3460836125196 1.0002236366271973
1662.3669171607032 1.000230073928833
1662.3877507086181 1.000301480293274
1662.4085842562852 1.0002682209014893
1662.42941780368 1.0002877712249756
1662.4502513508278 1.0002291202545166
1662.4710848977036 1.0001423358917236
1662.4919184443304 1.0005592107772827
1662.5127519906853 1.0003548860549927
1662.533585536789 1.000272274017334
1662.5544190826215 1.0002092123031616
1662.5752526282035 1.000200629234314
1662.596086173513 0.9999977350234985
1662.6169197185725 1.0002641677856445
1662.6377532633578 1.000118374824524
1662.6585868078926 1.0000985860824585
1662.6794203521526 1.0000827312469482
1662.7002538961594 1.0002373456954956
1662.721087439893 1.0003890991210938
1662.7419209833743 1.000227689743042
1662.7627545265805 0.9999730587005615
1662.7835880695357 1.000124216079712
1662.8044216122112 1.0002810955047607
1662.8252551546373 1.0001392364501953
1662.8460886967832 1.0002985000610352
1662.866922238678 1.000112533569336
1662.887755780295 1.0002315044403076
1662.9085893216572 1.0002456903457642
1662.9294228627434 1.000302791595459
1662.9502564035743 1.0005464553833008
1662.9710899441252 1.0002388954162598
1662.9919234844212 1.0001156330108643
1663.0127570244376 1.0004363059997559
1663.0335905641996 1.0006836652755737
1663.0544241036814 0.9999526739120483
1663.0752576429072 1.0002368688583374
1663.0960911818524 1.0002191066741943
1663.1169247205396 1.0002977848052979
1663.1377582589464 1.0003397464752197
1663.158591797095 1.0000747442245483
1663.1794253349615 0.9999871850013733
1663.200258872571 1.0003068447113037
1663.2210924098974 1.0002820491790771
1663.2419259469657 1.0004496574401855
1663.2627594837504 1.0000643730163574
1663.2835930202739 0.9998979568481445
1663.304426556515 1.0000437498092651
1663.3252600924973 1.0001343488693237
1663.3460936281917 1.0002238750457764
1663.3669271636277 0.9998512268066406
1663.387760698778 0.9999746680259705
1663.4085942336667 0.9999865889549255
1663.4294277682693 1.0002012252807617
1663.4502613026082 1.0002331733703613
1663.4710948366617 1.0000500679016113
1663.4919283704526 0.9999157786369324
1663.5127619039545 0.9999048709869385
1663.5335954371942 1.0001088380813599
1663.554428970145 0.9999173283576965
1663.575262502832 0.9997623562812805
1663.596096035229 0.9999896287918091
1663.6169295673606 1.0002182722091675
1663.6377630992015 0.9999822974205017
1663.658596630777 1.0001479387283325
1663.6794301620623 1.0000715255737305
1663.7002636930822 1.000353455543518
1663.7210972238079 0.9999780058860779
1663.7419307542675 0.9999375343322754
1663.7627642844343 1.0001105070114136
1663.783597814331 0.9997244477272034
1663.804431343936 0.9999585151672363
1663.8252648732707 0.9998530149459839
1663.846098402312 0.9998348951339722
1663.8669319310848 0.9997591376304626
1663.8877654595597 0.9997166991233826
1663.9085989877653 0.9997121691703796
1663.929432515672 0.9997448921203613
1663.9502660433093 0.9998232126235962
1663.971099570649 0.9999258518218994
1663.9919330977154 0.9995356202125549
1664.012766624484 1.0000499486923218
1664.0336001509806 0.9998148083686829
1664.0544336771754 0.9998067617416382
1664.0752672030972 0.9999836087226868
1664.116934254062 0.9993761777877808
1664.1377677791056 0.9987709522247314
1664.1586013038727 0.9990954995155334
1664.1794348283377 0.9997135400772095
1664.2002683525257 0.999553382396698
1664.2211018764092 0.9996005296707153
1664.2419354000149 1.0000754594802856
1664.2627689233132 0.9997919201850891
1664.2836024463343 1.0001275539398193
1664.3044359690489 0.9996770024299622
1664.3252694914822 0.9999566078186035
1664.346103013609 0.9999180436134338
1664.3669365354544 0.9997042417526245
1664.3877700569908 0.9994838237762451
1664.4086035782448 0.9993935227394104
1664.4294370991863 0.9994737505912781
1664.450270619846 0.9992431402206421
1664.4711041401933 1.0000896453857422
1664.4919376602568 0.9996939301490784
1664.5127711800071 0.9994315505027771
1664.5336046994717 0.9989193081855774
1664.5544382186215 0.9992600083351135
1664.5752717374842 0.9995210766792297
1664.596105256029 1.0000883340835571
1664.616938774287 0.9991997480392456
1664.6377722922268 1.0000944137573242
1664.6586058098776 0.9992401599884033
1664.6794393272096 0.9996179342269897
1664.70027284425 1.0001991987228394
1664.72110636097 0.9999621510505676
1664.7419398773952 0.9994038343429565
1664.7627733935005 0.9994661211967468
1664.7836069093116 0.9993041753768921
1664.8044404247978 0.9999231696128845
1664.8252739399893 1.0000944137573242
1664.8461074548554 0.9995948672294617
1664.8669409694241 0.9999181628227234
1664.8877744836657 0.9995186924934387
1664.9086079976064 0.9996695518493652
1664.92944151122 1.0000075101852417
1664.9502750245329 0.9996074438095093
1664.971108537514 0.9994322061538696
1664.9919420501938 1.0001308917999268
1665.012775562539 0.9998767375946045
1665.0336090745816 0.9995833039283752
1665.0544425862918 0.9994666576385498
1665.0752760976918 0.9998409748077393
1665.0961096087572 0.9996553659439087
1665.1169431195149 0.9994978904724121
1665.1377766299322 0.9996647834777832
1665.158610140041 0.9995155334472656
1665.1794436498064 1.0000269412994385
1665.2002771592622 0.9999698400497437
1665.2211106683756 1.0001388788223267
1665.2419441771729 0.999907910823822
1665.2627776856255 0.9999421238899231
1665.283611193761 0.9997894167900085
1665.3669452229794 0.9997775554656982
1665.3877787294248 1.0001388788223267
1665.408612235547 0.9996731877326965
1665.4294457413132 0.9997413754463196
1665.4502792467526 0.9998835921287537
1665.4711127518342 0.999873161315918
1665.4919462565879 0.9999024868011475
1665.5127797609775 0.9998548626899719
1665.5336132650382 0.9997807145118713
1665.5544467687332 0.9996781349182129
1665.5752802720965 1.0003052949905396
1665.5961137750908 1.0000211000442505
1665.6169472777474 1.0001189708709717
1665.6377807800338 1.0003271102905273
1665.6586142819808 1.0003132820129395
1665.6794477835508 1.000200867652893
1665.7002812847804 1.0001769065856934
1665.7211147856303 1.0003316402435303
1665.7419482861355 1.0002117156982422
1665.7627817862597 1.0003148317337036
1665.7836152860325 1.000060796737671
1665.8044487854193 1.0001237392425537
1665.8252822844531 1.0002775192260742
1665.8461157830982 0.9998712539672852
1665.8669492813867 1.0000578165054321
1665.88778277928 1.0000215768814087
1665.9086162768137 1.0000710487365723
1665.929449773949 1.0002188682556152
1665.9502832707199 1.000471591949463
1665.9711167670876 0.9999545812606812
1665.9919502630846 0.9996422529220581
1666.0127837586756 0.9999187588691711
1666.0336172538935 0.9998287558555603
1666.0544507486975 0.9998813271522522
1666.0752842431248 1.0000897645950317
1666.0961177371316 1.0000470876693726
1666.116951230758 0.9999811053276062
1666.1377847239628 1.0001033544540405
1666.158618216776 1.0001342296600342
1666.1794517091614 1.0003275871276855
1666.2002852011542 1.0002679824829102
1666.2211186927095 0.9998791217803955
1666.2419521838692 1.0000122785568237
1666.262785674584 1.0000885725021362
1666.2836191648964 1.0001177787780762
1666.3044526547615 1.0002237558364868
1666.3252861442138 0.9999833106994629
1666.3461196332119 1.0003852844238281
1666.3669531217922 0.99983149766922
1666.3877866099103 1.0000265836715698
1666.4086200976037 1.0003527402877808
1666.4294535848264 1.0002435445785522
1666.4502870716196 1.0000303983688354
1666.4711205579338 1.0000379085540771
1666.49195404381 1.0002645254135132
1666.5127875291985 1.0001323223114014
1666.5336210141397 1.0001415014266968
1666.5544544985858 1.00021231174469
1666.5752879825761 1.0000275373458862
1666.5961214660606 1.0000718832015991
1666.616954949083 0.9998197555541992
1666.6377884315878 1.0000003576278687
1666.6586219136216 1.0002398490905762
1666.6794553951293 0.9998701810836792
1666.7002888761522 0.9999403357505798
1666.7211223566387 0.999987006187439
1666.7419558366341 1.0000404119491577
1666.7627893160766 0.9998745322227478
1666.783622795018 1.0002968311309814
1666.8044562733949 0.9997036457061768
1666.8252897512602 0.9997522830963135
1666.8461232285488 0.9997931718826294
1666.8669567053091 0.9999856948852539
1666.8877901814826 1.0001397132873535
1666.9086236571152 0.9999109506607056
1666.929457132144 1.0000215768814087
1666.950290606621 0.9998617172241211
1666.971124080477 0.9998834133148193
1666.9919575537663 0.9998003244400024
1667.012791026421 0.9999001622200012
1667.033624498493 1.000052571296692
1667.0544579699133 0.9996941089630127
1667.075291440737 0.9999698996543884
1667.09612491089 0.9998828172683716
1667.1169583804299 1.0000382661819458
1667.1377918492797 1.0002617835998535
1667.1586253174994 1.0000041723251343
1667.1794587850113 1.0002448558807373
1667.2002922518764 0.9998390674591064
1667.2211257180136 1.0002353191375732
1667.2419591834841 0.9998697638511658
1667.2627926482087 1.0000640153884888
1667.283626112248 1.0000840425491333
1667.3044595755166 0.9998351335525513
1667.3252930380854 1.0001981258392334
1667.346126499862 0.9997107982635498
1667.366959960919 0.9998507499694824
1667.387793421167 1.0000736713409424
1667.408626880674 0.9998400807380676
1667.429460339354 1.0001107454299927
1667.4502937972752 0.9998074769973755
1667.4711272543516 0.9999905824661255
1667.4919607106547 0.9998346567153931
1667.5127941660958 0.9998894929885864
1667.5336276207504 1.0001331567764282
1667.5544610745328 0.9999378323554993
1667.575294527515 1.0005834102630615
1667.5961279796204 1.0000478029251099
1667.6169614309204 1.0001156330108643
1667.6377948813422 1.0004178285598755
1667.6586283309607 1.0005465745925903
1667.679461779706 1.0003080368041992
1668.6378001451658 1.0002636909484863
1668.658633596277 1.00040864944458
1668.6794670479019 1.0001740455627441
1668.7003004999954 1.0003101825714111
1668.721133952567 1.000244140625
1668.7419674055752 1.0001095533370972
1668.76280085902 0.9999029636383057
1668.7836343128674 1.000006914138794
1668.804467767114 0.9997264742851257
1668.8253012217276 0.9997477531433105
1668.8461346767049 0.9995022416114807
1668.8669681320123 0.99918133020401
1668.8878015876478 0.9997594952583313
1668.9086350435823 0.9995561838150024
1668.9294684998083 0.999475359916687
1668.9503019563044 0.9985750317573547
1668.971135413061 0.9993459582328796
1668.991968870057 0.9992508888244629
1669.0128023272841 0.9995260238647461
1669.0336357847204 0.9992642998695374
1669.0544692423632 0.9993915557861328
1669.0753027001872 0.9992856979370117
1669.0961361581892 0.9997026324272156
1669.1169696163524 0.9989160299301147
1669.1378030746655 0.9992164373397827
1669.158636533118 0.9995743036270142
1669.1794699916984 0.9991775155067444
1669.2003034503948 0.9996562004089355
1669.2211369091979 0.9998159408569336
1669.2419703680982 0.9996054172515869
1669.262803827087 0.9995607137680054
1669.2836372861539 0.999710738658905
1669.304470745287 0.999727725982666
1669.3253042044835 0.9997790455818176
1669.3461376637279 0.999666690826416
1669.36697112302 0.999573826789856
1669.3878045823462 0.9994069337844849
1669.4086380417023 0.9999127984046936
1669.429471501078 0.9998831748962402
1669.450304960471 0.9998666644096375
1669.4711384198686 0.9996748566627502
1669.4919718792698 1.0000098943710327
1669.5128053386607 0.999420166015625
1669.5336387980456 0.9998104572296143
1669.5544722574093 0.9997977018356323
1669.575305716753 0.9998371005058289
1669.5961391760648 0.9994597434997559
1669.6169726353446 1.000011920928955
1669.637806094583 1.0003759860992432
1669.658639553784 1.0000101327896118
1669.679473012927 0.9997166395187378
1669.7003064720232 1.0002999305725098
1669.7211399310559 0.9999125599861145
1669.74197339003 0.9998095035552979
1669.762806848933 1.0000338554382324
1669.783640307769 1.0003007650375366
1669.8044737665248 1.0000407695770264
1669.8253072252076 0.9995488524436951
1669.8461406838012 0.9999222159385681
1669.866974142316 0.9999127984046936
1669.887807600733 0.9996336698532104
1669.9086410590633 1.0003571510314941
1669.9294745172908 1.0001107454299927
1669.9503079754224 1.0001899003982544
1669.9711414334465 1.000197410583496
1669.9919748913705 1.0000455379486084
1670.012808349178 1.000370740890503
1670.0336418068805 1.0000170469284058
1670.0544752644596 0.9998118281364441
1670.0753087219316 1.0001258850097656
1670.0961421792742 1.0001517534255981
1670.1169756364989 0.9995964169502258
1670.1378090935932 0.999821126461029
1670.1586425505654 1.0001521110534668
1670.179476007401 0.9998201131820679
1670.2003094641111 1.0002317428588867
1670.2211429206773 0.9999485015869141
1670.2419763771154 1.0000691413879395
1670.2628098334071 0.9998412728309631
1670.2836432895645 1.0002171993255615
1670.3044767455713 0.9999093413352966
1670.3253102014387 1.0001112222671509
1670.3461436571527 0.9999020099639893
1670.3669771127247 0.9998009204864502
1670.387810568136 0.9998313188552856
1670.4086440234041 0.9999984502792358
1670.429477478509 1.0000401735305786
1670.4503109334662 0.9998511075973511
1670.4711443882572 0.9996260404586792
1670.4919778428969 0.9998403787612915
1670.512811297367 0.9996786117553711
1670.5336447516827 0.9997782707214355
1670.5544782058237 0.9999516606330872
1670.575311659809 0.999930739402771
1670.5961451136177 0.9999963641166687
1670.6169785672673 0.9999199509620667
1670.6378120207382 0.999847412109375
1670.6586454740443 1.0002127885818481
1670.679478927171 0.999879002571106
1670.700312380132 1.0000994205474854
1670.7211458329093 1.000119686126709
1670.7419792855187 1.000127911567688
1670.7628127379407 1.000373363494873
1670.783646190193 1.0002280473709106
1670.8044796422566 1.0000935792922974
1670.8253130941457 1.0003236532211304
1670.8461465458458 1.0002243518829346
1670.86697999737 0.9998857975006104
1670.8878134487031 1.0001490116119385
1670.9086468998578 1.0000182390213013
1670.9294803508167 1.0000801086425781
1670.9503138015975 0.9997963309288025
1670.9711472521788 0.9999258518218994
1670.9919807025815 0.999991238117218
1671.0128141527844 1.0002434253692627
1671.033647602804 1.000083327293396
1671.0544810526233 1.000038743019104
1671.075314502258 1.00006103515625
1671.0961479516898 1.0003067255020142
1671.1169814009354 1.0003212690353394
1671.1378148499741 1.0004819631576538
1671.1586482988275 1.0002423524856567
1671.179481747474 1.0003048181533813
1671.2003151959304 0.9999909996986389
1671.2211486441795 1.0001157522201538
1671.241982092236 1.0000264644622803
1671.2628155400846 0.9999456405639648
1671.2836489877411 0.9999086260795593
1671.304482435186 1.0002493858337402
1671.3253158824375 1.0001108646392822
1671.3461493294762 0.9999001622200012
1671.3669827763192 0.9999225735664368
1671.3878162229505 1.0000914335250854
1671.4086496693856 0.9996846318244934
1671.429483115605 0.9998419880867004
1671.4503165616256 0.9999560713768005
1671.471150007428 1.0002244710922241
1671.4919834530328 1.0001095533370972
1671.5128168984193 0.99984210729599
1671.5336503436063 0.999797523021698
1671.5544837885734 1.0000003576278687
1671.5753172333377 0.9997498989105225
1671.596150677883 0.999916672706604
1671.6169841222268 0.9999964833259583
1671.6378175663476 0.9995219707489014
1671.6586510102659 0.9999802708625793
1671.6794844539595 0.9997832179069519
1671.700317897453 1.0000333786010742
1671.7211513407203 0.9997991323471069
1671.7419847837805 1.000002384185791
1671.7628182266174 1.0000197887420654
1671.783651669247 0.9998149871826172
1671.804485111652 0.9999338984489441
1671.8253185538495 0.9999616742134094
1671.8461519958178 0.9999402165412903
1671.8669854375803 0.9997847676277161
1671.8878188791143 1.000236988067627
1671.9086523204398 0.9999793171882629
1671.929485761536 0.9997743964195251
1671.9503192024213 1.0001647472381592
1671.9711526430779 1.000110149383545
1671.9919860835237 0.999720573425293
1672.0128195237367 0.999727725982666
1672.0336529637402 0.9997832775115967
1672.0753198430702 0.9990756511688232
1672.096153282398 0.9992442727088928
1672.116986721511 0.9993970394134521
1672.1378201603914 0.9978492259979248
1672.1586535990577 0.9993932247161865
1672.1794870374881 0.9991744756698608
1672.200320475706 0.9993709921836853
1672.2211539136879 0.9997844696044922
1672.2419873514555 0.9995867609977722
1672.262820788987 0.999604344367981
1672.2836542263008 0.9998079538345337
1672.3044876633821 0.9999952912330627
1672.325321100243 0.9997876286506653
1672.3461545368682 0.999716579914093
1672.3669879732763 0.9997968673706055
1672.3878214094455 1.000038504600525
1672.4086548453977 0.9997064471244812
1672.4294882811112 0.999719500541687
1672.450321716604 0.9997406005859375
1672.4711551518596 0.9991647005081177
1672.4919885868958 0.9991893768310547
1672.512822021692 0.999668300151825
1672.5336554562687 0.9997872710227966
1672.5544888906034 0.999629557132721
1672.5753223247189 0.9994590282440186
1672.5961557585908 0.9994500279426575
1672.616989192244 0.9996225237846375
1672.6378226256552 0.9998125433921814
1672.658656058844 0.9996633529663086
1672.679489491791 0.9991577863693237
1672.700322924517 1.0000903606414795
1672.7211563569979 0.9998788237571716
1672.741989789257 0.9997610449790955
1672.7628232212705 1.0000616312026978
1672.7836566530627 0.9995178580284119
1672.8044900846105 0.9997186660766602
1672.825323515934 0.9994181394577026
1672.8461569470132 0.9996975660324097
1672.8669903778664 0.9999873042106628
1672.887823808478 0.9998183250427246
1672.9086572388633 0.9996204376220703
1672.9294906690002 0.9995341300964355
1672.950324098914 0.9994713068008423
1672.9711575285814 0.9996173977851868
1672.991990958022 0.9996631741523743
1673.0128243872166 0.9997491240501404
1673.033657816183 0.9996152520179749
1673.0544912449038 0.999665379524231
1673.075324673399 1.0001752376556396
1673.096158101644 0.9997918009757996
1673.1169915296632 1.0000790357589722
1673.1378249574325 0.9998995065689087
1673.1586583849755 0.9993595480918884
1673.1794918122696 0.9999784827232361
1673.2003252393336 0.9998588562011719
1673.22115866615 0.9998878240585327
1673.241992092738 0.9999675750732422
1673.2628255190748 0.9998381733894348
1673.2836589451847 0.999980092048645
1673.3044923710424 0.9997512102127075
1673.325325796672 0.9997963905334473
1673.3461592220501 0.9998149275779724
1673.3669926471969 0.999804675579071
1673.3878260720949 0.9999898076057434
1673.4086594967625 1.0002039670944214
1673.4294929211787 0.9998980164527893
1673.4503263453635 0.9999647736549377
1673.4711597692963 1.0001885890960693
1673.491993192998 1.0001220703125
1673.5128266164472 0.999903678894043
1673.533660039663 1.0
1673.5544934626275 0.9998956918716431
1673.5753268853596 0.9998580813407898
1673.5961603078388 0.9998469352722168
1673.6169937300863 0.9996942281723022
1673.6378271520775 0.9998290538787842
1673.6586605738403 0.9996099472045898
1673.6794939953447 0.9996973276138306
1673.7003274166184 0.9997977614402771
1673.7211608376372 0.999645471572876
1673.7419942584218 0.9996217489242554
1673.7628276789521 0.9998378753662109
1673.783661099249 0.9996488094329834
1673.8044945192883 0.9998406767845154
1673.8253279390956 0.9998717308044434
1673.846161358647 0.9997352957725525
1673.8669947779636 0.9996812343597412
1673.8878281970242 0.9998874664306641
1673.9086616158493 0.999839723110199
1673.9294950344186 0.9997509121894836
1673.9503284527507 1.0000991821289062
1673.9711618708277 0.9997557997703552
1673.9919952886694 0.9996970891952515
1674.0128287062525 0.999442994594574
1674.033662123602 0.99961918592453
1674.0544955406924 0.9996305108070374
1674.075328957546 0.9998331665992737
1674.096162374142 0.9996310472488403
1674.1169957905 0.9997752904891968
1674.1378292066013 0.9998852610588074
1674.1586626224657 0.9998303055763245
1674.17949603807 0.9998252391815186
1674.2003294534384 0.9997137188911438
1674.2211628685475 0.9998493790626526
1674.241996283419 0.9998218417167664
1674.2628296980308 0.9998851418495178
1674.283663112403 0.9997439384460449
1674.3044965265171 1.0003235340118408
1674.3253299403932 0.9999703764915466
1674.3461633540078 1.0000596046447754
1674.366996767385 0.9996241331100464
1674.3878301805014 0.9997722506523132
1674.4086635933793 0.9995779991149902
1674.4294970059948 1.0002250671386719
1674.4503304183713 1.0001994371414185
1674.4711638304873 0.9999304413795471
1674.4919972423631 1.000137448310852
1674.512830653978 1.0001829862594604
1674.5336640653532 1.0001660585403442
1674.5544974764641 1.000023365020752
1674.5753308873393 0.999856173992157
1674.5961642979498 1.0000437498092651
1674.616997708318 0.9997494220733643
1674.6378311184255 0.9999016523361206
1674.6586645282912 0.9997636079788208
1674.6794979378947 1.0002102851867676
1674.7003313472574 0.9998488426208496
1674.7211647563545 0.9999933838844299
1674.7419981652124 1.0002553462982178
1674.7628315738061 1.000104546546936
1674.7836649821586 1.0000243186950684
1674.8044983902466 0.9998626112937927
1674.825331798092 1.0002601146697998
1674.8461652056728 1.0000879764556885
1674.8669986130135 1.0000228881835938
1674.887832020086 1.0001521110534668
1674.9086654269183 1.0001490116119385
1674.9294988334855 0.9998118281364441
1674.9503322398098 1.0001468658447266
1674.9711656458683 1.0002093315124512
1674.9919990516828 1.0000888109207153
1675.0128324572315 1.0002784729003906
1675.0336658625367 1.0002318620681763
1675.0544992675766 1.000115990638733
1675.075332672373 1.0000941753387451
1675.096166076902 0.9999898076057434
1675.1169994811887 1.0000888109207153
1675.1378328852074 0.9999256134033203
1675.1586662889808 0.9999322295188904
1675.1794996924882 1.0000464916229248
1675.2003330957489 0.99997878074646
1675.221166498744 1.000166416168213
1675.2419999014942 1.000089168548584
1675.2628333039754 1.0000749826431274
1675.2836667062134 0.9999193549156189
1675.30450010818 1.0000500679016113
1675.3253335099034 0.999930739402771
1675.346166911358 1.0000560283660889
1675.3670003125658 0.9999166131019592
1675.3878337135056 0.9998314380645752
1675.4086671141993 0.9999756813049316
1675.4503339148018 0.9992519021034241
1675.4711673147092 0.9996475577354431
1675.4920007143696 0.999657392501831
1675.5128341137615 0.9998996257781982
1675.5336675129051 0.9997995495796204
1675.5545009117793 0.9999358654022217
1675.5753343104054 1.0001487731933594
1675.5961677087605 0.9999900460243225
1675.617001106869 0.9998789429664612
1675.637834504707 1.0000334978103638
1675.6586679022967 0.9999998807907104
1675.679501299615 0.9999249577522278
1675.7003346966837 1.0000163316726685
1675.7211680934822 0.9998089075088501
1675.74200149003 1.00016450881958
1675.7628348863084 1.0001635551452637
1675.783668282336 1.0000120401382446
1675.8045016780925 1.0000065565109253
1675.8253350735997 1.000070571899414
1675.846168468833 0.9999546408653259
1675.8670018638177 1.000078558921814
1675.8878352585295 1.0002378225326538
1675.9086686529893 1.0001248121261597
1675.9295020471777 1.0000360012054443
1675.9503354411158 1.0000122785568237
1675.9711688347802 0.9999452233314514
1675.9920022281938 1.000048041343689
1676.0128356213327 1.0001060962677002
1676.0336690142215 1.0001516342163086
1676.0545024068356 1.0001949071884155
1676.0753357991966 1.0002168416976929
1676.0961691912848 1.0000598430633545
1676.1170025831204 0.9998117685317993
1676.1378359746827 0.9999217391014099
1676.1586693659924 1.0001994371414185
1676.1795027570251 1.0001938343048096
1676.2003361478069 0.999987781047821
1676.2211695383126 1.0000663995742798
1676.2420029285636 0.9999344348907471
1676.2628363185404 1.0003184080123901
1676.2836697082641 1.0004312992095947
1676.3045030977112 1.0000845193862915
1676.3253364869051 1.000085711479187
1676.3461698758208 1.000040888786316
1676.3670032644839 0.9999469518661499
1676.3878366528675 1.0001126527786255
1676.4086700409991 1.0000879764556885
1676.429503428853 1.0003666877746582
1676.4503368164524 0.9997851848602295
1676.4711702037737 1.0000596046447754
1676.4920035908399 0.9998810887336731
1676.5128369776269 0.9998713135719299
1676.5336703641597 0.9999058246612549
1676.5545037504112 1.0001251697540283
1676.5753371364092 1.0001168251037598
1676.596170522128 1.0002981424331665
1676.617003907591 1.00033438205719
1676.637837292774 1.0001286268234253
1676.6586706777 1.0004130601882935
1676.6795040623465 1.0002070665359497
1676.7003374467365 1.0001804828643799
1676.721170830844 1.000074028968811
1676.7420042146964 0.9998806118965149
1676.7628375982695 1.0000313520431519
1676.7836709815813 1.0001561641693115
1676.8045043646136 1.0000381469726562
1676.8253377473873 1.0001225471496582
1676.84617112988 0.9999659657478333
1676.8670045121144 1.0000557899475098
1676.8878378940642 1.0000903606414795
1676.9086712757578 1.0000534057617188
1676.9295046571683 1.0000046491622925
1676.95033803832 0.9999828338623047
1676.9711714191885 1.000199317932129
1676.9920047997962 0.9999512434005737
1677.0128381801214 1.0001912117004395
1677.0336715601868 1.0003100633621216
1677.054504939966 0.9999745488166809
1677.0753383194876 1.0001487731933594
1677.0961716987229 0.999898374080658
1677.1170050776984 1.000270962715149
1677.1378384563886 0.9999805688858032
1677.1586718348167 1.0003718137741089
1677.1795052129603 1.0000269412994385
1677.2003385908404 1.0003087520599365
1677.221171968436 1.0001362562179565
1677.242005345772 1.0002944469451904
1677.2628387228172 1.0000230073928833
1677.2836720996015 1.0001720190048218
1677.3045054760992 1.0002505779266357
1677.3253388523328 1.0000526905059814
1677.3461722282798 0.9999249577522278
1677.3670056039612 1.0003293752670288
1677.3878389793583 1.0000982284545898
1677.4086723544897 0.9999555349349976
1677.4295057293305 0.9999644160270691
1677.4503391039086 1.000015139579773
1677.4711724781964 1.0003050565719604
1677.4920058522207 0.9998722076416016
1677.5128392259548 1.0002774000167847
1677.5336725994239 1.0001839399337769
1677.5545059726012 1.0001665353775024
1677.5753393455138 1.0001347064971924
1677.5961727181343 1.0002115964889526
1677.6170060904897 1.0003578662872314
1677.6378394625524 1.0002387762069702
1677.658672834348 0.9998694062232971
1677.6795062058545 1.0001469850540161
1677.7003395770905 1.0002493858337402
1677.7211729480337 0.9999334216117859
1677.742006318709 0.9998113512992859
1677.7628396890918 1.0000196695327759
1677.783673059206 1.0003364086151123
1677.8045064290254 0.9999452233314514
1677.8253397985775 1.0000180006027222
1677.846173167834 1.0001167058944702
1677.8670065368187 1.0003939867019653
1677.887839905511 1.0000826120376587
1677.9086732739302 1.0004874467849731
1677.9295066420552 1.0001614093780518
1677.9503400099093 1.0002365112304688
1677.9711733774668 1.0000005960464478
1677.9920067447526 1.0002890825271606
1678.0128401117393 1.000217318534851
1678.0336734784557 1.0005592107772827
1678.054506844874 1.0002316236495972
1678.0753402110186 1.0004750490188599
1678.096173576865 1.0001085996627808
1678.1170069424395 1.000226378440857
1678.1378403077122 1.0000923871994019
1678.1586736727115 1.0002528429031372
1678.1795070374098 1.0001078844070435
1678.2003404018333 1.0002976655960083
1678.2211737659563 0.9999261498451233
1678.2420071298034 1.0001899003982544
1678.2628404933503 1.0002362728118896
1678.2836738566189 1.000185251235962
1678.3045072195857 1.000058650970459
1678.3253405822759 1.0001362562179565
1678.3461739446602 1.000206708908081
1678.3670073067692 1.0003559589385986
1678.3878406685735 1.0002511739730835
1678.4086740300995 1.000167965888977
1678.42950739132 1.0002044439315796
1678.4503407522604 1.0002403259277344
1678.4711741128958 1.0004514455795288
1678.4920074732509 0.9999673962593079
1678.5128408333012 0.9999578595161438
1678.5336741930782 0.999843955039978
1678.5545075525392 0.9999129176139832
1678.575340911717 0.9997851848602295
1678.5961742705856 0.9996773600578308
1678.6170076291705 1.000214695930481
1678.6378409874467 1.0001038312911987
1678.6586743454393 0.999810516834259
1678.679507703121 1.0000653266906738
1678.700341060518 1.000093936920166
1678.7211744176016 1.0001466274261475
1678.7420077744014 1.0001213550567627
1678.7628411308885 0.9999868273735046
1678.783674487088 1.000077247619629
1678.8253411985738 1.0000910758972168
1678.846174553858 0.999863862991333
1678.8670079088538 0.9999586939811707
1678.887841263531 0.999933660030365
1678.9086746179212 1.0001438856124878
1678.9295079719934 1.0001884698867798
1678.9503413257755 1.0001909732818604
1678.9711746792389 0.9998723864555359
1678.9920080324093 1.0003833770751953
1679.0128413852613 1.0001816749572754
1679.03367473782 0.9999624490737915
1679.054508090056 1.000182867050171
1679.075341442002 1.0001740455627441
1679.0961747936212 1.0005011558532715
1679.1170081449475 1.0003896951675415
1679.1378414959497 1.0000308752059937
1679.1586748466548 1.0003811120986938
1679.1795081970356 0.9999098777770996
1679.2003415471174 1.0002727508544922
1679.221174896874 0.9998325705528259
1679.242008246332 0.9998766183853149
1679.2628415954591 0.9997678399085999
1679.283674944288 1.0001529455184937
1679.304508292787 1.0002949237823486
1679.3253416409832 1.0000993013381958
1679.3461749888502 0.9999805092811584
1679.367008336412 1.0000916719436646
1679.3878416836408 1.0001311302185059
1679.408675030566 0.9999386072158813
1679.4295083771553 0.9999295473098755
1679.4503417234396 1.0000662803649902
1679.4711750693884 1.0001322031021118
1679.4920084150274 1.0000241994857788
1679.5128417603294 0.9998014569282532
1679.5336751053205 0.9998432993888855
1679.554508449972 0.9999346137046814
1679.5753417943126 0.9998367428779602
1679.5961751383118 0.9999364614486694
1679.617008481998 1.0000227689743042
1679.637841825339 0.999742865562439
1679.6586751683662 1.000079870223999
1679.6795085110475 0.999668300151825
1679.70034185341 0.9999872446060181
1679.7211751954285 1.0003381967544556
1679.742008537126 0.9999994039535522
1679.7628418784711 1.0001592636108398
1679.7836752194978 1.0001899003982544
1679.8045085601707 0.9999628067016602
1679.8253419005216 0.9996834397315979
1679.8461752405185 0.9996797442436218
1679.8670085801882 0.9999107122421265
1679.8878419195014 1.0002037286758423
1679.9086752584853 1.000192403793335
1679.9295085971112 1.0000613927841187
1679.950341935407 0.9998984932899475
1679.9711752733401 0.9997578263282776
1679.9920086109412 0.9997150301933289
1680.0128419481766 1.000099539756775
1680.0336752850762 1.000043272972107
1680.0545086216084 0.9998826384544373
1680.0753419578011 0.9997618198394775
1680.0961752936264 1.0001475811004639
1680.1170086291093 1.0001860857009888
1680.1378419642156 1.0000571012496948
1680.1586752989808 1.0001137256622314
1680.1795086333668 0.9999661445617676
1680.200341967408 1.0000447034835815
1680.2211753010686 1.0003347396850586
1680.242008634378 1.00026273727417
1680.2628419673033 1.0000797510147095
1680.2836752998762 1.0002635717391968
1680.3045086320585 1.000329852104187
1680.3253419638866 1.0002162456512451
1680.3461752953222 1.0004017353057861
1680.3670086263983 1.0004085302352905
1680.3878419570772 1.000230312347412
1680.4086752873923 1.0003035068511963
1680.4295086173072 1.0002719163894653
1680.450341946854 1.0004284381866455
1680.471175275996 1.0002312660217285
1680.492008604768 1.000239372253418
1680.5128419331265 1.0003881454467773
1680.5336752611117 1.0002827644348145
1680.5545085886815 1.0006922483444214
1680.5753419158714 1.0006266832351685
1680.5961752426406 1.0003278255462646
1680.6170085690242 1.0003920793533325
1680.6378418949819 1.0004628896713257
1680.658675220551 1.0002634525299072
1680.6795085456874 1.0005370378494263
1680.700341870431 1.0003221035003662
1680.7211751947348 1.0002800226211548
1680.7420085186393 1.00059175491333
1680.7628418420998 1.00032377243042
1680.783675165153 1.0004266500473022
1680.8045084877576 1.0006253719329834
1680.8253418099491 1.0006746053695679
1680.8461751316809 1.00052809715271
1680.8670084529958 1.0003658533096313
1680.887841773845 1.000408411026001
1680.9086750942693 1.0004034042358398
1680.929508414222 1.000449299812317
1680.95034173374 1.0005525350570679
1680.971175052778 1.000174641609192
1680.992008371374 1.0005896091461182
1681.0128416894815 1.0005202293395996
1681.0336750071433 1.0006897449493408
1681.054508324302 1.0002644062042236
1681.0753416410062 1.000073790550232
1681.0961749572014 1.000360131263733
1681.11700827293 1.0004277229309082
1681.1378415881404 1.000260829925537
1681.158674902876 1.0002268552780151
1681.1795082170815 1.0001846551895142
1681.2003415308016 1.0002925395965576
1681.2211748439784 1.0003631114959717
1681.2420081566613 1.0003691911697388
1681.2628414687906 1.0001260042190552
1681.2836747804126 1.0003242492675781
1681.3045080914678 1.0001929998397827
1681.325341402003 0.9999247193336487
1681.3461747119586 1.0002721548080444
1681.3670080213835 1.0000042915344238
1681.3878413302114 1.0001535415649414
1681.408674638494 1.0002665519714355
1681.4295079461656 0.9999939799308777
1681.4503412532795 0.9999434947967529
1681.471174559766 1.000002384185791
1681.4920078656785 1.0000206232070923
1681.5128411709463 1.0000710487365723
1681.5336744756232 1.0002573728561401
1681.5545077796385 1.0000495910644531
1681.575341083046 0.999985933303833
1681.5961743857727 1.0001564025878906
1681.617007687875 1.0003982782363892
1681.6378409892754 1.000192642211914
1681.6586742900322 1.0000349283218384
1681.6795075900673 1.0003764629364014
1681.7003408894407 1.0000146627426147
1681.7211741880694 1.0002926588058472
1681.7420074860163 1.0003139972686768
1681.7628407831949 1.0002413988113403
1681.7836740796736 1.000200629234314
1681.804507375363 1.00015389919281
1681.8253406703302 1.0004022121429443
1681.8461739644858 1.0004140138626099
1681.8670072578973 1.0003267526626587
1681.8878405504768 1.0001220703125
1681.9086738422943 1.0005782842636108
1681.9295071332567 1.0001592636108398
1681.950340423438 1.0002678632736206
1681.9711737127463 1.000401496887207
1681.992007001259 0.9998926520347595
1682.0128402888877 1.0003288984298706
1682.0336735757016 1.000253677368164
1682.054506861623 1.0001516342163086
1682.075340146724 1.0003563165664673
1682.0961734309305 1.0002424716949463
1682.1170067143175 1.000166893005371
1682.1378399968155 1.0000921487808228
1682.1586732785015 0.9994224309921265
1682.2003398393483 0.999885082244873
1682.2211731185505 0.999580979347229
1682.2420063969905 0.9994588494300842
1682.2628396746618 0.999754011631012
1682.2836729516278 0.9997694492340088
1682.3045062279014 1.0001189708709717
1682.3253395035445 0.9995670914649963
1682.3461727785982 0.9995783567428589