1790.6809629670072 0.9943841695785522
1790.701796323338 0.995277464389801
1790.7226296775996 0.9949676394462585
1790.7434630299344 0.9944872260093689
1790.7642963803028 0.9960001111030579
1790.785129728839 0.9947846531867981
1790.805963075503 0.9953286647796631
1790.826796420422 0.9957135915756226
1790.8476297635552 0.9952511787414551
1790.8684631050232 0.9946731925010681
1790.8892964447853 0.994506299495697
1790.9101297829554 0.9940322637557983
1790.930963119493 0.9956020712852478
1790.9517964545064 0.9941470623016357
1790.972629787955 0.9951180219650269
1790.993463119941 0.9963033199310303
1791.0142964504244 0.9963781833648682
1791.0351297795032 0.9983935356140137
1791.0559631071367 0.9984015822410583
1791.0767964334186 0.9970269203186035
1791.0976297583084 0.9976688623428345
1791.3892961765018 0.9994949698448181
1791.410129483529 1.0032867193222046
1791.4309627894738 1.0019009113311768
1791.4517960944013 1.0034931898117065
1791.4726293982737 1.002233862876892
1791.4934627011546 1.0052459239959717
1791.514296003007 1.0043187141418457
1791.5351293038918 1.0040735006332397
1791.5559626037727 1.007236123085022
1791.576795902709 1.0062369108200073
1791.5976292006644 1.0065242052078247
1791.618462497696 1.0041104555130005
1791.639295793769 1.0071995258331299
1791.660129088938 1.0058095455169678
1791.6809623831687 1.0062025785446167
1791.7017956765146 1.0077263116836548
1791.7226289689413 1.0058465003967285
1791.7434622605012 1.007229208946228
1791.7642955511603 1.0083839893341064
1791.7851288409688 1.0081616640090942
1791.805962129894 1.0075936317443848
1791.8267954179848 1.006367802619934
1791.8476287052083 1.0074598789215088
1791.8684619916125 1.0074121952056885
1791.8892952771648 1.0084443092346191
1791.9101285619117 1.0064314603805542
1791.9309618458215 1.007987380027771
1791.95179512894 1.0068650245666504
1791.9726284112346 1.0084551572799683
1791.9934616927508 1.0090292692184448
1792.0142949734566 1.0095394849777222
1792.0351282533957 1.0087465047836304
1792.0559615325226 1.010817050933838
1792.0767948108817 1.0089244842529297
1792.097628088469 1.0098626613616943
1792.1184613653256 1.0086396932601929
1792.1392946414076 1.0083205699920654
1792.1601279167558 1.00973641872406
1792.1809611913404 1.0087013244628906
1792.2017944652016 1.0086499452590942
1792.222627738309 1.0095993280410767
1792.2434610107027 1.0076130628585815
1792.2642942823525 1.0066778659820557
1792.2851275532973 1.0083293914794922
1792.305960823508 1.0070006847381592
1792.3267940930225 1.0066572427749634
1792.3476273618114 1.0064733028411865
1792.3684606299128 1.0058033466339111
1792.3892938972972 1.0058867931365967
1792.4101271640013 1.0065343379974365
1792.4309604299972 1.0047543048858643
1792.4517936953207 1.006561517715454
1792.4726269599435 1.0049642324447632
1792.4934602239011 1.0022491216659546
1792.514293487166 1.0041908025741577
1792.5351267497722 1.0027391910552979
1792.5559600116928 1.0021377801895142
1792.576793272962 1.0011175870895386
1792.5976265335523 1.0002740621566772
1792.6184597934975 0.9998196959495544
1792.6392930527709 0.999613344669342
1792.6601263114048 0.9989069104194641
1792.6809595693733 0.9994670152664185
1792.7017928267187 0.9993683695793152
1792.7226260833847 1.0003224611282349
1792.7434593394435 0.999614417552948
1792.7642925948287 1.0001428127288818
1792.7851258496119 1.0016859769821167
1792.8059591037274 1.00059974193573
1792.8267923572466 1.0015021562576294
1792.8476256101033 1.00227689743042
1792.8684588623687 1.00260591506958
1792.889292113977 1.0025712251663208
1792.9101253649987 1.002347707748413
1792.9309586153688 1.002306342124939
1792.951791865157 1.0031671524047852
1792.9726251142984 1.0029919147491455
1792.9934583628626 1.0023367404937744
1793.0142916107848 1.002668857574463
1793.035124858134 1.0031616687774658
1793.0559581048458 1.003287672996521
1793.0767913509892 1.0030444860458374
1793.0976245965098 1.0038681030273438
1793.118457841446 1.0043673515319824
1793.1392910857733 1.0038714408874512
1793.1601243295202 1.004183053970337
1793.1809575726527 1.0037111043930054
1793.2017908152288 1.0047369003295898
1793.2226240571945 1.0039646625518799
1793.2434572985874 1.0055077075958252
1793.2642905393839 1.0049476623535156
1793.285123779611 1.0046422481536865
1793.3059570192356 1.005096435546875
1793.3267902583148 1.0038127899169922
1793.3476234967948 1.0033106803894043
1793.3684567347127 1.0020672082901
1793.3892899720452 1.0019385814666748
1793.4101232088185 1.0019675493240356
1793.4309564450102 1.0022779703140259
1793.451789680646 1.0014991760253906
1793.4726229157036 1.0002766847610474
1793.4934561502084 0.9998190402984619
1793.514289384138 0.9996968507766724
1793.5351226175178 0.9992141723632812
1793.555955850326 0.9993623495101929
1793.5767890825873 1.0004088878631592
1793.5976223142798 0.9999958276748657
1793.6184555454286 0.9994214773178101
1793.6392887760114 0.9997469186782837
1793.660122006053 0.9987199306488037
1793.6809552355319 0.9978078007698059
1793.7017884644724 0.9984320402145386
1793.722621692853 0.9974141120910645
1793.7434549207078 0.9977790117263794
1793.7642881479856 0.9977086782455444
1793.7851213747397 0.9976483583450317
1793.8059546009397 0.9978786706924438
1793.8267878266192 0.9978926181793213
1793.8476210517267 0.998814046382904
1793.868454276326 0.9987050890922546
1793.889287500356 0.9983790516853333
1793.91012072388 0.9987375736236572
1793.9309539468377 0.9999450445175171
1793.9517871692917 1.0013197660446167
1793.9726203911814 1.0015586614608765
1793.9934536125702 1.002233624458313
1794.014286833397 1.0023610591888428
1794.0351200537243 1.0021061897277832
1794.0559532734926 1.0016995668411255
1794.076786492764 1.001460313796997
1794.0976197114883 1.002197265625
1794.1184529296977 1.0027881860733032
1794.1392861473723 1.0029385089874268
1794.1601193645342 1.0030523538589478
1794.1809525811534 1.0028172731399536
1794.201785797282 1.0034538507461548
1794.2226190128702 1.0028871297836304
1794.2434522279495 1.0034704208374023
1794.2642854425005 1.0028209686279297
1794.2851186565445 1.003425121307373
1794.3059518700625 1.0024470090866089
1794.3267850830757 1.0035905838012695
1794.3476182955644 1.0030637979507446
1794.3684515075504 1.0031225681304932
1794.3892847190139 1.0021498203277588
1794.410117929976 1.0017551183700562
1794.430951140418 1.0008807182312012
1794.4517843503609 1.0016753673553467
1794.472617559785 1.0011647939682007
1794.493450768722 1.0018671751022339
1794.514283977122 1.001084327697754
1794.5351171850461 1.0005460977554321
1794.5559503924355 0.9997680187225342
1794.576783599351 1.0000613927841187
1794.5976168057337 0.9998692274093628
1794.6184500116437 0.9989263415336609
1794.6392832170227 1.0005522966384888
1794.6601164219308 1.000409722328186
1794.6809496263095 1.0002682209014893
1794.7017828302191 0.9990507364273071
1794.722616033611 0.9998744130134583
1794.7434492365155 0.999868631362915
1794.7642824389138 0.9998924732208252
1794.785115640826 0.9998229742050171
1794.8059488422239 0.9995077848434448
1794.8267820431577 0.9992949366569519
1794.8476152435785 0.9984410405158997
1794.8684484435164 0.9987950325012207
1794.8892816429534 0.9986847043037415
1794.910114841909 0.998452365398407
1794.9309480403647 0.9984046816825867
1794.972614435819 0.9994775056838989
1794.9934476328187 0.9982606172561646
1795.0142808293222 0.9977249503135681
1795.0351140253485 0.9986721277236938
1795.0559472208781 0.9989398121833801
1795.0767804159307 0.9983052611351013
1795.0976136104916 0.9985008835792542
1795.1184468045901 0.9986291527748108
1795.1392799981766 0.9998273849487305
1795.1601131913105 1.0002111196517944
1795.1809463839336 1.0011334419250488
1795.2017795761055 1.0019221305847168
1795.2226127677689 1.0024547576904297
1795.2434459589817 1.0022059679031372
1795.2642791496874 1.0026112794876099
1795.2851123399444 1.0026159286499023
1795.305945529695 1.0029933452606201
1795.3267787189984 1.0030813217163086
1795.3476119077975 1.0030179023742676
1795.3684450961503 1.0032943487167358
1795.3892782840098 1.0026860237121582
1795.410111471405 1.0019292831420898
1795.4309446583177 1.0019668340682983
1795.4517778447673 1.0019233226776123
1795.4726110307365 1.002532958984375
1795.4934442162435 1.0032988786697388
1795.5142774012716 1.0023859739303589
1795.5351105858385 1.0022579431533813
1795.5559437699276 1.0017192363739014
1795.5767769535573 1.0015321969985962
1795.5976101367107 1.0009459257125854
1795.6184433194155 1.0001788139343262
1795.6392765016255 0.9993462562561035
1795.6601096833983 1.0007214546203613
1795.6809428646773 1.000397801399231
1795.7017760455203 1.0009669065475464
1795.7226092258713 1.0002548694610596
1795.7434424057874 1.0004563331604004
1795.7642755852125 1.0006093978881836
1795.785108764204 0.999946653842926
1795.8059419427059 0.9995799660682678
1795.8267751207754 0.9999387860298157
1795.8476082983668 1.0002821683883667
1795.8684414755069 1.0004093647003174
1795.8892746521801 1.0006288290023804
1795.9101078284032 1.000367522239685
1795.9309410041606 1.0000269412994385
1795.951774179469 0.9996675848960876
1795.9726073543134 0.9992567896842957
1795.9934405287102 0.9995859265327454
1796.0142737026438 0.9996220469474792
1796.035106876141 0.9993953108787537
1796.055940049156 0.9996923804283142
1796.0767732217464 0.9990235567092896
1796.097606393856 0.9983009099960327
1796.1184395655416 0.9981335997581482
1796.1392727367481 0.9984513521194458
1796.1601059075317 0.9979792237281799
1796.180939077837 0.998133659362793
1796.2017722477208 0.998313307762146
1796.222605417128 0.9986568689346313
1796.243438586115 0.9992333650588989
1796.2642717546362 0.999189555644989
1796.2851049227183 0.998380184173584
1796.305938090346 0.9997611045837402
1796.3267712575357 0.9992831945419312
1796.3476044242727 1.0009301900863647
1796.3684375905727 1.0011100769042969
1796.3892707564212 1.0019025802612305
1796.410103921834 1.0021841526031494
1796.4309370867961 1.0017929077148438
1796.451770251324 1.0021427869796753
1796.472603415403 1.002304196357727
1796.4934365790584 1.0022411346435547
1796.5142697422464 1.001800775527954
1796.5351029050219 1.0006309747695923
1796.555936067331 1.0013201236724854
1796.5767692292293 1.0011438131332397
1796.5976023906624 1.0012229681015015
1796.618435551686 1.0007692575454712
1796.6392687122554 1.0006040334701538
1796.6601018723964 1.0008734464645386
1796.6809350320848 1.0016552209854126
1796.701768191366 1.001258134841919
1796.7226013501959 1.0013153553009033
1796.7434345085999 1.0023154020309448
1796.7642676665637 1.0027580261230469
1796.7851008241028 1.0027532577514648
1796.8059339812032 1.001217007637024
1796.82676713788 1.0008211135864258
1796.8476002941197 1.00032377243042
1796.868433449947 1.0008052587509155
1796.8892666053184 0.9996757507324219
1796.9100997602886 0.9992088079452515
1796.930932914804 0.998363196849823
1796.9517660689198 0.9988003373146057
1796.9725992225826 0.9980194568634033
1796.9934323758464 0.9981092214584351
1797.0142655286588 0.9978915452957153
1797.0350986810736 0.9979683756828308
1797.055931833038 0.9974573254585266
1797.0767649846061 0.9983727931976318
1797.0975981357356 0.9990569353103638
1797.1184312864502 0.9990379214286804
1797.1392644367372 0.9988484382629395
1797.1600975866108 0.9991517066955566
1797.180930736058 0.998462975025177
1797.2017638850932 0.9990518093109131
1797.2225970337038 0.999029278755188
1797.2434301819135 0.9987009167671204
1797.26426332968 0.9993272423744202
1797.285096477057 1.0002830028533936
1797.3059296239921 0.9995555281639099
1797.3267627705393 0.9992337822914124
1797.347595916646 1.0000243186950684
1797.3684290623662 0.9996402263641357
1797.3892622076576 0.9987698197364807
1797.4100953525435 1.0000745058059692
1797.4309284970122 1.0003677606582642
1797.451761641077 1.0016109943389893
1797.4725947847262 1.0007576942443848
1797.4934279279728 1.0008474588394165
1797.5142610708053 0.9999565482139587
1797.5350942132468 1.0007468461990356
1797.5559273552553 1.0009658336639404
1797.5767604968846 1.001131296157837
1797.5975936380833 1.0013993978500366
1797.6184267789033 1.0011099576950073
1797.6392599192945 0.9999690055847168
1797.6600930593088 0.999752402305603
1797.6809261988953 0.999148428440094
1797.7017593381072 0.9997971653938293
1797.722592476903 0.9993879795074463
1797.7434256153051 1.0008138418197632
1797.7642587533032 1.0008317232131958
1797.7850918909091 1.0007483959197998
1797.8059250281126 1.0013320446014404
1797.8267581649259 1.0013997554779053
1797.8475913013383 1.0005401372909546
1797.8684244373721 1.000133991241455
1797.889257572987 1.0005407333374023
1797.9100907082347 1.0001988410949707
1797.9309238430653 1.000157117843628
1797.9517569775305 0.9992049932479858
1797.9725901115808 0.9988235831260681
1797.993423245267 0.9986287951469421
1798.0142563785503 0.9978577494621277
1798.0350895114514 0.9969479441642761
1798.055922643961 0.99763023853302
1798.0767557760905 0.996564507484436
1798.0975889078306 0.9968334436416626
1798.1184220391924 0.9976305365562439
1798.139255170167 0.9974620342254639
1798.1600883007748 0.996877908706665
1798.1809214309772 0.9975195527076721
1798.201754560815 0.9978194832801819
1798.2225876902696 0.9972866177558899
1798.2434208193615 0.9963348507881165
1798.2642539480523 0.9983740448951721
1798.2850870763923 0.9986254572868347
1798.3059202043332 0.999172031879425
1798.3267533319254 0.9988130927085876
1798.347586459131 0.9993687272071838
1798.3684195859698 0.9989616274833679
1798.3892527124342 0.9986696243286133
1798.4100858385339 0.9981119632720947
1798.4309189642613 0.999177098274231
1798.4517520896263 0.9991780519485474
1798.4725852146216 0.9997686743736267
1798.4934183392668 1.0004668235778809
1798.5142514635245 1.0009303092956543
1798.535084587444 1.001019835472107
1798.5559177109785 1.0010621547698975
1798.5767508341776 1.001205325126648
1798.5975839569942 1.0009546279907227
1798.6184170794772 1.0014528036117554
1798.6392502015908 1.0015121698379517
1798.6600833233533 1.0021909475326538
1798.6809164447586 1.002012848854065
1798.7017495658154 1.0006672143936157
1798.722582686518 1.0001838207244873
1798.7434158068845 0.9991202354431152
1798.7642489268796 0.998875617980957
1798.7850820465512 0.9988585710525513
1798.8059151658542 0.9991286396980286
1798.8267482848364 1.0009617805480957
1798.847581403453 1.0018222332000732
1798.8684145217517 1.0010759830474854
1798.8892476396975 1.0007919073104858
1798.9100807573084 1.0009685754776
1798.9309138745793 1.0
1798.9517469915183 0.9997437596321106
1798.972580108121 1.0002633333206177
1798.9934132244043 0.9999979138374329
1799.0142463403347 1.0006111860275269
1799.0350794559586 0.9991060495376587
1799.0559125712468 0.9982229471206665
1799.0767456862447 0.9970172047615051
1799.097578800883 0.9960834383964539
1799.1184119152083 0.9958446025848389
1799.1392450292012 0.9946155548095703
1799.1600781428774 0.9950094819068909
1799.1809112562348 0.9948463439941406
1799.2225774820088 0.997580885887146
1799.2434105944285 0.997919499874115
1799.2642437065376 0.9967535734176636
1799.2850768183505 0.9975718855857849
1799.3059099298364 0.99770587682724
1799.3267430410403 0.9985024333000183
1799.3475761519217 0.9981434941291809
1799.3684092625244 0.9988342523574829
1799.3892423728093 0.9993352890014648
1799.4100754828196 0.9996112585067749
1799.430908592526 0.9988049864768982
1799.4517417019424 0.9987846612930298
1799.47257481107 0.9974424242973328
1799.4934079199115 0.9985059499740601
1799.5142410284689 0.9987442493438721
1799.5350741367447 0.9982182383537292
1799.555907244741 0.9977021813392639
1799.5767403524708 0.9991523027420044
1799.5975734599065 0.9993972182273865
1799.6184065670902 0.9996461272239685
1799.6392396739952 0.9992305040359497
1799.660072780633 1.0003457069396973
1799.6809058870074 1.0016484260559082
1799.7017389931202 1.0009673833847046
1799.7225720989757 1.0012553930282593
1799.7434052045742 1.0013117790222168
1799.7642383099217 1.0022462606430054
1799.785071415028 1.002008080482483
1799.8059045198688 1.0015946626663208
1799.8267376244844 1.0006569623947144
1799.8475707288414 1.000840663909912
1799.868403832979 1.0008286237716675
1799.8892369368648 1.00065016746521
1799.9100700405372 0.9994974136352539
1799.9309031439745 0.999854564666748
1799.9517362471854 0.9988821148872375
1799.9725693501787 0.9984809160232544
1799.9934024529518 0.9986852407455444
1800.0142355555151 0.9982392191886902
1800.0350686578752 0.9986757040023804
1800.0559017600135 0.9985108971595764
1800.076734861966 0.9986423850059509
1800.0975679637047 0.9986640810966492
1800.1184010652657 0.9987409114837646
1800.1392341666315 0.9982490539550781
1800.160067267807 0.9973990321159363
1800.1809003688065 0.9982247352600098
1800.2017334696245 0.9966427087783813
1800.222566570276 0.9947554469108582
1800.2433996707546 0.9942858815193176
1800.2642327710764 0.9949864745140076
1800.2850658712441 0.9952591061592102
1800.305898971246 0.995686411857605
1800.3267320711136 0.9960008263587952
1800.3475651708259 0.997559666633606
1800.368398270414 0.9976693987846375
1800.3892313698682 0.9986286163330078
1800.4100644691887 0.9993953108787537
1800.430897568397 1.0002738237380981
1800.4517306674832 1.0007529258728027
1800.47256376647 1.0006531476974487
1800.493396865356 1.0013320446014404
1800.5142299641361 1.001842975616455
1800.5350630628373 1.001294493675232
1800.5558961614465 1.0014628171920776
1800.57672925999 1.0009031295776367
1800.5975623584666 1.000948190689087
1800.618395456871 1.000416874885559
1800.6392285552336 0.9995778799057007
1800.6600616535384 0.9993788599967957
1800.680894751818 0.9998165965080261
1800.7017278500552 1.0003547668457031
1800.7225609482846 1.0002082586288452
1800.7433940464973 1.0003761053085327
1800.7642271447007 1.0003548860549927
1800.7850602429144 1.0007579326629639
1800.8058933411385 1.0007294416427612
1800.826726439391 1.0009616613388062
1800.8475595376842 1.0020004510879517
1800.8683926360052 1.0009888410568237
1800.889225734399 1.0009942054748535
1800.9100588328404 1.0013552904129028
1800.930891931378 1.0015313625335693
1800.9517250299953 1.000864028930664
1800.9725581287134 1.0002622604370117
1800.9933912275442 0.9996474981307983
1801.0142243265025 0.9991052746772766
1801.0350574255974 0.9994022846221924
1801.0558905248586 0.9988309741020203
1801.0767236242627 0.9978747963905334
1801.097556723873 0.9988855123519897
1801.1183898236543 0.9976319670677185
1801.139222923674 0.997744083404541
1801.1600560239046 0.9970030188560486
1801.1808891243886 0.9969496130943298
1801.2017222251254 0.9975073933601379
1801.2225553261526 0.9983816742897034
1801.2433884274672 0.998932421207428
1801.2642215291223 0.9981700778007507
1801.2850546310813 0.9971283674240112
1801.3058877334342 0.9979455471038818
1801.3267208361308 0.9969804883003235
1801.3475539392675 0.997802734375
1801.368387042801 0.9974578022956848
1801.3892201468043 0.997298002243042
1801.4100532512603 0.9980958700180054
1801.4308863562408 0.9988148808479309
1801.4517194617238 0.9982928037643433
1801.4725525677995 0.9986937046051025
1801.4933856744121 0.9986506104469299
1801.5142187816907 0.9997106194496155
1801.5350518895646 0.9995946288108826
1801.5558849981733 1.0002764463424683
1801.5767181074407 0.999689519405365
1801.5975512175175 1.0018386840820312
1801.6183843283322 1.0018459558486938
1801.6392174400175 1.0016775131225586
1801.660050552525 1.0007293224334717
1801.6808836660018 0.9992607235908508
1801.7017167803629 0.9986303448677063
1801.7225498957987 0.9997668266296387
1801.7433830122072 1.0001574754714966
1801.7642161297954 1.0003103017807007
1801.7850492484627 0.9998601078987122
1801.8058823684032 1.0003288984298706
1801.8267154895382 1.0000070333480835
1801.8475486120697 1.0006998777389526
1801.8683817359097 0.9998751878738403
1801.8892148612902 0.9999068379402161
1801.9100479880822 1.0010687112808228
1801.93088111657 0.9999281167984009
1801.951714246603 1.000340461730957
1801.9725473784865 1.0005085468292236
1801.993380512069 0.9980728030204773
1802.0142136476477 0.9988254308700562
1802.0350467850878 0.9972991347312927
1802.055879924703 0.9992384314537048
1802.0767130663446 0.9977056980133057
1802.097546210344 0.9963741302490234
1802.1183793565094 0.9973242282867432
1802.1392125052294 0.9969871640205383
1802.1600456562974 0.9967219829559326
1802.180878810078 0.9950590133666992
1802.2017119663806 0.9972923398017883
1802.222545125568 0.9936496615409851
1802.2433782874075 0.994052529335022
1802.2642114522741 0.9933411478996277
1802.2850446199143 0.9959825873374939
1802.3058777906642 0.9949750900268555
1802.326710964264 0.9959198236465454
1802.3475441409803 0.9962285757064819
1802.368377320563 0.99478679895401
1802.3892105031443 0.9942236542701721
1802.410043688512 0.9942522644996643
1802.4308768766455 0.9953345060348511
1803.4725344453554 0.9977666139602661
1803.493367526429 0.999316930770874
1803.5142006054464 0.9988605976104736
1803.5350336825854 0.9991080164909363
1803.5558667577786 0.9986359477043152
1803.576699831166 0.999689519405365
1803.5975329027096 0.9987877607345581
1803.6183659725425 0.9988715648651123
1803.6391990405964 0.9987286329269409
1803.6600321070275 0.9990862011909485
1803.680865171758 0.997892439365387
1803.7016982349373 0.9976400136947632
1803.7225312964977 0.9990664124488831
1803.7433643565537 0.9991269707679749
1803.7641974150665 0.9984713196754456
1803.7850304721458 0.9980572462081909
1803.805863527723 0.9982258081436157
1803.8266965819332 0.9979719519615173
1803.8475296347078 0.9978201985359192
1803.8683626861475 0.9978826642036438
1803.8891957362137 0.9986571073532104
1803.9100287849926 0.9993784427642822
1803.930861832447 0.9994325041770935
1803.9516948786586 0.9999485015869141
1803.9725279235902 0.9999829530715942
1803.9933609673308 0.9995880722999573
1804.0141940098129 1.0009164810180664
1804.035027051152 1.0005404949188232
1804.0558600912816 1.0003376007080078
1804.0766931302844 1.0003293752670288
1804.0975261681235 1.0018399953842163
1804.1183592048792 1.0013742446899414
1804.1391922404846 1.0005768537521362
1804.1600252750475 1.0011380910873413
1804.180858308492 1.0004600286483765
1804.2016913409232 1.0002377033233643
1804.2225243722748 1.0014468431472778
1804.2433574026204 1.0013771057128906
1804.2641904319241 1.0012856721878052
1804.2850234602572 1.002160906791687
1804.3058564875544 1.0028308629989624
1804.3266895139147 1.0018703937530518
1804.3475225392733 1.0013880729675293
1804.3683555636972 1.0011893510818481
1804.3891885871521 1.0008304119110107
1804.4100216096938 1.0008529424667358
1804.430854631288 0.9995555877685547
1804.4516876519986 0.9998285174369812
1804.4725206717617 0.9980353713035583
1804.4933536906701 0.9979287385940552
1804.51418670865 0.9972313642501831
1804.5350197257926 0.9968336224555969
1804.555852742035 0.9969907402992249
1804.5766857574367 0.9959654808044434
1804.5975187719653 0.99675053358078
1804.6183517856787 0.9967870116233826
1804.6391847985149 0.995960533618927
1804.660017810561 0.994979202747345
1804.6808508217455 0.9959943294525146
1804.7016838321538 0.9963253140449524
1804.7225168417247 0.9966322779655457
1804.743349850513 0.9963663220405579
1804.7641828584872 0.9956785440444946
1804.7850158657018 0.9958984851837158
1804.8058488720958 0.9955481886863708
1804.8266818777518 0.9953786134719849
1804.8475148826096 0.996338427066803
1804.8683478867208 0.995191216468811
1804.8891808900555 0.9967321753501892
1804.9100138926547 0.9978020191192627
1804.930846894489 0.9979280233383179
1804.9516798956079 0.9986138939857483
1804.9725128959524 0.9987422227859497
1804.9933458956016 1.000046730041504
1805.0141788944863 0.9996023774147034
1805.0350118926854 1.0004515647888184
1805.0558448901402 1.000266671180725
1805.076677886908 1.0012434720993042
1805.0975108829311 1.0010795593261719
1805.1183438782857 1.0008182525634766
1805.139176872904 1.0012202262878418
1805.1600098668625 1.0010281801223755
1805.1808428601037 1.0005334615707397
1805.2016758526725 1.0003327131271362
1805.222508844542 1.0006070137023926
1805.243341835757 1.0015692710876465
1805.2641748262604 1.0012593269348145
1805.2850078161266 1.0019381046295166
1805.305840805299 1.0018974542617798
1805.326673793821 1.0013588666915894
1805.3475067816664 1.0008279085159302
1805.368339768878 1.001219391822815
1805.3891727553998 0.9999904036521912
1805.4100057413043 1.0011664628982544
1805.430838726526 1.0015777349472046
1805.4516717111364 1.0012813806533813
1805.4725046950803 1.000571370124817
1805.493337678399 0.9997878074645996
1805.514170661067 0.9984197020530701
1805.535003643126 0.9989191889762878
1805.5558366245202 0.9967141151428223
1805.5766696053206 0.9968101978302002
1805.5975025854723 0.9961190819740295
1805.6183355650153 0.9954548478126526
1805.6391685439248 0.9948815107345581
1805.660001522231 0.9954402446746826
1805.6808344999092 0.9955497980117798
1805.701667476999 0.99421226978302
1805.722500453446 0.9935925006866455
1805.7433334293191 0.9950237274169922
1805.7641664045643 0.9955852031707764
1805.7849993792204 0.9970412850379944
1805.8058323532637 0.9971186518669128
1805.826665326732 0.9969406723976135
1805.8474982995722 0.9977014064788818
1805.8683312718517 0.997350811958313
1805.8891642435074 0.997002124786377
1805.9099972146066 0.9982057809829712
1805.9308301850967 0.9982789158821106
1805.9516631550143 0.9988278746604919
1805.9724961243369 1.0002127885818481
1805.9933290931008 0.9995860457420349
1806.0141620612535 1.0004596710205078
1806.0349950288619 1.0017659664154053
1806.055827995872 1.0010267496109009
1806.0766609623206 1.0015889406204224
1806.0974939281866 1.0018391609191895
1806.1183268935063 1.002252459526062
1806.139159858226 1.003125548362732
1806.1599928224118 1.0020744800567627
1806.180825786002 1.003073811531067
1806.2016587490612 1.0029772520065308
1806.2224917115382 1.001712679862976
1806.2433246734677 1.0017638206481934
1806.264157634828 1.0011379718780518
1806.284990595654 1.0006040334701538
1806.3058235558947 1.0007274150848389
1806.3266565156139 1.0013319253921509
1806.3474894747608 1.0002926588058472
1806.3683224333695 0.9993272423744202
1806.3891553914186 0.9996014833450317
1806.4099883489428 0.998615562915802
1806.4308213058905 0.9998973608016968
1806.4516542623257 1.0004985332489014
1806.472487218188 1.0004897117614746
1806.4933201735403 1.0004470348358154
1806.514153128332 1.0014351606369019
1806.534986082597 1.001114010810852
1806.5558190363147 0.9999238848686218
1806.5766519895176 0.9997513890266418
1806.597484942156 0.9983421564102173
1806.6183178942924 0.9996417164802551
1806.6391508458767 0.9993634819984436
1806.6599837969416 0.9980965256690979
1806.6808167474674 0.9967552423477173
1806.701649697486 0.9964380264282227
1806.7224826469478 0.9967342615127563
1806.743315595915 0.9968096613883972
1806.764148544338 0.9954524040222168
1806.7849814922486 0.9965453147888184
1806.8058144396275 0.9956529140472412
1806.8266473865062 0.9973663091659546
1806.8474803328359 0.9978229999542236
1806.868313278677 0.9991474747657776
1806.8891462239717 0.9979774951934814
1806.9099791687806 0.9992462396621704
1806.9308121130548 0.9988808035850525
1806.9516450568356 0.9993221163749695
1806.9724780000736 0.9999465346336365
1806.99331094283 0.9999269843101501
1807.0141438850465 1.0001680850982666
1807.0349768267833 0.9997090101242065
1807.0558097679923 1.000361680984497
1807.0766427087037 1.0007550716400146
1807.097475648899 1.0016140937805176
1807.118308588609 1.0004842281341553
1807.139141527785 1.000619888305664
1807.1599744664873 1.0017523765563965
1807.1808074046678 1.0028376579284668
1807.2016403423565 1.0033544301986694
1807.2224732795355 1.0024750232696533
1807.2433062162345 1.0028865337371826
1807.2641391524057 1.0032826662063599
1807.2849720881088 1.0034220218658447
1807.305805023296 1.0027185678482056
1807.326637957997 1.0032016038894653
1807.3474708921938 1.0027523040771484
1807.3683038259057 1.0038378238677979
1807.389136759116 1.0019804239273071
1807.4099696918531 1.001771330833435
1807.4308026240801 1.001134991645813
1807.4516355558258 1.0007569789886475
1807.472468487073 0.9999074935913086
1807.4933014178405 0.9993623495101929
1807.5141343481114 1.0001140832901
1807.5349672779146 0.9998725056648254
1807.5558002072025 0.9990694522857666
1807.5766331360344 0.9986817240715027
1807.5974660643628 0.9994069933891296
1807.6182989922163 0.9980990290641785
1807.6391319195786 0.9969536066055298
1807.6599648464776 0.9973719120025635
1807.6807977728668 0.9973800182342529
1807.7016306988044 0.997779905796051
1807.7224636242436 0.998054027557373
1807.7432965492126 0.9964924454689026
1807.7641294736952 0.9959426522254944
1807.7849623977193 0.9951617121696472
1807.805795321238 0.9949609041213989
1807.8266282443099 0.9942613244056702
1807.8474611668883 0.9947208762168884
1807.8682940890008 0.9942455887794495
1807.8891270106317 0.9946417212486267
1807.9099599318083 0.9958344101905823
1807.9307928524845 0.9962179660797119
1807.951625772718 0.9963051080703735
1807.9724586924626 0.9962355494499207
1808.0141245305517 0.9980481863021851
1808.0349574488978 0.9992337822914124
1808.055790366768 1.0002896785736084
1808.0766232841895 1.001702070236206
1808.0974562011265 1.002179741859436
1808.1182891176063 1.0021542310714722
1808.1391220336134 1.0022776126861572
1808.1599549491646 1.002170205116272
1808.1807878642444 1.0020033121109009
1808.2016207788795 1.001908779144287
1808.2224536930246 1.0023752450942993
1808.2432866067363 1.0023573637008667
1808.2641195199697 1.003460168838501
1808.2849524327512 1.0026098489761353
1808.3057853450653 1.0034310817718506
1808.326618256939 1.0032957792282104
1808.3474511683366 1.0034440755844116
1808.368284079285 1.0030657052993774
1808.389116989769 1.003719449043274
1808.409949899815 1.0036301612854004
1808.4307828093781 1.0044504404067993
1808.4516157185144 1.0036159753799438
1808.4724486271787 1.0020780563354492
1808.4932815353977 1.0023139715194702
1808.5141144431566 1.0013279914855957
1808.5349473504712 0.9993865489959717
1808.5557802573267 0.9994616508483887
1808.576613163749 1.0000090599060059
1808.5974460696941 1.0000276565551758
1808.618278975217 0.9996981024742126
1808.639111880274 0.9992791414260864
1808.6599447849003 0.9980387687683105
1808.6807776890516 0.9989801049232483
1808.7016105927837 0.9973145723342896
1808.722443496042 0.9970418810844421
1808.7432763988822 0.9979870319366455
1808.7641093012603 0.9971810579299927
1808.7849422032116 0.9969722032546997
1808.8057751046917 0.9973245859146118
1808.8266080057563 0.995701253414154
1808.8474409063508 0.9972431063652039
1808.8682738065313 0.996471107006073
1808.8891067062534 0.9961743354797363
1808.9099396055522 0.997504711151123
1808.9307725043839 0.996978223323822
1808.9516054028034 0.9977103471755981
1808.972438300767 0.9984579086303711
1808.9932711983001 0.9989509582519531
1809.0141040953886 0.9986965656280518
1809.0349369920575 1.0000234842300415
1809.0557698882633 1.0000007152557373
1809.0766027840605 1.0018682479858398
1809.0974356794056 1.0021368265151978
1809.1182685743236 1.0019042491912842
1809.139101468801 1.001526117324829
1809.1599343628627 1.0020661354064941
1809.1807672564648 1.0025510787963867
1809.201600149662 1.0012120008468628
1809.222433042401 1.001069188117981
1809.2432659347367 1.0021764039993286
1809.2640988266255 1.0025687217712402
1809.284931718102 1.00284743309021
1809.305764609123 1.0025718212127686
1809.3265974997425 1.0021873712539673
1809.347430389908 1.0029469728469849
1809.3682632796733 1.0020288228988647
1809.389096168996 1.002679705619812
1809.40992905791 1.0024919509887695
1809.430761946372 1.0027395486831665
1809.4515948344367 1.0026520490646362
1809.472427722051 1.0023516416549683
1809.4932606092689 1.0011454820632935
1809.514093496048 1.000334620475769
1809.5349263824219 0.998896062374115
1809.555759268348 0.9995825886726379
1809.5765921538805 0.9990912675857544
1809.597425038966 0.9993231296539307
1809.6182579236593 0.9992732405662537
1809.6390908079177 0.9991511702537537
1809.6599236917743 0.9992333650588989
1809.6807565751874 0.9984143972396851
1809.7015894582103 0.9979568123817444
1809.7224223408004 0.9975311756134033
1809.743255222982 0.9965655207633972
1809.7640881047425 0.9982298612594604
1809.7849209861054 0.9975142478942871
1809.8057538670284 0.9984190464019775
1809.826586747565 0.9980295896530151
1809.8474196276734 0.9982458353042603
1809.8682525073764 0.998289167881012
1809.8890853866628 0.9976328015327454
1809.909918265555 0.9976572394371033
1809.930751144022 0.9973855018615723
1809.951584022086 0.9984148740768433
1809.9724168997361 0.9983943700790405
1809.9932497769946 0.9986224174499512
1810.0140826538209 0.9986168742179871
1810.0349155302667 0.9995105862617493
1810.0557484062915 0.9990792870521545
1810.0765812819175 0.9997532963752747
1810.0974141571335 0.9998069405555725
1810.1182470319623 0.9997709393501282
1810.1390799063627 1.0009034872055054
1810.159912780387 1.0006539821624756
1810.1807456539943 1.000868797302246
1810.201578527207 1.000126600265503
1810.2224114000142 1.0003546476364136
1810.243244272438 1.0010061264038086
1810.264077144438 1.000360369682312
1810.284910016066 1.000398874282837
1810.3057428872817 1.0008805990219116
1810.3265757581064 1.0011783838272095
1810.3474086285307 1.0014615058898926
1810.3682414985758 1.002112865447998
1810.3890743682014 1.000994086265564
1810.4099072374595 1.0005574226379395
1810.4307401063097 1.0009925365447998
1810.4515729747734 1.0007736682891846
1810.4724058428412 1.000800371170044
1810.4932387105341 1.0009626150131226
1810.5140715778227 1.0009803771972656
1810.5349044447278 1.0014874935150146
1810.55573731124 1.0017911195755005
1810.57657017738 1.001654863357544
1810.5974030431094 1.0010277032852173
1810.618235908478 1.0002092123031616
1810.6390687734474 1.0004483461380005
1810.659901638038 0.9997161030769348
1810.6807345022407 0.9999344944953918
1810.701567366076 0.9985754489898682
1810.7224002295054 0.997879147529602
1810.7432330925792 0.9974074363708496
1810.7640659552587 0.9964985847473145
1810.7848988175645 0.9972269535064697
1810.8057316794875 0.9971003532409668
1810.826564541048 0.9967213273048401
1810.847397402208 0.9971901178359985
1810.8682302630173 0.9983576536178589
1810.8890631234376 0.9981837868690491
1810.9098959834992 0.9982475638389587
1810.930728843164 0.9975374341011047
1810.951561702481 0.9974662065505981
1810.9723945614035 0.9971394538879395
1810.9932274199803 0.997385561466217
1811.0140602781742 0.9987271428108215
1811.0348931360143 0.9987508058547974
1811.0557259934633 0.9997929930686951
1811.0765588505703 1.0000393390655518
1811.0973917072986 0.9993400573730469
1811.118224563667 1.0000317096710205
1811.1390574196682 1.0011169910430908
1811.1598902753215 1.0007864236831665
1811.18072313059 0.9999967813491821
1811.201555985522 1.0009007453918457
1811.2223888400815 1.0008628368377686
1811.243221694287 1.0014688968658447
1811.2640545481322 1.0006426572799683
1811.2848874016352 0.9998347759246826
1811.3057202547598 1.0006409883499146
1811.3265531075542 0.9996135234832764
1811.3473859599828 1.001035213470459
1811.3682188120738 1.0007784366607666
1811.389051663791 1.000580072402954
1811.4098845151825 1.000669240951538
1811.4307173662128 1.001296043395996
1811.4515502168992 0.9998432397842407
1811.4723830672374 1.0005418062210083
1811.493215917244 0.9994595050811768
1811.5140487668848 0.9993754625320435
1811.5348816162063 0.9995651841163635
1811.5557144651743 0.9985662698745728
1811.5765473138156 1.0002624988555908
1811.5973801620962 1.0002433061599731
1811.6182130100626 0.9999108910560608
1811.6390458576807 0.9999618530273438
1811.659878704967 0.999558687210083
1811.6807115519177 0.9998747110366821
1811.7015443985497 1.0002835988998413
1811.722377244829 1.0009331703186035
1811.7432100908018 0.9999700784683228
1811.764042936435 0.9993783235549927
1811.7848757817544 0.9996891021728516
1811.8057086267268 1.0004980564117432
1811.8265414713985 0.999020516872406
1811.8473743157267 0.9996444582939148
1811.8682071597566 0.9989699125289917
1811.889040003456 0.9998056888580322
1811.9098728468507 0.9985926151275635
1811.9307056899077 0.9991426467895508
1811.9515385326727 0.9984808564186096
1811.9723713751139 0.9984263777732849
1811.9932042172459 0.9985114932060242
1812.0140370590677 0.9984855055809021
1812.0348699005938 0.9986198544502258
1812.0557027417926 0.99773770570755
1812.076535582709 0.9984158873558044
1812.0973684233127 0.9989559650421143
1812.1182012636268 0.9990527033805847
1812.139034103622 0.9994903206825256
1812.159866943341 1.0002788305282593
1812.1806997827548 1.0006800889968872
1812.2015326218766 1.0014681816101074
1812.222365460707 1.001624345779419
1812.243198299259 1.0012550354003906
1812.2640311375037 1.0008854866027832
1812.284863975484 1.0010626316070557
1812.3056968131714 1.0010021924972534
1812.3265296505783 1.000235676765442
1812.3473624877067 0.9993534088134766
1812.3681953245687 1.0001556873321533
1812.389028161147 1.0001176595687866
1812.409860997453 1.0000889301300049
1812.4306938334898 1.0001336336135864
1812.451526669269 0.9997507333755493
1812.4723595047642 0.9996224641799927
1812.514025174999 0.9990300536155701
1812.5348580097336 0.9997137784957886
1812.555690844194 1.0004771947860718
1812.5765236784214 0.9995647072792053
1812.5973565123804 1.0011786222457886
1812.6181893461112 1.0002847909927368
1812.6390221795893 1.0008876323699951
1812.6598550128342 1.0012195110321045
1812.6806878458226 1.00131094455719
1812.7015206785934 1.0016509294509888
1812.7223535111239 1.0010135173797607
1812.7431863434226 1.0016192197799683
1812.7640191754972 1.0018428564071655
1812.784852007356 1.0020228624343872
1812.8056848389772 1.002172827720642
1812.826517670399 1.0013940334320068
1812.8473505016004 1.0004688501358032
1812.8681833325984 0.9997265934944153
1812.8890161633738 1.0011281967163086
1812.9098489939622 1.0021576881408691
1812.9306818243451 1.0022608041763306
1812.9515146545289 1.0016433000564575
1812.972347484525 1.0006334781646729
1812.9931803143388 1.0014426708221436
1813.0140131439637 1.0003812313079834
1813.0348459734037 1.0006978511810303
1813.0556788026734 1.0002037286758423
1813.0765116317764 1.0004879236221313
1813.097344460698 1.0009276866912842
1813.1181772894715 1.0007233619689941
1813.1390101180832 1.0002859830856323
1813.159842946535 0.9997923970222473
1813.1806757748452 1.0005098581314087
1813.2015086030153 1.0000481605529785
1813.2223414310438 0.9995496273040771
1813.2431742589317 0.9995071887969971
1813.2640070866994 1.0010995864868164
1813.284839914346 1.0002139806747437
1813.3056727418643 1.000810146331787
1813.3265055692827 0.9996833801269531
1813.3473383965945 0.9996494650840759
1813.3681712238076 0.9992368221282959
1813.3890040509168 0.9989136457443237
1813.4098368779491 0.9997695088386536
1813.4306697049012 0.9990078210830688
1813.451502531769 1.0002655982971191
1813.4723353585807 1.0010886192321777
1813.4931681853311 1.000277042388916
1813.5140010120308 0.9989538192749023
1813.5348338386727 1.0003000497817993
1813.55566666529 0.9995254278182983
1813.5764994918745 0.9995567798614502
1813.597332318431 0.9993155598640442
1813.6181651449806 1.0005178451538086
1813.6389979715295 1.0007233619689941
1813.6598307980682 1.0009928941726685
1813.6806636246356 1.0026684999465942
1813.70149645122 1.0017833709716797
1813.7223292778433 1.001538872718811
1813.7431621044925 1.0021156072616577
1813.763994931212 1.0020655393600464
1813.784827757987 1.0016376972198486
1813.8056605848353 1.0012768507003784
1813.8264934117703 1.0021134614944458
1813.8473262388131 1.001466989517212
1813.8681590659553 1.000547170639038
1813.8889918932211 1.0004085302352905
1813.9098247206202 0.9995501637458801
1813.9306575481712 1.000376582145691
1813.9514903758816 0.9991800785064697
1813.9723232037834 1.0001999139785767
1813.9931560318623 1.0003340244293213
1814.0139888601552 1.0014355182647705
1814.0348216886644 1.0007145404815674
1814.055654517432 0.9993654489517212
1814.0764873464284 0.9992850422859192
1814.0973201757304 0.9984399676322937
1814.1181530053052 0.9992378950119019
1814.1389858352159 0.9993321895599365
1814.1598186654264 0.9994238018989563
1814.1806514960265 1.0007176399230957
1814.2014843269767 1.0003042221069336
1814.2223171583528 0.9999206066131592
1814.243149990113 0.9998198747634888
1814.2639828223596 0.9994851350784302
1814.2848156550472 0.9996427893638611
1814.3056484882572 0.9995055794715881
1814.3264813219694 0.9994361996650696
1814.347314156274 0.9999359846115112
1814.3681469911162 1.0007073879241943
1814.3889798266266 1.0007245540618896
1814.4098126627455 0.9991112947463989
1814.4306454995947 1.0004856586456299
1814.4514783371083 1.0005180835723877
1814.4723111754408 1.0012176036834717
1814.4931440145203 1.0013673305511475
1814.5139768544848 1.0006297826766968
1814.5348096952862 1.0007532835006714
1814.5556425370771 1.0002304315567017
1814.576475379782 1.0003317594528198
1814.5973082235707 0.9999231696128845
1814.6181410683796 0.9995143413543701
1814.6389739143963 1.00020170211792
1814.6598067615291 1.000461459159851
1814.6806396099862 1.0017913579940796
1814.7014724596859 1.002020239830017
1814.7223053108587 1.001830816268921
1814.7431381633921 1.0027402639389038
1814.7639710175417 1.0024967193603516
1814.7848038732036 1.002892017364502
1814.80563673066 1.002583384513855
1814.8264695897637 1.0027309656143188
1814.847302450856 1.0022597312927246
1814.868135313776 1.0035104751586914
1814.888968178865 1.0015476942062378
1814.9098010459772 1.0014593601226807
1814.9306339154855 0.9999327063560486
1814.9514667872072 0.9978090524673462
1814.9722996615455 0.9979280829429626
1814.9931325383207 0.9977757334709167
1815.0139654179634 0.9976781606674194