1790.6829235119026 1.004657506942749
1790.7037569608162 1.0018969774246216
1790.7245904067572 0.9996496438980103
1790.7454238499377 0.9969730973243713
1790.7662572902561 0.9937704801559448
1790.7870907279366 0.9916377067565918
1790.8079241628486 0.9897284507751465
1790.8287575952193 0.9891146421432495
1790.849591024919 0.9869006872177124
1790.8704244521668 0.9851197004318237
1790.8912578768359 0.9843364357948303
1790.9120912991382 0.9854855537414551
1790.932924718947 0.9931474924087524
1790.9537581364684 0.9909853339195251
1790.9745915515764 0.9934720396995544
1790.995424964471 0.9962789416313171
1791.0162583750277 0.998090386390686
1791.037091783441 1.0022145509719849
1791.057925189586 1.0002976655960083
1791.0787585936528 0.9988809823989868
1791.0995919955176 0.9967356324195862
1791.391259414616 1.0116409063339233
1791.412092787877 1.0161956548690796
1791.4329261593373 1.0209176540374756
1791.4537595291508 1.0233936309814453
1791.4745928972013 1.0260090827941895
1791.4954262636397 1.02664315700531
1791.516259628351 1.0261954069137573
1791.5370929914836 1.0225385427474976
1791.5579263529225 1.0201023817062378
1791.5787597128142 1.0172076225280762
1791.5995930710442 1.0153286457061768
1791.620426427756 1.007914423942566
1791.6412597828369 1.00682532787323
1791.6620931364278 1.0011857748031616
1791.6829264884161 0.999613344669342
1791.703759838941 0.9999971389770508
1791.7245931878908 0.9978811144828796
1791.745426535402 0.9993882775306702
1791.766259881364 0.9996699690818787
1791.787093225912 1.0012112855911255
1791.8079265689348 1.0054446458816528
1791.8287599105663 1.0092395544052124
1791.8495932506962 1.0125746726989746
1791.870426589456 1.0158262252807617
1791.8912599267367 1.0186350345611572
1791.9120932626683 1.020878553390503
1791.9329265971417 1.0216126441955566
1791.9537599302855 1.020266056060791
1791.9745932619915 1.0178227424621582
1791.9954265923864 1.0166581869125366
1792.016259921363 1.0130294561386108
1792.0370932490462 1.010318398475647
1792.0579265753306 1.0056772232055664
1792.0787599003397 1.002137303352356
1792.0995932239657 0.9959899187088013
1792.1204265463307 0.9924798011779785
1792.1412598673303 0.9891668558120728
1792.1620931870857 0.9908457398414612
1792.1829265054917 0.9901266098022461
1792.2037598226684 0.9913742542266846
1792.224593138521 0.9928537011146545
1792.2454264531384 0.9967966675758362
1792.2662597664469 0.9997000694274902
1792.2870930785539 1.004384994506836
1792.3079263893658 1.0078586339950562
1792.3287596989694 1.0113803148269653
1792.3495930073018 1.0139392614364624
1792.3704263144382 1.0151818990707397
1792.3912596203163 1.0156491994857788
1792.4120929250112 1.0151166915893555
1792.43292622846 1.0128240585327148
1792.453759530737 1.0096536874771118
1792.47459283178 1.007461428642273
1792.4954261316623 1.0035655498504639
1792.5162594303226 1.0005407333374023
1792.5370927278327 0.9975332617759705
1792.557926024132 0.9935048818588257
1792.5787593192915 0.9909105896949768
1792.599592613251 0.990092396736145
1792.6204259060803 0.9896316528320312
1792.6412591977198 0.9879776239395142
1792.6620924882395 0.9882422685623169
1792.6829257775792 0.9917977452278137
1792.7037590658078 0.9886650443077087
1792.7245923528662 0.9987435340881348
1792.7454256388226 1.002555012702942
1792.7662589236181 1.0067217350006104
1792.7870922073203 1.0100659132003784
1792.8079254898703 1.0127928256988525
1792.8287587713353 1.0148673057556152
1792.849592051657 1.0143203735351562
1792.8704253309015 1.0126572847366333
1792.8912586090112 1.0093504190444946
1792.9120918860515 1.007977843284607
1792.932925161965 1.0059601068496704
1792.9537584368165 1.0009446144104004
1792.9745917105492 0.9981319904327393
1792.995424983227 0.9946504831314087
1793.0162582547937 0.9912500977516174
1793.0370915253125 0.988085925579071
1793.0579247947273 0.986997127532959
1793.0787580631015 0.9866714477539062
1793.0995913303786 0.9864883422851562
1793.1204245966214 0.9886637926101685
1793.1412578617737 0.9921303391456604
1793.1620911258985 0.9954919219017029
1793.18292438894 0.9986335039138794
1793.2037576509697 1.004177212715149
1793.2245909119024 1.0073250532150269
1793.245424171839 1.0103027820587158
1793.2662574306853 1.011856198310852
1793.2870906885416 1.0120776891708374
1793.3079239453134 1.0117391347885132
1793.3287572011009 1.009385347366333
1793.3495904558094 1.0099643468856812
1793.3704237095394 1.0070996284484863
1793.3912569621962 1.0039621591567993
1793.4120902138795 1.0009281635284424
1793.4329234644956 0.9969003796577454
1793.4537567141433 0.9929134845733643
1793.474589962729 0.9917783737182617
1793.4954232103512 0.9892165064811707
1793.5162564569166 0.987433910369873
1793.5370897025239 0.9879201054573059
1793.5579229470795 0.989254891872406
1793.5787561906814 0.9910987019538879
1793.5995894332368 0.9935770034790039
1793.620422674843 0.9985212087631226
1793.641255915407 1.0020209550857544
1793.662089155027 1.0046552419662476
1793.6829223936097 1.0059219598770142
1793.7037556312523 1.0113548040390015
1793.7245888678724 1.0110620260238647
1793.7454221035366 1.0127232074737549
1793.7662553381924 1.0112308263778687
1793.787088571897 1.0103175640106201
1793.8079218045975 1.0069245100021362
1793.8287550363505 1.0046279430389404
1793.849588267104 1.0014888048171997
1793.8704214969139 0.9978833794593811
1793.8912547257282 0.9948183298110962
1793.9120879536028 0.9917652010917664
1793.9329211804863 0.990199089050293
1793.9537544064335 0.988312840461731
1793.9745876313934 0.9857480525970459
1793.995420855421 0.9874968528747559
1794.0162540784645 0.9884727001190186
1794.0370873005895 0.9906212687492371
1794.057920521715 0.9949881434440613
1794.0787537419349 0.9977035522460938
1794.0995869611588 1.0014848709106445
1794.1204201794806 1.0047272443771362
1794.14125339681 1.0071313381195068
1794.1620866132407 1.0083692073822021
1794.1829198286825 1.0092172622680664
1794.203753043229 1.0096763372421265
1794.22458625679 1.0079543590545654
1794.2454194694583 1.007845401763916
1794.2662526811448 1.0037833452224731
1794.2870858919418 1.001994252204895
1794.3079191017605 0.9994991421699524
1794.3287523106928 0.9967097640037537
1794.3495855186495 0.9942491054534912
1794.3704187257229 0.9905087351799011
1794.3912519318237 0.9894999265670776
1794.4120851370444 0.9883314371109009
1794.4329183413058 0.9882206916809082
1794.4537515446698 0.9893380403518677
1794.4745847470874 0.9911353588104248
1794.49541794861 0.9943951964378357
1794.5162511491894 0.9977138042449951
1794.5370843488768 1.0003480911254883
1794.557917547624 1.0013916492462158
1794.5787507454816 1.0048469305038452
1794.5995839424018 1.0066230297088623
1794.620417138435 1.0082604885101318
1794.6412503335332 1.0082379579544067
1794.6620835277477 1.00764000415802
1794.6829167210299 1.0065999031066895
1794.7037499134403 1.00502610206604
1794.7245831049015 1.0027763843536377
1794.7454162955037 0.9990591406822205
1794.7662494851586 0.9969805479049683
1794.787082673957 0.9956153035163879
1794.8079158618111 0.9932503700256348
1794.828749048811 0.9906968474388123
1794.849582234869 0.9883285164833069
1794.8704154200752 0.988079845905304
1794.8912486043419 0.9887598156929016
1794.912081787759 0.9898040890693665
1794.9329149702394 0.9914370775222778
1794.9745813325706 0.999069094657898
1794.9954145124238 0.9990927577018738
1795.0162476913447 1.0035151243209839
1795.0370808694227 1.004400610923767
1795.0579140465802 1.0064719915390015
1795.078747222876 1.0069571733474731
1795.0995803982653 1.006196141242981
1795.1204135727962 1.0062263011932373
1795.141246746422 1.0049455165863037
1795.162079919191 1.002722144126892
1795.182913091057 1.0003857612609863
1795.2037462620683 0.9977670907974243
1795.2245794321786 0.9963256120681763
1795.2454126014363 0.9942848682403564
1795.2662457697952 0.9934065937995911
1795.2870789373035 0.9909107089042664
1795.307912103915 0.9916679263114929
1795.3287452696877 0.9939661026000977
1795.3495784345462 0.9933137893676758
1795.3704115985774 0.9940723776817322
1795.391244761696 0.9972035884857178
1795.4120779239897 0.9988934397697449
1795.4329110853732 1.001328468322754
1795.4537442459334 1.0035910606384277
1795.474577405595 1.0059579610824585
1795.4954105644154 1.0067867040634155
1795.516243722339 1.0075687170028687
1795.5370768794432 1.006255030632019
1795.5579100356529 1.0060358047485352
1795.5787431910248 1.0049118995666504
1795.599576345514 1.0028774738311768
1795.6204094991672 1.0008653402328491
1795.6412426519394 0.9986681342124939
1795.6620758038775 0.9979978799819946
1795.6829089549367 0.9964437484741211
1795.7037421051634 0.9949705004692078
1795.724575254513 0.9932231307029724
1795.7454084030417 0.9928072094917297
1795.766241550675 0.9928779602050781
1795.7870746974993 0.9933380484580994
1795.80790784343 0.994810163974762
1795.8287409885534 0.9966495037078857
1795.8495741327847 0.9988071322441101
1795.8704072762105 1.0007455348968506
1795.891240418746 1.0035866498947144
1795.9120735604774 1.0042579174041748
1795.9329067013207 1.004806399345398
1795.953739841361 1.0055783987045288
1795.9745729805252 1.0062015056610107
1795.9954061188682 1.005027174949646
1796.0162392563464 1.0028762817382812
1796.037072393005 1.0015316009521484
1796.0579055288006 0.9989147782325745
1796.0787386637783 0.999104380607605
1796.0995717978947 0.9974789619445801
1796.1204049311943 0.9959801435470581
1796.1412380636343 0.9959477782249451
1796.1620711952596 0.9941292405128479
1796.1829043260266 0.9946746230125427
1796.2037374559904 0.9939923882484436
1796.2245705850778 0.9959529638290405
1796.2454037133732 0.9969710111618042
1796.2662368407935 0.9980552792549133
1796.2870699674238 0.9994412064552307
1796.3079030931808 1.0028722286224365
1796.3287362181488 1.0044976472854614
1796.3495693422453 1.00675368309021
1796.3704024655544 1.006345510482788
1796.3912355879932 1.0070401430130005
1796.4120687096463 1.0057470798492432
1796.432901830441 1.0058115720748901
1796.4537349504312 1.003929853439331
1796.4745680695744 1.0029194355010986
1796.4954011879147 0.9995965957641602
1796.5162343054094 0.9990627765655518
1796.5370674221026 0.9973278641700745
1796.5579005379523 0.9961398243904114
1796.5787336530016 0.9944044351577759
1796.599566767209 0.9938070774078369
1796.6203998806272 0.9919872879981995
1796.641232993185 0.9934958219528198
1796.6620661049553 0.9946316480636597
1796.682899215887 0.9963697195053101
1796.7037323260324 0.9971588253974915
1796.7245654353203 0.9990267157554626
1796.7453985438337 1.0013333559036255
1796.766231651491 1.0022754669189453
1796.7870647583752 1.0049299001693726
1796.807897864405 1.005989670753479
1796.8287309696632 1.0058690309524536
1796.8495640740784 1.0057368278503418
1796.8703971777034 1.0043928623199463
1796.8912302804965 1.0025920867919922
1796.9120633825012 1.0004031658172607
1796.932896483676 0.9983973503112793
1796.9537295840732 0.9967319369316101
1796.974562683622 0.994874894618988
1796.995395782405 0.9944289326667786
1797.0162288803408 0.9926714897155762
1797.0370619775122 0.9928415417671204
1797.0578950738382 0.991487443447113
1797.078728169401 0.9934895038604736
1797.09956126412 0.9946103096008301
1797.1203943580772 0.9970216751098633
1797.141227451192 0.9982364773750305
1797.1620605435464 1.0003089904785156
1797.1828936350703 1.0022034645080566
1797.2037267258152 1.0039870738983154
1797.2245598157408 1.0069979429244995
1797.2453929048888 1.0073944330215454
1797.2662259932192 1.0076323747634888
1797.2870590807736 1.0070253610610962
1797.3078921675117 1.00508713722229
1797.3287252534853 1.0039616823196411
1797.3495583386245 1.0022265911102295
1797.3703914230102 0.9991629719734192
1797.391224506563 0.9956871271133423
1797.4120575893642 0.995151162147522
1797.4328906713338 0.9938692450523376
1797.4537237525533 0.9939771890640259
1797.4745568329429 0.99221271276474
1797.4953899125835 0.9919247627258301
1797.5162229914058 0.9927619099617004
1797.5370560694612 0.9934985637664795
1797.5578891467096 0.9960116744041443
1797.5787222231925 0.9971503019332886
1797.5995552988702 0.9998909831047058
1797.6203883737837 1.0014804601669312
1797.6412214478935 1.003905177116394
1797.6620545212409 1.0052465200424194
1797.6828875937863 1.0072495937347412
1797.7037206655807 1.007846474647522
1797.724553736555 1.006071925163269
1797.7453868067894 1.0060617923736572
1797.7662198762055 1.0047683715820312
1797.7870529448835 1.0014324188232422
1797.8078860127448 0.998477041721344
1797.8287190798694 0.9954720735549927
1797.8495521461894 0.9939526319503784
1797.8703852117542 0.9917806386947632
1797.8912182765257 0.9907134771347046
1797.912051340544 0.9908797144889832
1797.932884403771 0.98939448595047
1797.9537174662562 0.991144061088562
1797.9745505279316 0.9916619062423706
1797.995383588877 0.994761049747467
1798.0162166490147 0.9964029788970947
1798.037049708424 0.9991235136985779
1798.0578827670274 1.001413345336914
1798.078715824904 1.0045961141586304
1798.0995488819767 1.0067485570907593
1798.1203819383245 1.008681058883667
1798.1412149938699 1.0091229677200317
1798.1620480486922 1.0095149278640747
1798.1828811027244 1.0087922811508179
1798.2037141560152 1.0076786279678345
1798.2245472085276 1.0045099258422852
1798.2453802603006 1.0010889768600464
1798.266213311297 0.9983131289482117
1798.2870463615561 0.9961100220680237
1798.3078794110409 0.9941514730453491
1798.3287124597998 0.9924142360687256
1798.3495455077666 0.9902378916740417
1798.3703785550197 0.9889660477638245
1798.3912116014824 0.9885650277137756
1798.4120446472332 0.990366518497467
1798.4328776921964 0.9920839667320251
1798.4537107364497 0.9938212633132935
1798.4745437799274 0.9964784383773804
1798.4953768226771 0.9996126294136047
1798.5162098646633 1.004409670829773
1798.5370429059237 1.006089210510254
1798.5578759464233 1.0079694986343384
1798.5787089862092 1.008681297302246
1798.5995420252164 1.0086637735366821
1798.620375063522 1.0078911781311035
1798.6412081010512 1.0071403980255127
1798.6620411378815 1.0036531686782837
1798.6828741739378 1.0019680261611938
1798.7037072092974 0.9973490238189697
1798.7245402438955 0.9958922863006592
1798.745373277779 0.9936143159866333
1798.7662063109137 0.9908663034439087
1798.7870393433366 0.988397479057312
1798.8078723750132 0.9883540868759155
1798.8287054059904 0.9875192046165466
1798.849538436204 0.9885199666023254
1798.8703714657306 0.9899521470069885
1798.8912044944966 0.9925859570503235
1798.9120375225782 0.9952672123908997
1798.9328705499024 0.9969902634620667
1798.9537035765445 1.001999855041504
1798.9745366024422 1.0052450895309448
1798.9953696276407 1.0082218647003174
1799.0162026521075 1.0103626251220703
1799.0370356758783 1.0091935396194458
1799.0578686989425 1.0106900930404663
1799.0787017213331 1.0101436376571655
1799.0995347429773 1.006971836090088
1799.1203677639112 1.0028635263442993
1799.1412007841234 0.9994359612464905
1799.1620338036582 0.9970169067382812
1799.182866822455 0.9926479458808899
1799.2245328579857 0.9911937117576599
1799.2453658747231 0.9878935217857361
1799.2661988907294 0.9888248443603516
1799.2870319060783 0.9888725876808167
1799.3078649207102 0.9899384379386902
1799.3286979346685 0.991173267364502
1799.3495309479238 0.9938096404075623
1799.3703639605087 0.9974401593208313
1799.3911969723945 1.0017086267471313
1799.412029983624 1.004616141319275
1799.432862994139 1.007704257965088
1799.4536960040116 1.010372281074524
1799.4745290131737 1.0117027759552002
1799.4953620216977 1.013508915901184
1799.5161950295155 1.012880563735962
1799.5370280366997 1.0104339122772217
1799.5578610431928 1.0087833404541016
1799.5786940490361 1.0046851634979248
1799.5995270542037 1.0011334419250488
1799.620360058736 0.9979453682899475
1799.6411930625773 0.9945202469825745
1799.6620260657983 0.9920565485954285
1799.6828590683338 0.9897640347480774
1799.703692070254 0.9879143238067627
1799.724525071494 0.989203691482544
1799.7453580721242 0.9896538257598877
1799.76619107208 0.9916427135467529
1799.7870240714308 0.993102490901947
1799.8078570701236 0.9964672923088074
1799.8286900681974 1.0011073350906372
1799.8495230656295 1.0049958229064941
1799.8703560624479 1.007708191871643
1799.8911890586312 1.0112022161483765
1799.9120220542172 1.0134060382843018
1799.9328550491553 1.0151097774505615
1799.9536880435123 1.0147939920425415
1799.9745210372284 1.0134661197662354
1799.9953540303702 1.010317325592041
1800.0161870228885 1.0069224834442139
1800.03702001482 1.0039838552474976
1800.057853006146 1.001191258430481
1800.078685996892 0.9974040985107422
1800.099518987041 0.9950728416442871
1800.120351976628 0.9913462400436401
1800.1411849656063 0.9903566241264343
1800.1620179540407 0.989883542060852
1800.182850941876 0.9893690347671509
1800.2036839291761 0.9903846979141235
1800.2245169158964 0.9918428063392639
1800.2453499020703 0.994174599647522
1800.2661828876846 0.9983808994293213
1800.2870158727621 1.0015445947647095
1800.307848857291 1.0054594278335571
1800.3286818412928 1.0082206726074219
1800.3495148247573 1.0108387470245361
1800.370347807715 1.0131481885910034
1800.3911807901272 1.0147745609283447
1800.4120137720543 1.0135506391525269
1800.4328467534483 1.0108410120010376
1800.4536797343687 1.0089391469955444
1800.4745127147796 1.0063798427581787
1800.4953456947092 1.0010987520217896
1800.5161786741533 0.9986042976379395
1800.5370116531292 0.9959047436714172
1800.557844631635 0.9928569197654724
1800.5786776096961 0.9905785322189331
1800.599510587283 0.9884437322616577
1800.6203435644502 0.9896911978721619
1800.64117654116 0.9901341199874878
1800.6620095174658 0.991576611995697
1800.6828424933324 0.993800938129425
1800.7036754688115 0.9974600076675415
1800.7245084438805 1.0009618997573853
1800.74534141856 1.0050688982009888
1800.7661743928595 1.0084843635559082
1800.7870073667887 1.0110374689102173
1800.80784034036 1.0131633281707764
1800.8286733135908 1.014557957649231
1800.8495062864672 1.014685869216919
1800.8703392590348 1.0129985809326172
1800.891172231273 1.008313775062561
1800.9120052032256 1.0049103498458862
1800.9328381748855 1.0030691623687744
1800.9536711462647 1.0010876655578613
1800.97450411739 0.9948115348815918
1800.9953370882613 0.9917601943016052
1801.0161700589094 0.9910778999328613
1801.0370030293325 0.9890146255493164
1801.057835999566 0.988521933555603
1801.0786689696147 0.990019679069519
1801.0995019394902 0.9872126579284668
1801.120334909224 0.9925552606582642
1801.1411678788334 0.9946780204772949
1801.1620008483173 0.9970220923423767
1801.1828338177288 1.0003045797348022
1801.2036667870539 1.0021469593048096
1801.2244997563519 1.006844162940979
1801.2453327256158 1.0069594383239746
1801.2661656948817 1.0108122825622559
1801.2869986641695 1.0061556100845337
1801.3078316335134 1.0090138912200928
1801.3286646029287 1.0058619976043701
1801.349497572469 1.0054714679718018
1801.370330542115 1.0016062259674072
1801.3911635119596 1.0007975101470947
1801.4119964819695 0.9966064691543579
1801.432829452248 0.9925216436386108
1801.4536624227662 0.9909108877182007
1801.4744953936104 0.9879524111747742
1801.4953283647749 0.9893820881843567
1801.5161613363491 0.9907016754150391
1801.5369943083222 0.99053955078125
1801.5578272807977 0.9931097626686096
1801.5786602537576 0.9929959774017334
1801.599493227332 0.9971591830253601
1801.620326201465 0.9996923208236694
1801.6411591763351 1.0040651559829712
1801.6619921518786 1.005669116973877
1801.6828251282639 1.0091480016708374
1801.7036581054474 1.0125536918640137
1801.7244910836107 1.0136618614196777
1801.7453240627003 1.0109050273895264
1801.7661570429325 1.0123978853225708
1801.7869900242126 1.0097962617874146
1801.8078230068154 1.0062254667282104
1801.8286559906335 1.0053436756134033
1801.849488975943 1.0022846460342407
1801.8703219626525 1.0002952814102173
1801.891154951063 0.9966643452644348
1801.911987941068 0.995483934879303
1801.9328209330074 0.995819628238678
1801.953653926757 0.9936632513999939
1801.974486922709 0.9940211772918701
1801.9953199206907 0.9938406348228455
1802.0161529211703 0.9951255321502686
1802.0369859239443 1.0000046491622925
1802.0578189295375 1.0017327070236206
1802.0786519377318 1.0048205852508545
1802.099484949056 1.004178762435913
1802.1203179632969 1.0062694549560547
1802.1411509810548 1.0108104944229126
1802.161984002059 1.0065677165985107
1802.182817026984 0.9933746457099915
1802.2036500555196 0.972343385219574
1802.2244830883837 --
1802.2453161252465 --
1802.266149166826 --
1802.286982212791 --
1802.3078152638664 --
1802.328648319663 --
1802.349481380907 0.8135295510292053
1802.3703144471756 0.9862577319145203
1802.3911475191187 0.9972806572914124
1802.4119805962969 0.9948150515556335
1802.4328136792244 0.9961568713188171
1803.4744681177167 1.0119184255599976
1803.4953011325151 1.0110834836959839
1803.5161341443936 1.0102835893630981
1803.5369671535584 1.0078102350234985
1803.5578001598908 1.00639009475708
1803.5786331636195 1.0053997039794922
1803.5994661646275 1.001821756362915
1803.6202991631058 1.0
1803.6411321589692 0.9979920387268066
1803.6619651523913 0.9958687424659729
1803.682798143288 0.9940409064292908
1803.7036311318366 0.9949339628219604
1803.7244641179236 0.9961059093475342
1803.7452971017503 0.9964993596076965
1803.7661300832042 0.9982882142066956
1803.7869630624507 1.001204490661621
1803.8077960394078 1.0041340589523315
1803.828629014226 1.0056511163711548
1803.849461986824 1.00696861743927
1803.8702949573567 1.0077879428863525
1803.891127925714 1.00948166847229
1803.9119608920762 1.0095226764678955
1803.9327938563338 1.0087413787841797
1803.953626818632 1.00734281539917
1803.9744597788927 1.0051541328430176
1803.9952927372467 1.0040122270584106
1804.0161256936165 1.0020334720611572
1804.0369586481395 0.9986112713813782
1804.0577916007085 0.9974927306175232
1804.0786245514869 0.9936801195144653
1804.0994575003688 0.9942064881324768
1804.1202904474835 0.992956817150116
1804.1411233927563 0.9935001730918884
1804.1619563363035 0.9946346282958984
1804.1827892780504 0.9965085983276367
1804.2036222181205 0.9965920448303223
1804.2244551564097 1.000936508178711
1804.2452880930687 1.0022263526916504
1804.2661210279841 1.0056096315383911
1804.286953961304 1.0054596662521362
1804.3077868929256 1.0079927444458008
1804.3286198229641 1.0092556476593018
1804.3494527513476 1.0107951164245605
1804.3702856781888 1.0097362995147705
1804.3911186033865 1.0088139772415161
1804.4119515270816 1.0077013969421387
1804.4327844491727 1.0042104721069336
1804.4536173697688 1.004000186920166
1804.4744502887995 0.9975005984306335
1804.495283206361 0.9936350584030151
1804.5161161223843 0.9940428137779236
1804.5369490369735 0.9906836152076721
1804.5577819500297 0.989578366279602
1804.5786148616855 0.9893797636032104
1804.5994477718427 0.990933358669281
1804.6202806806018 0.9927433729171753
1804.6411135878955 0.9938147664070129
1804.6619464938126 0.9949146509170532
1804.6827793982864 0.9998379349708557
1804.7036123014138 1.0029960870742798
1804.7244452030986 1.0023322105407715
1804.7452781034667 1.0048761367797852
1804.7661110024223 1.0060023069381714
1804.78694390006 1.0063375234603882
1804.8077767963139 1.0064609050750732
1804.8286096912775 1.0039173364639282
1804.8494425848558 1.004176139831543
1804.8702754771703 0.999876856803894
1804.8911083681173 1.0010077953338623
1804.9119412578168 0.9953892230987549
1804.9327741461752 0.9920879006385803
1804.9536070332815 0.9873526692390442
1804.974439919073 0.9888301491737366
1804.995272803637 0.9871973395347595
1805.0161056868812 0.9865721464157104
1805.0369385689226 0.9879080653190613
1805.057771449669 0.9893797636032104
1805.0786043292057 0.989424467086792
1805.0994372074713 0.9934703707695007
1805.1202700845408 0.9956611394882202
1805.1411029603528 0.9996071457862854
1805.1619358349908 1.0026109218597412
1805.1827687083644 1.0046451091766357
1805.203601580586 1.0071247816085815
1805.2244344515657 1.0089446306228638
1805.2452673213852 1.0083667039871216
1805.2661001899846 1.007063627243042
1805.286933057445 1.0030914545059204
1805.307765923677 1.004055142402649
1805.3285987887903 1.001089334487915
1805.3494316526862 0.9993385076522827
1805.3702645154742 0.9961472749710083
1805.3910973770655 0.9911777973175049
1805.4119302375389 0.9887830018997192
1805.4327630968357 0.9877951741218567
1805.453595955034 0.9896938800811768
1805.4744288120457 0.9877491593360901
1805.4952616679784 0.9880644679069519
1805.5160945227344 0.9894681572914124
1805.5369273764197 0.9946754574775696
1805.557760228948 0.9977554082870483
1805.578593080394 0.999448835849762
1805.5994259307017 1.0020049810409546
1805.620258779946 1.0052121877670288
1805.6410916280404 1.007314682006836
1805.6619244750893 1.0087791681289673
1805.682757321007 1.0083967447280884
1805.703590165867 1.006569743156433
1805.7244230096132 1.0046595335006714
1805.7452558523196 1.0034286975860596
1805.7660886939007 0.9999417066574097
1805.7869215344588 0.999605655670166
1805.8077543738991 0.9958480596542358
1805.8285872123233 0.993458092212677
1805.849420049647 0.990659236907959
1805.870252885942 0.9886008501052856
1805.8910857211536 0.9857189655303955
1805.9119185553527 0.9889640212059021
1805.9327513884555 0.9872063994407654
1805.953584220562 0.9872212409973145
1805.974417051589 0.9924558997154236
1805.9952498816062 0.9951750040054321
1806.0160827105603 1.0004578828811646
1806.0369155385206 1.0025466680526733
1806.0577483654097 1.0053117275238037
1806.0785811913254 1.0071896314620972
1806.0994140161654 1.0110758543014526
1806.1202468400286 1.0115286111831665
1806.141079662837 1.0111500024795532
1806.1619124846586 1.0091230869293213
1806.1827453054416 1.0081030130386353
1806.203578125253 1.0078459978103638
1806.224410944011 1.0031096935272217
1806.2452437618133 1.0010167360305786
1806.2660765785777 0.9985377192497253
1806.2869093943712 0.9951549768447876
1806.3077422091421 0.9939395785331726
1806.328575022957 0.9918204545974731
1806.3494078357344 0.9901250600814819
1806.3702406475709 0.9888603687286377
1806.3910734583853 0.9905662536621094
1806.411906268243 0.9920638799667358
1806.4327390770934 0.9954216480255127
1806.453571885002 0.9961189031600952
1806.4744046918877 1.0013372898101807
1806.4952374978463 1.0027755498886108
1806.516070302787 1.0070502758026123
1806.5369031068046 1.0104074478149414
1806.557735909819 1.0103391408920288
1806.5785687118941 1.0099167823791504
1806.5994015129806 1.0100586414337158
1806.6202343131424 1.0104398727416992
1806.6410671122999 1.008516550064087
1806.6618999105463 1.0043234825134277
1806.6827327078026 0.9999297261238098
1806.703565504132 0.9992444515228271
1806.724398299485 0.9953877329826355
1806.7452310939154 0.9925161004066467
1806.7660638873738 0.9918642044067383
1806.7868966799226 0.9879487752914429
1806.8077294714938 0.9893324971199036
1806.8285622621488 0.9888677000999451
1806.8493950518396 0.9907484650611877
1806.8702278406186 0.9938064217567444
1806.8910606284371 0.9955111742019653
1806.9118934153569 1.0006325244903564
1806.9327262013 1.001592993736267
1806.9535589863578 1.0060409307479858
1806.9743917704525 1.0093340873718262
1806.9952245536454 1.010617733001709
1807.0160573358885 1.0104964971542358
1807.0368901172433 1.010479211807251
1807.0577228976317 1.0104784965515137
1807.0785556771448 1.0106282234191895
1807.0993884557047 1.0087708234786987
1807.1202212333726 1.0054594278335571
1807.1410540101012 1.0012446641921997
1807.1618867859504 0.999872088432312
1807.1827195608435 0.9965628981590271
1807.2035523348702 0.9935410022735596
1807.2243851079436 0.98951655626297
1807.2452178801539 0.9904725551605225
1807.2660506514244 0.9883134365081787
1807.2868834218243 0.9907695651054382
1807.3077161912774 0.9911831617355347
1807.3285489598725 0.9943097829818726
1807.3493817275241 0.9963915348052979
1807.3702144943206 1.000327706336975
1807.3910472601865 1.0022149085998535
1807.41188002518 1.0054106712341309
1807.4327127892552 1.0065977573394775
1807.4535455524708 1.0079838037490845
1807.4743783147514 1.0077393054962158
1807.4952110761851 1.0083000659942627
1807.5160438366963 1.008986234664917
1807.536876596343 1.0056447982788086
1807.5577093550803 1.0031027793884277
1807.5785421129651 0.999473512172699
1807.5993748699232 0.9999909996986389
1807.620207626042 0.9963569641113281
1807.641040381246 0.9943010807037354
1807.6618731355934 0.9912529587745667
1807.6827058890387 0.9917051792144775
1807.7035386416392 0.990195631980896
1807.7243713933206 0.9895026683807373
1807.7452041441697 0.9897861480712891
1807.766036894112 0.9932535886764526
1807.7868696432042 0.9962063431739807
1807.807702391402 0.9990549683570862
1807.828535138762 1.0018349885940552
1807.84936788521 1.0053030252456665
1807.8702006308329 1.006527066230774
1807.8910333755557 1.0082355737686157
1807.9118661194354 1.0097516775131226
1807.932698862428 1.009650707244873
1807.953531604589 1.0080480575561523
1807.974364345845 1.0074710845947266
1808.0160298258268 1.0026969909667969
1808.0368625645342 1.000658631324768
1808.0576953023613 0.9986505508422852
1808.0785280393532 0.9952301979064941
1808.0993607754667 0.9940541982650757
1808.1201935107576 0.9937812685966492
1808.1410262451625 0.9920814037322998
1808.1618589787363 0.9916883111000061
1808.182691711436 0.993827760219574
1808.2035244433166 0.9931333065032959
1808.2243571743054 0.9956890344619751
1808.2451899044875 0.9957035779953003
1808.2660226337894 1.0019445419311523
1808.2868553622664 1.0036275386810303
1808.3076880898757 1.006639838218689
1808.3285208166612 1.0064705610275269
1808.3493535425814 1.0090248584747314
1808.3701862676903 1.0086137056350708
1808.3910189919254 1.0090701580047607
1808.4118517153408 1.0092244148254395
1808.4326844378945 1.007201910018921
1808.4535171596303 1.0057891607284546
1808.4743498805062 1.0010251998901367
1808.4951826005765 1.0007654428482056
1808.5160153197787 0.9988588094711304
1808.5368480381667 0.9937585592269897
1808.5576807556986 0.9947994947433472
1808.5785134724179 0.993023693561554
1808.5993461882833 0.9932079911231995
1808.620178903348 0.9948861598968506
1808.6410116175502 0.9950496554374695
1808.6618443309435 0.9973117113113403
1808.6826770434864 0.999717116355896
1808.7035097552216 1.0025806427001953
1808.7243424661085 1.0020204782485962
1808.7451751761996 1.0064935684204102
1808.766007885424 1.0073468685150146
1808.7868405938643 1.00933039188385
1808.8076733014495 1.0093064308166504
1808.8285060082321 1.0078123807907104
1808.8493387141716 1.01040518283844
1808.8701714193203 1.0082417726516724
1808.8910041236074 1.005982518196106
1808.9118368271156 1.0046038627624512
1808.9326695297736 1.001187801361084
1808.953502231634 0.9994966387748718
1808.9743349326563 0.9988188147544861
1808.9951676328928 0.9967730641365051
1809.0160003322728 0.9945948719978333
1809.0368330308784 0.995023250579834
1809.0576657286392 0.9940487146377563
1809.0784984256068 0.9940342307090759
1809.0993311217417 0.9954314231872559
1809.120163817095 0.9966477155685425
1809.140996511607 0.9962528944015503
1809.1618292053295 1.0024538040161133
1809.1826618982216 1.005281686782837
1809.2034945903258 1.0027248859405518
1809.2243272816015 1.0027453899383545
1809.2451599721007 1.0064525604248047
1809.2659926617634 1.0074446201324463
1809.2868253506408 1.0061187744140625
1809.307658038693 1.005613088607788
1809.3284907259617 1.003326654434204
1809.3493234124069 1.0008666515350342
1809.3701560980799 0.9988358020782471
1809.390988782921 0.9993858337402344
1809.4118214669816 0.99671870470047
1809.4326541502214 0.9959036707878113
1809.4534868326925 0.9934902191162109
1809.4743195143246 0.9931848645210266
1809.4951521951991 0.9932271242141724
1809.5159848752464 0.9954081773757935
1809.5368175545175 0.9933909177780151
1809.5576502329727 0.99686598777771
1809.5784829106633 0.9992321133613586
1809.5993155875199 0.9999116063117981
1809.620148263623 1.001775860786438
1809.6409809389038 1.003568172454834
1809.6618136134125 1.005081295967102
1809.68264628711 1.0059866905212402
1809.7034789600473 1.0072014331817627
1809.7243116321551 1.006719708442688
1809.7451443035138 1.0025203227996826
1809.7659769740549 1.0028477907180786
1809.7868096438283 0.9995625615119934
1809.807642312795 0.9999239444732666
1809.828474981006 0.9990500807762146
1809.849307648392 0.9985522031784058
1809.8701403150333 0.9966946244239807
1809.8909729808613 0.9956725835800171
1809.911805645936 0.9960217475891113
1809.9326383101888 0.993577778339386
1809.9534709737 0.9945033192634583
1809.974303636391 0.9956066608428955
1809.9951362983413 0.9965114593505859
1810.0159689594834 0.9981034398078918
1810.036801619876 1.0006895065307617
1810.0576342794518 1.0019781589508057
1810.07846693829 1.0029069185256958
1810.0992995963127 1.0038284063339233
1810.1201322535992 1.003682255744934
1810.1409649100817 1.004967212677002
1810.1617975658196 1.0047950744628906
1810.1826302207448 1.0041793584823608
1810.203462874937 1.0001388788223267
1810.2242955283184 0.9991242289543152
1810.2451281809679 0.999108612537384
1810.265960832818 0.9983848929405212
1810.286793483928 0.9976499080657959
1810.3076261342298 0.9977332353591919
1810.3284587838032 0.994884192943573
1810.3492914325805 0.9943845868110657
1810.3701240806101 0.9949517250061035
1810.3909567278554 0.9955600500106812
1810.4117893743646 0.9977065920829773
1810.4326220200708 0.9984854459762573
1810.4534546650525 0.9997256994247437
1810.4742873092432 1.001893401145935
1810.4951199526909 1.0021474361419678
1810.5159525953588 1.0043580532073975
1810.5367852372954 1.0073665380477905
1810.5576178784336 1.0087333917617798
1810.5784505188522 1.0070446729660034
1810.5992831584842 1.0068120956420898
1810.6201157973778 1.0058459043502808
1810.640948435497 1.0044931173324585
1810.6617810728892 1.001912236213684
1810.6826137094881 1.0017352104187012
1810.7034463453717 1.000100016593933
1810.7242789804743 0.9978666305541992
1810.745111614853 0.9964972138404846
1810.765944248442 0.9968108534812927
1810.786776881319 0.9977893829345703
1810.8076095134181 0.9973220825195312
1810.8284421447865 0.9982946515083313
1810.8492747753892 1.0004545450210571
1810.8701074052726 1.0003457069396973
1810.8909400343719 1.0016294717788696
1810.9117726627635 1.0035594701766968
1810.932605290383 1.0033400058746338
1810.9534379172767 1.0058642625808716
1810.9742705434098 1.006438970565796
1810.995103168829 1.0065990686416626
1811.0159357934795 1.0059794187545776
1811.0367684174073 1.004981517791748
1811.0576010405787 1.0048279762268066
1811.0784336630393 1.000990390777588
1811.099266284725 0.998775839805603
1811.120098905712 0.9989405870437622
1811.140931525936 0.9971508979797363
1811.1617641454427 0.9962862133979797
1811.1825967641985 0.9942424893379211
1811.2034293822492 0.9946738481521606
1811.2242619995309 0.9942322969436646
1811.2450946161193 0.994104266166687
1811.2659272319506 0.9961957335472107
1811.2867598470805 0.9960574507713318
1811.3075924614454 0.9988687634468079
1811.328425075121 1.0002700090408325
1811.3492576880437 1.0025519132614136
1811.3700903002589 1.0038955211639404
1811.3909229117335 1.0053349733352661
1811.4117555225123 1.0048582553863525
1811.4325881325328 1.006554365158081
1811.45342074187 1.0054430961608887
1811.474253350461 1.0078110694885254
1811.4950859583505 1.0057799816131592
1811.5159185655064 1.0028128623962402
1811.5367511719724 0.9985936880111694
1811.5575837776873 0.9984978437423706
1811.5784163827252 0.9984035491943359
1811.5992489870239 0.997426450252533
1811.6200815906377 0.9962440729141235
1811.6409141935048 0.9947206377983093
1811.6617467956994 0.9954690933227539
1811.6825793971598 0.9959210157394409
1811.70341199793 0.9976227879524231
1811.724244597979 0.9978636503219604
1811.74507719735 0.9972241520881653
1811.765909795982 1.0003055334091187
1811.7867423939483 1.00199556350708
1811.807574991189 1.005655288696289
1811.8284075877468 1.0066100358963013
1811.849240183591 1.007892370223999
1811.8700727787655 1.007037878036499
1811.890905373219 1.0074644088745117
1811.9117379669951 1.0064408779144287
1811.9325705600638 1.006795883178711
1811.9534031524577 1.0025737285614014
1811.974235744147 1.0005444288253784
1811.9950683351747 0.9981508255004883
1812.0159009254908 0.9969354271888733
1812.0367335151377 0.9944053292274475
1812.0575661040868 0.9942044019699097
1812.0783986923798 0.9927281141281128
1812.0992312799583 0.9922173619270325
1812.1200638668936 0.9933306574821472
1812.1408964531277 0.995136559009552
1812.161729038702 0.9968641996383667
1812.1825616235888 0.9983261823654175
1812.2033942078292 0.9998533129692078
1812.2242267913755 1.003816843032837
1812.245059374269 1.0067747831344604
1812.265891956482 1.0075783729553223
1812.2867245380558 1.009196400642395
1812.3075571189331 1.009757161140442
1812.328389699185 1.0094965696334839
1812.3492222787547 1.0100908279418945
1812.3700548576824 1.0084384679794312
1812.390887435942 1.0066883563995361
1812.4117200135738 1.00299072265625
1812.4325525905222 1.0005056858062744
1812.4533851668566 0.9987455606460571
1812.4742177425221 0.9959957599639893
1812.5158828919398 0.9904977083206177
1812.5367154657063 0.9893860220909119
1812.5575480388136 0.9894647002220154
1812.5783806113104 0.989632785320282
1812.5992131831433 0.9932524561882019
1812.62004575438 0.9944816827774048
1812.6408783249683 1.000117301940918
1812.6617108949456 1.0028718709945679
1812.6825434642901 1.0064789056777954
1812.703376033039 1.0093512535095215
1812.7242086011406 1.0099159479141235
1812.745041168662 1.0117807388305664
1812.7658737355523 1.0109138488769531
1812.7867063018482 1.0114954710006714
1812.8075388675295 1.011089563369751
1812.8283714326321 1.0067697763442993
1812.849203997117 1.0013328790664673
1812.870036561019 0.99813312292099
1812.8908691243205 0.9974083304405212
1812.911701687056 0.9950430989265442
1812.932534249178 0.9913709759712219
1812.9533668107506 0.9884086847305298
1812.9741993717278 0.9879010319709778
1812.9950319321529 0.9895532131195068
1813.01586449198 0.9894421100616455
1813.0366970512728 0.9924846291542053
1813.0575296099767 0.9943094849586487
1813.0783621681537 0.9968759417533875
1813.0991947257605 0.9992591142654419
1813.1200272828394 1.0025798082351685
1813.140859839347 1.0043678283691406
1813.1616923953454 1.00822913646698
1813.182524950793 1.009020447731018
1813.2033575057203 1.0129884481430054
1813.2241900601173 1.0134414434432983
1813.2450226140138 1.0119935274124146
1813.265855167381 1.0112890005111694
1813.286687720248 1.007799744606018
1813.3075202726077 1.0035948753356934
1813.3283528244879 0.9974342584609985
1813.349185375853 0.9969757795333862
1813.3700179267605 0.9913525581359863
1813.390850477176 0.9894813299179077
1813.411683027126 0.9888625741004944
1813.4325155766082 0.9877051711082458
1813.4533481256478 0.9901517033576965
1813.4741806742245 0.9916078448295593
1813.495013222362 0.992506206035614
1813.515845770063 0.9930429458618164
1813.5366783173495 0.9974194765090942
1813.557510864206 0.9998393654823303
1813.5783434106538 1.0017881393432617
1813.5991759566996 1.0038751363754272
1813.620008502363 1.0075902938842773
1813.6408410476238 1.0093108415603638
1813.6616735925306 1.009911060333252
1813.682506137065 1.0104626417160034
1813.7033386812443 1.0086512565612793
1813.7241712250832 1.006800889968872
1813.7450037685974 1.0042567253112793
1813.765836311775 1.0008819103240967
1813.78666885466 0.9975756406784058
1813.8075013972436 0.9944161176681519
1813.8283339395482 0.9908617734909058
1813.8491664815688 0.9897096157073975
1813.8699990233451 0.9888026714324951
1813.8908315648773 0.9868492484092712
1813.9116641061728 0.9863063097000122
1813.932496647266 0.9905551075935364
1813.9533291881617 0.9900142550468445
1813.9741617288794 0.9943666458129883
1813.9949942694216 0.9973456859588623
1814.015826809833 1.0036141872406006
1814.036659350114 1.0055973529815674
1814.0574918902946 1.007032036781311
1814.0783244303718 1.0080269575119019
1814.0991569704029 1.009695291519165
1814.1199895103814 1.0110567808151245
1814.140822050342 1.0088032484054565
1814.1616545903046 1.0087664127349854
1814.1824871303113 1.009163737297058
1814.203319670359 1.0090535879135132
1814.2241522104982 1.0061510801315308
1814.2449847507412 1.0028342008590698
1814.265817291149 0.9981071949005127
1814.2866498316994 0.9953320622444153
1814.3074823724933 0.9937297105789185
1814.328314913504 0.9939833283424377
1814.3491474548148 0.9944623708724976
1814.3699799964227 0.9954476356506348
1814.3908125384255 0.9975343942642212
1814.4116450807937 0.9979126453399658
1814.43247762364 1.0016130208969116
1814.453310166948 1.0044382810592651
1814.474142710848 1.0076886415481567
1814.494975255286 1.009979486465454
1814.515807800441 1.0130106210708618
1814.5366403462515 1.0146522521972656
1814.5574728928975 1.0144022703170776
1814.5783054403084 1.0149741172790527
1814.5991379887091 1.0151329040527344
1814.6199705380177 1.012589693069458
1814.6408030884577 1.0091586112976074
1814.6616356399659 1.0069588422775269
1814.6824681927965 1.0043234825134277
1814.7033007468533 1.0003457069396973
1814.724133302427 0.9973123073577881
1814.7449658594262 0.9952092170715332
1814.7657984181828 0.9943125247955322
1814.786630978568 0.995612621307373
1814.8074635409603 0.9955728650093079
1814.8282961052323 0.9967290163040161
1814.849128671814 0.9987037181854248
1814.8699612405273 1.001747965812683
1814.8907938118914 1.0058461427688599
1814.9116263857027 1.0076091289520264
1814.9324589625155 1.010252594947815
1814.9532915421298 1.013603687286377
1814.9741241251702 1.0145363807678223
1814.9949567113763 1.0177053213119507
1815.0157893014778 1.0165377855300903