1764.7028511303224 1.0120818614959717
1764.7236852434505 1.0120229721069336
1764.7445193531066 1.011904239654541
1764.7653534593612 1.0118180513381958
1764.7861875622764 1.012037992477417
1764.807021661915 1.0116897821426392
1764.8278557583506 1.011810064315796
1764.848689851626 1.0114818811416626
1764.8695239418146 1.011843204498291
1764.890358028978 1.0113271474838257
1764.911192113178 1.0112186670303345
1764.9320261944852 1.0111711025238037
1764.9528602729388 1.011111855506897
1764.9736943486066 1.010542392730713
1764.9945284215457 1.0102547407150269
1765.0153624918114 1.010058879852295
1765.0361965594673 1.0096449851989746
1765.0570306245465 1.0090925693511963
1765.0778646871095 1.0086017847061157
1765.0986987472058 1.0083355903625488
1765.1195328048843 1.007672667503357
1765.1403668602009 1.0076009035110474
1765.161200913181 1.0070241689682007
1765.1820349638788 1.006427526473999
1765.2028690123361 1.0056487321853638
1765.2237030585945 1.005261778831482
1765.2445371027043 1.0045716762542725
1765.265371144683 1.0041950941085815
1765.2862051845789 1.0031347274780273
1765.3070392224276 1.0032873153686523
1765.3278732582644 1.0024429559707642
1765.3487072921228 1.0016028881072998
1765.3695413240462 1.0013902187347412
1765.3903753540455 1.0011316537857056
1765.4112093821618 0.9997258186340332
1765.4320434084252 0.9995529651641846
1765.4528774328742 0.9989567995071411
1765.4737114555164 0.9986501932144165
1765.4945454763892 0.9979830384254456
1765.5153794955186 0.9972264766693115
1765.53621351293 0.996603786945343
1765.5570475286581 0.9960264563560486
1765.5778815427063 0.9954681992530823
1765.598715555108 0.9950932264328003
1765.6195495658853 0.9949163198471069
1765.6403835750702 0.9939108490943909
1765.6612175826635 0.9933736324310303
1765.682051588696 0.9938965439796448
1765.702885593187 0.9939228892326355
1765.7237195961557 0.9923863410949707
1765.7445535976212 0.9923803806304932
1765.7653875976114 0.9918168187141418
1765.7862215961236 0.9918766021728516
1765.8070555931856 0.9912868142127991
1765.8278895888132 0.9904040098190308
1765.8487235830228 0.9904159903526306
1765.8695575758402 0.9900476336479187
1765.8903915672606 0.9896889925003052
1765.9112255573089 0.9898151159286499
1765.932059545999 0.9897401332855225
1765.9528935333558 0.9895702600479126
1765.9737275193722 0.9885507822036743
1765.9945615040717 0.9891395568847656
1766.0153954874675 0.9886128306388855
1766.0362294695715 0.9886358380317688
1766.0570634504065 0.9886020421981812
1766.0778974299647 0.988505482673645
1766.0987314082668 0.9889089465141296
1766.1195653853247 0.9886543154716492
1766.1403993611598 0.9889095425605774
1766.161233335762 0.9887627363204956
1766.1820673091522 0.9886261224746704
1766.2029012813412 0.9882209897041321
1766.223735252338 0.9885923862457275
1766.2445692221627 0.9882273077964783
1766.265403190805 0.9883219003677368
1766.2862371582842 0.9883377552032471
1766.307071124609 0.9880727529525757
1766.3279050897884 0.9880523681640625
1766.348739053841 0.9884700775146484
1766.369573016755 0.9882603883743286
1766.3904069785494 0.9888328909873962
1766.4112409392314 0.9889132380485535
1766.4320748988093 0.9889640808105469
1766.4529088573008 0.9889113903045654
1766.473742814693 0.9889456033706665
1766.4945767710035 0.989638090133667
1766.5154107262397 0.9894680380821228
1766.5362446804081 0.9899616837501526
1766.5570786335259 0.9897645115852356
1766.57791258558 0.9905493855476379
1766.5987465365863 0.9908280372619629
1766.619580486552 0.9908699989318848
1766.6404144354929 0.9916223287582397
1766.661248383395 0.9918015599250793
1766.682082330275 0.9925599098205566
1766.7029162761385 0.992889940738678
1766.723750220991 0.9932597875595093
1766.7445841648482 0.9933398365974426
1766.7654181076962 0.9939419031143188
1766.7862520495498 0.994404137134552
1766.8070859904146 0.9947486519813538
1766.827919930306 0.9953204393386841
1766.8487538692088 0.9959144592285156
1766.869587807138 0.9963594675064087
1766.890421744099 0.9970028400421143
1766.911255680096 0.9969757199287415
1766.9320896151442 0.997822642326355
1766.952923549228 0.998073935508728
1766.9737574823619 0.9986679553985596
1766.9945914145505 0.9990466237068176
1767.0154253458084 0.9993719458580017
1767.0362592761194 0.9996641874313354
1767.057093205498 1.0003904104232788
1767.0779271339486 1.001383662223816
1767.0987610614748 1.0014832019805908
1767.1195949880905 1.0021122694015503
1767.1404289137804 1.002526044845581
1767.1612628385578 1.003024935722351
1767.1820967624262 1.003921627998352
1767.2029306854001 1.0037399530410767
1767.2237646074627 1.0042445659637451
1767.2445985286274 1.0049399137496948
1767.265432448898 1.0051738023757935
1767.2862663682881 1.0062755346298218
1767.3071002867807 1.0066858530044556
1767.3279342043895 1.0072640180587769
1767.3487681211177 1.0072003602981567
1767.3696020369684 1.0074294805526733
1767.3904359519552 1.0077499151229858
1767.4112698660608 1.008284091949463
1767.4321037792981 1.008118987083435
1767.4529376916707 1.0085663795471191
1767.4737716031916 1.0084329843521118
1767.494605513843 1.0089998245239258
1767.5154394236386 1.0096811056137085
1767.5362733325808 1.009384036064148
1767.5571072406724 1.0097472667694092
1767.5779411479261 1.0096911191940308
1767.5987750543252 1.0099042654037476
1767.6196089598816 1.0094703435897827
1767.6404428645983 1.009671926498413
1767.661276768488 1.0104190111160278
1767.6821106715329 1.0097540616989136
1767.7029445737458 1.0106008052825928
1767.7237784751292 1.0102567672729492
1767.7446123756852 1.0100972652435303
1767.7654462754263 1.010520577430725
1767.7862801743352 1.0102486610412598
1767.807114072424 1.0107507705688477
1767.8279479696948 1.010812759399414
1767.8487818661604 1.010209560394287
1767.8696157618024 1.0100289583206177
1767.8904496566333 1.0099291801452637
1767.9112835506555 1.0094668865203857
1767.9321174438705 1.00863778591156
1767.952951336291 1.0083885192871094
1767.9737852278993 1.0085344314575195
1767.9946191187064 1.0078173875808716
1768.0154530087152 1.0071675777435303
1768.0362868979378 1.0056232213974
1768.0571207863554 1.0064572095870972
1768.0779546739802 1.005704402923584
1768.0987885608247 1.0061349868774414
1768.1196224468702 1.0044457912445068
1768.1404563321287 1.004643201828003
1768.1612902166023 1.0031808614730835
1768.1821241002922 1.003760576248169
1768.2029579832108 1.0025943517684937
1768.2237918653398 1.0025194883346558
1768.2446257466904 1.0021308660507202
1768.265459627265 1.0019537210464478
1768.2862935070752 1.0006422996520996
1768.3071273861021 1.0007596015930176
1768.327961264358 1.0000337362289429
1768.3487951418444 0.9996706247329712
1768.3696290185628 0.9997363090515137
1768.3904628945247 0.9984702467918396
1768.4112967697122 0.9980495572090149
1768.4321306441361 0.998083770275116
1768.4529645177986 0.9974568486213684
1768.473798390711 0.9962245225906372
1768.4946322628546 0.9962661266326904
1768.515466134241 0.9959713816642761
1768.5363000048721 0.9957919120788574
1768.5571338747586 0.9951598048210144
1768.5779677438827 0.9939849376678467
1768.5988016122553 0.8792499303817749
1768.619635479878 0.9949800372123718
1768.6404693467623 0.9937624335289001
1768.6613032128894 0.9933128952980042
1768.6821370782707 0.9930439591407776
1768.7029709429075 0.9922176003456116
1768.7238048068014 0.991754412651062
1768.7446386699635 0.9918178915977478
1768.765472532375 0.9907932877540588
1768.7863063940474 0.9909092783927917
1768.8071402549822 0.9907897710800171
1768.82797411519 0.9900816679000854
1768.8488079746526 0.9890049695968628
1768.8696418333814 0.9894462823867798
1768.8904756913869 0.98943692445755
1768.9113095486507 0.9894037842750549
1768.9321434051844 0.9886600971221924
1768.9529772609885 0.988569974899292
1768.9738111160646 0.9889095425605774
1768.994644970424 0.9892807006835938
1769.0154788240472 0.988618016242981
1769.036312676946 0.9888333082199097
1769.0571465291214 0.988940954208374
1769.0779803805844 0.9886702299118042
1769.098814231316 0.9883648753166199
1769.1196480813278 0.9883792400360107
1769.1404819306204 0.9889621138572693
1769.161315779205 0.9889680743217468
1769.182149627063 0.988915205001831
1769.202983474205 0.9889830946922302
1769.2238173206322 0.98835289478302
1769.2446511663559 0.9884311556816101
1769.265485011357 0.9880269765853882
1769.2863188556462 0.9878434538841248
1769.307152699225 0.987647294998169
1769.327986542104 0.9879716634750366
1769.3488203842649 0.9882233738899231
1769.369654225718 0.9881793260574341
1769.3904880664645 0.9883226156234741
1769.4113219065152 0.9881935119628906
1769.4321557458518 0.9890335202217102
1769.4529895844844 0.9896307587623596
1769.4738234224142 0.9896078109741211
1769.4946572596527 0.9897738695144653
1769.51549109618 0.9903318881988525
1769.5571587671366 0.9909976720809937
1769.5779926015773 0.9914295673370361
1769.598826435311 0.9916273355484009
1769.6196602683488 0.9921305179595947
1769.640494100691 0.9922807812690735
1769.661327932349 0.9927206039428711
1769.6821617633036 0.9926713109016418
1769.7029955935657 0.9928783178329468
1769.723829423136 0.9933517575263977
1769.744663252026 0.9939546585083008
1769.7654970802155 0.994244396686554
1769.786330907716 0.9946752786636353
1769.807164734539 0.9947410821914673
1769.8279985606641 0.995444655418396
1769.848832386103 0.9954188466072083
1769.8696662108562 0.9963898658752441
1769.8905000349246 0.9971840977668762
1769.911333858319 0.9972060322761536
1769.9321676810205 0.997768223285675
1769.95300150304 0.9984105825424194
1769.9738353243777 0.9986239075660706
1769.994669145045 0.9990981221199036
1770.0155029650225 0.9998964071273804
1770.036336784321 1.0002851486206055
1770.0571706029514 1.00062894821167
1770.0780044208946 1.0014489889144897
1770.098838238161 1.002156376838684
1770.1196720547516 1.0024467706680298
1770.1405058706778 1.003248691558838
1770.1613396859193 1.0037086009979248
1770.1821735004876 1.0040478706359863
1770.2030073143837 1.0047727823257446
1770.2238411276176 1.005276083946228
1770.2446749401706 1.0055696964263916
1770.2655087520536 1.0054973363876343
1770.286342563267 1.0066813230514526
1770.307176373822 1.0068525075912476
1770.3280101836988 1.007353663444519
1770.3488439929085 1.0075671672821045
1770.369677801452 1.008251428604126
1770.3905116093401 1.0081316232681274
1770.411345416553 1.0086435079574585
1770.4321792231021 1.0087329149246216
1770.453013028988 1.0089962482452393
1770.4738468342211 1.0092967748641968
1770.4946806387825 1.009704828262329
1770.515514442683 1.0098457336425781
1770.5363482459231 1.0102765560150146
1770.5571820485136 1.0107922554016113
1770.5780158504358 1.010649561882019
1770.5988496516995 1.0109971761703491
1770.6196834523162 1.011104702949524
1770.6405172522664 1.0110441446304321
1770.6613510515606 1.0112836360931396
1770.6821848501997 1.0113029479980469
1770.703018648195 1.0114943981170654
1770.7238524455265 1.0114656686782837
1770.744686242205 1.0116825103759766
1770.765520038232 1.0113284587860107
1770.786353833617 1.0112659931182861
1770.8071876283418 1.0111255645751953
1770.828021422417 1.0108540058135986
1770.8488552158528 1.0108238458633423
1770.8696890086303 1.0104031562805176
1770.8905228007604 1.010223150253296
1770.9113565922435 1.00979483127594
1770.9321903830905 1.0096250772476196
1770.9530241732823 1.0094075202941895
1770.9738579628292 1.0090667009353638
1770.9946917517323 1.0088448524475098
1771.0155255400025 1.0085821151733398
1771.0363593276202 1.0081255435943604
1771.0571931145962 1.007399559020996
1771.0780269009315 1.0067325830459595
1771.0988606866365 1.006234884262085
1771.119694471692 1.0059610605239868
1771.1405282561088 1.0055842399597168
1771.1613620398982 1.0052499771118164
1771.18219582304 1.004870891571045
1771.2030296055457 1.0044142007827759
1771.2238633874158 1.0037306547164917
1771.2446971686509 1.0035531520843506
1771.265530949262 1.003242015838623
1771.28636472923 1.0028908252716064
1771.307198508565 1.002078652381897
1771.3280322872783 1.0019371509552002
1771.3488660653509 1.001698613166809
1771.369699842793 1.0009510517120361
1771.3905336196053 1.0005630254745483
1771.4113673957995 1.0000182390213013
1771.4322011713555 0.9994748830795288
1771.4530349462843 0.9988957047462463
1771.473868720597 0.9985135197639465
1771.4947024942737 0.997547447681427
1771.5155362673258 0.9974499940872192
1771.5363700397643 0.9965581297874451
1771.5572038115693 0.9963651299476624
1771.578037582752 0.995465099811554
1771.5988713533131 0.9949264526367188
1771.6197051232534 0.994886577129364
1771.6405388925837 0.9943506121635437
1771.6613726612852 0.9939380884170532
1771.682206429368 0.9933240413665771
1771.7030401968334 0.9928365349769592
1771.7238739636925 0.9922881126403809
1771.7447077299255 0.9920575618743896
1771.7655414955434 0.9921379685401917
1771.7863752605574 0.9916391968727112
1771.8072090249482 0.991301417350769
1771.8280427887262 0.9909940958023071
1771.848876551903 0.9907928705215454
1771.8697103144589 0.9906300902366638
1771.890544076405 0.9903911352157593
1771.9113778377423 0.9904155731201172
1771.9322115984814 0.9902938604354858
1771.9530453586033 0.98995041847229
1771.9738791181192 0.9899801015853882
1771.9947128770393 0.9896820783615112
1772.0155466353451 0.9895970821380615
1772.0363803930475 0.9896060228347778
1772.057214150147 0.9892923831939697
1772.0780479066548 0.989219069480896
1772.098881662552 0.9893040657043457
1772.1197154178492 0.989133358001709
1772.1405491725475 0.989039957523346
1772.161382926658 0.9888574481010437
1772.1822166801614 0.9888986945152283
1772.2030504330687 0.9884475469589233
1772.2238841853914 0.9885600209236145
1772.2447179371097 0.9884960055351257
1772.265551688235 0.9881486296653748
1772.2863854387683 0.9881094098091125
1772.3072191887209 0.9881595373153687
1772.3280529380731 0.9880667328834534
1772.3488866868365 0.9882462024688721
1772.3697204350221 0.9884507060050964
1772.3905541826107 0.9881664514541626
1772.4113879296135 0.9888538718223572
1772.432221676032 0.9890208840370178
1772.4530554218763 0.9889410138130188
1772.4738891671282 0.8884149193763733
1772.494722911799 0.9899263978004456
1772.5155566558992 0.9906919598579407
1772.53639039941 0.9904373288154602
1772.5572241423433 0.9908475875854492
1772.5780578846993 0.9911356568336487
1772.5988916264896 0.9918572306632996
1772.6197253676958 0.9917827844619751
1772.640559108328 0.9922172427177429
1772.6613928483985 0.9931438565254211
1772.682226587888 0.9931334257125854
1772.7030603268074 0.9934830665588379
1772.7238940651587 0.9937820434570312
1772.7447278029529 0.9940786957740784
1772.7655615401707 0.9944201111793518
1772.7863952768241 0.994773805141449
1772.8072290129244 0.9953956604003906
1772.8280627484523 0.9959055781364441
1772.8488964834196 0.9960361123085022
1772.8697302178377 0.996597945690155
1772.8905639516877 0.9972426891326904
1772.911397684981 0.9975036978721619
1772.9322314177195 0.99825119972229
1772.9530651499138 0.9986019730567932
1772.973898881546 0.9993566870689392
1772.9947326126273 0.999711811542511
1773.0155663431692 1.00021231174469
1773.0364000731531 1.0006319284439087
1773.0572338025909 1.00164794921875
1773.0780675314836 1.0021907091140747
1773.098901259843 1.0028533935546875
1773.1197349876509 1.0035946369171143
1773.1405687149183 1.0038814544677734
1773.1614024416574 1.0046449899673462
1773.1822361678499 1.004973292350769
1773.2030698935068 1.0054192543029785
1773.2239036186304 1.0056490898132324
1773.2447373432324 1.0058945417404175
1773.2655710672943 1.0068368911743164
1773.2864047908276 1.0069730281829834
1773.307238513845 1.0070468187332153
1773.3280722363272 1.0072658061981201
1773.3489059582869 1.007538080215454
1773.3697396797354 1.0082082748413086
1773.3905734006553 1.008676528930664
1773.411407121058 1.0083366632461548
1773.4322408409453 1.0086817741394043
1773.4530745603297 1.0095458030700684
1773.473908279193 1.0100398063659668
1773.4947419975472 1.0100347995758057
1773.5155757154046 1.0104830265045166
1773.536409432747 1.0106539726257324
1773.5572431495866 1.0111424922943115
1773.578076865936 1.0115216970443726
1773.5989105817769 1.0116891860961914
1773.619744297122 1.011483073234558
1773.6405780119835 1.0116984844207764
1773.6614117263437 1.0120397806167603
1773.6822454402147 1.0120947360992432
1773.7030791535997 1.0121761560440063
1773.7239128665103 1.011798620223999
1773.7447465789294 1.011850118637085
1773.7655802908698 1.0114977359771729
1773.7864140023337 1.0117310285568237
1773.807247713334 1.011267066001892
1773.8280814238533 1.0107940435409546
1773.8489151339043 1.0105754137039185
1773.8697488434998 1.0105514526367188
1773.890582552623 1.010379433631897
1773.9114162612864 1.0096369981765747
1773.932249969503 1.009301781654358
1773.953083677256 1.00919508934021
1773.9739173845583 1.0084160566329956
1773.994751091413 1.0082670450210571
1774.0155847978338 1.0079524517059326
1774.0364185038034 1.0077000856399536
1774.057252209335 1.0072784423828125
1774.078085914443 1.0066453218460083
1774.0989196191094 1.0065033435821533
1774.1405870271747 1.006123423576355
1774.1614207305702 1.0054090023040771
1774.1822544335494 1.0055242776870728
1774.2030881361263 1.0048000812530518
1774.2239218382845 1.0042637586593628
1774.244755540038 1.0037575960159302
1774.2655892414014 1.0036978721618652
1774.286422942358 1.0027492046356201
1774.3072566429228 1.0025461912155151
1774.32809034311 1.0020304918289185
1774.3489240429035 1.0011849403381348
1774.3697577423184 1.0007599592208862
1774.3905914413594 1.0007866621017456
1774.411425140041 1.0000524520874023
1774.432258838348 0.9994024634361267
1774.4530925362953 0.9987969994544983
1774.4739262338985 0.9979302287101746
1774.4947599311422 0.9974197149276733
1774.515593628042 0.9968419671058655
1774.5364273246137 0.9965125322341919
1774.5572610208421 0.9953022003173828
1774.5780947167434 0.9954254031181335
1774.5989284123236 0.9951417446136475
1774.6197621075983 0.9945520758628845
1774.6405958025537 0.993827760219574
1774.6614294972167 0.9937551021575928
1774.682263191573 0.9936903715133667
1774.7030968856393 0.9931138157844543
1774.7239305794228 0.993054211139679
1774.7447642729403 0.9923443794250488
1774.7655979661788 0.9922285676002502
1774.7864316591558 0.9923115968704224
1774.8072653518786 0.9915733337402344
1774.8280990443652 0.991793692111969
1774.8489327366037 0.99162358045578
1774.8697664286117 0.9911449551582336
1774.8906001204077 0.9906306862831116
1774.9114338119807 0.9908344745635986
1774.932267503349 0.9909344911575317
1774.953101194532 0.9907590746879578
1774.9739348855192 0.9903074502944946
1774.9947685763398 0.9900950789451599
1775.015602266984 0.9897196292877197
1775.036435957472 0.9901365041732788
1775.0572696478137 0.9898560643196106
1775.0781033380306 0.989587664604187
1775.0989370281136 0.9896612763404846
1775.140604407963 0.9893395304679871
1775.161438097744 0.989222526550293
1775.1822717874486 0.9890947341918945
1775.2031054770998 0.9892708659172058
1775.2239391666913 0.9893422722816467
1775.2447728562463 0.9888545870780945
1775.2656065457793 0.9891117215156555
1775.286440235315 0.9895399212837219
1775.3072739248482 0.9897560477256775
1775.3281076144044 0.9898444414138794
1775.3489413040102 0.9896876215934753
1775.3697749936618 0.9898966550827026
1775.3906086833865 0.9901812076568604
1775.4114423732124 0.9905012249946594
1775.4322760631371 0.9910086393356323
1775.4531097531903 0.9910460114479065
1775.4739434434016 0.9908329844474792
1775.4947771337713 0.9913157820701599
1775.5156108243305 0.9916561245918274
1775.536444515111 0.9919217228889465
1775.5572782061156 0.9923492074012756
1775.5781118973775 0.9924219250679016
1775.5989455889312 0.993064820766449
1775.6197792807823 0.9928689002990723
1775.640612972966 0.9932948350906372
1775.6614466655203 0.9936296939849854
1775.6822803584535 0.9940681457519531
1775.703114051804 0.9943979382514954
1775.7239477456128 0.9947694540023804
1775.7447814398918 0.9957011342048645
1775.765615134683 0.9952471256256104
1775.7864488300308 0.9965279698371887
1775.807282525951 0.9966520667076111
1775.8281162224898 0.9975047707557678
1775.8489499196862 0.9978544116020203
1775.8697836175897 0.9978829622268677
1775.890617316222 0.9985648393630981
1775.911451015646 0.9993391036987305
1775.9322847158871 0.999538004398346
1775.9531184170014 1.0002249479293823
1775.9739521190384 1.000646948814392
1775.9947858220582 1.0012415647506714
1776.015619526094 1.0018339157104492
1776.0364532312205 1.0028038024902344
1776.0572869374755 1.0029988288879395
1776.0781206449278 1.00319504737854
1776.09895435364 1.003674864768982
1776.1197880636867 1.0036816596984863
1776.1406217751146 1.0045515298843384
1776.1614554880139 1.0056346654891968
1776.182289202437 1.0061038732528687
1776.2031229184693 1.0057005882263184
1776.2239566361886 1.006179928779602
1776.244790355687 1.0069295167922974
1776.2656240770275 1.0075730085372925
1776.2864578003073 1.0070405006408691
1777.7448220483038 0.9961265921592712
1777.765655764153 0.9957380890846252
1777.7864894770858 0.9954413771629333
1777.8073231871676 0.9953058958053589
1777.828156894464 0.9952067136764526
1777.8489905990084 0.9953039884567261
1777.869824300863 0.9946904182434082
1777.8906580000892 0.9943409562110901
1777.9114916967176 0.9937587976455688
1777.9323253908062 0.9911171793937683
1777.9531590824126 0.9917739033699036
1777.9739927715634 0.9914745092391968
1777.9948264583124 0.9915438294410706
1778.0156601427138 0.9921628832817078
1778.0364938247899 0.9913015961647034
1778.057327504591 0.9917547106742859
1778.0781611821674 0.9915562868118286
1778.0989948575375 0.9913932085037231
1778.119828530758 0.991461992263794
1778.1406622018458 0.9914728403091431
1778.161495870846 0.9906678795814514
1778.182329537802 0.9913745522499084
1778.2031632027267 0.9913517832756042
1778.2239968656627 0.9910945296287537
1778.2448305266503 0.9915639758110046
1778.2656641856997 0.9916756749153137
1778.28649784285 0.9913539290428162
1778.3073314981389 0.9919837117195129
1778.3281651515738 0.9919722080230713
1778.3489988031915 0.9914153814315796
1778.3698324530274 0.9922391176223755
1778.390666101086 0.9930011630058289
1778.4114997474016 0.9928561449050903
1778.432333392008 0.9927196502685547
1778.4531670349074 0.9925605058670044
1778.4740006761317 0.9927603006362915
1778.4948343157125 0.9935198426246643
1778.5156679536503 0.9936020374298096
1778.5365015899854 0.9934964179992676
1778.5573352247172 0.9944246411323547
1778.5781688578747 0.99493408203125
1778.599002489486 0.9950354099273682
1778.6198361195497 0.995154082775116
1778.6406697480925 0.995498538017273
1778.6615033751414 0.995606005191803
1778.682337000693 0.9967005252838135
1778.703170624773 0.9967576861381531
1778.7240042474073 0.9977459907531738
1778.744837868591 0.9982232451438904
1778.7656714883483 0.9987162351608276
1778.7865051067038 0.9988353848457336
1778.8073387236514 0.9993351101875305
1778.8281723392247 0.9998213052749634
1778.8490059534165 1.000348687171936
1778.8698395662504 1.000903844833374
1778.8906731777483 1.0009479522705078
1778.9115067879025 1.001737356185913
1778.932340396735 1.0021957159042358
1778.9531740042673 1.0025231838226318
1778.9740076104906 1.0027304887771606
1778.9948412154263 1.0035459995269775
1779.0156748190946 1.004006266593933
1779.036508421486 1.0047603845596313
1779.0573420226312 1.0048072338104248
1779.0781756225197 1.0054556131362915
1779.0990092211712 1.0055168867111206
1779.1198428186058 1.0063000917434692
1779.140676414812 1.006621241569519
1779.1615100098093 1.0066380500793457
1779.1823436036166 1.0077558755874634
1779.2031771962222 1.0079402923583984
1779.2240107876448 1.0083162784576416
1779.2448443779024 1.0084141492843628
1779.2656779669835 1.009575366973877
1779.2865115549155 1.009948492050171
1779.307345141686 1.0104650259017944
1779.3281787273133 1.0107687711715698
1779.3490123118142 1.0112863779067993
1779.3698458951758 1.0116848945617676
1779.3906794774157 1.0125231742858887
1779.41151305855 1.012762188911438
1779.432346638566 1.0134072303771973
1779.4531802174906 1.0135334730148315
1779.4740137953095 1.013400912284851
1779.4948473720394 1.0141774415969849
1779.5156809476966 1.0144706964492798
1779.5365145222672 1.0145303010940552
1779.5573480957669 1.014309287071228
1779.5781816682118 1.0147194862365723
1779.5990152395873 1.0143767595291138
1779.6198488099092 1.0149811506271362
1779.6406823791933 1.014848232269287
1779.6615159474243 1.014862298965454
1779.682349514628 1.015002727508545
1779.7031830807896 1.0144587755203247
1779.7240166459237 1.0146527290344238
1779.7448502100456 1.0144779682159424
1779.7656837731402 1.0143470764160156
1779.7865173352222 1.0138328075408936
1779.8073508963064 1.013515591621399
1779.8281844563774 1.0135563611984253
1779.8490180154595 1.013230562210083
1779.8698515735375 1.0132362842559814
1779.8906851306256 1.0126898288726807
1779.911518686738 1.0124186277389526
1779.9323522418588 1.0121262073516846
1779.9531857960028 1.0113694667816162
1779.9740193491832 1.0113272666931152
1779.9948529013843 1.0108819007873535
1780.0156864526305 1.0106056928634644
1780.0365200029048 1.0100443363189697
1780.0573535522215 1.0102391242980957
1780.0781871005945 1.0095207691192627
1780.099020648007 1.0097664594650269
1780.1198541944725 1.0092276334762573
1780.140687740005 1.008466124534607
1780.1615212845882 1.0082839727401733
1780.1823548282446 1.007552146911621
1780.2031883709583 1.0068764686584473
1780.2240219127423 1.0068165063858032
1780.24485545361 1.0055501461029053
1780.2656889935442 1.0055207014083862
1780.286522532559 1.0049114227294922
1780.3073560706664 1.0046000480651855
1780.32818960785 1.0039458274841309
1780.3490231441328 1.003521203994751
1780.3698566794976 1.0030895471572876
1780.3906902139572 1.0026259422302246
1780.411523747525 1.0019938945770264
1780.4323572801832 1.0014748573303223
1780.4531908119448 1.0013586282730103
1780.4740243428228 1.0007116794586182
1780.4948578727995 1.0002893209457397
1780.5156914018876 0.999718189239502
1780.5365249301 0.9994434118270874
1780.557358457419 0.9991269111633301
1780.5781919838673 0.9987800717353821
1780.5990255094275 0.9981313943862915
1780.6198590341216 0.9976363182067871
1780.6406925579324 0.9967897534370422
1780.6615260808724 0.9967828392982483
1780.6823596029535 0.9962612986564636
1780.7031931241584 0.9958115220069885
1780.7240266444994 0.9955843687057495
1780.7448601639887 0.9951133728027344
1780.7656936826083 0.9949308633804321
1780.7865272003808 0.9947460293769836
1780.807360717288 0.9947084188461304
1780.8281942333422 0.9943187236785889
1780.8490277485557 0.9941243529319763
1780.8698612629103 0.9939846396446228
1780.890694776418 0.993672788143158
1780.9115282890912 0.9936561584472656
1780.9323618009116 0.9928820133209229
1780.953195311901 0.9929141998291016
1780.974028822042 0.9926576614379883
1780.994862331346 0.992859959602356
1781.015695839825 0.9923201203346252
1781.0365293474608 0.9925601482391357
1781.0573628542757 0.9921890497207642
1781.078196360251 0.9919615983963013
1781.0990298653987 0.9919843673706055
1781.1198633697306 0.9919297695159912
1781.1406968732285 0.9917973279953003
1781.161530375904 0.9919067025184631
1781.1823638777691 0.9918545484542847
1781.203197378805 0.9918058514595032
1781.2240308790338 0.9917550086975098
1781.2448643784373 0.9918895959854126
1781.2656978770267 0.9916483759880066
1781.2865313748136 0.992016613483429
1781.3073648717802 0.9921343922615051
1781.3281983679476 0.9920872449874878
1781.3490318632973 0.9920223355293274
1781.3698653578413 0.9922505617141724
1781.3906988515905 0.9923796057701111
1781.4115323445267 0.992936372756958
1781.4323658366718 0.9927694201469421
1781.4531993280068 0.9933890104293823
1781.4740328185433 0.9936792254447937
1781.4948663082928 0.9939812421798706
1781.5156997972365 0.9940770864486694
1781.536533285386 0.9943943023681641
1781.5573667727529 0.9944912791252136
1781.578200259318 0.9950937628746033
1781.5990337451033 0.9957011342048645
1781.61986723009 0.996042788028717
1781.640700714289 0.9963989853858948
1781.6615341977122 0.9964858889579773
1781.6823676803408 0.9972875118255615
1781.703201162196 0.9975327253341675
1781.7240346432586 0.9982390999794006
1781.744868123541 0.9982638955116272
1781.7657016030535 0.9985634684562683
1781.7865350817776 0.8944235444068909
1781.807368559735 0.9994443655014038
1781.8282020369063 0.9993206858634949
1781.8490355133029 1.0003832578659058
1781.869868988936 1.0005083084106445
1781.8907024637872 1.0010992288589478
1781.911535937867 1.00156831741333
1781.932369411187 1.0021330118179321
1781.9532028837286 1.0026334524154663
1781.9740363555122 1.002548098564148
1781.9948698265196 1.0029592514038086
1782.0157032967718 1.0039664506912231
1782.0365367662496 1.0049258470535278
1782.0573702349645 1.0052766799926758
1782.0782037029276 1.0058575868606567
1782.0990371701193 1.0062973499298096
1782.1198706365515 1.0062752962112427
1782.140704102235 1.0068241357803345
1782.1615375671508 1.007680892944336
1782.1823710313201 1.0082480907440186
1782.2032044947239 1.0085630416870117
1782.224037957373 1.0089250802993774
1782.2448714192788 1.009645938873291
1782.2865383408239 1.0104361772537231
1782.307371800465 1.0107924938201904
1782.3282052593572 1.0111480951309204
1782.3490387175104 1.0109378099441528
1782.3698721749065 1.0118645429611206
1782.390705631566 1.0122288465499878
1782.4115390874701 1.013299822807312
1782.4323725426295 1.012852430343628
1782.4532059970554 1.012560486793518
1782.4740394507287 1.0135494470596313
1782.49487290367 1.0136975049972534
1782.515706355861 1.0141443014144897
1782.5365398073118 1.013877034187317
1782.5573732580337 1.0142900943756104
1782.5782067080079 1.014402985572815
1782.5990401572546 1.0143306255340576
1782.6198736057554 1.0139611959457397
1782.640707053531 1.0140111446380615
1782.6615405005618 1.0137510299682617
1782.6823739468593 1.0133726596832275
1782.7032073924343 1.0139708518981934
1782.7240408372677 1.0133370161056519
1782.74487428138 1.0133646726608276
1782.7657077247522 1.013232707977295
1782.7865411673956 1.0130268335342407
1782.8073746093205 1.0130488872528076
1782.828208050508 1.012690782546997
1782.8490414909793 1.0121921300888062
1782.8698749307146 1.0126419067382812
1782.8907083697247 1.0116053819656372
1782.9115418080214 1.0119737386703491
1782.9323752455844 1.0109410285949707
1782.9532086824252 1.0109422206878662
1782.9740421185545 1.0104798078536987
1782.9948755539529 1.0106309652328491
1783.0157089886413 1.0101529359817505
1783.036542422601 1.0095627307891846
1783.0573758558521 1.0097028017044067
1783.0782092883758 1.0093759298324585
1783.0990427201928 1.0087095499038696
1783.1198761512837 1.0085465908050537
1783.1407095816598 1.0077811479568481
1783.1615430113316 1.0077849626541138
1783.1823764402798 1.0072219371795654
1783.2032098685152 1.006692886352539
1783.2240432960489 1.006609559059143
1783.2448767228611 1.0054137706756592
1783.265710148973 1.0054328441619873
1783.2865435743659 1.0039626359939575
1783.3073769990592 1.0035984516143799
1783.3282104230348 1.003157615661621
1783.3490438463032 1.002869725227356
1783.369877268875 1.0022411346435547
1783.3907106907309 1.0016858577728271
1783.411544111892 1.0015243291854858
1783.4323775323387 1.0008060932159424
1783.4532109520821 1.0004677772521973
1783.4740443711328 1.0000486373901367
1783.4948777894715 0.999655544757843
1783.515711207119 0.998734712600708
1783.536544624056 0.9982794523239136
1783.5573780403035 0.9984175562858582
1783.578211455842 0.9977087378501892
1783.599044870682 0.997579038143158
1783.619878284835 0.9970782399177551
1783.6407116982812 0.9965972900390625
1783.6615451110415 0.9962296485900879
1783.6823785230965 0.9958653450012207
1783.7032119344572 0.9955800771713257
1783.7240453451338 0.9949195384979248
1783.744878755108 0.9946054220199585
1783.7657121643997 0.9946935176849365
1783.7865455729898 0.9942942261695862
1783.8073789808896 0.9944420456886292
1783.828212388109 0.9940071105957031
1783.849045794629 0.9938094019889832
1783.8698792004711 0.993801474571228
1783.8907126056151 0.9938163757324219
1783.911546010072 0.9936748147010803
1783.932379413853 0.9934881925582886
1783.953212816938 0.9934253692626953
1783.9740462193483 0.9933997988700867
1783.994879621065 0.992741048336029
1784.015713022108 0.9925317168235779
1784.0365464224585 0.9926860928535461
1784.0573798221274 0.9927153587341309
1784.078213221125 0.9920928478240967
1784.0990466194323 0.9922856092453003
1784.1198800170703 0.9919368028640747
1784.1407134140193 0.9917241334915161
1784.16154681029 0.9921326041221619
1784.1823802058939 0.9920487403869629
1784.203213600811 0.9922857880592346
1784.2240469950623 0.9921386241912842
1784.2448803886286 0.9919173121452332
1784.2657137815306 0.9915527701377869
1784.286547173749 0.9921172857284546
1784.3073805652948 0.9923102855682373
1784.3282139561786 0.9924489259719849
1784.3490473463812 0.9922506809234619
1784.3698807359233 0.9928011894226074
1784.390714124786 0.9928091168403625
1784.4115475129793 0.993362307548523
1784.4323809005148 0.9938338994979858
1784.453214287383 0.9937471747398376
1784.4740476735744 0.9943310618400574
1784.4948810591002 0.9944995045661926
1784.515714443971 0.9950751066207886
1784.5365478281676 0.9955253601074219
1784.557381211711 0.9956676959991455
1784.5782145945816 0.9962474703788757
1784.5990479767902 0.9965445399284363
1784.619881358348 0.9972481727600098
1784.6407147392358 0.9974909424781799
1784.661548119474 0.9978152513504028
1784.6823814990437 0.9984118938446045
1784.7032148779658 0.9987375140190125
1784.7240482562208 0.9987513422966003
1784.74488163382 0.9990216493606567
1784.7657150107739 0.9995356202125549
1784.786548387063 0.9998959302902222
1784.807381762709 1.0005005598068237
1784.8282151376923 1.0006786584854126
1784.8490485120335 1.0014744997024536
1784.8698818857135 1.0018054246902466
1784.890715258754 1.0022118091583252
1784.9115486311348 1.0025173425674438
1784.9323820028671 1.0029826164245605
1784.9532153739624 1.0038542747497559
1784.9740487444008 1.0041192770004272
1784.9948821141934 1.0043634176254272
1785.0157154833514 1.0050166845321655
1785.0365488518653 1.0055938959121704
1785.0573822197262 1.0061843395233154
1785.078215586945 1.0067704916000366
1785.099048953533 1.0074039697647095
1785.1198823194702 1.0079469680786133
1785.1407156847783 1.0079751014709473
1785.1615490494385 1.0083757638931274
1785.1823824134608 1.0090652704238892
1785.203215776857 1.0095233917236328
1785.2240491396076 1.0099976062774658
1785.2448825017336 1.0101768970489502
1785.2657158632164 1.010894536972046
1785.2865492240767 1.0110692977905273
1785.3073825842955 1.01170015335083
1785.3282159438836 1.0116125345230103
1785.3490493028526 1.0126999616622925
1785.369882661183 1.0127705335617065
1785.390716018896 1.0132486820220947
1785.411549375973 1.0133823156356812
1785.4323827324345 1.013916015625
1785.4532160882618 1.0140742063522339
1785.4740494434761 1.0143280029296875
1785.4948827980584 1.014962911605835
1785.5157161520199 1.014941930770874
1785.5365495053716 1.0153015851974487
1785.5573828580946 1.0152102708816528
1785.57821621021 1.0155658721923828
1785.5990495616995 1.0156773328781128
1785.6198829125833 1.0156300067901611
1785.6407162628434 1.0155318975448608
1785.6615496124907 1.015432357788086
1785.6823829615364 1.014736533164978
1785.7032163099616 1.014837384223938
1785.7240496577879 1.014511227607727
1785.744883004996 1.0143367052078247
1785.7657163516076 1.0141297578811646
1785.786549697604 0.8995044827461243
1785.807383043006 1.0130854845046997
1785.8282163877952 1.0127962827682495
1785.849049731983 1.0128430128097534
1785.8698830755811 1.012101411819458
1785.8907164185703 1.0119389295578003
1785.911549760972 1.0115153789520264
1785.932383102768 1.0110465288162231
1785.9532164439793 1.0106282234191895
1785.9740497845874 1.0099765062332153
1785.994883124614 1.0097695589065552
1786.0157164640402 1.0096863508224487
1786.0365498028777 1.0094259977340698
1786.0573831411382 1.0093917846679688
1786.0782164788027 1.008258581161499
1786.0990498158933 1.008689045906067
1786.1198831523914 1.0080056190490723
1786.1407164883183 1.0077308416366577
1786.1615498236558 1.0077149868011475
1786.1823831584259 1.0068219900131226
1786.2032164926097 1.0067461729049683
1786.2240498262192 1.0064212083816528
1786.2448831592662 1.0055721998214722
1786.265716491732 1.0044078826904297
1786.286549823639 1.0044806003570557
1786.3073831549686 1.0038305521011353
1786.3282164857424 1.0036824941635132
1786.3490498159426 1.0025180578231812
1786.3698831455913 1.0020976066589355
1786.39071647467 1.0012973546981812
1786.4115498031906 1.0007009506225586
1786.4323831311654 0.9996830224990845
1786.4532164585762 1.0000910758972168
1786.4740497854448 0.9996312260627747
1786.494883111754 0.9983842968940735
1786.515716437525 0.9983858466148376
1786.5365497627406 0.9982937574386597
1786.557383087413 0.9978510141372681
1786.5782164115537 0.9976549744606018
1786.5990497351456 0.9971671104431152
1786.6198830582107 0.9969546794891357
1786.6407163807316 0.9963247179985046
1786.6615497027306 0.9963161945343018
1786.68238302419 0.9957413077354431
1786.7032163451322 0.9960099458694458
1786.7240496655397 0.9956644773483276
1786.7448829854252 0.995452344417572
1786.7657163048016 0.9951497316360474
1786.786549623651 0.9947865009307861
1786.807382941996 0.9948549866676331
1786.82821625982 0.9944674968719482
1786.8490495771453 0.994042694568634
1786.8698828939548 0.9935498237609863
1786.8907162102719 0.9933897256851196
1786.911549526079 0.9934256076812744
1786.932382841389 0.993266761302948
1786.9532161562158 0.9929317831993103
1786.9740494705518 0.9931662678718567
1786.9948827843905 0.9928810596466064
1787.015716097745 0.9926810264587402
1787.036549410629 0.9923841953277588
1787.0573827230257 0.9918239116668701
1787.0782160349588 0.9920997023582458
1787.0990493464114 0.9921082258224487
1787.1198826574075 0.9916609525680542
1787.140715967931 0.9919406771659851
1787.1615492780052 0.9919777512550354
1787.1823825876143 0.9920607805252075
1787.2032158967825 0.9916739463806152
1787.2240492054932 0.9917885661125183
1787.244882513761 0.9920631647109985
1787.2657158216002 0.9921405911445618
1787.286549128995 0.9921019077301025
1787.3073824359699 0.992266058921814
1787.3282157425092 0.9924781322479248
1787.3490490486383 0.9925671219825745
1787.3698823543411 0.9927761554718018
1787.3907156596329 0.9932030439376831
1787.4115489645287 0.9937465786933899
1787.4323822690137 0.9938901662826538
1787.4532155731129 0.9943265914916992
1787.4740488768118 0.9946284294128418
1787.494882180136 0.9948622584342957
1787.515715483071 0.9947928190231323
1787.536548785643 0.9952788949012756
1787.5573820878371 0.9956756234169006
1787.5782153896803 0.9961519837379456
1787.5990486911585 0.9964745044708252
1787.619881992288 0.9967188239097595
1787.6407152930853 0.9970694780349731
1787.6615485935479 0.9976922273635864
1787.682381893672 0.9980846047401428
1787.703215193475 0.9983149170875549
1787.7240484929744 0.9987112879753113
1787.7448817921575 0.9993505477905273
1787.7657150910522 0.9999954104423523
1787.7865483896467 1.0004137754440308
1787.807381687969 1.0008264780044556
1787.8282149860072 1.0010877847671509
1787.8490482837908 1.0016435384750366
1787.869881581308 1.0027137994766235
1787.8907148785884 1.0029534101486206
1787.9115481756216 1.003385066986084
1787.932381472437 1.0035264492034912
1787.9532147690252 1.004479169845581
1787.9740480654064 1.004547357559204
1787.994881361601 1.0049879550933838
1788.0157146576005 1.0056902170181274
1788.0365479534362 1.0064772367477417
1788.0573812491 1.0069085359573364
1788.0782145446237 1.0076452493667603
1788.0990478400001 1.0082584619522095
1788.1198811352626 1.008389949798584
1788.140714430404 1.0089921951293945
1788.1615477254584 1.0095157623291016
1788.1823810204205 1.0098882913589478
1788.2032143153144 1.0104835033416748
1788.224047610166 1.010547399520874
1788.2448809049715 1.0110119581222534
1788.2657141997668 1.011803150177002
1788.286547494549 1.011979103088379
1788.3073807893563 1.012587070465088
1788.3282140841866 1.0134353637695312
1788.349047379079 1.0135142803192139
1788.3698806740333 1.0140821933746338
1788.39071396909 1.013977289199829
1788.4115472642504 1.014562964439392
1788.4323805595568 1.0146777629852295
1788.4532138550117 1.0147461891174316
1788.474047150659 1.015411138534546
1788.494880446504 1.0155044794082642
1788.5157137425922 1.0158686637878418
1788.5365470389304 1.01606023311615
1788.5573803355571 1.0165069103240967
1788.5782136325108 1.016482949256897
1788.5990469298022 1.016645073890686
1788.619880227483 1.0164967775344849
1788.6407135255663 1.0160696506500244
1788.6615468241062 1.0157057046890259
1788.6823801231192 1.0155233144760132
1788.7032134226624 1.015513300895691
1788.7240467227555 1.0152987241744995
1788.744880023459 1.0149155855178833
1788.7657133247965 1.0149049758911133
1788.7865466268322 1.0147135257720947
1788.8073799295935 1.0141161680221558
1788.8282132331492 1.0138078927993774
1788.849046537531 1.0134340524673462
1788.8698798428127 1.0132378339767456
1788.890713149031 1.0128229856491089
1788.9115464562547 1.0128469467163086
1788.932379764556 1.0121487379074097
1788.95321307399 1.012527346611023
1788.974046384615 1.011853814125061
1788.9948796965125 1.0116509199142456
1789.0157130097678 1.0111289024353027
1789.0365463244393 1.010664463043213
1789.05737964063 1.0108044147491455
1789.0782129584063 1.010202169418335
1789.0990462778793 1.0099143981933594
1789.119879599124 1.0092414617538452
1789.1407129222607 1.0087448358535767
1789.1615462473733 1.0089120864868164
1789.2032129040088 1.0072866678237915
1789.2240462357647 1.0063698291778564
1789.2448795699634 1.0065287351608276
1789.2657129067538 1.0052821636199951
1789.2865462462494 1.0040521621704102
1789.3073795885985 1.0041751861572266
1789.3282129339534 1.0035263299942017
1789.3490462824498 1.0029222965240479
1789.3698796342264 1.002103328704834
1789.3907129894442 1.0013136863708496
1789.4115463482638 1.0017578601837158
1789.4323797108157 1.0004366636276245
1789.4532130772675 1.000004529953003
1789.474046447742 0.9997062087059021
1789.4948798223927 0.9994866251945496
1789.5157132013233 0.9986711740493774
1789.5365465846614 0.9988477826118469
1789.5573799724755 0.9987742900848389
1789.5782133648497 0.9984217882156372
1789.5990467617987 0.9980284571647644
1789.6198801633413 0.997904896736145
1789.6407135694162 0.9974106550216675
1789.6615469799556 0.9972826838493347
1789.6823803947998 0.9972109198570251