1764.70264903612 0.9742669463157654
1764.7234830298808 0.9747093915939331
1764.7443170202 0.9749049544334412
1764.7651510071562 0.9754253029823303
1764.7859849908189 0.9757293462753296
1764.806818971258 0.9763429164886475
1764.8276529485527 0.9766828417778015
1764.8484869227516 0.9774215221405029
1764.8693208939326 0.9780306816101074
1764.890154862162 0.9784494638442993
1764.9109888275052 0.9790006279945374
1764.9318227900367 0.979468047618866
1764.952656749798 0.979880690574646
1764.9734907068603 0.9803773164749146
1764.994324661283 0.9808944463729858
1765.015158613123 0.9813480377197266
1765.0359925624464 0.981560230255127
1765.0568265092875 0.9820351004600525
1765.0776604537084 0.9823095202445984
1765.0984943957599 0.9826969504356384
1765.1193283354912 0.9833393692970276
1765.14016227296 0.9836923480033875
1765.160996208192 0.9839034676551819
1765.181830141242 0.9844167828559875
1765.2026640721526 0.9844939708709717
1765.2234980009657 0.9850896000862122
1765.244331927731 0.9852525591850281
1765.2651658524676 0.9856851696968079
1765.2859997752228 0.9852563738822937
1765.306833696033 0.9857330918312073
1765.3276676149328 0.9860560894012451
1765.3485015319561 0.9855520129203796
1765.369335447146 0.9858033657073975
1765.3901693605137 0.9864410161972046
1765.4110032720996 0.9849647283554077
1765.4318371819336 0.985585629940033
1765.4526710900536 0.9854777455329895
1765.4735049964677 0.9854908585548401
1765.4943389012128 0.9854543209075928
1765.5151728043138 0.9846246838569641
1765.5360067057966 0.9849196672439575
1765.556840605695 0.9840611219406128
1765.577674504012 0.9846825003623962
1765.598508400781 0.9850006103515625
1765.6193422960237 0.9850505590438843
1765.640176189771 0.9844425916671753
1765.6610100820237 0.9839470982551575
1765.681843972812 0.9851937294006348
1765.702677862155 0.9857886433601379
1765.7235117500713 0.9847638010978699
1765.7443456365795 0.984667956829071
1765.7651795217068 0.9840977191925049
1765.7860134054506 0.9852880239486694
1765.8068472878376 0.9846192598342896
1765.8276811688836 0.9839011430740356
1765.8485150486042 0.9837749004364014
1765.8693489270252 0.9842203855514526
1765.890182804141 0.98321133852005
1765.9110166799755 0.9833256602287292
1765.9318505545434 0.9843035340309143
1765.952684427868 0.984259843826294
1765.9735182999423 0.9828274846076965
1765.9943521707892 0.9835489988327026
1766.0151860404214 0.983217179775238
1766.0360199088507 0.9836125373840332
1766.0568537760987 0.9837618470191956
1766.0776876421578 0.9839606285095215
1766.0985215070482 0.9850624799728394
1766.1193553707812 0.9849675893783569
1766.1401892333777 0.9855889081954956
1766.1610230948274 0.9859410524368286
1766.1818569551508 0.9855349659919739
1766.2026908143578 0.9858205318450928
1766.2235246724576 0.9862992167472839
1766.2443585294698 0.9858893752098083
1766.2651923853834 0.9864758253097534
1766.286026240217 0.9868268966674805
1766.3068600939798 0.9866440296173096
1766.32769394668 0.9873966574668884
1766.3485277983357 0.988183319568634
1766.369361648935 0.9880412817001343
1766.390195498496 0.9888196587562561
1766.411029347026 0.9887408018112183
1766.4318631945325 0.9889877438545227
1766.4526970410336 0.988803505897522
1766.4735308865154 0.9886651635169983
1766.4943647309951 0.9894068837165833
1766.5151985744803 0.9896912574768066
1766.5360324169767 0.9899988770484924
1766.5568662585015 0.9900882840156555
1766.5777000990408 0.9908468723297119
1766.5985339386107 0.990865170955658
1766.6193677772176 0.9907456636428833
1766.6402016148775 0.9914148449897766
1766.6610354515758 0.9911425113677979
1766.6818692873285 0.9920508861541748
1766.7027031221417 0.992516279220581
1766.7235369560199 0.9926195740699768
1766.744370788979 0.9922105073928833
1766.7652046210046 0.9932566285133362
1766.7860384521111 0.9932940006256104
1766.806872282304 0.9933691024780273
1766.8277061115984 0.993384063243866
1766.8485399399785 0.993972659111023
1766.8693737674598 0.9940783381462097
1766.8902075940466 0.9939945936203003
1766.9110414197432 0.9937873482704163
1766.9318752445643 0.9944294095039368
1766.9527090684946 0.99483722448349
1766.9735428915478 0.995452344417572
1766.9943767137286 0.9951923489570618
1767.015210535051 0.9952852129936218
1767.036044355499 0.9950127005577087
1767.0568781750865 0.9952841997146606
1767.0777119938175 0.9955780506134033
1767.0985458116959 0.9951729774475098
1767.1193796287355 0.9952906370162964
1767.14021344492 0.9955447912216187
1767.1610472602626 0.9952324628829956
1767.1818810747673 0.9960453510284424
1767.2027148884479 0.9953250288963318
1767.223548701287 0.9954187870025635
1767.2443825132984 0.9954904317855835
1767.265216324486 0.9950854778289795
1767.286050134862 0.9953684210777283
1767.3068839444102 0.9957300424575806
1767.3277177531438 0.9955548048019409
1767.3485515610657 0.994945228099823
1767.369385368179 0.9950817227363586
1767.3902191744967 0.9952100515365601
1767.411052980002 0.9953721165657043
1767.4318867847073 0.9953618049621582
1767.4527205886156 0.9953116178512573
1767.4735543917402 0.9948758482933044
1767.4943881940633 0.9954395890235901
1767.5152219955976 0.995938241481781
1767.536055796346 0.9958707690238953
1767.556889596311 0.9955652952194214
1767.5777233955055 0.9957963228225708
1767.5985571939118 0.996001660823822
1767.619390991542 0.995675802230835
1767.640224788399 0.9953829646110535
1767.6610585844958 0.9962807893753052
1767.6818923798137 0.9957867860794067
1767.7027261743656 0.9963014721870422
1767.723559968154 0.9961181879043579
1767.7443937611806 0.9959222674369812
1767.765227553458 0.9962813854217529
1767.7860613449689 0.9963502287864685
1767.8068951357245 0.9971876740455627
1767.8277289257276 0.9970492124557495
1767.8485627149903 0.9967035055160522
1767.8693965034943 0.9970620274543762
1767.890230291252 0.9970818758010864
1767.9110640782658 0.9972747564315796
1767.9318978645367 0.9966123104095459
1767.9527316500776 0.9971216320991516
1767.97356543487 0.9972394704818726
1767.9943992189258 0.9969817399978638
1768.015233002247 0.99700528383255
1768.0360667848458 0.9958614110946655
1768.0569005667035 0.9969348907470703
1768.0777343478321 0.9967331290245056
1768.0985681282436 0.9974715113639832
1768.1194019079196 0.9966447949409485
1768.1402356868718 0.9977254867553711
1768.1610694651022 0.9968110918998718
1768.1819032426122 0.9974605441093445
1768.2027370194135 0.9971941709518433
1768.223570795488 0.9976238012313843
1768.244404570847 0.997835099697113
1768.2652383454924 0.997939944267273
1768.286072119436 0.9978708028793335
1768.3069058926587 0.9982026815414429
1768.3277396651727 0.9980265498161316
1768.3485734369794 0.9983312487602234
1768.36940720808 0.9991421699523926
1768.3902409784862 0.9986095428466797
1768.4110747481798 0.9984521269798279
1768.431908517172 0.998970627784729
1768.4527422854637 0.9993375539779663
1768.4735760530675 0.9984225630760193
1768.494409819964 0.999426007270813
1768.5152435861646 0.9994936585426331
1768.5360773516713 0.9995961785316467
1768.5569111164948 0.9995644092559814
1768.5777448806168 0.9990289211273193
1768.5985786440488 0.8771017789840698
1768.6194124067915 1.0001025199890137
1768.6402461688567 0.9993724226951599
1768.6610799302257 0.999614953994751
1768.6819136909098 0.9991730451583862
1768.70274745091 0.9987964630126953
1768.7235812102278 0.9983420968055725
1768.7444149688747 0.9991146326065063
1768.7652487268313 0.9983109831809998
1768.7860824841089 0.9979808926582336
1768.8069162407094 0.9987666010856628
1768.8277499966432 0.9983279705047607
1768.848583751892 0.9974903464317322
1768.869417506467 0.9977579712867737
1768.8902512603788 0.9980720281600952
1768.911085013609 0.9979450702667236
1768.9319187661688 0.9976001977920532
1768.952752518059 0.9975289106369019
1768.973586269281 0.9982089400291443
1768.9944200198458 0.9982491135597229
1769.0152537697345 0.9974979758262634
1769.036087518958 0.9979817271232605
1769.056921267518 0.9984087944030762
1769.0777550154248 0.997967004776001
1769.09858876266 0.9976611733436584
1769.1194225092345 0.9975311160087585
1769.140256255149 0.9981099367141724
1769.161090000415 0.9982934594154358
1769.1819237450136 0.9984055757522583
1769.202757488955 0.9987452030181885
1769.2235912322412 0.9979977607727051
1769.2444249748828 0.9986810684204102
1769.2652587168607 0.9979758262634277
1769.2860924581857 0.9981465339660645
1769.3069261988594 0.9982742667198181
1769.327759938892 0.9985461235046387
1769.3485936782652 0.9988792538642883
1769.3694274169895 0.9991364479064941
1769.390261155066 0.9986464977264404
1769.4110948925054 0.9991246461868286
1769.4319286292891 1.0002161264419556
1769.4527623654276 1.000806212425232
1769.473596100922 1.000257134437561
1769.4944298357834 1.000407099723816
1769.5152635699922 1.001144528388977
1769.556931036487 1.0013468265533447
1769.5777647687844 1.001699447631836
1769.598598500433 1.0014729499816895
1769.619432231444 1.0017116069793701
1769.640265961818 1.0018634796142578
1769.6610996915656 1.0024027824401855
1769.6819334206684 1.0023187398910522
1769.7027671491367 1.0024867057800293
1769.7236008769714 1.0028129816055298
1769.7444346041837 1.0033352375030518
1769.7652683307538 1.0033118724822998
1769.786102056693 1.0035184621810913
1769.8069357820123 1.0037590265274048
1769.827769506692 1.0038756132125854
1769.8486032307433 1.0038845539093018
1769.869436954167 1.0045125484466553
1769.8902706769638 1.0046160221099854
1769.9111043991445 1.0047601461410522
1769.9319381206901 1.0046916007995605
1769.9527718416114 1.0050464868545532
1769.973605561909 1.0049971342086792
1769.9944392815937 1.0054296255111694
1770.0152730006466 1.0054229497909546
1770.0361067190781 1.0058610439300537
1770.0569404368991 1.0064995288848877
1770.077774154091 1.0062956809997559
1770.0986078706637 1.0069119930267334
1770.1194415866182 1.0070695877075195
1770.1402753019659 1.0072108507156372
1770.1611090166866 1.007436752319336
1770.1819427307917 1.0071278810501099
1770.202776444282 1.007750391960144
1770.2236101571682 1.007780909538269
1770.2444438694308 1.0074082612991333
1770.265277581081 1.0074753761291504
1770.2861112921191 1.0078004598617554
1770.3069450025562 1.007734775543213
1770.327778712373 1.0079655647277832
1770.3486124215801 1.007692813873291
1770.3694461301784 1.00771963596344
1770.3902798381787 1.007300853729248
1770.4111135455616 1.0074585676193237
1770.4319472523377 1.0072458982467651
1770.4527809585086 1.0068835020065308
1770.473614664084 1.0065643787384033
1770.4944483690451 1.0066039562225342
1770.515282073403 1.0062788724899292
1770.5361157771576 1.0059375762939453
1770.5569494803203 1.0059903860092163
1770.5777831828718 1.005652904510498
1770.5986168848226 1.0051344633102417
1770.6194505861836 1.0049885511398315
1770.6402842869356 1.0046966075897217
1770.6611179870893 1.004481315612793
1770.681951686645 1.0042943954467773
1770.7027853856146 1.003847599029541
1770.7236190839774 1.0036184787750244
1770.7444527817452 1.0035574436187744
1770.7652864789184 1.0033535957336426
1770.7861201755077 1.002685546875
1770.8069538714938 1.002636194229126
1770.8277875668875 1.0019539594650269
1770.8486212616997 1.0017004013061523
1770.869454955911 1.0014207363128662
1770.890288649532 1.0011879205703735
1770.9111223425639 1.0009616613388062
1770.9319560350168 1.0011056661605835
1770.9527897268722 1.000844120979309
1770.9736234181403 1.0010442733764648
1770.994457108822 1.0007193088531494
1771.0152907989282 1.0006632804870605
1771.0361244884393 1.000590205192566
1771.0569581773664 1.0001674890518188
1771.0777918657102 1.0004653930664062
1771.0986255534813 0.9998807907104492
1771.1194592406605 1.0003916025161743
1771.1402929272588 1.0002466440200806
1771.1611266132868 1.000335693359375
1771.1819602987252 1.0001276731491089
1771.2027939835848 1.0003265142440796
1771.2236276678666 1.0005377531051636
1771.2444613515709 1.0006697177886963
1771.265295034709 1.000677227973938
1771.2861287172614 1.001136302947998
1771.3069623992387 1.0011082887649536
1771.327796080652 1.0013785362243652
1771.3486297614822 1.0019251108169556
1771.3694634417398 1.0018142461776733
1771.3902971214254 1.0021523237228394
1771.4111308005504 1.002029538154602
1771.431964479095 1.0026689767837524
1771.4527981570704 1.0027104616165161
1771.4736318344874 1.0027077198028564
1771.4944655113266 1.0030328035354614
1771.5152991875987 1.0029270648956299
1771.536132863315 1.0030734539031982
1771.556966538456 1.0034855604171753
1771.5778002130326 1.003246784210205
1771.5986338870457 1.003354549407959
1771.6194675604957 1.0035572052001953
1771.640301233394 1.003730297088623
1771.6611349057212 1.0037027597427368
1771.681968577488 1.003686785697937
1771.7028022486957 1.0037847757339478
1771.7236359193548 1.0036123991012573
1771.7444695894462 1.0034664869308472
1771.7653032589808 1.0038474798202515
1771.7861369279697 1.0039557218551636
1771.8069705963933 1.0040674209594727
1771.8278042642628 1.0032854080200195
1771.8486379315893 1.0034797191619873
1771.8694715983531 1.0035550594329834
1771.8903052645658 1.0035812854766846
1771.911138930228 1.003594160079956
1771.93197259535 1.0034281015396118
1771.9528062599138 1.0030347108840942
1771.9736399239298 1.0029401779174805
1771.9944735874087 1.0024582147598267
1772.015307250332 1.0024062395095825
1772.0361409127104 1.0019750595092773
1772.0569745745445 1.0018550157546997
1772.0778082358456 1.0014503002166748
1772.0986418965952 1.001379132270813
1772.119475556803 1.001304030418396
1772.1403092164712 1.0009725093841553
1772.1611428756103 1.0011271238327026
1772.1819765342013 1.0006537437438965
1772.2028101922551 1.0002882480621338
1772.2236438497832 1.0004414319992065
1772.2444775067659 1.0002048015594482
1772.2653111632148 1.0002065896987915
1772.2861448191306 0.9998475909233093
1772.306978474525 0.9999048709869385
1772.3278121293783 0.9998164772987366
1772.348645783702 1.0001925230026245
1772.3694794375074 1.0000638961791992
1772.390313090775 0.9999577403068542
1772.4111467435162 1.0006150007247925
1772.4319803957321 1.0004498958587646
1772.452814047434 1.0006189346313477
1772.4736476986027 0.8927645087242126
1772.49448134925 1.0016613006591797
1772.5153149993862 1.0023109912872314
1772.536148648993 1.0014195442199707
1772.5569822980817 1.002172589302063
1772.5778159466531 1.0029654502868652
1772.5986495947188 1.0038247108459473
1772.61948324226 1.004158616065979
1772.6403168892875 1.005239725112915
1772.661150535813 1.0062798261642456
1772.6819841818178 1.0071073770523071
1772.7028178273129 1.0078318119049072
1772.7236514722995 1.0083295106887817
1772.7444851167897 1.0090432167053223
1772.7653187607639 1.0096156597137451
1772.7861524042337 1.0101953744888306
1772.806986047211 1.0108548402786255
1772.8278196896765 1.0114542245864868
1772.848653331642 1.01202392578125
1772.869486973119 1.0125601291656494
1772.8903206140883 1.0129384994506836
1772.911154254562 1.0132583379745483
1772.9319878945414 1.013893961906433
1772.9528215340376 1.014219880104065
1772.9736551730327 1.0145069360733032
1772.994488811538 1.0147309303283691
1773.015322449565 1.0152579545974731
1773.0361560870952 1.015181064605713
1773.0569897241403 1.0159409046173096
1773.0778233607016 1.0162649154663086
1773.098656996791 1.016391634941101
1773.1194906323906 1.01711106300354
1773.1403242675112 1.0172487497329712
1773.1611579021649 1.0172874927520752
1773.1819915363337 1.0172123908996582
1773.2028251700287 1.01724112033844
1773.2236588032522 1.0174399614334106
1773.244492436016 1.0173592567443848
1773.2653260683014 1.0174139738082886
1773.2861597001206 1.0171701908111572
1773.306993331486 1.0165586471557617
1773.3278269623784 1.0164343118667603
1773.3486605928103 1.0156980752944946
1773.3694942227937 1.0153378248214722
1773.3903278523107 1.0148526430130005
1773.411161481373 1.0141959190368652
1773.4319951099826 1.0133819580078125
1773.4528287381522 1.0133591890335083
1773.4736623658632 1.0128531455993652
1773.4944959931279 1.0119976997375488
1773.515329619959 1.0115094184875488
1773.536163246338 1.0105677843093872
1773.5569968722773 1.0103785991668701
1773.5778304977898 1.0095641613006592
1773.5986641228571 1.0088893175125122
1773.6194977474918 1.007964015007019
1773.6403313717065 1.0070983171463013
1773.6611649954832 1.0067380666732788
1773.6819986188345 1.0058565139770508
1773.7028322417634 1.0054148435592651
1773.723665864282 1.0042951107025146
1773.7444994863731 1.0037726163864136
1773.7653331080494 1.0030561685562134
1773.7861667293132 1.0023975372314453
1773.8070003501775 1.0017513036727905
1773.8278339706253 1.0009336471557617
1773.8486675906693 1.0008565187454224
1773.8695012103221 1.0001686811447144
1773.8903348295673 1.0002777576446533
1773.9111684484174 0.9997894167900085
1773.9320020668854 0.999417245388031
1773.9528356849548 0.9996016025543213
1773.9736693026384 0.9992557168006897
1773.9945029199398 0.9995763301849365
1774.0153365368722 0.9993019700050354
1774.0361701534187 0.9994608163833618
1774.0570037695927 0.999786913394928
1774.0778373854082 0.9996776580810547
1774.0986710008483 1.0000749826431274
1774.1403382306573 1.000441551208496
1774.1611718450235 1.0006190538406372
1774.1820054590396 1.0007820129394531
1774.2028390727196 1.0012398958206177
1774.2236726860467 1.0010944604873657
1774.2445062990357 1.0015851259231567
1774.265339911701 1.0020322799682617
1774.286173524026 1.002211570739746
1774.3070071360257 1.002549171447754
1774.3278407477146 1.003003478050232
1774.3486743590768 1.0029550790786743
1774.369507970127 1.0034987926483154
1774.3903415808704 1.0043412446975708
1774.4111751913215 1.004172682762146
1774.4320088014654 1.0044575929641724
1774.4528424113169 1.004664421081543
1774.4736760208916 1.0051963329315186
1774.4945096301744 1.0050572156906128
1774.515343239181 1.0052220821380615
1774.536176847927 1.0054703950881958
1774.5570104563976 1.0054758787155151
1774.577844064609 1.0058690309524536
1774.5986776725674 1.0058046579360962
1774.6195112802882 1.0057098865509033
1774.6403448877581 1.0056804418563843
1774.6611784950037 1.0058289766311646
1774.682012102011 1.005860447883606
1774.7028457087968 1.0057209730148315
1774.7236793153684 1.0057882070541382
1774.7445129217424 1.005630373954773
1774.7653465279059 1.0056138038635254
1774.786180133877 1.0053999423980713
1774.8070137396626 1.0049402713775635
1774.8278473452808 1.0048716068267822
1774.8486809507199 1.0041412115097046
1774.8695145559973 1.003914713859558
1774.890348161132 1.003430724143982
1774.9111817661126 1.0028278827667236
1774.9320153709577 1.00271737575531
1774.9528489756867 1.0021445751190186
1774.973682580289 1.0014317035675049
1774.994516184794 1.0010159015655518
1775.0153497891918 1.0002386569976807
1775.0361833935026 1.0000569820404053
1775.0570169977366 0.9994344115257263
1775.0778506019146 0.9986514449119568
1775.098684206028 0.9985061883926392
1775.1403514141464 0.9975858330726624
1775.1611850181653 0.9971213340759277
1775.1820186221769 0.9969106912612915
1775.2028522262042 0.9965346455574036
1775.2236858302406 0.9965938329696655
1775.2445194343095 0.9961551427841187
1775.2653530384248 0.9960271120071411
1775.2861866426115 0.9955738186836243
1775.3070202468639 0.995157778263092
1775.327853851208 0.9954419136047363
1775.3486874556693 0.9953301548957825
1775.369521060244 0.9954133629798889
1775.39035466496 0.995759904384613
1775.411188269844 0.9964648485183716
1775.4320218748942 0.9966387748718262
1775.4528554801393 0.9974378943443298
1775.4736890856088 0.9976608157157898
1775.494522691303 0.9983158111572266
1775.515356297252 0.9993994832038879
1775.5361899034876 0.9996393322944641
1775.5570235100117 1.0011851787567139
1775.5778571168573 1.0017508268356323
1775.598690724058 1.0031421184539795
1775.619524331619 1.004089117050171
1775.6403579395749 1.0044965744018555
1775.6611915479627 1.0061085224151611
1775.6820251567897 1.0073091983795166
1775.702858766094 1.0081017017364502
1775.7236923759153 1.009708046913147
1775.744525986264 1.0106420516967773
1775.765359597182 1.0111069679260254
1775.786193208712 1.0112996101379395
1775.807026820868 1.0122157335281372
1775.8278604336958 1.0130079984664917
1775.848694047232 1.013482689857483
1775.869527661525 1.0139973163604736
1775.8903612765941 1.0147258043289185
1775.911194892501 1.0153077840805054
1775.9320285092685 1.0151314735412598
1775.9528621269512 1.0158087015151978
1775.9736957455953 1.0163136720657349
1775.994529365259 1.016276478767395
1776.0153629859722 1.0167853832244873
1776.036196607807 1.0171568393707275
1776.0570302307974 1.0169602632522583
1776.0778638550094 1.017163634300232
1776.0986974805012 1.0168968439102173
1776.1195311073434 1.0168490409851074
1776.1403647355787 1.0166513919830322
1776.161198365292 1.016197681427002
1776.182031996531 1.0159058570861816
1776.2028656293749 1.015358567237854
1776.2236992638966 1.0145361423492432
1776.2445329001805 1.0137485265731812
1776.2653665382834 1.0134910345077515
1776.2862001782946 1.0120052099227905
1777.7445578977843 1.0059659481048584
1777.765391513397 1.0055081844329834
1777.7862251261743 1.004900336265564
1777.8070587361847 1.0045101642608643
1777.8278923434964 1.0038166046142578
1777.8487259481458 1.003499150276184
1777.8695595501974 1.0027135610580444
1777.8903931497146 1.002063512802124
1777.9112267467294 1.0012657642364502
1777.932060341302 0.9989466071128845
1777.9528939334912 0.9991506934165955
1777.9737275233242 0.9994027018547058
1777.994561110857 0.9992704391479492
1778.0153946961439 0.9989234209060669
1778.036228279208 0.9982086420059204
1778.0570618601005 0.9980424642562866
1778.077895438872 0.9983059763908386
1778.0987290155415 0.9977836012840271
1778.1195625901662 0.9978211522102356
1778.140396162763 0.9980270862579346
1778.1612297333772 0.9973727464675903
1778.1820633020525 0.9976538419723511
1778.2028968688019 0.9980056881904602
1778.2237304336677 0.9981306195259094
1778.2445639966902 0.998729407787323
1778.2653975578799 0.9990346431732178
1778.2862311172753 0.9991192817687988
1778.307064674914 0.9999058246612549
1778.3278982308038 1.0002799034118652
1778.3487317849808 1.0003290176391602
1778.3695653374798 1.0016082525253296
1778.3903988883058 1.0026183128356934
1778.4112324374923 1.0035593509674072
1778.4320659850728 1.0038174390792847
1778.4528995310493 1.0041329860687256
1778.4737330754533 1.0052410364151
1778.4945666183162 1.0057553052902222
1778.515400159638 1.0071532726287842
1778.5362336994585 1.0075126886367798
1778.5570672377771 1.0085394382476807
1778.5779007746219 1.0095479488372803
1778.598734310021 1.0101715326309204
1778.6195678439724 1.0104199647903442
1778.6404013765023 1.0113325119018555
1778.6612349076377 1.012308955192566
1778.6820684373745 1.013235092163086
1778.7029019657382 1.013938069343567
1778.7237354927538 1.0150034427642822
1778.7445690184163 1.015494465827942
1778.7654025427496 1.0159170627593994
1778.7862360657778 1.0161434412002563
1778.8070695874944 1.0172231197357178
1778.8279031079323 1.0175424814224243
1778.8487366270845 1.0182071924209595
1778.8695701449735 1.0187474489212036
1778.8904036616213 1.0185027122497559
1778.9112371770195 1.0193008184432983
1778.9320706911901 1.0188570022583008
1778.9529042041536 1.0192451477050781
1778.9737377159013 1.0193431377410889
1778.9945712264537 1.0193709135055542
1779.0154047358312 1.0187803506851196
1779.0362382440237 1.0188469886779785
1779.0570717510616 1.0184595584869385
1779.0779052569337 1.0180671215057373
1779.0987387616597 1.0173590183258057
1779.119572265259 1.017067313194275
1779.1404057677198 1.0163358449935913
1779.1612392690615 1.0154961347579956
1779.1820727693025 1.0149677991867065
1779.2029062684305 1.014102578163147
1779.2237397664642 1.0130234956741333
1779.244573263421 1.0122300386428833
1779.2654067592894 1.0117994546890259
1779.286240254096 1.0107297897338867
1779.3070737478288 1.0100177526474
1779.3279072405048 1.0090665817260742
1779.3487407321409 1.0084625482559204
1779.3695742227242 1.007418155670166
1779.3904077122713 1.006616473197937
1779.411241200799 1.0056308507919312
1779.4320746882934 1.0048060417175293
1779.452908174781 1.0039482116699219
1779.473741660248 1.0032317638397217
1779.4945751447103 1.002774715423584
1779.515408628184 1.0022436380386353
1779.5362421106547 1.0013447999954224
1779.5570755921383 1.0009362697601318
1779.57790907265 1.0002870559692383
1779.5987425521757 0.9997637867927551
1779.61957603073 0.9997163414955139
1779.6404095083292 0.9993516206741333
1779.6612429849574 0.9987625479698181
1779.68207646064 0.9987511038780212
1779.7029099353622 0.9983310103416443
1779.723743409138 0.997870683670044
1779.744576881983 0.9979921579360962
1779.7654103538816 0.9978111386299133
1779.786243824848 0.9978947043418884
1779.807077294897 0.9980660676956177
1779.8279107640128 0.9983860850334167
1779.8487442322198 0.9986822009086609
1779.869577699502 0.9991574287414551
1779.890411165874 0.999345064163208
1779.9112446313493 1.0003875494003296
1779.932078095912 1.0007225275039673
1779.9529115595765 1.0010780096054077
1779.973745022356 1.0019484758377075
1779.9945784842346 1.0026098489761353
1780.015411945236 1.0032354593276978
1780.0362454053438 1.0037044286727905
1780.0570788645716 1.0043387413024902
1780.0779123229331 1.004758596420288
1780.098745780411 1.0054785013198853
1780.1195792370197 1.0058892965316772
1780.1404126927716 1.0063835382461548
1780.1612461476511 1.0064815282821655
1780.1820796016802 1.007174015045166
1780.2029130548428 1.0070182085037231
1780.223746507152 1.0078932046890259
1780.2445799586208 1.0079842805862427
1780.265413409232 1.0085234642028809
1780.2862468589988 1.0087605714797974
1780.307080307934 1.0093456506729126
1780.3279137560203 1.0094274282455444
1780.3487472032812 1.0095657110214233
1780.3695806496987 1.0098685026168823
1780.3904140952857 1.010081171989441
1780.4112475400555 1.00993812084198
1780.43208098399 1.0099915266036987
1780.4529144271023 1.0104936361312866
1780.4737478694049 1.0104408264160156
1780.49458131088 1.0102639198303223
1780.5154147515404 1.0101242065429688
1780.5362481913987 1.0103013515472412
1780.557081630437 1.0099834203720093
1780.5779150686778 1.0096067190170288
1780.5987485061037 1.0095685720443726
1780.6195819427364 1.0089079141616821
1780.6404153785588 1.0082792043685913
1780.6612488135831 1.0079121589660645
1780.6820822478212 1.0074230432510376
1780.7029156812553 1.0068614482879639
1780.723749113898 1.006368637084961
1780.744582545761 1.0055210590362549
1780.7654159768265 1.004820466041565
1780.7862494071167 1.0044664144515991
1780.8070828366135 1.003915548324585
1780.827916265329 1.0035316944122314
1780.848749693275 1.003332257270813
1780.8695831204338 1.0026915073394775
1780.890416546817 1.0024155378341675
1780.911249972437 1.002241849899292
1780.932083397275 1.0018844604492188
1780.9529168213533 1.001624345779419
1780.9737502446537 1.001441240310669
1780.994583667188 1.0013477802276611
1781.0154170889678 1.0012280941009521
1781.0362505099752 1.0014102458953857
1781.0570839302318 1.0012478828430176
1781.077917349719 1.0009078979492188
1781.0987507684488 1.0015389919281006
1781.1195841864333 1.0013091564178467
1781.1404176036533 1.0016664266586304
1781.161251020121 1.0019152164459229
1781.182084435848 1.0022175312042236
1781.2029178508158 1.0026174783706665
1781.2237512650458 1.0031144618988037
1781.2445846785201 1.0035191774368286
1781.2654180912496 1.0037864446640015
1781.2862515032461 1.0041946172714233
1781.3070849144915 1.004937767982483
1781.3279183250065 1.005934476852417
1781.348751734773 1.006259799003601
1781.3695851438029 1.0071758031845093
1781.390418552107 1.007961392402649
1781.4112519596665 1.008935809135437
1781.4320853665038 1.0095807313919067
1781.4529187725996 1.010728120803833
1781.4737521779653 1.0115987062454224
1781.4945855826127 1.012161135673523
1781.5154189865225 1.0127567052841187
1781.5362523897065 1.0135776996612549
1781.5570857921762 1.0141065120697021
1781.5779191939123 1.014790654182434
1781.5987525949363 1.0157641172409058
1781.61958599523 1.0160771608352661
1781.640419394804 1.0162767171859741
1781.66125279367 1.0165767669677734
1781.682086191809 1.0168535709381104
1781.7029195892424 1.0173406600952148
1781.7237529859513 1.0175855159759521
1781.744586381947 1.0173228979110718
1781.7654197772406 1.017269492149353
1781.7862531718133 0.9078349471092224
1781.8070865656866 1.0167714357376099
1781.827919958841 1.0163476467132568
1781.8487533512882 1.0163992643356323
1781.8695867430392 1.015723705291748
1781.8904201340752 1.0153559446334839
1781.9112535244071 1.014958381652832
1781.9320869140463 1.01441490650177
1781.9529203029738 1.0136901140213013
1781.9737536912105 1.0123993158340454
1781.9945870787376 1.0119858980178833
1782.0154204655767 1.0119404792785645
1782.036253851708 1.0117576122283936
1782.0570872371427 1.0106674432754517
1782.0779206218926 1.00974702835083
1782.098754005938 1.0089597702026367
1782.1195873892902 1.0074342489242554
1782.1404207719604 1.006587266921997
1782.1612541539291 1.005961537361145
1782.1820875352178 1.0051181316375732
1782.2029209158075 1.0040559768676758
1782.2237542957087 1.0035579204559326
1782.2445876749327 1.0025731325149536
1782.2862544313134 1.0007473230361938
1782.3070878084718 0.999908983707428
1782.3279211849472 0.9991634488105774
1782.34875456075 0.9976330995559692
1782.369587935861 0.9976032972335815
1782.3904213103021 0.9973464012145996
1782.4112546840536 0.9971145987510681
1782.432088057126 0.9964680075645447
1782.4529214295312 0.9955185651779175
1782.4737548012495 0.9961487650871277
1782.4945881723017 0.9955880641937256
1782.5154215426694 0.9957730174064636
1782.5362549123627 0.995739221572876
1782.5570882813927 0.9958171248435974
1782.5779216497406 0.995918869972229
1782.598755017427 0.9961135387420654
1782.6195883844327 0.9960190057754517
1782.6404217507793 0.9961735606193542
1782.6612551164465 0.9961576461791992
1782.682088481446 0.996501624584198
1782.7029218457883 0.9973692893981934
1782.7237552094546 0.9977197647094727
1782.7445885724653 0.9980488419532776
1782.7654219348015 0.9987683296203613
1782.7862552964743 0.999152660369873
1782.807088657494 0.9997546076774597
1782.8279220178415 1.0000091791152954
1782.848755377538 1.0004231929779053
1782.869588736564 1.0015074014663696
1782.8904220949305 1.001384973526001
1782.9112554526484 1.0020908117294312
1782.9320888096984 1.0024361610412598
1782.952922166091 1.003546118736267
1782.9737555218376 1.003406047821045
1782.9945888769184 1.004150629043579
1783.0154222313545 1.0047205686569214
1783.036255585127 1.0049772262573242
1783.0570889382561 1.0053222179412842
1783.0779222907229 1.0059720277786255
1783.0987556425484 1.0059454441070557
1783.119588993713 1.005932331085205
1783.1404223442275 1.0062670707702637
1783.1612556941031 1.0068098306655884
1783.18208904332 1.006748080253601
1783.2029223918894 1.006626009941101
1783.2237557398223 1.0067867040634155
1783.2445890870986 1.0065244436264038
1783.2654224337398 1.0067973136901855
1783.2862557797266 1.0060837268829346
1783.3070891250793 1.0055149793624878
1783.3279224697792 1.0060635805130005
1783.348755813837 1.00582754611969
1783.369589157263 1.0054728984832764
1783.3904225000383 1.0055882930755615
1783.411255842184 1.0057361125946045
1783.43208918368 1.0051106214523315
1783.452922524538 1.004590392112732
1783.473755864768 1.004342794418335
1783.4945892043513 1.003920555114746
1783.5154225433084 1.003210186958313
1783.5362558816198 1.0028988122940063
1783.557089219307 1.0028666257858276
1783.57792255635 1.0020900964736938
1783.5987558927595 1.0021264553070068
1783.6195892285473 1.0016688108444214
1783.640422563693 1.000941514968872
1783.6612558982176 1.0008465051651
1783.6820892321025 1.0006085634231567
1783.7029225653575 1.0001972913742065
1783.7237558979941 0.9998564124107361
1783.744589229993 0.9992709755897522
1783.7654225613744 0.9995853900909424
1783.7862558921195 0.9991809129714966
1783.807089222239 0.9992166757583618
1783.8279225517433 0.9983612298965454
1783.8487558806137 0.9984975457191467
1783.8695892088706 0.9986809492111206
1783.8904225364947 0.9988793134689331
1783.911255863497 0.9988638162612915
1783.9320891898883 0.9987101554870605
1783.952922515649 0.9985812902450562
1783.9737558408 0.9988266229629517
1783.9945891653226 0.9986292719841003
1784.0154224892367 0.9986737370491028
1784.0362558125232 0.9993683099746704
1784.0570891351936 0.9995298385620117
1784.077922457258 0.999309241771698
1784.098755778697 0.999918520450592
1784.119589099532 0.9999908208847046
1784.1404224197433 1.0004847049713135
1784.1612557393419 1.00102698802948
1784.1820890583388 1.0011177062988281
1784.202922376714 1.0015336275100708
1784.2237556944888 1.001979112625122
1784.2445890116442 1.0022211074829102
1784.2654223282004 1.0019394159317017
1784.2862556441387 1.0026298761367798
1784.3070889594694 1.0033411979675293
1784.327922274204 1.0040065050125122
1784.3487555883225 1.0040565729141235
1784.369588901846 1.0045734643936157
1784.3904222147557 1.004656195640564
1784.4112555270617 1.0048727989196777
1784.4320888387754 1.0052318572998047
1784.4529221498872 1.0051695108413696
1784.473755460388 1.0055041313171387
1784.4945887702888 1.0054064989089966
1784.5154220796005 1.005293369293213
1784.5362553883033 1.0054023265838623
1784.5570886964185 1.005203366279602
1784.5779220039271 1.0047255754470825
1784.5987553108396 1.0046613216400146
1784.6195886171668 1.0045866966247559
1784.64042192289 1.0041813850402832
1784.6612552280294 1.0039783716201782
1784.6820885325662 1.0034147500991821
1784.7029218365215 1.0029841661453247
1784.7237551398757 1.0023459196090698
1784.7445884426397 1.001857042312622
1784.7654217448248 1.0015087127685547
1784.7862550464115 1.0011392831802368
1784.8070883474206 1.0003434419631958
1784.8279216478336 0.9999113082885742
1784.8487549476706 0.9994389414787292
1784.869588246913 0.9987024664878845
1784.8904215455816 0.9980334043502808
1784.9112548436572 0.9973973035812378
1784.9320881411506 0.9969255924224854
1784.9529214380734 0.9965436458587646
1784.9737547344057 0.9960633516311646
1784.9945880301589 0.9958324432373047
1785.0154213253438 0.9955770969390869
1785.0362546199513 0.9951404333114624
1785.0570879139725 0.9948489665985107
1785.077921207418 0.9945740699768066
1785.0987545002997 0.9942375421524048
1785.1195877925975 0.9939160346984863
1785.140421084333 0.9935876727104187
1785.161254375487 0.9930534362792969
1785.1820876660706 0.9930853843688965
1785.2029209560947 0.9930146336555481
1785.2237542455405 0.993098258972168
1785.2445875344288 0.9924370050430298
1785.2654208227407 0.9929807186126709
1785.2862541104976 0.9926018118858337
1785.30708739768 0.9928008317947388
1785.3279206842992 0.9923825860023499
1785.3487539703667 0.9926157593727112
1785.3695872558628 0.9926091432571411
1785.3904205408091 0.9931765794754028
1785.4112538251868 0.9930664300918579
1785.4320871090167 0.9932973980903625
1785.45292039228 0.9936776757240295
1785.4737536749983 0.9938572645187378
1785.494586957152 0.9942275285720825
1785.5154202387525 0.9945668578147888
1785.5362535198117 0.9948451519012451
1785.5570868003097 0.9951843619346619
1785.5779200802683 0.9958300590515137
1785.598753359669 0.9963213205337524
1785.6195866385324 0.9969406723976135
1785.64041991684 0.9971070289611816
1785.6612531946034 0.9978314638137817
1785.6820864718331 0.9978511333465576
1785.702919748511 0.9986847043037415
1785.7237530246587 0.9990803003311157
1785.7445863002565 0.9992327690124512
1785.7654195753264 0.9996916651725769
1785.78625284985 0.8835194110870361
1785.807086123848 0.9999432563781738
1785.8279193973021 0.9997754096984863
1785.8487526702238 1.0005042552947998
1785.8695859426246 1.000301718711853
1785.8904192144855 1.0007694959640503
1785.911252485828 1.0007712841033936
1785.9320857566345 1.000741958618164
1785.9529190269252 1.000856876373291
1785.9737522966823 1.000579833984375
1785.9945855659275 1.0009413957595825
1786.0154188346417 1.0006016492843628
1786.036252102837 1.0005401372909546
1786.0570853705249 1.0006976127624512
1786.0779186376867 1.0001031160354614
1786.0987519043445 1.0001503229141235
1786.11958517048 0.9996488690376282
1786.1404184361143 0.99977707862854
1786.1612517012293 0.9994932413101196
1786.1820849658473 0.9989176988601685
1786.202918229949 0.9991357326507568
1786.2237514935473 0.9986690878868103
1786.2445847566537 0.9981659650802612
1786.2654180192494 0.997896134853363
1786.2862512813567 0.9977276921272278
1786.307084542958 0.9975284337997437
1786.3279178040743 0.9973740577697754
1786.348751064688 0.9967345595359802
1786.3695843248213 0.9962751865386963
1786.390417584456 0.9962155818939209
1786.4112508436037 0.9960430264472961
1786.4320841022773 0.9951180219650269
1786.4529173604583 0.9956578612327576
1786.4737506181689 0.9950087070465088
1786.4945838753918 0.9940155148506165
1786.5154171321485 0.9940032958984375
1786.5362503884214 0.9938901662826538
1786.5570836442234 0.9936544895172119
1786.5779168995662 0.9931703805923462
1786.5987501544323 0.9930078983306885
1786.6195834088442 0.992749035358429
1786.6404166627844 0.9927209615707397
1786.6612499162752 0.9926267862319946
1786.6820831692992 0.9923808574676514
1786.702916421879 0.9924873113632202
1786.7237496739972 0.9925655126571655
1786.7445829256667 0.9925013780593872
1786.7654161768999 0.9927306771278381
1786.7862494276796 0.9927447438240051
1786.8070826780288 0.9931443929672241
1786.8279159279305 0.9932565093040466
1786.8487491774072 0.9933507442474365
1786.869582426442 0.9932847023010254
1786.8904156750584 0.9933242201805115
1786.9112489232389 0.9937067627906799
1786.9320821709969 0.9934945702552795
1786.9529154183458 0.9935962557792664
1786.9737486652784 0.9939654469490051
1786.9945819117886 0.9941332936286926
1787.0154151578897 0.9943606853485107
1787.0362484035948 0.9947828054428101
1787.0570816488878 0.9949156641960144
1787.0779148937925 0.9952046275138855
1787.098748138292 0.9954344630241394
1787.1195813824106 0.9952563047409058
1787.1404146261323 0.9953879117965698
1787.1612478694803 0.9956780076026917
1787.1820811124392 0.9956382513046265
1787.2029143550333 0.9954785108566284
1787.2237475972463 0.9958141446113586
1787.2445808390928 0.9958358407020569
1787.265414080587 0.9957495331764221
1787.2862473217137 0.9957420825958252
1787.3070805624973 0.9960256218910217
1787.3279138029222 0.9958509802818298
1787.348747043014 0.995498776435852
1787.369580282757 0.9957515597343445
1787.3904135221662 0.995817244052887
1787.4112467612574 0.9955353140830994
1787.432080000015 0.995406448841095
1787.4529132384648 0.9952818155288696
1787.4737464765926 0.9951183199882507
1787.4945797144237 0.9948277473449707
1787.515412951944 0.9944382309913635
1787.5362461891796 0.994291365146637
1787.5570794261164 0.994001567363739
1787.5779126627808 0.9939122200012207
1787.5987458991592 0.9934747219085693
1787.6195791352682 0.9929361939430237
1787.6404123711243 0.992405354976654
1787.6612456067248 0.9922717809677124
1787.6820788420666 0.9918875098228455
1787.702912077167 0.9914665818214417
1787.7237453120435 0.9913048148155212
1787.744578546684 0.990917980670929
1787.765411781116 0.9907978177070618
1787.7862450153284 0.9905728697776794
1787.8070782493485 0.9905285239219666
1787.8279114831657 0.9905173778533936
1787.8487447168086 0.9903817176818848
1787.8695779502661 0.9907537698745728
1787.890411183568 0.9903258085250854
1787.9112444167035 0.9902621507644653
1787.9320776497027 0.9903226494789124
1787.952910882556 0.9904454350471497
1787.9737441152836 0.9904285669326782
1787.9945773479062 0.9906931519508362
1788.0154105804154 0.9908535480499268
1788.0362438128425 0.9913164377212524
1788.0570770451795 0.9913306832313538
1788.0779102774586 0.9918464422225952
1788.0987435096724 0.9919882416725159
1788.1195767418542 0.9920501708984375
1788.140409973997 0.9924744963645935
1788.161243206135 0.9926761984825134
1788.1820764382628 0.9931736588478088
1788.2029096704048 0.9930176138877869
1788.2237429025868 0.9934702515602112
1788.2445761348044 0.9936956763267517
1788.2654093670942 0.9939349889755249
1788.2862425994533 0.9943675994873047
1788.3070758319193 0.9944823980331421
1788.3279090644903 0.995076596736908
1788.3487422972053 0.9949237704277039
1788.369575530064 0.9961128234863281
1788.3904087631065 0.9967402815818787
1788.411241996334 0.9963618516921997
1788.4320752297888 0.997109055519104
1788.452908463473 0.9968988299369812
1788.4737416974303 0.9968513250350952
1788.4945749316655 0.9975859522819519
1788.5154081662238 0.9979735612869263
1788.5362414011117 0.9981065988540649
1788.557074636367 0.9976440668106079
1788.5779078720277 0.9979644417762756
1788.5987411081042 0.9983357787132263
1788.6195743446474 0.9974915385246277
1788.6404075816693 0.9971653819084167
1788.6612408192238 0.9975610375404358
1788.6820740573264 0.9971767663955688
1788.7029072960331 0.9968591928482056
1788.7237405353621 0.9969921112060547
1788.7445737753737 0.9969409108161926
1788.7654070160893 0.9967307448387146
1788.7862402575722 0.9968747496604919
1788.807073499848 0.9969251751899719
1788.8279067429842 0.9967659115791321
1788.8487399870098 0.9961583614349365
1788.8695732319973 0.9964449405670166
1788.8904064779808 0.9961510896682739
1788.9112397250267 0.9960435628890991
1788.9320729732046 0.9960188865661621
1788.952906222567 0.9960290193557739
1788.9737394731683 0.9957960247993469
1788.9945727250865 0.9959725141525269
1789.0154059784036 0.9957312941551208
1789.036239233173 0.9953174591064453
1789.0570724894937 0.9949364066123962
1789.077905747427 0.9943884611129761
1789.098739007078 0.9943857789039612
1789.1195722685159 0.994143545627594
1789.140405531854 0.9934712648391724
1789.161238797169 0.9928553104400635
1789.2029053341803 0.9921697378158569
1789.223738606091 0.9913799166679382
1789.2445718804086 0.9910564422607422
1789.2654051572708 0.9906936287879944
1789.2862384367784 0.9898183345794678
1789.3070717190658 0.9892281889915466
1789.3279050042706 0.9888368248939514
1789.348738292512 0.9875890016555786
1789.3695715839112 0.9871760010719299
1789.3904048786094 0.9867731928825378
1789.4112381767466 0.9862080216407776
1789.4320714784305 0.9859921932220459
1789.4529047838043 0.9856125116348267
1789.4737380929641 0.9854017496109009
1789.494571406036 0.9846363067626953
1789.515404723093 0.9839011430740356
1789.5362380442318 0.9837554693222046
1789.557071369487 0.9832754731178284
1789.5779046989082 0.9826716184616089
1789.5987380324746 0.9821175336837769
1789.6195713701688 0.9815939664840698
1789.640404711893 0.9808277487754822
1789.6612380575434 0.9804670810699463
1789.682071406926 0.9798651337623596