1653.9498506682949 1.0002728700637817
1653.9706842469038 1.0004204511642456
1653.9915178264785 1.0002342462539673
1654.0123514071129 1.000214695930481
1654.033184988715 1.0002909898757935
1654.0540185713567 1.0002156496047974
1654.0748521549453 1.0001014471054077
1654.0956857395415 1.0001401901245117
1654.1165193250515 1.000162959098816
1654.1373529115149 0.9999933838844299
1654.1581864988532 0.99983811378479
1654.1790200870912 0.9999901056289673
1654.1998536761512 0.9998961687088013
1654.2206872660513 0.9999874830245972
1654.241520856718 0.9998376369476318
1654.2623544481653 0.9994006156921387
1654.2831880403228 0.9998738169670105
1654.304021633197 0.9995909929275513
1654.324855226728 0.999553382396698
1654.3456888209143 0.9994935393333435
1654.3665224157025 0.9993851184844971
1654.3873560110892 0.9995684027671814
1654.408189607025 0.9993854761123657
1654.4290232035057 0.9991936087608337
1654.4498568004835 0.9994483590126038
1654.4706903979563 0.9992731213569641
1654.4915239958807 0.9990702271461487
1654.5331911930257 0.9994755387306213
1654.5540247922038 0.9996033310890198
1654.5748583917464 0.9992490410804749
1654.5956919916493 0.9990621209144592
1654.6165255918786 0.9994156956672668
1654.6373591924332 0.999352216720581
1654.658192793279 0.9992355704307556
1654.6790263944085 0.9994595646858215
1654.6998599958008 0.9995878338813782
1654.7206935974464 0.9993247985839844
1654.7415271993232 0.9997186660766602
1654.7623608014226 0.9997793436050415
1654.7831944037248 0.9995529651641846
1654.8040280062241 0.9999216794967651
1654.8248616089004 0.999955952167511
1654.8456952117456 0.9998902678489685
1654.8665288147465 0.9998070597648621
1654.8873624178923 0.9994152188301086
1654.9081960211724 0.9995943307876587
1654.9290296245774 0.9998846054077148
1654.949863228093 1.0000964403152466
1654.9706968317155 1.000144124031067
1654.991530435431 0.9999909996986389
1655.0123640392328 1.0001388788223267
1655.0331976431137 1.000231385231018
1655.0540312470603 1.000187873840332
1655.0748648510705 1.0001604557037354
1655.0956984551328 0.9999451637268066
1655.1165320592427 1.0000313520431519
1655.1373656633896 1.000091314315796
1655.158199267569 1.0000345706939697
1655.1790328717739 0.9999216198921204
1655.1998664760024 1.0001814365386963
1655.2207000802375 1.0000044107437134
1655.2415336844847 1.0003001689910889
1655.2623672887296 0.9997459650039673
1655.2832008929756 0.9997084140777588
1655.3040344972085 1.0002894401550293
1655.3248681014295 0.9996887445449829
1655.3457017056287 0.9999890923500061
1655.3665353098086 1.0000704526901245
1655.387368913954 0.9996320009231567
1655.4082025180714 1.0000196695327759
1655.4290361221454 0.9997439980506897
1655.449869726185 1.0000067949295044
1655.4707033301738 1.0001957416534424
1655.4915369341163 0.9997931122779846
1655.5123705380024 1.0001529455184937
1655.533204141836 1.0002681016921997
1655.5540377456048 1.0003142356872559
1655.574871349314 0.9999969005584717
1655.5957049529493 0.9999293088912964
1655.616538556523 1.0001070499420166
1655.6373721600162 0.9998552799224854
1655.658205763436 0.9998695254325867
1655.679039366773 1.0000656843185425
1655.6998729700326 1.0003087520599365
1655.7207065732016 1.0000393390655518
1655.7415401762885 1.0001180171966553
1655.7623737792783 0.9999220967292786
1655.7832073821824 1.0003418922424316
1655.8040409849834 1.000159502029419
1655.8248745876933 0.9998816251754761
1655.845708190297 1.0000931024551392
1655.866541792802 1.0003215074539185
1655.8873753952007 1.0002893209457397
1655.9082089974952 1.0001040697097778
1655.9290425996746 1.0000561475753784
1655.9498762017502 1.0000027418136597
1655.9707098037068 1.0002135038375854
1655.9915434055545 1.0001192092895508
1656.0123770072792 1.0002732276916504
1656.0332106088904 1.000255823135376
1656.054044210377 1.0003007650375366
1656.074877811745 1.0000085830688477
1656.0957114129844 1.000397801399231
1656.116545014105 1.0004287958145142
1656.137378615092 1.0001593828201294
1656.158212215957 1.0000461339950562
1656.1790458166847 1.000380039215088
1656.1998794172869 1.0002840757369995
1656.220713017751 1.0003244876861572
1656.2415466180853 1.000491738319397
1656.262380218278 1.0003741979599
1656.28321381834 1.0002946853637695
1656.3040474182544 1.0002659559249878
1656.32488101804 1.0001988410949707
1656.3457146176734 1.0001146793365479
1656.3665482171734 1.000123143196106
1656.3873818165223 1.0004090070724487
1656.4082154157338 1.0003509521484375
1656.429049014792 0.9999086856842041
1656.4498826137105 1.0001811981201172
1656.4707162124723 1.0004680156707764
1656.491549811094 1.0002084970474243
1656.5123834095564 1.0002458095550537
1656.5332170078755 1.000290870666504
1656.554050606035 1.0003225803375244
1656.5748842040462 1.0005269050598145
1656.5957178018996 1.0003780126571655
1656.6165513996011 1.0002801418304443
1656.637384997141 1.0004386901855469
1656.658218594531 0.9999397397041321
1656.6790521917555 1.0001945495605469
1656.6998857888286 1.0001288652420044
1656.7207193857341 1.0001426935195923
1656.7415529824848 1.0001037120819092
1656.7623865790683 0.9998030066490173
1656.7832201754973 0.9998781681060791
1656.8040537717554 1.000141978263855
1656.8248873678572 0.999963641166687
1656.8457209637857 1.0000540018081665
1656.8665545595584 1.0002614259719849
1656.8873881551553 1.0001275539398193
1656.908221750594 0.9999493360519409
1656.9290553458575 0.9997811913490295
1656.9498889409585 0.9997613430023193
1656.9707225358868 1.000123381614685
1656.9915561306514 0.9994624257087708
1657.0123897252354 1.0001678466796875
1657.0332233196586 1.0001431703567505
1657.0540569139023 0.9996698498725891
1657.0748905079818 0.9999599456787109
1657.0957241018803 0.9995302557945251
1657.1165576956123 1.0000884532928467
1657.1373912891634 0.9998856782913208
1657.158224882548 0.9998090863227844
1657.1790584757491 0.9998670816421509
1657.199892068783 0.9997067451477051
1657.22072566163 0.9998636841773987
1657.2415592543102 0.9997425675392151
1657.262392846807 0.9998014569282532
1657.28322643913 0.9997920989990234
1657.3040600312684 0.9997902512550354
1657.3248936232349 0.9995294213294983
1657.3665608066237 0.9990161657333374
1657.387394398043 1.000043272972107
1657.40822798929 0.9988328814506531
1657.4290615803468 0.9992510080337524
1657.4498951712312 0.9991241097450256
1657.470728761924 0.9989537000656128
1657.4915623524412 0.9980388879776001
1657.5123959427676 0.9991284608840942
1657.5332295329188 0.9991655349731445
1657.5540631228773 0.9994232654571533
1657.5748967126597 0.998816967010498
1657.5957303022465 0.9989116787910461
1657.6165638916584 0.998583972454071
1657.637397480878 0.9988064765930176
1657.658231069916 0.9985950589179993
1657.6790646587604 0.9993357062339783
1657.6998982474254 0.9991995692253113
1657.7207318358953 0.9993122816085815
1657.7415654241868 0.998988151550293
1657.7623990122797 0.9995300769805908
1657.7832326001933 0.9993667602539062
1657.8040661879095 0.9991530776023865
1657.8248997754429 0.9994258880615234
1657.8457333627819 0.9993468523025513
1657.8665669499355 0.9996234178543091
1657.8874005368918 0.9992331266403198
1657.908234123666 0.9993487596511841
1657.9290677102395 0.9995990991592407
1657.949901296632 1.0000197887420654
1657.970734882822 0.9991633892059326
1657.9915684688297 0.9996955394744873
1658.012402054636 0.9994126558303833
1658.0332356402564 0.9997300505638123
1658.0540692256775 0.9995375871658325
1658.0749028109133 0.9999226927757263
1658.0957363959453 0.9997340440750122
1658.116569980793 0.9999738335609436
1658.1374035654364 1.000041127204895
1658.158237149896 0.9997353553771973
1658.1790707341506 1.0002002716064453
1658.199904318217 0.9997838139533997
1658.2207379020815 1.0000182390213013
1658.2415714857561 0.9998529553413391
1658.2624050692286 0.9994728565216064
1658.2832386525126 0.9994201064109802
1658.3040722355897 1.0002442598342896
1658.3249058184797 0.999919056892395
1658.3457394011634 0.999980092048645
1658.3665729836584 0.9998218417167664
1658.3874065659465 1.0001438856124878
1658.4082401480434 1.000083088874817
1658.4290737299348 1.0000755786895752
1658.4499073116365 1.000055193901062
1658.47074089313 0.9998828172683716
1658.4915744744335 1.0000571012496948
1658.5124080555274 1.0000877380371094
1658.5332416364313 0.9997427463531494
1658.5540752171264 1.000064492225647
1658.57490879763 0.9998771548271179
1658.5957423779241 1.0003758668899536
1658.6165759580267 0.9998608827590942
1658.6374095379167 1.000121831893921
1658.6582431176166 1.0000165700912476
1658.679076697105 1.0001144409179688
1658.6999102764028 1.0001884698867798
1658.720743855488 0.9998605251312256
1658.7415774343795 1.0002145767211914
1658.76241101306 0.9996391534805298
1658.783244591545 1.0001964569091797
1658.804078169822 1.0001407861709595
1658.8249117479031 1.0002059936523438
1658.8457453257693 1.0000673532485962
1658.8665789034428 1.0002001523971558
1658.8874124809033 0.9998074769973755
1658.908246058169 1.000124216079712
1658.9290796352211 1.0000064373016357
1658.9499132120757 1.0000630617141724
1658.9707467887192 0.9999802112579346
1658.991580365166 1.0000373125076294
1659.0124139413974 1.0001349449157715
1659.0332475174334 1.0002565383911133
1659.0540810932537 1.0000196695327759
1659.074914668878 1.0001094341278076
1659.095748244287 1.0000351667404175
1659.1165818194982 1.0003249645233154
1659.137415394495 1.0002065896987915
1659.1582489692937 1.0000165700912476
1659.179082543875 1.0001051425933838
1659.1999161182584 1.0002325773239136
1659.2207496924252 1.000192642211914
1659.2415832663955 1.0000009536743164
1659.2624168401478 1.0000410079956055
1659.2832504137002 0.9999100565910339
1659.3040839870362 0.9999978542327881
1659.3249175601711 0.9999592900276184
1659.34575113309 1.000150442123413
1659.3665847058114 1.0002341270446777
1659.3874182783104 0.9999743700027466
1659.4082518506114 1.000028133392334
1659.4290854226936 1.0004221200942993
1659.4499189945748 0.9998663663864136
1659.4707525662384 0.9999939799308777
1659.4915861376994 0.9998172521591187
1659.5124197089428 1.0000230073928833
1659.5332532799866 1.0003386735916138
1659.554086850807 1.0000441074371338
1659.574920421427 1.000166416168213
1659.5957539918263 1.0001602172851562
1659.6165875620238 1.0001802444458008
1659.6374211320006 1.0000468492507935
1659.6582547017745 0.9999734163284302
1659.6790882713274 1.000218391418457
1659.6999218406784 1.0000613927841187
1659.7207554098075 0.999879777431488
1659.7415889787337 1.000056266784668
1659.7624225474358 1.0002367496490479
1659.7832561159369 1.0000238418579102
1659.8040896842151 1.0002340078353882
1659.8249232522899 1.000235915184021
1659.8457568201416 1.00026535987854
1659.8665903877888 1.000096082687378
1659.887423955213 1.000063180923462
1659.9082575224327 1.000085711479187
1659.929091089428 1.0000741481781006
1659.9499246562223 1.000131607055664
1659.9707582227888 1.0000108480453491
1659.991591789151 1.0001720190048218
1660.0124253552892 1.0001320838928223
1660.0332589212212 1.0000271797180176
1660.0540924869292 1.0002003908157349
1660.0749260524326 1.0001848936080933
1660.0957596177077 1.0001171827316284
1660.1165931827788 1.0002211332321167
1660.137426747623 1.0001411437988281
1660.158260312262 1.0000715255737305
1660.1790938766749 1.000336766242981
1660.199927440881 0.9999634623527527
1660.2207610048606 1.0001577138900757
1660.241594568633 1.0001908540725708
1660.2624281321766 1.000092625617981
1660.2832616955147 1.0000859498977661
1660.3040952586248 1.0000008344650269
1660.3249288215288 1.0000271797180176
1660.3457623842044 1.000435471534729
1660.3665959466705 1.000125527381897
1660.3874295089097 0.9998029470443726
1660.4082630709386 1.0001639127731323
1660.4290966327417 1.000240683555603
1660.449930194336 1.0003395080566406
1660.4707637556987 1.000163197517395
1660.491597316854 0.9999274611473083
1660.5124308777804 0.9999312162399292
1660.5332644384957 0.9999708533287048
1660.5540979989828 1.0001946687698364
1660.57493155926 1.0001288652420044
1660.595765119307 0.9998782277107239
1660.6165986791439 0.9999454021453857
1660.6374322387483 0.9998425841331482
1660.6582657981437 0.999986469745636
1660.679099357308 0.9999837279319763
1660.6999329162627 1.0000205039978027
1660.7416000334958 0.9998372793197632
1660.7624335917758 0.9992613196372986
1660.7832671498438 0.9993205070495605
1660.8041007076781 0.9991443157196045
1660.8249342653041 0.9994750022888184
1660.845767822694 0.9998313784599304
1660.866601379873 0.9993779063224792
1660.8874349368195 0.9998401999473572
1660.9082684935522 0.9996727108955383
1660.9291020500527 0.9995777606964111
1660.94993560634 0.9997928142547607
1660.9707691623937 0.9995005130767822
1660.9916027182342 0.9997597336769104
1661.0124362738384 0.9997490048408508
1661.0332698292307 0.9998866319656372
1661.0541033843886 0.9995008111000061
1661.074936939331 0.9998974800109863
1661.095770494041 0.9994044899940491
1661.1166040485343 1.0000141859054565
1661.1374376027932 0.9995694756507874
1661.1582711568362 0.9994899034500122
1661.1791047106435 0.9994227290153503
1661.1999382642364 0.9996685981750488
1661.2207718175935 1.0000956058502197
1661.2416053707345 1.0001826286315918
1661.2624389236391 0.999955415725708
1661.2832724763266 0.999935507774353
1661.304106028778 0.9999586939811707
1661.3249395810121 0.9998624324798584
1661.3457731330097 0.9998353719711304
1661.3666066847904 0.9998619556427002
1661.3874402363324 0.9998539686203003
1661.4082737876581 0.9997098445892334
1661.4291073387458 0.9998691082000732
1661.4499408896136 0.9998908638954163
1661.4707744402456 0.99993497133255
1661.4916079906586 0.9998651146888733
1661.5124415408316 0.9999617338180542
1661.533275090787 1.0000371932983398
1661.5541086405021 1.000160574913025
1661.5749421899989 0.9999181032180786
1661.595775739256 0.9994825720787048
1661.6166092882918 0.9995546936988831
1661.6374428370912 0.9998095631599426
1661.6582763856668 0.999829888343811
1661.6791099340035 0.9998635649681091
1661.6999434821203 0.9995829463005066
1661.7207770299945 0.9999122619628906
1661.741610577649 1.0000190734863281
1661.762444125062 1.0001366138458252
1661.7832776722537 0.9997128248214722
1661.8041112192036 0.9997552633285522
1661.8249447659298 0.999794065952301
1661.8457783124154 1.0000635385513306
1661.866611858679 0.9997435808181763
1661.8874454046984 0.9999209046363831
1661.9082789504976 0.9999232888221741
1661.9291124960512 0.9999776482582092
1661.9499460413829 1.0000814199447632
1661.9707795864706 1.0001033544540405
1661.991613131333 1.0000637769699097
1662.0124466759526 0.9999786019325256
1662.0332802203477 0.999920129776001
1662.0541137644998 0.9998517036437988
1662.0749473084265 1.000034213066101
1662.0957808521068 0.9999321103096008
1662.1166143955634 0.9999050498008728
1662.137447938774 0.9998391270637512
1662.1582814817575 0.9997971057891846
1662.1791150244962 0.9999617338180542
1662.1999485670096 1.0001890659332275
1662.2207821092754 0.9999862909317017
1662.2416156513157 1.0000585317611694
1662.2624491931072 0.9999184012413025
1662.2832827346729 1.0002926588058472
1662.3041162759885 1.0001903772354126
1662.3249498170812 1.0002323389053345
1662.345783357923 1.0002381801605225
1662.3666168985355 1.0002385377883911
1662.3874504389005 1.0001875162124634
1662.4082839790374 1.000137448310852
1662.4291175189237 1.0002787113189697
1662.4499510585824 1.0002247095108032
1662.4707845979908 1.0003446340560913
1662.4916181371698 1.0002778768539429
1662.512451676098 1.0003288984298706
1662.5332852147947 0.9999880194664001
1662.5541187532417 1.0001333951950073
1662.5749522914575 0.9999793171882629
1662.5957858294223 1.0000603199005127
1662.6166193671565 1.000394582748413
1662.637452904638 1.0000758171081543
1662.658286441888 1.000148057937622
1662.679119978885 1.0003418922424316
1662.699953515648 1.0002471208572388
1662.7207870521588 1.000152587890625
1662.7416205884367 1.0003705024719238
1662.7624541244609 1.0004019737243652
1662.783287660253 0.9999616146087646
1662.804121195787 1.0002487897872925
1662.8249547310904 1.0002923011779785
1662.845788266135 1.0001298189163208
1662.8666218009478 1.0001055002212524
1662.8874553355038 1.000209093093872
1662.908288869824 0.9998945593833923
1662.9291224038889 1.0001901388168335
1662.9499559377177 0.9999038577079773
1662.9707894712878 1.0002012252807617
1662.9916230046217 1.000173568725586
1663.012456537697 1.0001803636550903
1663.033290070537 1.0002838373184204
1663.0541236031177 0.999863862991333
1663.0749571354613 1.0000944137573242
1663.0957906675446 1.0001108646392822
1663.1166241993892 1.0001096725463867
1663.1374577309741 1.0001238584518433
1663.1582912623194 1.0000544786453247
1663.1791247934034 1.0000931024551392
1663.1999583242493 1.0001487731933594
1663.2207918548327 0.9999862313270569
1663.2416253851763 1.0000910758972168
1663.262458915257 0.9999440908432007
1663.2832924450952 0.9999030232429504
1663.3041259746715 0.9999107122421265
1663.3249595040077 1.0000306367874146
1663.345793033076 0.9998964667320251
1663.3666265619047 0.9999428391456604
1663.3874600904678 1.000026822090149
1663.408293618788 0.9996044039726257
1663.4291271468423 0.9999696016311646
1663.449960674651 0.9999714493751526
1663.4707942021948 0.999890923500061
1663.4916277294942 0.9998201727867126
1663.5124612565246 0.999941885471344
1663.533294783311 0.9997307062149048
1663.554128309829 0.999745786190033
1663.5749618361008 0.9997854828834534
1663.595795362103 0.9999919533729553
1663.6166288878574 0.9999024271965027
1663.6374624133412 0.9996538162231445
1663.6582959385778 0.9999480843544006
1663.6791294635436 0.9995633363723755
1663.699962988262 0.9999196529388428
1663.720796512706 0.9998395442962646
1663.741630036902 0.999517560005188
1663.7624635608245 0.999848484992981
1663.7832970844947 0.9996604323387146
1663.8041306078928 0.9999585151672363
1663.8249641310385 0.9997201561927795
1663.84579765391 0.999977707862854
1663.8666311765305 0.9996903538703918
1663.8874646988727 0.9998776316642761
1663.908298220963 0.9997206330299377
1663.9291317427735 0.9998226165771484
1663.949965264332 0.9997089505195618
1663.9707987856123 0.9996455907821655
1663.9916323066366 0.9997273087501526
1664.012465827382 0.9998509287834167
1664.033299347873 0.9995357990264893
1664.0541328680806 0.9996894001960754
1664.0749663880326 0.9997649192810059
1664.1166334271127 0.9994109869003296
1664.1374669462414 0.9992168545722961
1664.1583004651102 0.9993986487388611
1664.1791339836957 0.9999528527259827
1664.1999675020209 0.9992588758468628
1664.2208010200602 0.9997185468673706
1664.2416345378385 1.000062346458435
1664.2624680553279 0.9999023079872131
1664.2833015725569 0.9999403357505798
1664.3041350894973 0.9997382164001465
1664.3249686061733 1.0002859830856323
1664.3458021225608 1.000132441520691
1664.3666356386834 1.0000958442687988
1664.387469154515 0.9999299645423889
1664.4083026700803 1.0001943111419678
1664.4291361853514 0.9999057650566101
1664.4499697003569 0.9997429251670837
1664.4708032150677 1.0001322031021118
1664.491636729511 0.9999219179153442
1664.5124702436585 0.9999487996101379
1664.5333037575363 0.999751091003418
1664.554137271117 0.9998738169670105
1664.5749707844263 1.0000195503234863
1664.5958042974353 1.000059962272644
1664.6166378101734 0.9998389482498169
1664.6374713226103 1.00020170211792
1664.6583048347738 0.9996496438980103
1664.679138346636 1.0001649856567383
1664.699971858222 1.0001591444015503
1664.7208053695044 1.0001747608184814
1664.7416388805075 1.000024676322937
1664.7624723912077 0.9999397397041321
1664.7833059016286 0.9999836683273315
1664.8041394117415 1.0002031326293945
1664.824972921575 1.0001617670059204
1664.8458064310996 1.0000184774398804
1664.8666399403419 1.0002919435501099
1664.8874734492733 1.0000200271606445
1664.9083069579187 0.9998639822006226
1664.9291404662533 1.0002878904342651
1664.9499739743019 1.000091791152954
1664.970807482035 0.9997420310974121
1664.9916409894815 1.000489592552185
1665.0124744966088 1.0001189708709717
1665.0333080034484 0.9997647404670715
1665.0541415099715 0.9999299645423889
1665.0749750161986 1.0002026557922363
1665.0958085221066 0.9999649524688721
1665.116642027721 0.9999275803565979
1665.1374755330107 0.9998199343681335
1665.1583090380059 0.9998705983161926
1665.179142542673 1.000109076499939
1665.1999760470444 0.9999896287918091
1665.2208095510882 1.0000249147415161
1665.24164305483 0.9996505379676819
1665.262476558242 0.9997555613517761
1665.283310061351 0.9999430179595947
1665.3666440705974 1.0000289678573608
1665.3874775720865 0.9997144937515259
1665.4083110732654 0.999915361404419
1665.4291445741026 0.9997935891151428
1665.4499780746262 0.9998032450675964
1665.470811574806 0.99974125623703
1665.4916450746705 0.9999812245368958
1665.512478574185 0.9998730421066284
1665.5333120733833 0.9996954202651978
1665.5541455722298 0.9998651146888733
1665.574979070757 0.9998738765716553
1665.595812568929 0.999957263469696
1665.6166460667755 0.9998457431793213
1665.6374795642653 0.9997996687889099
1665.6583130614279 0.999687671661377
1665.6791465582266 0.999965488910675
1665.699980054697 0.999845564365387
1665.7208135508013 0.9998765587806702
1665.7416470465726 0.9998050928115845
1665.7624805419755 0.9999871850013733
1665.7833140370392 0.9999423623085022
1665.8041475317293 0.9998722076416016
1665.8249810260784 0.9999270439147949
1665.8458145200514 1.0001046657562256
1665.8666480136792 0.9999179840087891
1665.8874815069244 1.0000001192092896
1665.9083149998212 0.9999425411224365
1665.9291484923322 1.00028657913208
1665.9499819844898 0.9999676942825317
1665.9708154762566 0.999799907207489
1665.9916489676639 1.0000475645065308
1666.0124824586771 1.000064730644226
1666.0333159493284 0.9999026656150818
1666.0541494395777 1.0000135898590088
1666.0749829294614 1.0000885725021362
1666.0958164189367 1.0001015663146973
1666.1166499080425 1.0000258684158325
1666.137483396738 0.9999266266822815
1666.158316885053 0.9998708367347717
1666.1791503729523 0.9998776316642761
1666.1999838604695 1.0001158714294434
1666.220817347561 1.0000241994857788
1666.2416508342676 0.9998539090156555
1666.262484320541 1.0000795125961304
1666.2833178064232 1.0002714395523071
1666.3041512918694 0.9999980330467224
1666.3249847769139 0.9998084306716919
1666.345818261516 1.000070333480835
1666.366651745711 0.999989926815033
1666.3874852294557 1.000156044960022
1666.408318712787 0.9999961256980896
1666.4291521956593 1.0000566244125366
1666.4499856781135 1.000093936920166
1666.4708191601007 1.0001336336135864
1666.4916526416614 1.00014328956604
1666.5124861227469 1.0001468658447266
1666.5333196033969 1.0000724792480469
1666.5541530835642 1.000042200088501
1666.574986563288 1.0002052783966064
1666.5958200425189 0.9999798536300659
1666.6166535213001 0.9999770522117615
1666.6374869995777 0.9999670386314392
1666.6583204773967 1.0000338554382324
1666.6791539547041 1.000049352645874
1666.69998743154 1.0000476837158203
1666.7208209078549 1.0002468824386597
1666.7416543836923 1.0000946521759033
1666.762487858993 1.0001753568649292
1666.7833213338072 1.0000935792922974
1666.804154808074 1.0000020265579224
1666.824988281845 0.9999592304229736
1666.8458217550576 1.0001555681228638
1666.8666552277584 1.00015127658844
1666.8874886998924 0.9999676942825317
1666.9083221715036 1.0000401735305786
1666.9291556425326 1.0003111362457275
1666.949989113029 1.0002142190933228
1666.9708225829281 1.0000128746032715
1666.9916560522818 1.00003981590271
1667.0124895210267 0.9999139904975891
1667.0333229892124 0.9999351501464844
1667.054156456775 0.9998133778572083
1667.0749899237665 0.9999775290489197
1667.0958233901192 1.0000643730163574
1667.1166568558874 0.9999727606773376
1667.1374903210008 1.0001931190490723
1667.1583237855161 1.0000118017196655
1667.1791572493628 1.0000866651535034
1667.199990712599 1.0001192092895508
1667.220824175151 0.9999459385871887
1667.241657637077 0.9999586939811707
1667.2624910983066 1.0000580549240112
1667.2833245588968 1.000137448310852
1667.3041580187726 0.9999304413795471
1667.324991478 1.0000333786010742
1667.3458249364992 0.9999880194664001
1667.366658394337 0.9998987913131714
1667.3874918514387 1.0000346899032593
1667.4083253078654 0.99993497133255
1667.4291587635475 1.0000661611557007
1667.4499922185466 0.9997740387916565
1667.4708256727952 1.0000972747802734
1667.4916591263561 1.0000137090682983
1667.5124925791622 0.9998030662536621
1667.53332603128 1.0001097917556763
1667.5541594826475 0.9998800754547119
1667.5749929333265 1.0000150203704834
1667.5958263832674 0.9997493624687195
1667.6166598325303 0.9998595714569092
1667.6374932810725 0.9999673366546631
1667.658326728956 1.0000061988830566
1667.6791601761447 1.0002421140670776
1668.6374987770848 1.000109076499939
1668.6583322391268 1.0000953674316406
1668.6791657017864 1.0004032850265503
1668.6999991650096 1.0001318454742432
1668.7208326288 1.0000905990600586
1668.7416660931083 0.9999588131904602
1668.7624995579292 0.9999563694000244
1668.7833330232231 1.0000009536743164
1668.8041664889815 1.000015377998352
1668.824999955167 0.9997928142547607
1668.8458334217728 0.9996598958969116
1668.8666668887602 0.9994041323661804
1668.887500356124 0.9998340010643005
1668.908333823831 0.999768853187561
1668.9291672918712 0.9999253749847412
1668.9500007602196 0.9990787506103516
1668.9708342288639 0.9998733401298523
1668.9916676977805 0.9996575713157654
1669.0125011669588 0.999759316444397
1669.0333346363745 0.9996278285980225
1669.0541681060233 0.9997227787971497
1669.0750015758776 0.9999213218688965
1669.095835045933 0.9999822974205017
1669.11666851617 0.9992831349372864
1669.137501986577 0.9996494650840759
1669.1583354571417 1.0000498294830322
1669.1791689278518 0.9994967579841614
1669.2000023986936 1.0001128911972046
1669.2208358696573 1.0000921487808228
1669.2416693407322 0.9999746084213257
1669.262502811909 1.0002530813217163
1669.2833362831757 1.000035285949707
1669.3041697545211 1.0000410079956055
1669.3250032259402 1.000084400177002
1669.345836697418 1.000055193901062
1669.3666701689535 1.000169038772583
1669.3875036405325 0.9997780919075012
1669.40833711215 1.000030517578125
1669.4291705837963 0.9999589323997498
1669.4500040554676 1.0003880262374878
1669.4708375271516 1.0000755786895752
1669.491670998847 1.0002890825271606
1669.5125044705392 0.9997804760932922
1669.5333379422325 1.0000848770141602
1669.554171413912 1.0003341436386108
1669.5750048855775 1.0002959966659546
1669.595838357218 0.9998320937156677
1669.6166718288334 1.0000711679458618
1669.6375053004137 1.000125527381897
1669.6583387719625 1.000156044960022
1669.6791722434598 1.0000916719436646
1669.7000057149162 1.000481128692627
1669.7208391863155 0.9999882578849792
1669.7416726576623 1.0001564025878906
1669.7625061289443 1.0001981258392334
1669.783339600165 1.0001885890960693
1669.8041730713119 1.0004853010177612
1669.8250065423917 1.0000611543655396
1669.845840013389 1.0002244710922241
1669.8666734843132 1.0001323223114014
1669.887506955146 1.0001301765441895
1669.9083404258984 1.0002059936523438
1669.9291738965546 1.0002037286758423
1669.9500073671209 1.0001835823059082
1669.9708408375868 1.0002236366271973
1669.9916743079589 1.0002814531326294
1670.012507778221 1.0002180337905884
1670.033341248385 1.0002979040145874
1670.054174718433 1.0000321865081787
1670.0750081883803 1.0003082752227783
1670.0958416582055 1.0004158020019531
1670.1166751279195 1.000089406967163
1670.137508597511 1.000255823135376
1670.1583420669874 1.0002706050872803
1670.179175536335 1.0004699230194092
1670.2000090055644 1.0002710819244385
1670.220842474658 1.0002717971801758
1670.2416759436308 1.0003793239593506
1670.2625094124655 1.000266671180725
1670.283342881174 1.000300407409668
1670.30417634974 1.000049352645874
1670.3250098181747 1.0001575946807861
1670.3458432864647 1.0002155303955078
1670.366676754621 1.0002121925354004
1670.387510222626 1.0001442432403564
1670.4083436904955 1.0002713203430176
1670.4291771582114 1.0002062320709229
1670.4500106257883 1.000197410583496
1670.4708440932088 1.0002968311309814
1670.4916775604863 1.00017249584198
1670.5125110276047 1.0002905130386353
1670.5333444945772 1.0004183053970337
1670.5541779613854 1.0004421472549438
1670.5750114280474 1.0004382133483887
1670.595844894543 1.0003551244735718
1670.616678360889 1.000391960144043
1670.637511827067 1.000240683555603
1670.6583452930897 1.0002790689468384
1670.6791787589443 1.0002720355987549
1670.700012224643 1.000443458557129
1670.720845690169 1.000207781791687
1670.7416791555372 1.0003141164779663
1670.7625126207297 1.0001400709152222
1670.7833460857628 1.0003600120544434
1670.8041795506192 1.0002726316452026
1670.8250130153112 1.0003807544708252
1670.8458464798264 1.0003165006637573
1670.8666799441764 1.0003074407577515
1670.8875134083473 1.0002155303955078
1670.9083468723513 1.0002812147140503
1670.9291803361716 1.0004732608795166
1670.950013799825 1.000174880027771
1670.9708472632917 1.00054931640625
1670.991680726591 1.0003710985183716
1671.0125141897036 1.0005826950073242
1671.0333476526446 1.0002808570861816
1671.0541811153983 1.0000853538513184
1671.0750145779791 1.0003308057785034
1671.0958480403704 1.0004613399505615
1671.1166815025879 1.0003653764724731
1671.1375149646117 1.0004395246505737
1671.1583484264622 1.0002295970916748
1671.1791818881197 1.0002537965774536
1671.2000153495997 1.0002191066741943
1671.2208488108863 1.0003983974456787
1671.2416822719929 1.0004563331604004
1671.2625157329055 1.0004775524139404
1671.2833491936392 1.00017511844635
1671.3041826541755 1.0004551410675049
1671.3250161145315 1.000118374824524
1671.345849574689 0.9999899864196777
1671.366683034664 1.0001211166381836
1671.387516494442 1.0002241134643555
1671.4083499540368 1.0002381801605225
1671.429183413431 1.0001182556152344
1671.4500168726402 1.0001524686813354
1671.4708503316463 1.0001987218856812
1671.4916837904684 1.0002564191818237
1671.5125172490878 0.9999966025352478
1671.533350707521 1.0001510381698608
1671.5541841657503 1.0001555681228638
1671.5750176237907 1.0001506805419922
1671.5958510816276 1.0001486539840698
1671.6166845392772 1.0002706050872803
1671.6375179967195 0.9999964237213135
1671.6583514539739 1.0002890825271606
1671.6791849110193 1.0001800060272217
1671.7000183678792 1.0001150369644165
1671.720851824529 1.0003844499588013
1671.7416852809865 1.0002224445343018
1671.7625187372369 1.0002940893173218
1671.783352193295 1.0001449584960938
1671.8041856491443 1.0001929998397827
1671.8250191048016 1.000062346458435
1671.8458525602462 1.0004199743270874
1671.8666860155 1.000105619430542
1671.887519470542 1.0002769231796265
1671.9083529253908 1.000219464302063
1671.929186380027 1.000235676765442
1671.9500198344679 1.0002435445785522
1671.9708532886968 1.000285029411316
1671.9916867427307 1.0000929832458496
1672.0125201965488 1.0002399682998657
1672.0333536501732 0.9999185800552368
1672.0750205567952 0.9997474551200867
1672.0958540097943 0.9999433159828186
1672.1166874625944 0.9999567866325378
1672.1375209151795 0.9989005327224731
1672.1583543675665 1.000230312347412
1672.1791878197353 0.9997283816337585
1672.2000212717076 0.9999184608459473
1672.2208547234618 0.9999790191650391
1672.241688175018 0.999810516834259
1672.262521626356 0.999967634677887
1672.2833550774926 1.0001014471054077
1672.304188528415 1.000327467918396
1672.325021979133 1.0002374649047852
1672.3458554296337 1.0001606941223145
1672.366688879934 1.0000832080841064
1672.3875223300133 1.0000447034835815
1672.4083557798926 1.000235676765442
1672.4291892295514 0.9998570084571838
1672.4500226790067 1.000342607498169
1672.4708561282428 0.9994571805000305
1672.4916895772767 0.9999200105667114
1672.5125230260892 1.0001835823059082
1672.5333564746988 0.9998047351837158
1672.5541899230855 0.9999096989631653
1672.57502337127 1.000137448310852
1672.5958568192298 1.0001442432403564
1672.6166902669881 1.0000461339950562
1672.6375237145232 0.999962329864502
1672.658357161853 1.0001180171966553
1672.6791906089602 0.9998588562011719
1672.7000240558637 1.0001291036605835
1672.7208575025413 0.9999984502792358
1672.7416909490146 1.0001204013824463
1672.7625243952614 1.0003559589385986
1672.7833578413042 1.000284194946289
1672.8041912871224 1.000257968902588
1672.8250247327335 1.0001147985458374
1672.84585817812 1.0001819133758545
1672.8666916232978 1.000115990638733
1672.887525068254 1.0003468990325928
1672.908358513001 1.0000479221343994
1672.9291919575198 1.0001879930496216
1672.9500254018333 1.000030279159546
1672.9708588459198 1.0000239610671997
1672.9916922897974 1.00014066696167
1673.0125257334487 1.0001938343048096
1673.0333591768901 0.9999285936355591
1673.0541926201056 1.0001636743545532
1673.0750260631135 1.0000436305999756
1673.0958595058912 1.0002061128616333
1673.116692948461 1.0003842115402222
1673.1375263908012 1.0000920295715332
1673.158359832933 0.9998512864112854
1673.179193274836 1.000119924545288
1673.2000267165272 1.0000708103179932
1673.220860157991 1.0002192258834839
1673.2416935992449 1.0000826120376587
1673.2625270402675 1.0002005100250244
1673.283360481082 1.0002275705337524
1673.3041939216641 1.0001457929611206
1673.3250273620367 1.0001068115234375
1673.3458608021783 1.0000474452972412
1673.3666942421069 1.000044584274292
1673.387527681807 1.000133752822876
1673.408361121295 1.0001410245895386
1673.429194560552 1.0001097917556763
1673.4500279995968 1.0002022981643677
1673.47086143841 1.000211477279663
1673.4916948770112 1.0002065896987915
1673.51252831538 1.0001777410507202
1673.5333617535343 1.0002448558807373
1673.5541951914581 1.0000404119491577
1673.575028629168 1.0000157356262207
1673.5958620666459 1.000118374824524
1673.6166955039107 1.0001366138458252
1673.6375289409402 1.0002343654632568
1673.65836237776 1.000180721282959
1673.6791958143426 1.000023603439331
1673.7000292507132 1.000260591506958
1673.7208626868498 1.0000990629196167
1673.7416961227711 1.0000890493392944
1673.7625295584592 1.0002726316452026
1673.7833629939328 1.000016689300537
1673.8041964291697 1.0002474784851074
1673.8250298641938 1.0000098943710327
1673.845863298983 1.0000101327896118
1673.8666967335566 1.0002325773239136
1673.8875301678952 1.000181794166565
1673.9083636020175 1.000147819519043
1673.929197035905 1.0001976490020752
1673.9500304695746 1.0001355409622192
1673.97086390301 0.9999709725379944
1673.9916973362297 1.0001803636550903
1674.0125307692117 0.999998152256012
1674.0333642019796 1.000287413597107
1674.0541976345096 1.0001170635223389
1674.0750310668218 1.0000662803649902
1674.0958644988982 1.0001568794250488
1674.1166979307557 1.0000414848327637
1674.1375313623776 0.9999643564224243
1674.1583647937823 1.0002542734146118
1674.179198224948 1.0001475811004639
1674.2000316558974 1.000160813331604
1674.2208650866087 1.0001912117004395
1674.2416985171021 1.000093936920166
1674.262531947357 1.0000345706939697
1674.2833653773919 1.0001102685928345
1674.3041988071902 0.9999641180038452
1674.3250322367699 0.9999926090240479
1674.3458656661094 1.000114917755127
1674.3666990952313 0.9999729990959167
1674.3875325241138 1.000296711921692
1674.4083659527773 1.0001722574234009
1674.4291993812 1.00028395652771
1674.4500328094034 1.0001544952392578
1674.4708662373678 1.0003561973571777
1674.4916996651116 1.0002689361572266
1674.512533092616 1.0002949237823486
1674.5333665199003 1.0002233982086182
1674.5541999469422 1.0002027750015259
1674.5750333737676 1.0000640153884888
1674.5958668003502 1.0001130104064941
1674.6167002267105 1.0002596378326416
1674.637533652831 1.0001769065856934
1674.65836707873 0.9999949932098389
1674.6792005043883 1.0000568628311157
1674.7000339298256 1.000250220298767
1674.7208673550188 1.0002281665802002
1674.7417007799927 1.000248670578003
1674.762534204724 1.0002362728118896
1674.783367629234 1.0002553462982178
1674.8042010535012 1.0003182888031006
1674.8250344775454 1.0004159212112427
1674.8458679013468 1.0003540515899658
1674.8667013249278 1.0003156661987305
1674.8875347482626 1.0003080368041992
1674.9083681713769 1.0003293752670288
1674.9292015942476 1.0002233982086182
1674.9500350168953 1.0001899003982544
1674.970868439299 1.0002403259277344
1674.991701861479 1.0001643896102905
1675.0125352834143 1.0000929832458496
1675.0333687051266 1.000273585319519
1675.0542021265949 1.0003420114517212
1675.0750355478397 1.0001566410064697
1675.0958689688387 1.0002886056900024
1675.1167023896155 1.0002230405807495
1675.1375358101461 0.9999527335166931
1675.1583692304512 0.9999133944511414
1675.179202650512 0.9999619126319885
1675.200036070346 1.0000051259994507
1675.2208694899364 1.0000131130218506
1675.2417029093015 0.9999702572822571
1675.2625363284194 0.9999318718910217
1675.2833697473143 0.9999441504478455
1675.3042031659595 1.000211238861084
1675.3250365843812 1.000211477279663
1675.345870002556 1.0000782012939453
1675.3667034205039 1.0000457763671875
1675.3875368382057 0.9999964833259583
1675.4083702556813 1.0002039670944214
1675.4500370899111 0.9998523592948914
1675.4708705066637 0.9995991587638855
1675.4917039231893 0.9997785091400146
1675.512537339468 0.9999289512634277
1675.5333707555187 1.0000633001327515
1675.5542041713215 0.9999107122421265
1675.575037586896 0.9998734593391418
1675.5958710022217 0.9999520778656006
1675.6167044173205 0.9997795224189758
1675.6375378321702 0.9999029040336609
1675.6583712467918 0.9999164938926697
1675.6792046611638 0.9999881982803345
1675.700038075306 1.0001161098480225
1675.7208714891997 1.0000605583190918
1675.7417049028625 1.000014305114746
1675.762538316278 1.0001527070999146
1675.7833717294625 0.9999936819076538
1675.8042051423972 1.0000747442245483
1675.8250385551028 0.9999772906303406
1675.845871967556 1.0000172853469849
1675.8667053797806 1.0003525018692017
1675.887538791754 0.9999278783798218
1675.908372203495 1.0000580549240112
1675.9292056149866 0.9999436140060425
1675.9500390262476 1.0000321865081787
1675.9708724372565 1.0000113248825073
1675.9917058480344 1.000106930732727
1676.0125392585592 0.9999709129333496
1676.0333726688536 0.999977171421051
1676.0542060788953 1.0000320672988892
1676.0750394887034 1.0000094175338745
1676.0958728982603 0.9997931122779846
1676.1167063075845 0.9997930526733398
1676.1375397166569 0.9999106526374817
1676.1583731254964 0.9999591708183289
1676.1792065340805 0.9999068379402161
1676.2000399424332 0.9998807311058044
1676.2208733505315 0.9999290704727173
1676.2417067583951 0.9999834895133972
1676.2625401660057 0.99991774559021
1676.2833735733827 1.000033974647522
1676.304206980505 0.9999803304672241
1676.3250403873933 1.0
1676.345873794025 1.0000340938568115
1676.366707200424 0.9999817609786987
1676.3875406065647 1.0000450611114502
1676.4083740124731 0.9999893307685852
1676.429207418125 0.9999455809593201
1676.4500408235422 0.9997843503952026
1676.4708742287025 1.0001397132873535
1676.4917076336274 1.0000717639923096
1676.512541038294 1.0002177953720093
1676.5333744427264 1.0000100135803223
1676.5542078468986 0.9999421238899231
1676.575041250837 1.0000561475753784
1676.5958746545173 1.0000931024551392
1676.6167080579612 1.0000667572021484
1676.6375414611464 1.0001890659332275
1676.658374864094 1.0002590417861938
1676.6792082667832 1.0002104043960571
1676.7000416692356 1.0003025531768799
1676.720875071426 1.0001267194747925
1676.741708473381 1.0000648498535156
1676.762541875078 1.0001682043075562
1676.783375276533 1.0001795291900635
1676.8042086777295 1.0002861022949219
1676.8250420786867 1.0000466108322144
1676.8458754793837 1.0000730752944946
1676.8667088798416 1.0002343654632568
1676.8875422800363 0.9998824000358582
1676.9083756799937 1.0002086162567139
1676.9292090796891 0.9999659657478333
1676.9500424791447 1.000157117843628
1676.970875878338 1.0002120733261108
1676.9917092772896 1.0000320672988892
1677.0125426759796 1.0001038312911987
1677.0333760744288 0.9999990463256836
1677.0542094726125 0.9999198317527771
1677.075042870558 1.000077247619629
1677.0958762682376 1.000143051147461
1677.1167096656764 1.0002442598342896
1677.1375430628507 1.0000765323638916
1677.158376459782 1.0000699758529663
1677.179209856449 1.000132441520691
1677.2000432528714 1.000063419342041
1677.2208766490303 1.000182867050171
1677.2417100449481 1.0000113248825073
1677.2625434405957 1.0001893043518066
1677.2833768360015 1.0001029968261719
1677.3042102311406 1.0001572370529175
1677.3250436260346 1.0000107288360596
1677.3458770206623 0.9999790787696838
1677.3667104150431 1.000199556350708
1677.38754380916 0.9999218583106995
1677.4083772030299 0.9998721480369568
1677.429210596629 1.0002026557922363
1677.4500439899846 0.9999807476997375
1677.4708773830698 1.0002214908599854
1677.49171077591 1.0000122785568237
1677.5125441684802 1.0000241994857788
1677.5333775608035 0.9999126195907593
1677.5542109528553 0.9999661445617676
1677.575044344661 0.9998987913131714
1677.5958777361943 0.9999778270721436
1677.6167111274808 0.9997999668121338
1677.6375445184947 0.9998505711555481
1677.6583779092596 0.999778687953949
1677.6792112997555 0.9998139142990112
1677.7000446899988 0.9999213218688965
1677.720878079969 0.9998358488082886
1677.7417114696898 0.9998694658279419
1677.7625448591375 0.9998468160629272
1677.7833782483347 0.9998705387115479
1677.8042116372567 0.999866247177124
1677.8250450259293 1.0000827312469482
1677.845878414326 0.9999397397041321
1677.8667118024687 0.9998325705528259
1677.8875451903386 0.9999072551727295
1677.9083785779528 0.9998709559440613
1677.9292119652926 0.9999181628227234
1677.9500453523792 0.9998362064361572
1677.9708787391885 0.9997732043266296
1677.9917121257436 0.999917209148407
1678.0125455120187 0.9998601078987122
1678.033378898041 0.9998557567596436
1678.0542122837846 0.9997765421867371
1678.075045669272 0.9995486736297607
1678.0958790544803 0.9997336268424988
1678.1167124394337 0.9999730587005615
1678.1375458241043 0.9999857544898987
1678.1583792085194 0.9998728036880493
1678.1792125926518 0.9996854662895203
1678.2000459765266 0.9999217987060547
1678.2208793601199 0.9999325275421143
1678.241712743454 0.999805212020874
1678.2625461265068 0.9999099969863892
1678.2833795092984 0.9997595548629761
1678.3042128918069 1.0000132322311401
1678.3250462740552 0.9999666810035706
1678.3458796560167 0.9999958276748657
1678.3667130377191 0.9999539256095886
1678.3875464191356 1.000139832496643
1678.4083798002903 0.999768078327179
1678.4292131811578 0.9999812245368958
1678.4500465617618 1.000075340270996
1678.470879942079 0.9999281167984009
1678.4917133221322 1.0001511573791504
1678.5125467018981 1.000163197517395
1678.5333800814071 0.9997339844703674
1678.5542134606183 0.999901294708252
1678.5750468395627 0.9999493956565857
1678.595880218216 0.9999879598617554
1678.6167135966018 1.0002418756484985
1678.6375469746963 0.9999122619628906
1678.6583803525236 0.9997868537902832
1678.6792137300574 1.000083327293396
1678.7000471073225 0.9999363422393799
1678.7208804842915 0.9998990893363953
1678.7417138609926 1.000008463859558
1678.7625472373982 0.99983811378479
1678.783380613532 0.9998690485954285
1678.8250473649366 1.0000468492507935
1678.8458807402048 1.0000214576721191
1678.8667141152 0.999901294708252
1678.887547489894 0.9998682737350464
1678.9083808643156 0.9999473690986633
1678.9292142384365 0.9998766183853149
1678.9500476122823 1.000171422958374
1678.970880985826 1.0000232458114624
1678.991714359092 0.9999917149543762
1679.0125477320557 1.0000922679901123
1679.0333811047417 0.9999794363975525
1679.0542144771207 0.9999209642410278
1679.0750478492246 0.9999368190765381
1679.095881221018 0.9999796152114868
1679.116714592533 1.0000101327896118
1679.13754796374 0.9999104738235474
1679.1583813346645 0.9999527335166931
1679.1792147052804 0.9998459219932556
1679.200048075612 0.9997215867042542
1679.2208814456337 0.999880313873291
1679.2417148153713 0.9997774958610535
1679.2625481847936 0.9998224973678589
1679.2833815539316 0.9998145699501038
1679.3042149227551 0.9997913241386414
1679.3250482912897 0.999685525894165
1679.3458816595103 0.9996041655540466
1679.3667150274396 0.9997110962867737
1679.3875483950508 0.9995493292808533
1679.408381762372 0.9997072219848633
1679.4292151293723 0.9997389316558838
1679.450048496081 0.9997528195381165
1679.4708818624688 0.9998235106468201
1679.4917152285602 0.9995911121368408
1679.512548594329 0.9994929432868958
1679.5333819598002 0.999411940574646
1679.5542153249457 0.9995014071464539
1679.575048689794 0.999605119228363
1679.5958820543144 0.9992761611938477
1679.6167154185348 0.9997192025184631
1679.637548782424 0.9994812607765198
1679.658382146012 0.9996933937072754
1679.6792155092676 0.9994956851005554
1679.7000488722172 0.9995942711830139
1679.720882234836 0.9998143911361694
1679.7417155971461 0.9997844696044922
1679.7625489591176 0.9998694062232971
1679.7833823207823 0.9996923208236694
1679.8042156821066 0.9997908473014832
1679.8250490431208 0.9997551441192627
1679.8458824037937 0.9997045993804932
1679.8667157641514 0.9997535943984985
1679.8875491241652 0.9996189475059509
1679.9083824838613 0.9998354911804199
1679.9292158432118 0.9998737573623657
1679.950049202244 0.9996640086174011
1679.9708825609252 0.9998151659965515
1679.991715919286 0.9997011423110962
1680.012549277293 0.999762773513794
1680.0333826349752 0.9999118447303772
1680.0542159923018 0.9998214840888977
1680.0750493493 0.9997949600219727
1680.0958827059421 0.99942946434021
1680.1167160622526 0.9999123811721802
1680.137549418198 0.999933660030365
1680.1583827738127 0.9997175335884094
1680.1792161290596 0.9997351765632629
1680.2000494839717 0.9997965693473816
1680.2208828385142 0.9998458027839661
1680.2417161927156 0.9996979832649231
1680.262549546544 0.9998743534088135
1680.2833829000297 0.9998750686645508
1680.304216253135 0.9999060034751892
1680.3250496058963 0.9997686743736267
1680.3458829582753 0.9996613264083862
1680.3667163103044 0.9997164607048035
1680.3875496619464 0.9998048543930054
1680.408383013234 0.9997093677520752
1680.4292163641314 0.99988853931427
1680.4500497146698 0.9997603893280029
1680.4708830648135 0.9998239278793335
1680.4917164145957 0.9997007846832275
1680.5125497639744 0.9997240304946899
1680.5333831129885 0.9998751282691956
1680.5542164615968 1.0000169277191162
1680.5750498098337 0.9998414516448975
1680.5958831576593 0.9998728632926941
1680.616716505108 1.0001146793365479
1680.6375498521397 1.0000101327896118
1680.6583831987914 0.9998021721839905
1680.6792165450195 0.9999919533729553
1680.700049890863 0.9999915361404419
1680.7208832362758 0.9999327063560486
1680.7417165812974 1.0000027418136597
1680.7625499258838 0.9999556541442871
1680.7833832700712 0.9999236464500427
1680.8042166138189 0.9998558163642883
1680.8250499571616 0.9999173879623413
1680.8458833000534 0.9998455047607422
1680.8667166425364 0.999934196472168
1680.8875499845624 1.0001041889190674
1680.9083833261718 0.9999803304672241
1680.9292166673185 0.9999960660934448
1680.950050008039 1.0000123977661133
1680.9708833482882 0.9998320937156677
1680.9917166881035 0.9996268153190613
1681.01255002744 0.9998674392700195
1681.033383366339 0.9998937845230103
1681.0542167047447 0.9999573826789856
1681.075050042704 0.9998757839202881
1681.0958833801649 0.9998681545257568
1681.1167167171677 0.9999271631240845
1681.137550053663 1.0000280141830444
1681.1583833896927 0.9999266266822815
1681.1792167252033 0.9999859929084778
1681.2000500602383 0.999879002571106
1681.2208833947416 0.9998764991760254
1681.2417167287615 0.9998683929443359
1681.26255006224 1.0000542402267456
1681.283383395223 0.999780535697937
1681.3042167276521 0.9996907711029053
1681.3250500595736 0.9997206330299377
1681.34588339093 0.9999290108680725
1681.3667167217693 0.9998312592506409
1681.3875500520276 0.9997895359992981
1681.4083833817551 0.9998401999473572
1681.4292167108897 0.9998544454574585
1681.4500500394827 0.999874472618103
1681.4708833674683 0.9997944235801697
1681.491716694898 0.9997957348823547
1681.5125500217057 0.9998401403427124
1681.5333833479424 0.9999587535858154
1681.5542166735431 0.9997771978378296
1681.5750499985588 0.999862551689148
1681.5958833229226 0.999809980392456
1681.6167166466885 0.9999083876609802
1681.6375499697851 0.9999642372131348
1681.6583832922681 0.9999370574951172
1681.679216614067 0.9997038245201111
1681.7000499352382 0.999950647354126
1681.7208832557083 0.9999111294746399
1681.741716575536 0.9996446967124939
1681.7625498946452 0.9998223781585693
1681.7833832131003 0.9998343586921692
1681.8042165308236 0.9997492432594299
1681.8250498478774 0.9998311400413513
1681.8458831641865 0.9998463988304138
1681.8667164798128 0.9997212290763855
1681.8875497946844 0.9998960494995117
1681.9083831088653 0.999666154384613
1681.929216422281 0.9997598528862
1681.9500497349982 0.999750018119812
1681.9708830469472 0.9995025992393494
1681.991716358196 0.999603271484375
1682.012549668683 0.9995799660682678
1682.0333829784665 0.9997717142105103
1682.0542162874985 0.9997822642326355
1682.07504959584 0.9995653629302979
1682.09588290345 0.9995648860931396
1682.1167162103905 0.9995209574699402
1682.1375495166308 0.9995325207710266
1682.158382822232 0.9994728565216064
1682.2000494315412 0.9995564222335815
1682.2208827353215 0.9996544718742371
1682.2417160385664 0.9996626377105713
1682.262549341323 0.9995415806770325
1682.2833826436306 0.9996629953384399
1682.3042159455601 0.9995924234390259
1682.3250492471464 0.9995489120483398
1682.3458825484906 0.9995254874229431