1816.0968698790457 1.0014241933822632
1816.1177031611976 1.0017400979995728
1816.1385364413625 1.0016213655471802
1816.159369719678 1.001304268836975
1816.1802029961357 1.0011053085327148
1816.2010362708645 1.0011640787124634
1816.2218695438348 1.0009149312973022
1816.2427028151765 1.00081205368042
1816.263536084859 1.0002491474151611
1816.2843693530049 0.9996933341026306
1816.3052026195815 0.9994515776634216
1816.326035884695 0.9987887144088745
1816.346869148331 0.998318612575531
1816.3677024105903 0.9981068968772888
1816.3885356714366 0.9961685538291931
1816.4093689309748 0.9969642162322998
1816.4302021891683 0.9976281523704529
1816.4510354461165 0.9967173933982849
1816.4718687017821 0.9963362216949463
1816.4927019562597 0.9954915046691895
1816.513535209511 0.9975054264068604
1816.534368461627 0.9968615174293518
1816.5552017125685 0.9972624182701111
1816.576034962412 0.9972084760665894
1816.5968682111386 0.9976375699043274
1816.6177014588216 0.9988577961921692
1816.6385347054209 0.9991462230682373
1816.6593679510163 1.000674843788147
1816.6802011955683 1.0006953477859497
1816.7010344391538 1.0018748044967651
1816.7218676817324 1.0019582509994507
1816.7427009233784 1.002069115638733
1816.7635341640416 1.0026932954788208
1816.784367403814 1.0024347305297852
1816.8052006426446 1.0031883716583252
1816.8260338806033 1.0033717155456543
1816.8468671176495 1.0026350021362305
1816.8677003538508 1.0035932064056396
1816.8885335891664 1.0034395456314087
1816.909366823662 1.0038278102874756
1816.930200057297 1.0040125846862793
1816.9510332901252 1.0042071342468262
1816.971866522126 1.004585862159729
1816.9926997533514 1.0041394233703613
1817.0135329837615 1.0047138929367065
1817.0343662134162 1.003949522972107
1817.0551994422756 1.003157615661621
1817.0760326703983 1.0025697946548462
1817.096865897745 1.0028806924819946
1817.1176991243724 1.0009106397628784
1817.1385323502413 1.0000492334365845
1817.1593655753973 0.9998964071273804
1817.1801987998215 0.9990161061286926
1817.2010320235586 0.9982326030731201
1817.221865246569 0.997990608215332
1817.2426984689064 0.997319757938385
1817.2635316905323 0.9977508783340454
1817.2843649114989 0.9968762993812561
1817.3051981317674 0.9961223602294922
1817.3260313513892 0.9970200061798096
1817.3468645703163 0.9964109063148499
1817.367697788629 0.9965779781341553
1817.3885310062485 0.9972789287567139
1817.409364223255 0.9968963265419006
1817.4301974396 0.9970473051071167
1817.451030655333 0.9974662065505981
1817.4718638704155 0.9980944991111755
1817.4926970848953 0.9986067414283752
1817.5135302987355 0.998929500579834
1817.534363511983 0.9989641308784485
1817.5551967246004 1.0001518726348877
1817.5760299366236 0.999991774559021
1817.5968631480364 1.000017762184143
1817.6176963588741 1.0009807348251343
1817.6385295690998 1.0002033710479736
1817.6593627787581 1.0002309083938599
1817.6801959878132 1.0006905794143677
1817.701029196309 1.0006810426712036
1817.721862404209 1.000364899635315
1817.7426956115573 1.0002288818359375
1817.7635288183176 0.999616265296936
1817.7843620245333 0.999679684638977
1817.805195230158 0.9992527365684509
1817.8260284352543 0.9983011484146118
1817.846861639777 0.9983610510826111
1817.867694843768 0.9983009099960327
1817.8885280471918 0.9980117678642273
1817.9093612500897 0.9969664812088013
1817.9301944524266 0.9972051978111267
1817.951027654244 0.9971370100975037
1817.971860855506 0.9973628520965576
1817.9926940562536 0.9969540238380432
1818.0135272564523 0.9974057674407959
1818.0343604561322 0.9974068403244019
1818.0551936552781 0.9977824091911316
1818.07602685392 0.9979029893875122
1818.0968600520237 0.9991695284843445
1818.1176932496285 0.9985372424125671
1818.1385264466996 0.9992602467536926
1818.1593596432765 1.0000442266464233
1818.180192839325 1.0006135702133179
1818.2010260348836 1.0011600255966187
1818.2218592299184 1.0021594762802124
1818.2426924244576 1.002185344696045
1818.2635256184872 1.0028640031814575
1818.2843588120359 1.0031214952468872
1818.305192005069 1.003630518913269
1818.326025197625 1.0036286115646362
1818.3468583896702 1.0037205219268799
1818.3676915812416 1.0043423175811768
1818.3885247723063 1.0042117834091187
1818.4093579629007 1.004349708557129
1818.4301911529922 1.0046640634536743
1818.4510243426175 1.0043424367904663
1818.4718575317333 1.0045298337936401
1818.4926907203962 1.0051056146621704
1818.5135239085632 1.0045013427734375
1818.534357096271 1.0047813653945923
1818.555190283486 1.003784418106079
1818.5760234702443 1.0044010877609253
1818.5968566565139 1.0035312175750732
1818.6176898423303 1.0028852224349976
1818.6385230276605 1.0022892951965332
1818.6593562125404 1.001391887664795
1818.6801893969275 1.0003752708435059
1818.7010225808874 1.000032901763916
1818.7218557643473 0.9990829825401306
1818.7426889473725 0.9984127879142761
1818.7635221299208 0.9980906248092651
1818.7843553120272 0.9978036284446716
1818.8051884936594 0.9976757764816284
1818.8260216748522 0.9975026249885559
1818.8468548555736 0.997225284576416
1818.8676880358582 0.996595561504364
1818.888521215674 0.9968613386154175
1818.9093543950553 0.9979233145713806
1818.9301875739604 0.9973494410514832
1818.9510207524438 0.9972450137138367
1818.971853930463 0.9978147745132446
1818.9926871080527 0.9982478022575378
1819.0135202851811 0.9985843300819397
1819.034353461882 0.9984544515609741
1819.0551866381238 0.9998458027839661
1819.07601981394 0.9997841715812683
1819.0968529892998 0.9998747706413269
1819.1176861642364 1.0002065896987915
1819.1385193387182 1.0007433891296387
1819.159352512769 1.000807285308838
1819.1801856863772 1.0005594491958618
1819.2010188595664 1.001029133796692
1819.2218520323052 1.0011173486709595
1819.2426852046265 1.0003619194030762
1819.2635183764996 1.0008418560028076
1819.2843515479574 0.9997036457061768
1819.305184718969 0.9993444085121155
1819.3260178895666 0.999341607093811
1819.3468510597202 0.9989145398139954
1819.367684229462 0.9994061589241028
1819.388517398761 0.998318076133728
1819.40935056764 0.9981635808944702
1819.4301837360883 0.9976935386657715
1819.4510169041284 0.9977505803108215
1819.4718500717295 0.9972190260887146
1819.4926832389237 0.9972346425056458
1819.513516405681 0.9969335794448853
1819.534349572033 0.9972467422485352
1819.5551827379495 0.9974638223648071
1819.5760159034623 0.9977383613586426
1819.5968490685416 0.9984198808670044
1819.6176822332188 0.9983757734298706
1819.6385153974636 0.9989904165267944
1819.659348561298 0.9995052218437195
1819.6801817247217 1.0002754926681519
1819.7010148877266 1.0002704858779907
1819.7218480503122 1.0010590553283691
1819.7426812125 1.0012153387069702
1819.7635143742605 1.0026336908340454
1819.7843475356246 1.0028245449066162
1819.8051806965625 1.003267526626587
1819.8260138571056 1.0028964281082153
1819.8468470172243 1.003846526145935
1819.8676801769493 1.0036416053771973
1819.8885133362508 1.0048538446426392
1819.9093464951604 1.0042282342910767
1819.930179653638 1.003828763961792
1819.951012811735 1.0040781497955322
1819.9718459694109 1.0046883821487427
1819.9926791266976 1.0047444105148315
1820.013512283565 1.0048891305923462
1820.034345440044 1.0047792196273804
1820.055178596105 1.0041987895965576
1820.0760117517789 1.0048326253890991
1820.0968449070363 1.0037490129470825
1820.1176780619076 1.0041545629501343
1820.1385112163532 1.0026531219482422
1820.1593443704244 1.0020321607589722
1820.1801775240913 1.0014854669570923
1820.2010106773546 1.000707983970642
1820.2218438302148 1.0003304481506348
1820.2426769826925 0.9994779229164124
1820.2635101347585 0.9990407824516296
1820.2843432864431 0.9981071352958679
1820.305176437717 0.9979370832443237
1820.3260095886105 0.9970120787620544
1820.3468427390949 0.9971649050712585
1820.3676758891997 0.9966922998428345
1820.3885090388962 0.9971132874488831
1820.4093421882146 0.996802568435669
1820.4301753371258 0.9971815347671509
1820.4510084856497 0.9965266585350037
1820.4718416337776 0.9973694682121277
1820.4926747815293 0.9971773028373718
1820.513507928876 0.998201847076416
1820.5343410758476 0.9979811310768127
1820.555174222415 0.9985565543174744
1820.5760073686083 0.9989907145500183
1820.5968405143988 0.999294638633728
1820.617673659816 0.999274492263794
1820.6385068048312 1.000648856163025
1820.6593399494745 1.0003377199172974
1820.6801730937168 1.0000616312026978
1820.7010062375878 1.000333547592163
1820.7218393810485 1.0006914138793945
1820.7426725241494 1.0
1820.7635056668514 1.0009547472000122
1820.7843388091837 1.0001308917999268
1820.8051719511182 1.0000332593917847
1820.8260050926842 0.999597430229187
1820.8468382338533 0.9996986985206604
1820.8676713746547 0.9989750385284424
1820.88850451506 0.9985203146934509
1820.9093376550989 0.9978367686271667
1820.9301707947427 0.9975329637527466
1820.9510039340207 0.9977107644081116
1820.9718370728942 0.9974918365478516
1820.992670211413 0.9971392750740051
1821.0135033495387 0.9966410398483276
1821.0343364873004 0.9966844320297241
1821.0551696246694 0.9967724680900574
1821.0760027616755 0.996938943862915
1821.0968358982902 0.9966890215873718
1821.1176690345424 0.997607409954071
1821.1593353059043 0.9980006814002991
1821.180168441015 0.9983899593353271
1821.2010015757648 0.998629093170166
1821.221834710126 1.0000431537628174
1821.2426678441273 1.0003784894943237
1821.2635009777407 1.0008494853973389
1821.2843341109951 1.0016134977340698
1821.3051672438523 1.0016729831695557
1821.3260003763614 1.002671241760254
1821.3468335084845 1.0025945901870728
1821.36766664025 1.003301739692688
1821.38849977163 1.002125859260559
1821.4093329026537 1.00326406955719
1821.4301660332928 1.0029491186141968
1821.4509991635762 1.0039207935333252
1821.4718322934757 1.003442645072937
1821.4926654230205 1.002925992012024
1821.5134985521825 1.0044347047805786
1821.53433168099 1.004509687423706
1821.5551648094156 1.0047069787979126
1821.5759979374777 1.0044786930084229
1821.5968310651688 1.0041160583496094
1821.6176641925072 1.0038387775421143
1821.6384973194652 1.0030728578567505
1821.6593304460712 1.0031570196151733
1821.680163572298 1.0022751092910767
1821.7009966981734 1.0011303424835205
1821.72182982367 1.000976324081421
1821.7426629488164 1.000146508216858
1821.7634960735852 0.99955153465271
1821.784329198004 0.9990425705909729
1821.8051623220458 0.9979808330535889
1821.8259954457287 0.9978334307670593
1821.8468285690556 0.9977167248725891
1821.8676616920243 0.9977570176124573
1821.8884948146074 0.9967659115791321
1821.9093279368533 0.9970634579658508
1821.9301610587247 0.9971204400062561
1821.9509941802492 0.9968153238296509
1821.9718273014 0.9975789189338684
1821.9926604222048 0.9972644448280334
1822.013493542637 0.997525691986084
1822.034326662724 0.9979969263076782
1822.0551597824385 0.9986936450004578
1822.0759929018088 0.9987286329269409
1822.0968260208078 0.9992700219154358
1822.117659139463 0.9992811679840088
1822.1384922577479 0.9999294281005859
1822.1593253756896 0.9996227025985718
1822.180158493252 1.0005680322647095
1822.2009916104819 1.0007250308990479
1822.221824727343 1.0009092092514038
1822.2426578438626 1.000963807106018
1822.2634909600142 1.0012444257736206
1822.284324075825 1.0005404949188232
1822.3051571912686 1.0003952980041504
1822.3259903063722 1.0000357627868652
1822.3468234211095 1.0003063678741455
1822.3676565355076 1.0000786781311035
1822.38848964954 0.9997177720069885
1822.4093227632338 0.9993484616279602
1822.430155876563 0.9988391995429993
1822.4509889895544 0.9983162879943848
1822.471822102172 0.9977168440818787
1822.4926552144725 0.9977452158927917
1822.51348832639 0.9972637295722961
1822.5343214379811 0.9978061318397522
1822.55515454921 0.9970518946647644
1822.5759876601035 0.9973958134651184
1822.5968207706358 0.9974603652954102
1822.6176538808327 0.9975097179412842
1822.6384869906697 0.998230516910553
1822.6593201001724 0.9981594085693359
1822.6801532093157 0.9987926483154297
1822.7009863181252 0.9991719722747803
1822.7218194265763 0.9994996190071106
1822.742652534695 1.0004390478134155
1822.7634856424556 1.0008816719055176
1822.7843187498845 1.0014326572418213
1822.8051518569462 1.0020290613174438
1822.8259849636972 1.0032463073730469
1822.846818070082 1.0034099817276
1822.8676511761264 1.0028876066207886
1822.8884842818256 1.003838300704956
1822.9093173871956 1.0037987232208252
1822.9301504922112 1.0037330389022827
1822.950983596898 1.0053492784500122
1822.9718167012313 1.0039082765579224
1822.992649805237 1.0035481452941895
1823.01348290889 1.0048538446426392
1823.0343160122159 1.0050939321517944
1823.0551491151903 1.004472017288208
1823.0759822178386 1.0048993825912476
1823.0968153201359 1.0045995712280273
1823.117648422108 1.0051696300506592
1823.13848152372 1.0042682886123657
1823.159314625028 1.0038583278656006
1823.1801477259667 1.0033611059188843
1823.2009808265918 1.0029964447021484
1823.2218139268691 1.001932978630066
1823.2426470268235 1.0011732578277588
1823.263480126431 1.001028299331665
1823.2843132257165 1.0002162456512451
1823.3051463246559 0.9996073842048645
1823.3259794232745 0.9985559582710266
1823.3468125215477 0.9977024793624878
1823.3676456195008 0.9975979328155518
1823.3884787171098 0.997757077217102
1823.4093118143999 0.9968008399009705
1823.4301449113466 0.9975484609603882
1823.450978007975 0.9969913363456726
1823.4718111042612 0.9975409507751465
1823.4926442002304 0.997294008731842
1823.5134772958581 0.9976198077201843
1823.5343103911596 0.997391939163208
1823.5551434861309 0.9982908964157104
1823.5759765807868 0.998063862323761
1823.5968096751037 0.9994540214538574
1823.617642769106 0.9993407726287842
1823.6384758627703 0.9997132420539856
1823.6593089561213 1.0000826120376587
1823.6801420491354 1.0007075071334839
1823.7009751418368 1.0011730194091797
1823.7218082342026 1.000572681427002
1823.742641326257 1.0014879703521729
1823.7634744179766 1.0012439489364624
1823.7843075093856 1.0011776685714722
1823.805140600461 1.0013551712036133
1823.8259736912275 1.0013759136199951
1823.8468067816614 1.0003811120986938
1823.8676398717766 1.0001505613327026
1823.8884729615709 1.0004533529281616
1823.9093060510681 0.9998456835746765
1823.930139140215 0.9994727373123169
1823.9509722290657 0.9996671676635742
1823.9718053175877 0.9988726377487183
1823.9926384058049 0.9983043670654297
1824.0134714936944 0.9979279637336731
1824.03430458128 0.9978317618370056
1824.0551376685391 0.9974384903907776
1824.0759707554957 0.9977526068687439
1824.0968038421274 0.9978374242782593
1824.1176369284574 0.9971743822097778
1824.1384700144636 0.9976679086685181
1824.1593031001698 0.9980468153953552
1824.1801361855535 0.9987645149230957
1824.2009692706379 0.9986449480056763
1824.2218023554015 0.9989625215530396
1824.2426354398674 1.0000454187393188
1824.2634685240037 1.000357747077942
1824.2843016078532 1.0008964538574219
1824.3051346913846 1.0016034841537476
1824.3259677746212 1.001685380935669
1824.3468008575405 1.0028419494628906
1824.3676339401663 1.0035756826400757
1824.3884670224768 1.003711223602295
1824.409300104495 1.0043343305587769
1824.4301331861993 1.0041779279708862
1824.4509662676126 1.0039433240890503
1824.4717993487136 1.0041265487670898
1824.4926324295252 1.0046151876449585
1824.5134655100262 1.0045102834701538
1824.534298590239 1.0049556493759155
1824.5551316701428 1.0047539472579956
1824.5759647497603 1.0051860809326172
1824.5967978290703 1.005370020866394
1824.6176309080952 1.0049715042114258
1824.6384639868045 1.005486249923706
1824.6592970652405 1.0052590370178223
1824.6801301433827 1.0048929452896118
1824.700963221223 1.003787875175476
1824.7217962987713 1.0035079717636108
1824.7426293760398 1.0030101537704468
1824.7634624530076 1.0017287731170654
1824.7842955296971 1.0015250444412231
1824.8051286060886 1.0001028776168823
1824.8259616822036 1.0002928972244263
1824.8467947580216 0.9990236759185791
1824.8676278335654 0.9990552067756653
1824.8884609088147 0.998204231262207
1824.9092939837913 0.9974803924560547
1824.9301270584751 0.9974349737167358
1824.9509601328882 0.9972795248031616
1824.9717932070112 0.997646152973175
1824.9926262808651 0.997853696346283
1825.013459354431 0.9976781010627747
1825.03429242773 0.9975465536117554
1825.0551255007333 0.9976044297218323
1825.0759585734916 0.9982210993766785
1825.0967916459463 0.9989165663719177
1825.1176247181486 0.9990260004997253
1825.1384577900699 0.9996625185012817
1825.1592908617306 0.9992547035217285
1825.1801239331126 1.0000922679901123
1825.2009570042367 1.0001718997955322
1825.2217900750845 1.0008467435836792
1825.2426231456768 1.0009970664978027
1825.2634562159953 1.0010918378829956
1825.2842892860606 1.0015276670455933
1825.3051223558552 1.0015723705291748
1825.3259554253991 1.0012342929840088
1825.346788494675 1.0013031959533691
1825.3676215637026 1.0011507272720337
1825.3884546324655 1.0006985664367676
1825.4092877009825 1.0001626014709473
1825.4301207692376 1.0000864267349243
1825.4509538372502 0.9990730881690979
1825.4717869050037 0.9995242357254028
1825.4926199725176 0.9987670183181763
1825.5134530397654 0.9984084963798523
1825.5342861067868 0.9982730150222778
1825.5551191735558 0.9978559017181396
1825.575952240091 0.9977887868881226
1825.5967853063773 0.9977745413780212
1825.617618372433 0.9973241090774536
1825.6384514382437 0.997769296169281
1825.6592845038272 0.9974138736724854
1825.680117569169 0.9979674220085144
1825.7009506342872 0.997941792011261
1825.7217836991679 0.9986940026283264
1825.7426167638282 0.9986482262611389
1825.763449828255 0.9992102980613708
1825.7842828924654 1.0002268552780151
1825.8051159564466 1.0007257461547852
1825.8259490202154 1.001130223274231
1825.8467820837589 1.0013693571090698
1825.867615147094 1.0023101568222046
1825.888448210209 1.002661108970642
1825.9092812731194 1.003123164176941
1825.930114335804 1.0037813186645508
1825.9509473983092 1.0038251876831055
1825.9717804605937 1.0038464069366455
1825.9926135226829 1.0042784214019775
1826.0134465845563 1.0039079189300537
1826.0342796462496 1.0040233135223389
1826.0551127077426 1.0047048330307007
1826.0759457690503 1.0049043893814087
1826.0967788301634 1.0043249130249023
1826.1176118910964 1.004852533340454
1826.159278012411 1.0051788091659546
1826.1801110727984 1.0045548677444458
1826.200944133017 1.0043115615844727
1826.2217771930598 1.003854513168335
1826.2426102529396 1.0035303831100464
1826.2634433126502 1.0025626420974731
1826.2842763722047 1.001158595085144
1826.3051094315972 1.0011764764785767
1826.3259424908397 1.0002769231796265
1826.3467755499278 0.9999915361404419
1826.3676086088728 0.9991886019706726
1826.388441667672 0.9984331727027893
1826.409274726335 0.9978076815605164
1826.4301077848502 0.9974222183227539
1826.4509408432473 0.9976796507835388
1826.4717739015255 0.9969775080680847
1826.4926069596638 0.9973158836364746
1826.513440017692 0.9976059794425964
1826.534273075609 0.9970487356185913
1826.555106133416 0.9971371293067932
1826.575939191121 0.9971203804016113
1826.596772248726 0.9976100325584412
1826.6176053062386 0.998103141784668
1826.6384383636625 0.9981613755226135
1826.659271421004 0.9988192319869995
1826.680104478268 0.9990148544311523
1826.700937535461 0.9992038011550903
1826.7217705925889 0.9996048808097839
1826.7426036496565 1.0004924535751343
1826.7634367066723 1.0009069442749023
1826.7842697636404 1.0008844137191772
1826.8051028205707 1.0008161067962646
1826.8259358774658 1.0011746883392334
1826.846768934338 1.0014418363571167
1826.8676019911886 1.0009088516235352
1826.8884350480323 1.0008413791656494
1826.9092681048692 1.001009464263916
1826.930101161716 1.0005412101745605
1826.9509342185718 0.9997075796127319
1826.9717672754555 0.9997979998588562
1826.9926003323549 0.9992443919181824
1827.013433389311 0.9990392923355103
1827.0342664463114 0.9979401230812073
1827.0550995033796 0.9978132843971252
1827.0759325605104 0.9980826377868652
1827.0967656177318 0.9975901246070862
1827.1175986750368 0.9974740147590637
1827.138431732456 0.9974337220191956
1827.1592647899809 0.997830331325531
1827.1800978476458 0.9972739815711975
1827.2009309054408 0.9978911280632019
1827.2217639634039 0.9982450604438782
1827.2425970215222 0.9989258646965027
1827.263430079839 0.9990289211273193
1827.2842631383396 0.9998239874839783
1827.305096197071 0.999612033367157
1827.325929256016 1.0007882118225098
1827.3467623152278 1.0015556812286377
1827.3675953746863 1.0021306276321411
1827.38842843445 1.0034222602844238
1827.409261494496 1.0030603408813477
1827.430094554889 1.0038167238235474
1827.4509276156036 1.0037155151367188
1827.4717606767113 1.0039701461791992
1827.4925937381827 1.0043573379516602
1827.5134268000872 1.0047146081924438
1827.5342598624222 1.0043449401855469
1827.555092925245 1.0049701929092407
1827.575925988519 1.0049623250961304
1827.596759052361 1.0053949356079102
1827.6175921167203 1.0052213668823242
1827.6384251817035 1.0054574012756348
1827.659258247265 1.00529146194458
1827.680091313523 1.0052143335342407
1827.700924380427 1.0056743621826172
1827.7217574481076 1.0048868656158447
1827.7425905165078 1.0043883323669434
1827.7634235857731 1.003998041152954
1827.7842566558395 1.0031260251998901
1827.8050897268677 1.0030030012130737
1827.825922798787 1.002466082572937
1827.8467558717746 1.001562476158142
1827.8675889457522 1.000389814376831
1827.8884220209152 1.000380516052246
1827.9092550971761 1.0000914335250854
1827.9300881747506 0.9987964034080505
1827.9509212535418 0.9980244040489197
1827.971754333785 0.9978893399238586
1828.992576561569 1.003243088722229
1829.013409637455 1.0037249326705933
1829.0342427109692 1.003659725189209
1829.0550757820772 1.0033814907073975
1829.075908850955 1.0044670104980469
1829.0967419175747 1.0045958757400513
1829.117574982101 1.0046911239624023
1829.1384080445082 1.003798007965088
1829.159241104952 1.0045685768127441
1829.180074163407 1.0045411586761475
1829.2009072200192 1.00526762008667
1829.2217402747629 1.0047417879104614
1829.242573327775 1.0044690370559692
1829.2634063790297 1.0041722059249878
1829.284239428655 1.0030040740966797
1829.3050724766229 1.0027906894683838
1829.3259055230556 1.0026031732559204
1829.3467385679232 1.0011307001113892
1829.3675716113405 1.0007930994033813
1829.3884046532764 0.9998573660850525
1829.40923769384 0.9996178150177002
1829.4300707329985 0.9989286065101624
1829.4509037708553 0.9982040524482727
1829.4717368073768 0.9973021745681763
1829.4925698426612 0.9972630739212036
1829.5134028766736 0.9970989227294922
1829.5342359095077 0.9966186285018921
1829.5550689411177 0.9963370561599731
1829.5759019716131 0.9966748952865601
1829.5967350009578 0.9959990382194519
1829.6175680292167 0.9967608451843262
1829.6384010563534 0.9958968758583069
1829.6592340824693 0.9965754151344299
1829.6800671075275 0.9971141219139099
1829.7009001315764 0.9973567724227905
1829.7217331546083 0.9976155757904053
1829.7425661766886 0.9983044862747192
1829.76339919778 0.998310387134552
1829.7842322179547 0.9984788298606873
1829.8050652371749 0.9981449842453003
1829.8258982555105 0.9991552233695984
1829.846731272924 0.9997454285621643
1829.8675642894825 0.9989705681800842
1829.8883973051484 0.9991788864135742
1829.909230319987 1.0003162622451782
1829.9300633339606 0.9996040463447571
1829.9508963471321 0.9988856315612793
1829.971729359464 0.9992477297782898
1829.992562371018 0.9987807273864746
1830.013395381756 0.9982616901397705
1830.0342283917378 0.9989157915115356
1830.0550614009258 0.9978993535041809
1830.0758944093782 0.9971640706062317
1830.0967274170573 0.9967266917228699
1830.11756042402 0.9964863657951355
1830.1383934302285 0.9967782497406006
1830.1592264357382 0.9965285062789917
1830.1800594405124 0.9961875677108765
1830.2008924446043 0.996199369430542
1830.2217254479772 0.9965046048164368
1830.2425584506836 0.9976651072502136
1830.263391452687 0.9965456128120422
1830.2842244540386 0.9973652958869934
1830.3050574547015 0.9970828294754028
1830.3258904547267 0.9977605938911438
1830.3467234540776 0.9986779093742371
1830.3675564528035 0.9990507364273071
1830.3883894508679 1.0000661611557007
1830.4092224483195 1.0004295110702515
1830.4300554451227 1.0010180473327637
1830.4508884413242 1.001897931098938
1830.4717214368884 1.0023791790008545
1830.4925544318523 1.0027241706848145
1830.5133874262103 1.0029019117355347
1830.5342204199778 1.0032912492752075
1830.5550534131196 1.0033321380615234
1830.575886405701 1.004136323928833
1830.596719397687 1.0035964250564575
1830.617552389091 1.0033001899719238
1830.6383853799089 1.0039734840393066
1830.6592183701741 1.0042800903320312
1830.6800513598519 1.0037856101989746
1830.700884348985 1.0046993494033813
1830.721717337539 1.0044026374816895
1830.7425503255567 1.004597544670105
1830.7633833130033 1.0040689706802368
1830.7842162999204 1.0042001008987427
1830.8050492862744 1.0038193464279175
1830.8258822721061 1.0027384757995605
1830.846715257382 1.0028027296066284
1830.8675482421418 1.0018000602722168
1830.888381226353 1.0006076097488403
1830.9092142100549 0.9998860955238342
1830.9300471932143 0.9992652535438538
1830.9508801758705 0.9994423985481262
1830.9717131579905 0.9985697269439697
1830.9925461396135 0.9975566864013672
1831.013379120706 0.9974793195724487
1831.034212101307 0.9973146319389343
1831.0550450813835 0.9965950846672058
1831.0758780609738 0.9964388608932495
1831.096711040045 0.9968059659004211
1831.1175440186348 0.996142566204071
1831.138376996711 0.9967746138572693
1831.159209974311 0.9976958632469177
1831.180042951402 0.9974103569984436
1831.200875928021 0.9974956512451172
1831.2217089041367 0.9981014132499695
1831.2425418797848 0.9979395866394043
1831.2633748549338 0.998184859752655
1831.2842078296194 0.9992768168449402
1831.3050408038105 0.9996062517166138
1831.3258737775427 0.9995879530906677
1831.346706750784 0.9998801946640015
1831.3675397235706 1.0002226829528809
1831.3883726958707 1.0007402896881104
1831.4092056677196 1.000238299369812
1831.430038639086 1.000527262687683
1831.4508716100047 1.0003827810287476
1831.4717045804448 1.0003533363342285
1831.4925375504408 1.0002715587615967
1831.5133705199617 1.0000965595245361
1831.5342034890318 0.9993774890899658
1831.5550364576504 0.9994702935218811
1831.5758694258216 0.9986684918403625
1831.5967023935245 0.998712956905365
1831.6175353607832 0.9983055591583252
1831.638368327587 0.9980199337005615
1831.6592012939695 0.9975765347480774
1831.6800342598801 0.9971757531166077
1831.7008672253523 0.9970659613609314
1831.721700190376 0.9972921013832092
1831.742533154984 0.9969413876533508
1831.7633661191262 0.9971842169761658
1831.7841990828354 0.9974678754806519
1831.8050320461018 0.9967300891876221
1831.825865008948 0.9975910186767578
1831.8466979713442 0.9981259107589722
1831.8675309333223 0.9988413453102112
1831.8883638948532 0.999182403087616
1831.909196855969 1.0004040002822876
1831.9300298166395 1.0013173818588257
1831.950862776897 1.0009337663650513
1831.9716957367125 1.0016818046569824
1831.9925286961177 1.0017720460891724
1832.0133616550825 1.002817988395691
1832.0341946136389 1.0027776956558228
1832.0550275717578 1.0035600662231445
1832.0758605294707 1.0036243200302124
1832.096693486748 1.0040029287338257
1832.1175264436215 1.0040870904922485
1832.1383594000617 1.0037384033203125
1832.1591923561 1.0048338174819946
1832.1800253117074 1.0041704177856445
1832.2008582669146 1.005051612854004
1832.221691221693 1.0045123100280762
1832.2425241760736 1.0048350095748901
1832.263357130027 1.0047634840011597
1832.2841900835845 1.0045690536499023
1832.3050230367169 1.0047472715377808
1832.3258559894552 1.0045497417449951
1832.3466889417705 1.003423810005188
1832.367521893693 1.0031752586364746
1832.3883548451947 1.0020567178726196
1832.4091877963058 1.0015416145324707
1832.4300207469971 1.0008107423782349
1832.4508536972996 0.9996753334999084
1832.4716866471847 0.9995792508125305
1832.4925195966825 0.998579204082489
1832.513352545764 0.998143196105957
1832.5341854944602 0.9973984956741333
1832.5550184427423 0.9976573586463928
1832.57585139064 0.9969966411590576
1832.5966843381252 0.9967869520187378
1832.6175172852281 0.996738851070404
1832.63835023192 0.9973191618919373
1832.659183178231 0.9971835017204285
1832.6800161241322 0.9975700974464417
1832.7008490696542 0.9975584745407104
1832.7216820147682 0.9979901313781738
1832.7425149595042 0.9978134036064148
1832.7633479038336 0.9986106157302856
1832.7841808477867 0.9990586042404175
1832.8050137913349 0.999386727809906
1832.8258467345076 0.9998586177825928
1832.8466796772768 1.0003794431686401
1832.8675126196722 1.0003366470336914
1832.8883455616658 1.000622272491455
1832.9091785032865 1.000378131866455
1832.9300114445066 1.0003255605697632
1832.9508443853554 1.0006554126739502
1832.9716773258049 1.0010119676589966
1832.9925102658844 1.0005992650985718
1833.0133432055657 1.0005253553390503
1833.0341761448783 1.0005428791046143
1833.0550090837946 1.0001145601272583
1833.075842022343 0.9993962049484253
1833.0966749604959 0.9994949698448181
1833.1175078982826 0.9987605810165405
1833.1383408356753 0.9985418319702148
1833.1591737727026 0.9979364275932312
1833.180006709337 0.9978395700454712
1833.2008396456074 0.9973939061164856
1833.221672581486 0.9974362254142761
1833.242505517002 0.9968158602714539
1833.263338452127 0.9974489212036133
1833.2841713868906 0.9973853230476379
1833.3050043212647 0.99762362241745
1833.3258372552782 0.9981400370597839
1833.3466701889035 0.9981837272644043
1833.367503122169 0.9983178973197937
1833.3883360550478 0.9994646906852722
1833.409168987568 0.9989339709281921
1833.430001919702 0.9999217391014099
1833.4508348514685 1.0006117820739746
1833.4716677828703 1.0014910697937012
1833.4925007138954 1.001564383506775
1833.513333644547 1.002334475517273
1833.5341665748429 1.0028212070465088
1833.5549995047663 1.0034077167510986
1833.575832434325 1.0038142204284668
1833.5966653634923 1.0034230947494507
1833.617498292316 1.0042458772659302
1833.6383312207693 1.0042108297348022
1833.6591641488596 1.0044269561767578
1833.6799970765605 1.004424810409546
1833.70083000392 1.004679799079895
1833.721662930911 1.0047181844711304
1833.7424958575411 1.0054892301559448
1833.7633287837837 1.0048837661743164
1833.7841617096865 1.0047940015792847
1833.804994635213 1.0042144060134888
1833.8258275603905 1.0050348043441772
1833.8466604851924 1.0040349960327148
1833.8674934096464 1.004033088684082
1833.888326333726 1.0032659769058228
1833.9091592574582 1.0019608736038208
1833.9299921808167 1.0018166303634644
1833.9508251038294 1.0007901191711426
1833.9716580264694 1.00032639503479
1833.9924909487638 0.9996738433837891
1834.0133238706865 0.9981594085693359
1834.0341567922649 0.9985963106155396
1834.0549897134724 0.9970294833183289
1834.0758226343364 0.9976396560668945
1834.0966555548302 0.9967537522315979
1834.1174884749817 0.9967622756958008
1834.138321394764 0.9971386194229126
1834.159154314204 0.996545672416687
1834.1799872332763 0.9968971014022827
1834.2008201520075 0.9970403909683228
1834.2216530703715 0.9974473118782043
1834.242485988395 0.9980590343475342
1834.2841518233704 0.997874915599823
1834.3049847403229 0.9984862208366394
1834.3258176569364 0.9992574453353882
1834.3466505731856 0.9998166561126709
1834.367483489097 0.9995063543319702
1834.3883164046447 1.0002671480178833
1834.409149319855 1.000046730041504
1834.4299822347027 1.0000203847885132
1834.4508151492141 1.0009008646011353
1834.4716480633638 1.001078486442566
1834.4924809771774 1.0004405975341797
1834.5133138906301 1.0004262924194336
1834.5341468037482 0.9998380541801453
1834.554979716506 1.000008225440979
1834.5758126289295 0.9999679923057556
1834.596645540994 0.9999279975891113
1834.617478452725 0.9994580745697021
1834.6383113640975 0.9986692667007446
1834.6591442751374 0.999390721321106
1834.6799771858196 0.998239278793335
1834.70081009617 0.9977769255638123
1834.7216430061637 0.997662365436554
1834.742475915826 0.9975234270095825
1834.7633088251325 0.996834933757782
1834.7841417341087 0.9970797300338745
1834.8049746427298 0.997785747051239
1834.8258075510212 0.9981709122657776
1834.846640458958 0.9976252317428589
1834.8674733665664 0.9978350400924683
1834.888306273821 0.999009370803833
1834.9091391807474 0.9989298582077026
1834.9299720873212 0.9995383024215698
1834.9508049935675 0.9993689656257629
1834.971637899462 1.0001832246780396
1834.9924708050298 1.0012555122375488
1835.0133037102464 1.0015584230422974
1835.0341366151374 1.0020453929901123
1835.0549695196778 1.0023940801620483
1835.075802423893 1.0029408931732178
1835.0966353277586 1.003064751625061
1835.1174682313 1.0035572052001953
1835.1383011344926 1.003548264503479
1835.1591340373616 1.0036262273788452
1835.1799669398824 1.0041512250900269
1835.2007998420806 1.0037754774093628
1835.2216327439314 1.0040514469146729
1835.24246564546 1.0046724081039429
1835.2632985466423 1.0044687986373901
1835.2841314475033 1.0049275159835815
1835.3049643480185 1.0044955015182495
1835.325797248213 1.004757046699524
1835.3466301480628 1.0048960447311401
1835.3674630475928 1.0043816566467285
1835.3882959467785 1.0034441947937012
1835.409128845645 1.0028842687606812
1835.4299617441682 1.002392053604126
1835.4507946423732 1.001649022102356
1835.4716275402357 1.001792073249817
1835.4924604377802 1.0007816553115845
1835.5132933349832 0.9996621608734131
1835.5341262318695 0.9990882873535156
1835.5549591284148 0.9985002279281616
1835.5757920246438 0.9975200891494751
1835.5966249205326 0.9963029623031616
1835.6174578161063 0.9967399835586548
1835.6382907113405 0.9969417452812195
1835.65912360626 0.9964110255241394
1835.679956500841 0.9965720772743225
1835.7007893951081 0.9971784353256226
1835.7216222890374 0.9961276650428772
1835.7424551826537 0.9973219633102417
1835.7632880759331 0.9972197413444519
1835.7841209689002 0.998589813709259
1835.804953861531 0.9981117248535156
1835.8257867538503 0.9980658292770386
1835.8466196458344 0.9990443587303162
1835.8674525375077 0.9994360208511353
1835.888285428846 0.999958336353302
1835.9091183198748 1.0004963874816895
1835.92995121057 1.000146508216858
1835.9507841009556 1.0002018213272095
1835.9716169910084 1.0007723569869995
1835.9924498807527 1.0005027055740356
1836.0132827701652 1.0008455514907837
1836.03411565927 1.000716209411621
1836.0549485480433 1.0006768703460693
1836.07578143651 1.0000839233398438
1836.0966143246462 1.0002566576004028
1836.1174472124765 0.9998183846473694
1836.138280099977 0.9994038343429565
1836.1591129871724 0.9985842108726501
1836.1799458740393 0.9990664124488831
1836.2007787606017 0.9981975555419922
1836.221611646836 0.9978970289230347
1836.2424445327667 0.9975520968437195
1836.263277418371 0.9967854022979736
1836.284110303672 0.9968301057815552
1836.304943188647 0.9970341920852661
1836.3257760733202 0.9973746538162231
1836.3466089576682 0.9968839287757874
1836.367441841715 0.9971495866775513
1836.3882747254374 0.9975398778915405
1836.4091076088596 0.9986393451690674
1836.4299404919586 0.9988685250282288
1836.450773374758 0.9991775751113892
1836.471606257235 0.9995350241661072
1836.4924391394131 1.0003434419631958
1836.5132720212703 1.0012904405593872
1836.5341049028293 1.0016361474990845
1836.5549377840678 1.002354383468628
1836.5757706650095 1.0025990009307861
1836.5966035456318 1.003434419631958
1836.6174364259577 1.0037747621536255
1836.6382693059652 1.0036025047302246
1836.6591021856775 1.004203200340271
1836.6799350650724 1.0042321681976318
1836.7007679441729 1.00447678565979
1836.7216008229566 1.004393219947815
1836.742433701447 1.0049622058868408
1836.763266579622 1.0041245222091675
1836.7840994575045 1.0048513412475586
1836.8049323350722 1.0047765970230103
1836.8257652123486 1.0051884651184082
1836.8465980893116 1.0047210454940796
1836.8674309659839 1.005008339881897
1836.8882638423436 1.0048245191574097
1836.9090967184136 1.004178524017334
1836.9299295941726 1.003525733947754
1836.9507624696425 1.0033745765686035
1836.9715953448022 1.002318024635315
1836.9924282196744 1.0024408102035522
1837.0132610942371 1.0007407665252686
1837.0340939685134 1.0002238750457764
1837.0549268424813 0.999354898929596
1837.0757597161637 0.999266505241394
1837.0965925895491 0.998119056224823
1837.11742546263 0.9983890056610107
1837.1382583354148 0.9974479079246521
1837.1590912079162 0.9972290992736816
1837.1799240801129 0.9978212714195251
1837.2007569520272 0.9975622892379761
1837.2215898236377 0.9971057176589966
1837.242422694977 0.9972593784332275
1837.2632555660039 0.9972706437110901
1837.2840884367404 0.9980613589286804
1837.304921307186 0.998084306716919
1837.3257541773526 0.9985108971595764
1837.3465870472291 0.9987917542457581
1837.3674199168074 0.9996548891067505
1837.3882527860976 0.9995337128639221
1837.4090856551206 0.9998608827590942
1837.4299185238367 1.0000983476638794
1837.4507513922667 1.0004829168319702
1837.471584260411 1.0008307695388794
1837.492417128291 1.0008671283721924
1837.5132499958663 1.001010537147522
1837.5340828631681 1.0010737180709839
1837.5549157301768 1.001529574394226
1837.5757485969139 1.0010020732879639
1837.596581463359 1.0011411905288696
1837.6174143295332 1.0004606246948242
1837.6382471954173 1.0000619888305664
1837.659080061032 1.0005385875701904
1837.6799129263577 0.9996742606163025
1837.7007457914153 0.9993652701377869
1837.7215786561758 0.9989323616027832
1837.7424115206895 0.998565137386322
1837.7632443849075 0.9981785416603088
1837.78407724886 0.9987355470657349
1837.8049101125284 0.9985173344612122
1837.8257429759328 0.9974510073661804
1837.8465758390548 0.9978819489479065
1837.8674087019142 0.9977399706840515
1837.8882415644928 0.9981470108032227
1837.9090744268103 0.9973926544189453
1837.9299072888487 0.9982168078422546
1837.9507401506276 0.9987857937812805
1837.9715730121288 0.9996227025985718
1837.9924058733727 1.0000113248825073
1838.0132387343403 1.0006922483444214
1838.034071595052 1.0009781122207642
1838.0549044554896 1.0018848180770874
1838.075737315673 1.0020138025283813
1838.096570175584 1.003299355506897
1838.1174030352422 1.003413200378418
1838.13823589463 1.0035771131515503
1838.1590687537673 1.0040050745010376
1838.179901612636 1.004360556602478
1838.2007344712554 1.0042074918746948
1838.2215673296087 1.004764437675476
1838.2424001877146 1.004631519317627
1838.2632330455563 1.0043176412582397
1838.2840659031524 1.0053602457046509
1838.3048987604864 1.0053954124450684
1838.3257316175773 1.0052518844604492
1838.3465644744078 1.0054268836975098
1838.367397330997 1.0052160024642944
1838.3882301873286 1.0053764581680298
1838.409063043421 1.0052516460418701
1838.4298958992576 1.0048720836639404
1838.4507287548572 1.004416584968567
1838.4715616102037 1.0037397146224976
1838.4923944653156 1.002586007118225
1838.5132273201766 1.0022679567337036
1838.5340601748048 1.001520037651062
1838.554893029185 1.000794768333435
1838.575725883335 1.0002152919769287
1838.5965587372395 0.998838484287262
1838.6173915909162 0.9984824657440186
1838.63822444435 0.9982125163078308
1838.6590572975588 0.9974873661994934
1838.679890150527 0.9981079697608948
1838.7007230032727 0.9981322288513184
1838.7423887080702 0.9969439506530762
1838.7632215601245 0.9971950650215149
1838.7840544119617 0.9974159598350525
1838.804887263568 0.997408926486969
1838.8257201149595 0.9975284337997437
1838.8465529661232 0.9986425042152405
1838.8673858170757 0.9991371035575867
1838.8882186678036 0.9994223713874817
1838.9090515183232 0.9993607997894287
1838.9298843686215 1.0000851154327393
1838.9507172187148 1.0002202987670898
1838.9715500685904 1.0002940893173218
1838.9923829182644 1.0002243518829346
1839.0132157677244 1.0004522800445557
1839.0340486169862 1.0007197856903076
1839.0548814660378 1.001007080078125
1839.0757143148946 1.0009886026382446
1839.0965471635454 1.0007497072219849
1839.1173800120052 1.0012333393096924
1839.1382128602634 1.0001683235168457
1839.1590457083341 1.0002626180648804
1839.1798785562073 0.9996007084846497
1839.2007114038975 0.9991405010223389
1839.2215442513946 0.9990178942680359
1839.2423770987127 0.9987672567367554
1839.2632099458426 0.9985036849975586
1839.284042792798 0.9977304339408875
1839.30487563958 0.9974619150161743
1839.3257084861818 0.9971803426742554
1839.3465413325955 0.9976726770401001
1839.3673741788539 0.9971635341644287
1839.3882070249397 0.997615396976471
1839.409039870875 0.9971455931663513
1839.4298727166229 0.9971501231193542
1839.450705562226 0.9978987574577332
1839.4715384076678 0.9982073903083801
1839.4923712529699 0.9987457990646362
1839.5340369430899 0.9999909400939941
1839.5548697879442 0.9999426007270813
1839.5757026326505 1.0005308389663696
1839.596535477215 1.0012538433074951
1839.6173683216477 1.0026803016662598
1839.638201165946 1.0023455619812012
1839.6590340101188 1.0029574632644653
1839.6798668541644 1.003165364265442
1839.700699698092 1.0032023191452026
1839.7215325419004 1.0034815073013306
1839.7423653855979 1.0036695003509521
1839.763198229184 1.0038033723831177
1839.7840310726672 1.0032131671905518
1839.8048639160481 1.0043516159057617
1839.825696759334 1.0051642656326294
1839.8465296025265 1.004671573638916
1839.867362445633 1.004849910736084
1839.8881952886563 1.0045061111450195
1839.909028131602 1.0051848888397217
1839.9298609744746 1.004990577697754
1839.9506938172797 1.0046203136444092
1839.9715266600228 1.0043256282806396
1839.9923595027083 1.0035983324050903
1840.013192345343 1.0033107995986938
1840.0340251879313 1.0024312734603882
1840.0548580304815 1.0017470121383667
1840.0756908729963 1.0006707906723022
1840.096523715486 0.9999050498008728
1840.1173565579527 0.9992256760597229
1840.1381894004082 0.9988380074501038
1840.1590222428536 0.9977885484695435
1840.1798550853027 0.9978970885276794
1840.2006879277556 0.9982089996337891
1840.2215207702282 0.9983027577400208
1840.242353612719 0.9977813959121704
1840.2631864552466 0.9974340796470642
1840.2840192978083 0.9974603056907654
1840.3048521404248 0.9976782202720642
1840.3256849830923 0.9975537657737732
1840.346517825834 0.9983094930648804
1840.3673506686453 0.9976450800895691
1840.3881835115515 0.9981483817100525
1840.409016354546 0.9990060925483704
1840.4298491976588 0.9998728036880493
1840.4506820408808 0.999601423740387
1840.471514884245 1.000666618347168
1840.4923477277407 1.0003718137741089
1840.513180571405 1.0007597208023071
1840.5340134152254 1.0003705024719238
1840.5548462592426 1.0010151863098145
1840.5756791034419 1.0011831521987915
1840.5965119478685 1.0012222528457642
1840.6173447925062 1.001328706741333
1840.6381776374044 1.0008665323257446
1840.6590104825443 1.0009980201721191
1840.679843327981 1.0004276037216187
1840.700676173693 0.999993085861206
1840.7215090197412 1.0002079010009766
1840.742341866101 1.0002044439315796
1840.76317471284 0.9993582963943481
1840.7840075599408 0.9985023140907288
1840.804840407458 0.9989502429962158
1840.8256732553598 0.9985441565513611
1840.8465061037496 0.9983257055282593
1840.8673389525925 0.9987801313400269
1840.888171801959 0.9980753064155579
1840.9090046518108 0.9983072876930237
1840.9298375022688 0.9989187121391296
1840.9506703532898 0.997745156288147
1840.9715032049646 0.9987568855285645
1840.9923360572554 0.9979737997055054
1841.0131689102857 0.9991639852523804
1841.0340017640015 0.9998525977134705
1841.0548346185394 1.0004116296768188
1841.0756674738393 1.0013765096664429
1841.0965003300525 1.0019835233688354
1841.1173331871125 1.001846432685852
1841.138166045186 1.00230872631073