1816.0985470222747 1.0006276369094849
1816.1193803922454 1.0005139112472534
1816.1402137595694 1.0006401538848877
1816.1610471244383 1.0005065202713013
1816.1818804867721 1.0005155801773071
1816.2027138467552 1.0003728866577148
1816.2235472042917 1.000273585319519
1816.2443805595683 1.0005782842636108
1816.2652139124923 1.0007418394088745
1816.2860472632435 1.0008610486984253
1816.306880611732 1.000723123550415
1816.3277139581294 1.00058114528656
1816.348547302338 1.0002042055130005
1816.3693806445438 1.0002450942993164
1816.3902139846498 0.9994066953659058
1816.4110473228154 0.9996081590652466
1816.4318806589552 1.000693440437317
1816.4527139932231 0.999484658241272
1816.4735473255341 0.9992645978927612
1816.494380656037 0.998289167881012
1816.5152139846473 1.0000346899032593
1816.5360473114993 1.0000014305114746
1816.5568806365288 0.999420166015625
1816.5777139598654 0.9993215799331665
1816.5985472814257 0.9993726015090942
1816.6193806013453 0.9998152852058411
1816.6402139195409 1.0000206232070923
1816.661047236144 1.0001680850982666
1816.681880551072 0.9999545216560364
1816.702713864453 0.999824583530426
1816.723547176205 1.0002390146255493
1816.744380486442 0.9998944401741028
1816.7652137951025 1.0001981258392334
1816.7860471022977 1.0002702474594116
1816.806880407947 1.0004048347473145
1816.8277137121677 1.0002195835113525
1816.8485470148796 0.9993618726730347
1816.8693803161982 1.0002398490905762
1816.8902136160434 0.9996875524520874
1816.9110469145276 0.9999396204948425
1816.9318802115613 1.0001124143600464
1816.9527135072747 0.9994818568229675
1816.9735468015792 0.9998985528945923
1816.994380094582 0.9998282194137573
1817.0152133862048 0.9999500513076782
1817.0360466765533 0.9999953508377075
1817.0568799655496 0.9997538924217224
1817.0777132532967 0.9998785853385925
1817.0985465397175 0.9994906783103943
1817.1193798249035 0.9999740719795227
1817.1402131087982 0.9996239542961121
1817.1610463914903 0.9999901056289673
1817.181879672904 1.0002050399780273
1817.202712953137 0.9997153282165527
1817.223546232114 1.0001554489135742
1817.24437950993 0.9996340274810791
1817.2652127865106 1.0002421140670776
1817.28604606195 0.9998837113380432
1817.3068793361738 0.9992130398750305
1817.3277126092744 1.0000985860824585
1817.3485458811679 0.9998618364334106
1817.3693791519656 0.9997943639755249
1817.3902124215842 0.9999567866325378
1817.4110456901135 0.9999788999557495
1817.4318789574802 0.9999781250953674
1817.4527122237735 0.999939501285553
1817.4735454889203 0.9999674558639526
1817.4943787530085 1.0001144409179688
1817.5152120159653 0.999975323677063
1817.5360452778777 0.9997585415840149
1817.5568785386738 0.9996870756149292
1817.5777117984385 0.9998553395271301
1817.5985450570906 0.9997103214263916
1817.6193783147344 1.0000836849212646
1817.6402115712892 0.9997645616531372
1817.6610448268377 0.9994730949401855
1817.6818780813098 1.0000404119491577
1817.7027113347874 0.9999664425849915
1817.7235445872009 0.9998548626899719
1817.7443778386312 0.9997984170913696
1817.7652110890083 0.999878466129303
1817.7860443384034 1.0000747442245483
1817.8068775867666 0.999971330165863
1817.8277108341676 0.9996945261955261
1817.8485440805377 0.9999194145202637
1817.8693773259554 0.9998268485069275
1817.8902105703523 1.000007152557373
1817.9110438138064 0.9998897314071655
1817.931877056249 1.0000566244125366
1817.9527102977581 1.0000485181808472
1817.9735435382656 1.0000816583633423
1817.9943767778477 0.9999735951423645
1818.015210016427 0.9998087286949158
1818.0360432540997 0.9998834133148193
1818.0568764907887 1.0003414154052734
1818.0777097265684 1.0001487731933594
1818.0985429613725 1.0001847743988037
1818.1193761952754 1.0000931024551392
1818.1402094282112 1.0003111362457275
1818.1610426602529 0.9998701810836792
1818.1818758913346 1.0000911951065063
1818.2027091215198 1.000454068183899
1818.2235423507627 1.0002485513687134
1818.2443755791255 0.9999848008155823
1818.2652088065433 1.0000996589660645
1818.286042033088 1.0001240968704224
1818.3068752586944 1.0001760721206665
1818.327708483434 0.9999167919158936
1818.3485417072418 1.00009286403656
1818.369374930189 0.9999526739120483
1818.3902081522112 1.0001345872879028
1818.4110413733788 0.9999892711639404
1818.431874593617 1.000117540359497
1818.4527078130168 0.999903678894043
1818.4735410315034 1.0003762245178223
1818.4943742491466 1.0003799200057983
1818.5152074658827 1.0002999305725098
1818.5360406817808 1.0000802278518677
1818.5568738967775 1.0001786947250366
1818.5777071109412 1.0002715587615967
1818.5985403242087 1.0005630254745483
1818.6193735366485 0.9997710585594177
1818.6402067481977 1.0001616477966309
1818.6610399589235 1.00016188621521
1818.6818731687538 1.0000859498977661
1818.702706377776 0.9998738765716553
1818.7235395859173 1.000211238861084
1818.7443727932448 1.0000742673873901
1818.7652059996963 1.0002951622009277
1818.7860392053385 1.000119924545288
1818.8068724101095 1.0000004768371582
1818.827705614075 0.9999714493751526
1818.8485388171741 1.00005042552948
1818.8693720194724 0.999762237071991
1818.890205220908 0.99993497133255
1818.911038421537 0.9998849630355835
1818.9318716213172 0.9996254444122314
1818.952704820305 0.9998897314071655
1818.9735380184384 1.0001931190490723
1818.9943712157824 0.9996964335441589
1819.0152044122767 0.9998257160186768
1819.0360376079855 1.0000762939453125
1819.056870802848 1.00002920627594
1819.0777039969284 0.9999808669090271
1819.0985371901666 0.9998329281806946
1819.1193703826261 1.0000531673431396
1819.1402035742472 1.0002295970916748
1819.1610367650828 1.0000816583633423
1819.1818699550934 0.9998976588249207
1819.2027031443324 0.9999600648880005
1819.2235363327395 0.9999160170555115
1819.2443695203779 0.9999530911445618
1819.265202707188 1.00017511844635
1819.2860358932328 0.9997720718383789
1819.3068690784526 0.9999803900718689
1819.3277022629097 0.9999561905860901
1819.3485354465452 1.0003490447998047
1819.3693686294212 1.0000420808792114
1819.3902018114784 0.9996276497840881
1819.4110349927687 0.9998910427093506
1819.4318681732536 0.9999077916145325
1819.4527013529848 1.0003321170806885
1819.4735345319034 1.0001212358474731
1819.4943677100705 0.999994158744812
1819.5152008874281 1.0002598762512207
1819.5360340640373 1.0000929832458496
1819.5568672398394 1.0001274347305298
1819.5777004148956 0.9999676942825317
1819.5985335891478 0.9999220967292786
1819.6193667626567 1.000046968460083
1819.6401999353639 1.0003337860107422
1819.6610331073202 1.0002622604370117
1819.6818662784879 1.0004823207855225
1819.702699448917 1.0004167556762695
1819.7235326185498 1.0004059076309204
1819.7443657874464 1.0001364946365356
1819.7651989555493 1.0000813007354736
1819.7860321229184 1.00057852268219
1819.8068652894963 1.0005669593811035
1819.8276984553422 1.0004407167434692
1819.8485316203996 1.0008013248443604
1819.8693647847276 1.0007812976837158
1819.8901979482587 1.0005168914794922
1819.9110311110726 1.0005810260772705
1819.9318642731023 1.0005013942718506
1819.952697434407 1.0006954669952393
1819.9735305949293 1.0005055665969849
1819.9943637547287 1.0007450580596924
1820.015196913748 1.0007740259170532
1820.0360300720465 1.0006502866744995
1820.0568632295672 1.0007754564285278
1820.0776963863684 1.0010517835617065
1820.098529542394 1.0008544921875
1820.1193626977029 1.0006015300750732
1820.1401958522379 1.0005990266799927
1820.1610290060473 1.0006835460662842
1820.1818621590953 1.0008971691131592
1820.2026953114298 1.0008327960968018
1820.2235284629946 1.0008413791656494
1820.2443616138478 1.000646948814392
1820.265194763933 1.000601053237915
1820.2860279133085 1.0004383325576782
1820.3068610619182 1.0007109642028809
1820.3276942098196 1.0004938840866089
1820.3485273569568 1.0004942417144775
1820.369360503388 1.0007919073104858
1820.3901936490565 1.0006005764007568
1820.4110267940102 1.0002754926681519
1820.4318599382136 1.0004335641860962
1820.452693081714 1.0004414319992065
1820.4735262244556 1.0002373456954956
1820.4943593664952 1.000121831893921
1820.515192507778 1.0003093481063843
1820.5360256483611 1.000353455543518
1820.5568587881885 1.0002633333206177
1820.5776919273176 1.0000795125961304
1820.598525065693 1.0002498626708984
1820.6193582033713 1.0000770092010498
1820.6401913402976 0.9997848272323608
1820.6610244765282 1.0003641843795776
1820.6818576119986 0.999910295009613
1820.7026907467848 0.9999967813491821
1820.723523880822 0.999906599521637
1820.7443570141666 0.9997434020042419
1820.7651901467639 0.9997398853302002
1820.78602327867 0.9995324611663818
1820.8068564098298 0.9993920922279358
1820.8276895403 0.9997544884681702
1820.848522670026 0.9999062418937683
1820.8693557990632 0.9995478391647339
1820.8901889273575 0.9996494650840759
1820.9110220549646 0.9998769164085388
1820.93185518183 0.9996744394302368
1820.9526883080098 0.9993796348571777
1820.9735214334394 0.9996740818023682
1820.9943545581941 0.9996263384819031
1821.0151876822104 0.9996263980865479
1821.0360208055433 0.9995543360710144
1821.0568539281385 0.9994783401489258
1821.0776870500517 0.9996238350868225
1821.098520171229 0.9992978572845459
1821.1193532917255 0.9994416832923889
1821.1610195305689 0.9996418356895447
1821.1818526489171 0.9992836117744446
1821.2026857665871 0.9993247389793396
1821.2235188835248 0.9990062713623047
1821.2443519997753 0.999271810054779
1821.2651851153046 0.9990687966346741
1821.286018230158 0.9993574023246765
1821.3068513442815 0.9991626739501953
1821.32768445773 0.999284029006958
1821.3485175704498 0.999394416809082
1821.3693506824961 0.9991480112075806
1821.3901837938147 0.9986445903778076
1821.4110169044607 0.9995567798614502
1821.4318500143804 0.9996764063835144
1821.4526831236285 0.9994234442710876
1821.4735162321515 0.9995462894439697
1821.494349340004 0.9983855485916138
1821.5151824471325 0.9994890093803406
1821.5360155535916 0.9995344281196594
1821.556848659318 0.9997094869613647
1821.5776817643855 0.9995582103729248
1821.5985148687316 0.9996390342712402
1821.6193479724104 0.9996167421340942
1821.6401810753684 0.9999077320098877
1821.66101417766 0.999625027179718
1821.681847279232 0.9994791746139526
1821.7026803801389 0.9991901516914368
1821.723513480327 0.999738872051239
1821.744346579851 0.9997836947441101
1821.7651796786574 0.9994180798530579
1821.7860127768006 0.9997851848602295
1821.806845874227 0.9996299147605896
1821.8276789709814 0.9997449517250061
1821.8485120670402 0.9997444748878479
1821.8693451624179 1.0000962018966675
1821.8901782570908 0.9996726512908936
1821.9110113511035 0.9993602633476257
1821.9318444444027 0.9999393820762634
1821.9526775370425 0.9999904632568359
1821.9735106289697 1.0003048181533813
1821.9943437202385 0.9999052286148071
1822.015176810796 0.9999399185180664
1822.0360099006957 0.9997856616973877
1822.056842989885 0.999936580657959
1822.0776760784174 0.9998648762702942
1822.0985091662403 1.0000869035720825
1822.1193422534077 0.9998929500579834
1822.1401753398561 0.9999352097511292
1822.16100842566 0.9997768402099609
1822.1818415107562 0.9996368288993835
1822.2026745951982 0.9999606013298035
1822.2235076789334 0.999386191368103
1822.2443407620158 0.9998714923858643
1822.2651738443924 1.0000587701797485
1822.2860069261167 0.999742865562439
1822.3068400071359 0.9994787573814392
1822.3276730875039 0.9998961091041565
1822.348506167168 0.9999332427978516
1822.3693392461814 0.9997868537902832
1822.390172324492 0.9999759793281555
1822.4110054021526 0.9993672370910645
1822.4318384791113 0.9999009966850281
1822.4526715554211 1.0000909566879272
1822.4735046310198 0.9999120831489563
1822.4943377059803 0.9997665882110596
1822.5151707802406 0.9996935725212097
1822.5360038538536 0.9996644854545593
1822.5568369267671 0.9995646476745605
1822.5776699990342 0.9996545314788818
1822.598503070603 0.9996766448020935
1822.6193361415262 1.000026822090149
1822.6401692117513 0.9994565844535828
1822.661002281332 0.9997665882110596
1822.681835350216 0.9995954632759094
1822.702668418456 0.9996559023857117
1822.7235014859998 1.0001206398010254
1822.7443345529007 0.9998350739479065
1822.7651676191065 0.9996210932731628
1822.78600068467 0.9996225237846375
1822.806833749529 0.9997413754463196
1822.8276668137567 0.99984210729599
1822.848499877291 0.9998959898948669
1822.8693329401847 0.9999338984489441
1822.8901660023857 1.0001869201660156
1822.910999063947 0.999939501285553
1822.9318321248165 0.9999850392341614
1822.952665185047 1.0001884698867798
1822.9734982445864 0.9999056458473206
1822.9943313034876 1.0001087188720703
1823.015164361699 1.000339388847351
1823.0359974192727 1.0002611875534058
1823.056830476157 1.00027596950531
1823.077663532405 1.0002901554107666
1823.0984965879647 1.00031578540802
1823.1193296428883 1.0004949569702148
1823.1401626971144 1.000230312347412
1823.1609957507155 1.0002483129501343
1823.1818288036302 1.0005444288253784
1823.2026618559103 1.0005857944488525
1823.2234949075046 1.0007331371307373
1823.2443279584652 1.0007553100585938
1823.2651610087414 1.0005531311035156
1823.2859940583844 1.000828742980957
1823.3068271073435 1.000557541847229
1823.3276601556706 1.0006091594696045
1823.3484932033148 1.0006047487258911
1823.3693262503275 1.0005873441696167
1823.3901592966579 1.0009815692901611
1823.410992342358 1.0008482933044434
1823.4318253873769 1.0008323192596436
1823.452658431766 1.0008504390716553
1823.4734914754742 1.0011372566223145
1823.494324518544 1.0009692907333374
1823.515157560954 1.0011674165725708
1823.535990602716 1.0009478330612183
1823.5568236438094 1.0008089542388916
1823.5776566842753 1.000810980796814
1823.5984897240635 1.0011234283447266
1823.6193227632252 1.0008655786514282
1823.6401558017099 1.000921368598938
1823.660988839569 1.0009374618530273
1823.681821876752 1.0009995698928833
1823.7026549133104 1.0008426904678345
1823.7234879491934 1.0010783672332764
1823.7443209844528 1.0010631084442139
1823.7651540190377 1.0008835792541504
1823.7859870529996 1.0007470846176147
1823.8068200862779 1.0007824897766113
1823.8276531189442 1.0012935400009155
1823.8484861509482 1.0010197162628174
1823.8693191823206 1.0010238885879517
1823.8901522130116 1.0008271932601929
1823.910985243092 1.0010781288146973
1823.931818272502 1.0011976957321167
1823.9526513012922 1.000943899154663
1823.973484329413 1.001090168952942
1823.994317356915 1.001089096069336
1824.0151503837485 1.000869870185852
1824.035983409964 1.0008249282836914
1824.056816435512 1.0006455183029175
1824.0776494604431 1.0007550716400146
1824.0984824847078 1.000777244567871
1824.119315508356 1.0008636713027954
1824.140148531339 1.000783920288086
1824.1609815537067 1.0005916357040405
1824.1818145754103 1.0004689693450928
1824.2026475964992 1.0004513263702393
1824.223480616915 1.0005615949630737
1824.2443136367374 1.000327467918396
1824.2651466558777 1.0005069971084595
1824.2859796744156 1.0003703832626343
1824.3068126922922 1.0003870725631714
1824.3276457095578 1.0003843307495117
1824.3484787261632 1.000006079673767
1824.369311742158 1.0006000995635986
1824.3901447574942 1.000322937965393
1824.4109777722213 1.0003052949905396
1824.4318107862903 1.0002614259719849
1824.452643799751 1.0003244876861572
1824.4734768125554 1.0002812147140503
1824.4943098247527 1.000197172164917
1824.5151428362947 1.000300407409668
1824.5359758472302 1.0000956058502197
1824.5568088575121 1.0000602006912231
1824.577641867189 1.0002162456512451
1824.598474876213 1.0001670122146606
1824.619307884623 1.0001076459884644
1824.6401408923916 1.0001236200332642
1824.6609738995578 0.9999085068702698
1824.6818069060737 0.9999127388000488
1824.7026399119882 0.9999239444732666
1824.7234729172537 1.0001169443130493
1824.7443059219192 0.9998235106468201
1824.7651389259374 1.0000299215316772
1824.7859719293565 0.9999024868011475
1824.8068049321296 0.9998612403869629
1824.8276379343054 0.999896764755249
1824.8484709358363 1.0000128746032715
1824.8693039367713 1.0000016689300537
1824.890136937063 0.9999223947525024
1824.9109699367602 0.9999215602874756
1824.9318029358158 0.9999381899833679
1824.9526359342779 0.9998806715011597
1824.9734689321 0.9999258518218994
1824.9943019293307 1.0000849962234497
1825.0151349259131 0.9999895691871643
1825.0359679219248 0.999808132648468
1825.05680091728 0.9998335242271423
1825.0776339120569 0.9998846054077148
1825.0984669061986 1.0002524852752686
1825.119299899753 0.9999150037765503
1825.1401328926747 1.0000903606414795
1825.1609658850111 0.9999685287475586
1825.1817988767161 0.9997696876525879
1825.2026318678375 0.999985933303833
1825.2234648583296 1.0002349615097046
1825.2442978482402 0.9996742606163025
1825.2651308375234 1.0001013278961182
1825.2859638262264 1.000382900238037
1825.3067968143046 0.9998769760131836
1825.3276298018047 1.000070571899414
1825.348462788682 0.999873697757721
1825.369295774983 0.9999184608459473
1825.3901287606632 0.9996261596679688
1825.4109617457698 0.9998688697814941
1825.431794730258 0.9999465346336365
1825.452627714174 0.9999098181724548
1825.4734606974644 0.9997517466545105
1825.4942936802054 1.0000547170639038
1825.515126662323 0.9997584819793701
1825.535959643863 0.9998777508735657
1825.5567926248027 0.9999949336051941
1825.5776256051774 0.9999402165412903
1825.5984585849444 0.9997668266296387
1825.6192915641489 0.9994557499885559
1825.6401245427485 0.9995862245559692
1825.6609575207885 0.9995715022087097
1825.6817904982265 1.000011920928955
1825.7026234751074 0.9995068907737732
1825.7234564513897 0.9997433423995972
1825.744289427118 0.9997162222862244
1825.7651224022509 0.9995918869972229
1825.7859553768326 0.999771773815155
1825.8067883508222 0.9996262192726135
1825.8276213242643 0.9997410774230957
1825.8484542971178 0.9996377229690552
1825.8692872694266 0.9996505975723267
1825.890120241141 0.9997679591178894
1825.9109532123346 0.9999432563781738
1825.931786182937 0.9998952150344849
1825.9526191529924 0.999592661857605
1825.9734521224814 0.9995991587638855
1825.994285091437 0.9995979070663452
1826.0151180598202 0.9994013905525208
1826.0359510276742 0.9995283484458923
1826.0567839949606 0.9996995329856873
1826.077616961722 0.99950110912323
1826.098449927921 0.9996417164802551
1826.119282893599 0.9996720552444458
1826.1609488233248 0.9997400045394897
1826.1817817873778 0.9998770356178284
1826.2026147509198 0.9999298453330994
1826.2234477139154 1.0000216960906982
1826.244280676406 0.9999932646751404
1826.265113638356 0.9999033212661743
1826.2859465998063 0.9998672008514404
1826.3067795607228 0.9998677968978882
1826.3276125211457 0.9998444318771362
1826.3484454810412 0.9999343752861023
1826.3692784404395 1.000099778175354
1826.390111399328 1.0000016689300537
1826.4109443577458 1.0000883340835571
1826.4317773156315 1.0000839233398438
1826.4526102730533 1.0002130270004272
1826.4734432299715 1.000292181968689
1826.4942761864238 1.0004842281341553
1826.5151091423804 1.0004490613937378
1826.5359420978798 1.0004805326461792
1826.556775052893 1.0002763271331787
1826.5776080074572 1.0007562637329102
1826.598440961545 1.000380039215088
1826.6192739151934 1.0008318424224854
1826.6401068683763 1.0007506608963013
1826.660939821129 1.0007435083389282
1826.6817727734278 1.0007145404815674
1826.7026057253072 1.0008900165557861
1826.723438676745 1.000897765159607
1826.7442716277747 1.0010050535202026
1826.7651045783755 1.000694990158081
1826.7859375285805 1.000761866569519
1826.8067704783714 1.0010837316513062
1826.827603427779 1.0009702444076538
1826.8484363767875 1.0010310411453247
1826.8692693254272 1.0013763904571533
1826.8901022736845 1.000819444656372
1826.910935221588 1.0012660026550293
1826.9317681691264 1.0011142492294312
1826.9526011163177 1.001176357269287
1826.9734340631735 1.0011173486709595
1826.9942670097098 1.0010435581207275
1827.015099955921 1.0012160539627075
1827.0359329018322 1.0010367631912231
1827.0567658474415 1.0011333227157593
1827.0775987927714 1.0010733604431152
1827.0984317378238 1.0009840726852417
1827.1192646826198 1.001054286956787
1827.1400976271652 1.0012214183807373
1827.1609305714792 1.0012500286102295
1827.181763515572 1.0011118650436401
1827.2025964594602 1.001070499420166
1827.2234294031596 1.0013201236724854
1827.244262346684 1.0015045404434204
1827.265095290055 1.001412034034729
1827.2859282332838 1.0009610652923584
1827.3067611763977 1.0009905099868774
1827.3275941194056 1.0011916160583496
1827.348427062341 1.0010322332382202
1827.36926000521 1.0010998249053955
1827.3900929480542 1.0011550188064575
1827.4109258908754 1.001028060913086
1827.4317588337237 1.0009551048278809
1827.4525917765977 1.0011610984802246
1827.4734247195472 1.0010566711425781
1827.494257662596 1.000819206237793
1827.5150906057745 1.000706434249878
1827.535923549102 1.000715732574463
1827.5567564926519 1.0007075071334839
1827.5775894364074 1.000675082206726
1827.5984223804653 1.0006612539291382
1827.6192553248036 1.0005861520767212
1827.6400882695355 1.000681757926941
1827.6609212146307 1.0005090236663818
1827.6817541602209 1.0004554986953735
1827.702587106269 1.0008004903793335
1827.7234200529267 1.0004303455352783
1827.744253000148 1.0005245208740234
1827.7650859481082 1.000730037689209
1827.785918896752 1.0004860162734985
1827.8067518462813 1.0005487203598022
1827.8275847966293 1.00062096118927
1827.8484177480284 1.0005093812942505
1827.8692507004 1.0003962516784668
1827.8900836540117 1.0005322694778442
1827.9109166087696 1.0004218816757202
1827.9317495649807 1.0006754398345947
1827.952582522536 1.000342845916748
1827.973415481787 1.0004029273986816
1828.9942337354678 0.9985647201538086
1829.0150667649089 0.9987912178039551
1829.035899791623 0.9985861778259277
1829.0567328154457 0.9982357621192932
1829.0775658365937 0.9990266561508179
1829.098398854928 0.9985811710357666
1829.1192318706596 0.9985970258712769
1829.1400648836666 0.998761773109436
1829.1608978941533 0.9987083673477173
1829.18173090201 0.9985712766647339
1829.2025639074345 0.9985980987548828
1829.2233969103254 0.9987003803253174
1829.2442299108725 0.9983717799186707
1829.2650629089815 0.9984123110771179
1829.2858959048353 0.998884379863739
1829.306728898343 0.9985628128051758
1829.3275618896805 0.9987873435020447
1829.3483948787605 0.9984801411628723
1829.3692278657525 0.998371422290802
1829.3900608505708 0.9981171488761902
1829.4108938333784 0.9984043836593628
1829.431726814082 0.9984223246574402
1829.4525597928687 0.9985434412956238
1829.4733927696254 0.9981395602226257
1829.494225744504 0.9986873865127563
1829.5150587174433 0.9983338117599487
1829.5358916885891 0.9981129765510559
1829.5567246578407 0.998588502407074
1829.5775576253395 0.9980506896972656
1829.5983905910255 0.9982767701148987
1829.6192235550257 0.9980565309524536
1829.64005651727 0.9977164268493652
1829.6608894778612 0.9980157017707825
1829.6817224367503 0.9980665445327759
1829.7025553940562 0.9978344440460205
1829.7233883497 0.9983619451522827
1829.7442213038064 0.9978639483451843
1829.7650542562978 0.9983785152435303
1829.7858872072957 0.9982165098190308
1829.806720156722 0.9977204203605652
1829.8275531046947 0.9980136156082153
1829.8483860511376 0.9981452226638794
1829.8692189961653 0.9981527328491211
1829.8900519397012 0.9981483817100525
1829.910884881857 0.998631477355957
1829.9317178225576 0.9986991882324219
1829.9525507619119 0.9988893270492554
1829.9733836998446 0.9987377524375916
1829.9942166364622 0.9987761974334717
1830.0150495716903 0.9988400936126709
1830.035882505633 0.9991268515586853
1830.056715438216 0.9994745254516602
1830.0775483695413 0.9994266033172607
1830.0983812995353 0.9987389445304871
1830.1192142282978 0.9994979500770569
1830.1400471557556 1.0000064373016357
1830.1608800820063 0.9993882775306702
1830.1817130069776 0.9992376565933228
1830.2025459307656 0.9998310208320618
1830.2233788532974 0.9995829463005066
1830.244211774668 1.0003734827041626
1830.265044694805 1.0004546642303467
1830.2858776138016 1.000023603439331
1830.3067105315856 0.9999114274978638
1830.3275434482491 1.0004268884658813
1830.3483763637205 1.0005921125411987
1830.3692092780896 1.0004149675369263
1830.3900421912756 1.0007190704345703
1830.410875103387 1.00050950050354
1830.431708014354 1.0005429983139038
1830.4525409242428 1.0004929304122925
1830.473373832984 1.000626564025879
1830.4942067406835 1.0004245042800903
1830.5150396472618 1.0007942914962769
1830.5358725528133 1.0003353357315063
1830.556705457239 1.0005085468292236
1830.5775383606529 1.0006308555603027
1830.5983712629757 1.000644326210022
1830.6192041642898 1.0003641843795776
1830.6400370645274 1.0006990432739258
1830.6608699637693 1.0003165006637573
1830.6817028619485 0.9999198317527771
1830.7025357591442 1.0005544424057007
1830.7233686552897 1.0003788471221924
1830.744201550464 1.0003639459609985
1830.7650344446006 1.0000996589660645
1830.785867337777 1.0007680654525757
1830.8067002299272 1.0002082586288452
1830.8275331211285 1.0001546144485474
1830.848366011315 1.0004466772079468
1830.8691989005629 1.0008381605148315
1830.8900317888063 1.0003801584243774
1830.910864676121 1.000605821609497
1830.931697562442 1.0004013776779175
1830.9525304478439 1.0004222393035889
1830.9733633322614 1.0005165338516235
1830.994196215769 1.000392198562622
1831.0150290983024 1.0003337860107422
1831.0358619799342 1.000570297241211
1831.0566948606004 1.0003663301467896
1831.0775277403736 1.0005003213882446
1831.0983606191903 1.0006026029586792
1831.119193497122 1.0002210140228271
1831.1400263741054 0.9999192357063293
1831.1608592502116 0.9997709393501282
1831.1816921253776 1.0002650022506714
1831.2025249996739 1.0003223419189453
1831.2233578730375 1.0003587007522583
1831.2441907455386 1.0000962018966675
1831.2650236171148 0.9996667504310608
1831.2858564878354 0.9999450445175171
1831.3066893576377 0.9999376535415649
1831.3275222265913 0.9997512102127075
1831.348355094634 1.0004216432571411
1831.369187961834 0.9996562004089355
1831.3900208281295 1.000126600265503
1831.410853693589 1.0002071857452393
1831.4316865581504 0.9996522665023804
1831.4525194218813 1.0000202655792236
1831.4733522847105 0.9997387528419495
1831.4941851467252 0.9997448325157166
1831.5150180078642 1.000070333480835
1831.535850868174 0.999953031539917
1831.556683727594 0.9999339580535889
1831.5775165862103 0.9996397495269775
1831.5983494439624 0.9996659159660339
1831.619182300896 0.9999572038650513
1831.6400151569505 0.9991495013237
1831.6608480122115 0.9995265007019043
1831.6816808666092 0.9993810057640076
1831.7025137202181 0.9993846416473389
1831.7233465729485 0.9995355606079102
1831.744179424895 0.9997045397758484
1831.765012275988 0.999243974685669
1831.7858451262916 0.9991937875747681
1831.8066779757464 0.9994344115257263
1831.8275108244163 0.9993345737457275
1831.8483436722422 0.99944007396698
1831.8691765192873 0.9996671676635742
1831.8900093654927 0.9993220567703247
1831.9108422109216 0.9992353320121765
1831.9316750555154 0.999639093875885
1831.9525078993368 0.9994092583656311
1831.9733407423269 0.9993772506713867
1831.9941735845484 0.9993985891342163
1832.0150064259433 0.9996198415756226
1832.0358392665732 0.9995198845863342
1832.0566721063806 0.9997405409812927
1832.0775049454267 0.9996638894081116
1832.098337783654 0.9994456171989441
1832.1191706211234 0.9994532465934753
1832.140003457778 0.9993980526924133
1832.1608362936786 0.9994393587112427
1832.181669128768 0.9995394945144653
1832.2025019631062 0.9998045563697815
1832.223334796637 0.9992583394050598
1832.2441676294202 0.999406635761261
1832.2650004613993 0.9993662238121033
1832.2858332926342 0.9992758631706238
1832.3066661230682 0.9997723698616028
1832.3274989527613 0.9994949698448181
1832.348331781657 0.9992157816886902
1832.3691646098143 0.999285876750946
1832.3899974371777 0.9993599057197571
1832.410830263806 0.9990735650062561
1832.4316630896433 0.9992705583572388
1832.4524959147482 0.9992671012878418
1832.4733287390652 0.9992308020591736
1832.494161562653 0.9995807409286499
1832.514994385456 0.9994728565216064
1832.535827207532 0.9990402460098267
1832.5566600288264 0.999312698841095
1832.5774928493968 0.9992549419403076
1832.598325669188 0.9993125796318054
1832.6191584882579 0.9994804263114929
1832.6399913065516 0.9992747902870178
1832.6608241241267 0.9991922378540039
1832.6816569409282 0.9990427494049072
1832.7024897570132 0.9991610050201416
1832.7233225723276 0.9992526769638062
1832.7441553869282 0.9990374445915222
1832.7649882007606 0.9993814826011658
1832.7858210138816 0.9992526769638062
1832.8066538262367 0.9991668462753296
1832.827486637883 0.9992133975028992
1832.848319448766 0.9991516470909119
1832.8691522589424 0.9994797706604004
1832.8899850683579 0.99940025806427
1832.9108178770693 0.9989526271820068
1832.9316506850219 0.9992741346359253
1832.9524834922724 0.9989128112792969
1832.9733162987668 0.9993517398834229
1832.9941491045613 0.9995173215866089
1833.0149819096018 0.9994388818740845
1833.0358147139443 0.9992324113845825
1833.0566475175253 0.9995161890983582
1833.0774803204306 0.999403178691864
1833.0983131225764 0.9991128444671631
1833.1191459240283 0.9996134638786316
1833.139978724723 0.9993448257446289
1833.1608115247461 0.9994904398918152
1833.1816443240136 0.9995124340057373
1833.2024771225915 0.9997689723968506
1833.223309920416 0.9995567798614502
1833.2441427175731 0.9997945427894592
1833.2649755139787 0.9996151328086853
1833.2858083096983 0.9994909763336182
1833.3066411046789 0.9999533891677856
1833.3274738989653 0.9995541572570801
1833.3483066925241 1.0
1833.3691394854109 0.9998229742050171
1833.3899722775523 0.9996086955070496
1833.4108050690031 0.9999373555183411
1833.4316378597302 1.0000135898590088
1833.4524706497787 0.9999507665634155
1833.4733034390954 0.9998804926872253
1833.494136227735 1.0000241994857788
1833.514969015645 1.0006569623947144
1833.5358018028792 1.000825047492981
1833.5566345893853 1.0006959438323975
1833.5774673752278 1.000737190246582
1833.5983001603238 1.0004464387893677
1833.6191329447577 1.0010696649551392
1833.639965728467 1.0004531145095825
1833.6607985115156 1.0006256103515625
1833.6816312938213 1.0004351139068604
1833.7024640754676 1.0006991624832153
1833.7232968563928 1.000443935394287
1833.7441296366508 1.0007177591323853
1833.7649624161886 1.0004178285598755
1833.7857951950607 1.0002145767211914
1833.8066279732145 1.0006356239318848
1833.8274607507042 1.0003411769866943
1833.8482935274767 0.9999054670333862
1833.8691263035867 1.0003373622894287
1833.8899590789813 1.0002788305282593
1833.9107918537145 1.000354290008545
1833.931624627734 1.0006656646728516
1833.9524574010934 1.0008108615875244
1833.973290173741 1.0007495880126953
1833.9941229457297 1.0001606941223145
1834.0149557170075 0.9999499917030334
1834.0357884876282 1.0008838176727295
1834.0566212575397 1.0003857612609863
1834.077454026795 1.0002541542053223
1834.0982867953428 1.0002769231796265
1834.1191195632357 0.9999195337295532
1834.1399523304224 1.0009301900863647
1834.1607850969558 1.0002521276474
1834.181617862784 1.0004690885543823
1834.20245062796 1.0006178617477417
1834.2232833924327 1.0005732774734497
1834.2441161562544 1.0007234811782837
1834.2857816818437 1.0009371042251587
1834.3066144436127 1.0008355379104614
1834.3274472047333 1.0009161233901978
1834.348279965154 1.0008260011672974
1834.3691127249278 1.0012656450271606
1834.3899454840034 1.0008058547973633
1834.4107782424328 1.0005488395690918
1834.431611000165 1.000311017036438
1834.4524437572527 1.0002707242965698
1834.4732765136446 1.0005871057510376
1834.494109269393 1.0006023645401
1834.5149420244463 1.0003361701965332
1834.5357747788576 1.0002961158752441
1834.5566075325755 1.0006459951400757
1834.577440285652 1.0004023313522339
1834.5982730380363 1.000449776649475
1834.6191057897802 1.0008260011672974
1834.6399385408336 1.0004379749298096
1834.6607712912476 1.0005215406417847
1834.6816040409717 1.0003085136413574
1834.702436790058 1.0004361867904663
1834.7232695384557 1.000421404838562
1834.7441022862165 1.0002409219741821
1834.7649350332895 1.000414490699768
1834.785767779727 1.0001899003982544
1834.806600525478 1.0003209114074707
1834.8274332705942 1.0001248121261597
1834.848266015025 1.0002760887145996
1834.8690987588225 1.0002343654632568
1834.8899315019355 1.0004996061325073
1834.910764244416 1.0002553462982178
1834.9315969862132 1.000354528427124
1834.9524297273788 1.0002435445785522
1834.9732624678627 0.9999485611915588
1834.9940952077156 1.0001145601272583
1835.0149279468878 1.000083327293396
1835.0357606854302 1.000032901763916
1835.056593423293 0.9995390176773071
1835.0774261605268 1.0000884532928467
1835.098258897082 0.9997466206550598
1835.1190916330095 0.9997016787528992
1835.1399243682592 0.99956214427948
1835.1607571028824 0.9995821714401245
1835.1815898368286 0.9995478391647339
1835.202422570149 0.9994875192642212
1835.223255302794 0.999598503112793
1835.244088034814 0.9997628331184387
1835.2649207661593 0.9997888803482056
1835.2857534968807 0.9995545744895935
1835.3065862269286 0.9994449019432068
1835.3274189563533 0.9993048310279846
1835.3482516851057 0.999285876750946
1835.369084413236 0.999736487865448
1835.3899171406945 0.9997375011444092
1835.4107498675316 0.9995483756065369
1835.4315825936985 0.9994224905967712
1835.452415319245 0.9995161890983582
1835.4732480441219 0.9996060132980347
1835.4940807683793 0.9996893405914307
1835.5149134919682 0.9994447827339172
1835.5357462149384 0.9996996521949768
1835.5565789372413 0.9995444416999817
1835.577411658926 0.9992734789848328
1835.5982443799444 0.9988600015640259
1835.619077100346 0.998893678188324
1835.639909820082 0.9990583658218384
1835.6607425392017 0.9994819760322571
1835.681575257657 0.9989699125289917
1835.7024079754972 0.9995365738868713
1835.7232406926735 0.9989810585975647
1835.7440734092354 0.9994608759880066
1835.7649061251348 0.9996546506881714
1835.7857388404207 0.9994049072265625
1835.8065715550447 0.999444305896759
1835.8274042690562 0.9992750287055969
1835.8482369824067 0.9994410872459412
1835.8690696951455 0.9993013143539429
1835.8899024072243 0.9991316199302673
1835.9107351186922 0.9994530081748962
1835.931567829501 0.9993475079536438
1835.9524005397 0.9994685053825378
1835.9732332492408 0.99913090467453
1835.994065958172 0.9994125962257385
1836.0148986664462 0.9994840621948242
1836.0357313741124 0.9994809627532959
1836.056564081122 0.9989595413208008
1836.0773967875239 0.9990928769111633
1836.0982294932705 0.9989342093467712
1836.1190621984106 0.9990389347076416
1836.139894902896 0.9993050694465637
1836.1607276067753 0.9989613890647888
1836.1815603100013 0.9989880919456482
1836.2023930126222 0.9987084269523621
1836.2232257145906 0.9986940622329712
1836.2440584159544 0.9986239075660706
1836.2648911166666 0.998500645160675
1836.2857238167755 0.9987355470657349
1836.3065565162335 0.999165952205658
1836.3273892150887 0.9990713000297546
1836.348221913294 0.9994924664497375
1836.3690546108978 0.9994754791259766
1836.3898873078524 0.9990612268447876
1836.410720004206 0.9995023012161255
1836.4315526999114 0.9994010329246521
1836.452385395017 0.9995734095573425
1836.473218089475 0.9994727373123169
1836.494050783334 0.9995790719985962
1836.5148834765464 0.9991421699523926
1836.5357161691607 0.9995856285095215
1836.5565488611292 0.9995793104171753
1836.5773815525001 0.9994226098060608
1836.5982142432265 0.999835193157196
1836.6190469333562 0.9996491074562073
1836.6398796228423 0.9997613430023193
1836.6607123117324 0.9997079968452454
1836.6815449999797 1.0000807046890259
1836.702377687632 0.9999464154243469
1836.7232103746426 0.9998353719711304
1836.7440430610586 0.9997217655181885
1836.764875746834 0.9999134540557861
1836.785708432016 0.9998446702957153
1836.806541116558 1.000037431716919
1836.8273738005073 1.0000245571136475
1836.8482064838176 1.0001734495162964
1836.8690391665364 1.000419020652771
1836.8898718486168 1.000387191772461
1836.9107045301066 1.0004373788833618
1836.9315372109593 1.0004901885986328
1836.9523698912221 1.000561237335205
1836.9732025708483 1.0002496242523193
1836.9940352498857 1.0004431009292603
1837.0148679282877 1.0005288124084473
1837.0357006061017 1.0007209777832031
1837.0565332832812 1.000455617904663
1837.0773659598735 1.0004726648330688
1837.0981986358324 1.0004768371582031
1837.1190313112052 1.0007613897323608
1837.139863985945 1.0008487701416016
1837.1606966600998 1.0011100769042969
1837.181529333623 1.0008761882781982
1837.202362006562 1.0011228322982788
1837.22319467887 1.00084388256073
1837.244027350595 1.0011565685272217
1837.2648600216903 1.0010464191436768
1837.285692692203 1.0011212825775146
1837.306525362087 1.0010395050048828
1837.3273580313896 1.0009616613388062
1837.3481907000648 1.0013221502304077
1837.3690233681593 1.001427173614502
1837.3898560356272 1.001342535018921
1837.4106887025157 1.001328945159912
1837.4315213687887 1.00111722946167
1837.452354034463 1.0010048151016235
1837.473186699523 1.0013964176177979
1837.4940193640055 1.0015181303024292
1837.5148520278747 1.0012401342391968
1837.5356846911573 1.0011967420578003
1837.5565173538075 1.0013184547424316
1837.5773500158925 1.0014698505401611
1837.5981826773664 1.001328945159912
1837.6190153382556 1.001208782196045
1837.639847998515 1.0012873411178589
1837.660680658211 1.0014615058898926
1837.6815133172986 1.0013874769210815
1837.7023459758036 1.0014424324035645
1837.7231786336808 1.0013556480407715
1837.7440112909972 1.001502275466919
1837.7648439477073 1.0016601085662842
1837.7856766038371 1.0011245012283325
1837.8065092593517 1.001257061958313
1837.8273419142877 1.0012822151184082
1837.8481745686297 1.001220464706421
1837.869007222394 1.00142502784729
1837.8898398755457 1.001271367073059
1837.9106725281308 1.0011130571365356
1837.931505180105 1.0013614892959595
1837.9523378315137 1.000962495803833
1837.9731704823125 1.0010031461715698
1837.9940031325473 1.000808835029602
1838.0148357821738 1.0010247230529785
1838.0356684312374 1.000960111618042
1838.0565010796938 1.0008255243301392
1838.077333727589 1.0010621547698975
1838.0981663748785 1.000977635383606
1838.118999021608 1.0009093284606934
1838.1398316677332 1.0008695125579834
1838.1606643132998 1.000549077987671
1838.181496958264 1.0008201599121094
1838.2023296026707 1.0007752180099487
1838.2231622464765 1.0007333755493164
1838.2439948897265 1.000689148902893
1838.2648275323775 1.0007414817810059
1838.2856601744734 1.000851035118103
1838.3064928159722 1.000593662261963
1838.3273254569183 1.0006271600723267
1838.3481580972684 1.0008751153945923
1838.368990737067 1.0007857084274292
1838.3898233762716 1.0006757974624634
1838.4106560149269 1.000702977180481
1838.4314886529896 1.0005046129226685
1838.4523212905044 1.0005978345870972
1838.4731539274292 1.000566840171814
1838.4939865638075 1.0003944635391235
1838.5148191995977 1.0001271963119507
1838.5356518348433 1.000281572341919
1838.5564844695027 1.0002937316894531
1838.5773171036196 1.000553011894226
1838.5981497371522 1.0003269910812378
1838.618982370144 1.000068187713623
1838.6398150025543 0.9997531771659851
1838.6606476344257 0.9998657703399658
1838.6814802657175 1.0001647472381592
1838.7023128964724 1.0000954866409302
1838.7439781562937 0.9999622702598572
1838.7648107853622 1.0001606941223145
1838.7856434138985 0.9997240900993347
1838.8064760418622 0.999910831451416
1838.8273086692964 1.000092625617981
1838.8481412961607 1.0002131462097168
1838.8689739224974 1.0000343322753906
1838.8898065482674 1.0001736879348755
1838.9106391735124 0.9996931552886963
1838.9314717981933 0.9998389482498169
1838.9523044223517 0.9996979832649231
1838.9731370459492 0.999297559261322
1838.9939696690271 0.9990900754928589
1839.0148022915469 0.999575138092041
1839.03563491355 0.9995143413543701
1839.0564675349983 0.9993492960929871
1839.077300155933 0.999677300453186
1839.0981327763163 0.9994605779647827
1839.118965396189 0.9998899102210999
1839.1397980155139 0.9992307424545288
1839.1606306343317 0.9995496273040771
1839.1814632526052 0.999602735042572
1839.2022958703749 0.999567449092865
1839.2231284876045 0.9998273849487305
1839.243961104334 0.9993288516998291
1839.2647937205272 0.9995430111885071
1839.285626336224 0.9993045926094055
1839.306458951389 0.9997746348381042
1839.3272915660616 0.9994885921478271
1839.3481241802072 0.9994184374809265
1839.368956793864 0.9995011687278748
1839.3897894069987 0.9994193315505981
1839.4106220196497 0.9994758367538452
1839.4314546317833 0.9993431568145752
1839.4522872434372 0.9995778799057007
1839.4731198545794 0.9996464848518372
1839.4939524652473 0.999398410320282
1839.5356176851008 0.9996603727340698
1839.5564502942923 0.9996848702430725
1839.5772829030304 0.9990234971046448
1839.5981155112643 0.9995690584182739
1839.6189481190302 0.9996479749679565
1839.6397807263183 0.9999151825904846
1839.660613333165 0.9997247457504272
1839.6814459395212 0.9997113347053528
1839.702278545432 0.9998219013214111
1839.7231111508595 0.9997138381004333
1839.7439437558692 0.9996265769004822
1839.7647763604034 0.9992896914482117
1839.7856089645072 0.9986338019371033
1839.8064415681542 0.9995942711830139
1839.8272741713783 0.9996340274810791
1839.8481067741545 0.999394416809082
1839.8689393765164 0.9996466636657715
1839.8897719784402 0.99913489818573
1839.9106045799585 0.9994105696678162
1839.9314371810488 0.999850332736969
1839.9522697817433 0.9997144937515259
1839.9731023820211 0.9996935129165649
1839.993934981913 0.9995005130767822
1840.0147675814 0.9998348951339722
1840.0356001805126 0.9997730255126953
1840.0564327792326 0.9998929500579834
1840.0772653775898 1.0000646114349365
1840.0980979755684 0.9998915791511536
1840.1189305731966 0.9998728036880493
1840.1397631704613 0.9998893737792969
1840.160595767389 0.9997989535331726
1840.1814283639685 0.9997982382774353
1840.2022609602263 1.0002893209457397
1840.2230935561533 1.0003745555877686
1840.243926151774 0.9999913573265076
1840.2647587470824 0.9998783469200134
1840.285591342102 1.0002940893173218
1840.306423936829 1.0002409219741821
1840.3272565312861 1.000468373298645
1840.3480891254726 1.0001612901687622
1840.368921719409 1.0000886917114258
1840.3897543130988 1.0004780292510986
1840.4105869065606 1.0005911588668823
1840.4314194998015 1.0005621910095215
1840.452252092838 1.0002577304840088
1840.4730846856826 1.0005489587783813
1840.4939172783488 1.0008825063705444
1840.5147498708536 1.0006355047225952
1840.5355824632093 1.0005484819412231
1840.5564150554374 1.0006535053253174
1840.5772476475474 1.0006943941116333
1840.5980802395673 1.0009585618972778
1840.618912831504 1.00082266330719
1840.6397454233918 1.0007888078689575
1840.6605780152343 1.0010786056518555
1840.681410607073 1.001082181930542
1840.7022431989087 1.0013227462768555
1840.7230757907914 1.00131094455719
1840.7439083827176 1.0012577772140503
1840.764740974746 1.0011917352676392
1840.78557356687 1.0013095140457153
1840.806406159159 1.0011990070343018
1840.8272387516004 1.0015619993209839
1840.8480713442761 1.0014739036560059
1840.8689039371689 1.001293420791626
1840.8897365303737 1.0015345811843872
1840.9105691238672 1.0016778707504272
1840.9314017177596 1.0014212131500244
1840.9522343120218 1.0015774965286255
1840.9730669067908 1.0014379024505615
1840.99389950201 1.0015076398849487
1841.0147320978365 1.0015175342559814
1841.0355646942255 1.0015441179275513
1841.056397291347 1.0017586946487427
1841.077229889146 1.0015666484832764
1841.0980624878187 1.0015302896499634
1841.1188950873004 1.001491904258728
1841.139727687816 1.0014870166778564