1790.6820797972784 0.9800241589546204
1790.7029131280692 0.9770200848579407
1790.7237464562374 0.9762029647827148
1790.7445797819685 0.9758287072181702
1790.7654131051916 0.9772021770477295
1790.7862464260834 0.9784508347511292
1790.8070797445741 0.9824402332305908
1790.8279130608319 0.9864198565483093
1790.8487463747867 0.986564040184021
1790.8695796865998 0.985041081905365
1790.8904129962016 0.9825512170791626
1790.9112463037459 0.9803768396377563
1790.932079609164 0.9808922410011292
1790.9529129126026 0.9731014966964722
1790.9737462139938 0.9695903062820435
1790.9945795134781 0.9686106443405151
1791.0154128109878 0.9676373600959778
1791.036246106658 0.9674789309501648
1791.0570794004218 0.9684325456619263
1791.0779126924085 0.9705972671508789
1791.098745982552 0.9729907512664795
1791.3904118710593 1.000120997428894
1791.4112451373207 1.0096609592437744
1791.4320784021136 1.016657829284668
1791.452911665533 1.0231611728668213
1791.4737449275183 1.028231143951416
1791.494578188162 1.0330088138580322
1791.515411447404 1.0322686433792114
1791.536244705334 1.030182123184204
1791.557077961893 1.0291786193847656
1791.5779112171685 1.0285141468048096
1791.598744471102 1.026286005973816
1791.6195777237783 1.0211937427520752
1791.6404109751397 1.0225986242294312
1791.661244225269 1.0199302434921265
1791.6820774741093 1.0218167304992676
1791.7029107217415 1.0274068117141724
1791.7237439681085 1.02642822265625
1791.74457721329 1.0310120582580566
1791.7654104572293 1.0312148332595825
1791.7862437000042 1.0325524806976318
1791.807076941559 1.030293345451355
1791.8279101819694 1.0277502536773682
1791.8487434211804 1.0245252847671509
1791.869576659266 1.0208903551101685
1791.8904098961718 1.0179970264434814
1791.9112431319702 1.0143067836761475
1791.9320763666076 1.013442039489746
1791.9529096001552 1.0126917362213135
1791.9737428325593 1.014538288116455
1791.9945760638898 1.0156787633895874
1792.0154092940936 1.0184991359710693
1792.0362425232395 1.020826816558838
1792.057075751267 1.0221874713897705
1792.077908978244 1.022202730178833
1792.0987422041342 1.021226167678833
1792.1195754290027 1.0193554162979126
1792.1404086527907 1.0165631771087646
1792.161241875563 1.0142550468444824
1792.182075097269 1.009377360343933
1792.2029083179725 1.0080634355545044
1792.223741537623 1.006137490272522
1792.2445747562833 1.006595492362976
1792.2654079739032 1.0071367025375366
1792.2862411905444 1.0089747905731201
1792.3070744061577 1.011040449142456
1792.327907620804 1.0130785703659058
1792.3487408344336 1.0145900249481201
1792.369574047107 1.0165492296218872
1792.3904072587754 1.0185080766677856
1792.4112404694974 1.0183320045471191
1792.4320736792256 1.0166746377944946
1792.4529068880174 1.0128661394119263
1792.4737400958254 1.0089892148971558
1792.4945733027066 1.004884958267212
1792.515406508614 1.0020112991333008
1792.5362397136037 1.0014595985412598
1792.557072917629 1.0019662380218506
1792.5779061207459 1.0036712884902954
1792.5987393229072 1.005980134010315
1792.6195725241687 1.0076619386672974
1792.6404057244833 1.0089325904846191
1792.661238923906 1.009681224822998
1792.6820721223908 1.0137341022491455
1792.7029053200013 1.0075645446777344
1792.723738516662 1.0127867460250854
1792.7445717124663 1.0100040435791016
1792.7654049073285 1.0072537660598755
1792.786238101341 1.003217339515686
1792.8070712944195 1.0011955499649048
1792.8279044866558 0.999613344669342
1792.848737677965 1.000684142112732
1792.8695708684386 1.000411868095398
1792.8904040579923 1.0025463104248047
1792.9112372467166 1.0039362907409668
1792.9320704345282 1.0072466135025024
1792.9529036215172 1.0073531866073608
1792.9737368075996 1.010009527206421
1792.9945699928653 1.0121350288391113
1793.015403177231 1.0128324031829834
1793.0362363607858 1.0104751586914062
1793.057069543447 1.0075520277023315
1793.077902725303 1.0037583112716675
1793.098735906281 1.0010333061218262
1793.1195690864397 1.0000240802764893
1793.1404022657362 0.9987220764160156
1793.1612354442184 0.9988352656364441
1793.1820686218343 0.9999847412109375
1793.202901798661 1.0020889043807983
1793.223734974627 1.0033814907073975
1793.2445681497886 1.0066550970077515
1793.2654013241047 1.0078665018081665
1793.2862344976213 1.0103071928024292
1793.3070676702876 1.011295199394226
1793.3279008421794 1.0099208354949951
1793.3487340132256 1.009337306022644
1793.3695671834816 1.0067239999771118
1793.3904003529071 1.002852201461792
1793.4112335215468 0.9994038939476013
1793.4320666893607 0.9974462389945984
1793.4528998563933 0.9975221157073975
1793.4737330226042 0.9993621706962585
1793.4945661880383 0.9998408555984497
1793.5153993526553 1.0016039609909058
1793.536232516499 1.003550410270691
1793.5570656795303 1.0057408809661865
1793.5778988417924 1.0079569816589355
1793.598732003246 1.0092252492904663
1793.6195651639343 1.01088547706604
1793.6403983238183 1.0094408988952637
1793.6612314829406 1.0069403648376465
1793.6820646412623 1.0012547969818115
1793.7028977988266 0.9994816780090332
1793.723730955594 0.9971583485603333
1793.7445641116171 0.9962902069091797
1793.7653972668272 0.9970179796218872
1793.7862304212968 0.99811851978302
1793.8070635749768 1.0000104904174805
1793.8278967279198 1.0015944242477417
1793.848729880057 1.0038959980010986
1793.86956303147 1.006142020225525
1793.8903961820808 1.0078442096710205
1793.9112293319706 1.0095363855361938
1793.9320624810616 1.0104022026062012
1793.9528956294353 1.0071603059768677
1793.973728777013 1.0043699741363525
1793.9945619238765 1.0018199682235718
1794.0153950699473 0.9975324869155884
1794.0362282153067 0.996004045009613
1794.0570613598768 0.9960934519767761
1794.0778945037384 0.9972445964813232
1794.0987276468238 0.9985508918762207
1794.1195607891834 0.9996153116226196
1794.1403939307802 1.00175142288208
1794.1612270716535 1.0039012432098389
1794.1820602117568 1.0053788423538208
1794.2028933511601 1.0075068473815918
1794.223726489796 1.008048415184021
1794.2445596277146 1.009012222290039
1794.2653927648785 1.0055358409881592
1794.2862259013273 1.0034741163253784
1794.3070590370248 1.0000107288360596
1794.3278921720098 0.9959497451782227
1794.3487253062458 0.9948588013648987
1794.369558439772 0.9937188029289246
1794.3903915725518 0.9966601133346558
1794.4112247046241 0.9979432225227356
1794.432057835953 0.9994032382965088
1794.4528909665767 1.0014797449111938
1794.4737240964596 1.004095435142517
1794.4945572256495 1.0051698684692383
1794.5153903540809 1.007159948348999
1794.536223481832 1.0069711208343506
1794.5570566088268 1.0063728094100952
1794.5778897351438 1.0038763284683228
1794.5987228607069 1.000536322593689
1794.6195559855942 0.9964245557785034
1794.6403891097302 0.9943216443061829
1794.6612222331923 0.9934613704681396
1794.6820553559057 0.9931901693344116
1794.7028884779475 0.9966991543769836
1794.7237215992525 0.9981455206871033
1794.7445547198681 1.0000721216201782
1794.7653878397596 1.0016443729400635
1794.7862209589632 1.0034910440444946
1794.8070540774347 1.005581021308899
1794.8278871952411 1.0063488483428955
1794.8487203123175 1.0053210258483887
1794.8695534287103 1.0055413246154785
1794.8903865443854 1.0032238960266113
1794.9112196593792 0.9990332722663879
1794.932052773657 0.9940581321716309
1794.9737190001404 0.9941414594650269
1794.9945521123477 0.9936012029647827
1795.0153852238434 0.9978746175765991
1795.0362183346633 0.999782145023346
1795.0570514447722 1.0014793872833252
1795.077884554206 1.002285361289978
1795.0987176629337 1.0042178630828857
1795.1195507710008 1.0062921047210693
1795.1403838783424 1.0076336860656738
1795.1612169850337 1.0081716775894165
1795.182050091001 1.005617380142212
1795.20288319632 1.0011367797851562
1795.2237163009174 0.9968911409378052
1795.2445494048682 0.9927063584327698
1795.2653825080988 0.9932588338851929
1795.2862156106848 0.9937082529067993
1795.3070487125524 0.9954007267951965
1795.327881813777 0.9997485280036926
1795.3487149142854 1.0001612901687622
1795.3695480141523 0.999524712562561
1795.3903811133148 1.003077745437622
1795.4112142118177 1.0055291652679443
1795.4320473096273 1.0073214769363403
1795.4528804067793 1.0077054500579834
1795.4737135032403 1.007858157157898
1795.494546599045 1.005021572113037
1795.5153796941604 0.9997650384902954
1795.5362127886208 0.9953368306159973
1795.5570458823938 0.993401288986206
1795.5778789755136 0.9943874478340149
1795.5987120679479 0.9959686994552612
1795.6195451597405 0.9980677962303162
1795.640378250829 0.9986047148704529
1795.6612113412875 1.0004349946975708
1795.6820444310433 1.0015740394592285
1795.7028775201711 1.0037695169448853
1795.7237106085981 1.0049532651901245
1795.744543696398 1.0080546140670776
1795.7653767834993 1.0083143711090088
1795.7862098699748 1.006507158279419
1795.8070429557529 1.0015687942504883
1795.827876040907 0.99794602394104
1795.8487091253758 0.993313729763031
1795.869542209202 0.992770254611969
1795.8903752923543 0.9946715235710144
1795.9112083748655 0.9965143203735352
1795.9320414567042 0.9982249140739441
1795.9528745379034 0.9994742274284363
1795.973707618432 1.0002562999725342
1795.9945406983225 1.002040982246399
1796.0153737775438 1.0048340559005737
1796.0362068561387 1.0058908462524414
1796.0570399340456 1.0080584287643433
1796.0778730113377 1.0073564052581787
1796.0987060879436 1.0053387880325317
1796.1195391639362 0.9989879727363586
1796.140372239244 0.9961404800415039
1796.1612053139397 0.992969810962677
1796.1820383879524 0.993391215801239
1796.2028714613546 0.9951726794242859
1796.2237045340753 0.9966543912887573
1796.2445376061867 0.998399555683136
1796.2653706776284 0.9998605847358704
1796.2862037484422 0.9998629689216614
1796.3070368185975 1.002504825592041
1796.3278698881265 1.0047547817230225
1796.348702956999 1.0070589780807495
1796.3695360252464 1.0075294971466064
1796.3903690928385 1.006381869316101
1796.411202159807 1.0010236501693726
1796.4320352261218 0.9968813061714172
1796.4528682918146 0.9930458068847656
1796.4737013568554 0.9922834038734436
1796.4945344212854 0.9932491779327393
1796.5153674850446 0.9959341287612915
1796.5362005482048 0.9974188208580017
1796.5570336106955 0.9986047148704529
1796.5778666725887 0.9999909400939941
1796.5986997338143 1.001432180404663
1796.6195327944433 1.0030250549316406
1796.6403658544166 1.0045673847198486
1796.6611989137746 1.0069146156311035
1796.682031972478 1.0060336589813232
1796.7028650305879 1.0045548677444458
1796.723698088045 0.9992236495018005
1796.7445311448898 0.9950616359710693
1796.7653642010935 0.9915487766265869
1796.7861972566861 0.9917992353439331
1796.8070303116388 0.9932117462158203
1796.8278633659822 0.994373619556427
1796.8486964196875 0.9971902370452881
1796.869529472795 0.9985930323600769
1796.8903625252456 0.9990754127502441
1796.9111955771098 1.0016629695892334
1796.9320286283184 1.0033164024353027
1796.9528616789423 1.0056861639022827
1796.9736947289127 1.0065994262695312
1796.9945277782997 1.0052522420883179
1797.0153608270343 1.0020495653152466
1797.036193875187 0.9975732564926147
1797.0570269226891 0.9922723770141602
1797.0778599696107 0.991101086139679
1797.0986930158933 0.9917387366294861
1797.119526061577 0.9946691989898682
1797.1403591066332 0.9963664412498474
1797.1611921510919 0.9983281493186951
1797.1820251949248 0.9976381659507751
1797.2028582381615 0.9997658729553223
1797.2236912807743 1.0005457401275635
1797.2445243228026 1.0039561986923218
1797.2653573641883 1.0059820413589478
1797.286190405001 1.006518006324768
1797.3070234451727 1.0039329528808594
1797.3278564847728 1.0001715421676636
1797.348689523734 0.9950834512710571
1797.3695225621252 0.9911984205245972
1797.390355599889 0.990149199962616
1797.4111886370642 0.9919432401657104
1797.4320216736235 0.9945869445800781
1797.452854709596 0.9964997172355652
1797.4736877449548 0.9978844523429871
1797.494520779728 0.9988548755645752
1797.515353813889 1.0006645917892456
1797.5361868474763 1.002090334892273
1797.5570198804328 1.0045462846755981
1797.5778529128274 1.0070246458053589
1797.5986859445934 1.0061848163604736
1797.6195189757987 1.0032466650009155
1797.6403520063773 0.9974868297576904
1797.661185036397 0.993242084980011
1797.6820180657912 0.990700900554657
1797.7028510946286 0.9898154139518738
1797.723684122853 0.9929628968238831
1797.7445171505015 0.9961289763450623
1797.765350177549 0.9982458353042603
1797.7861832040223 0.9980785846710205
1797.8070162298964 0.9991977214813232
1797.8278492551983 1.0000261068344116
1797.848682279903 1.0023024082183838
1797.8695153040471 1.0039730072021484
1797.8903483275758 1.0049632787704468
1797.911181350556 1.0050233602523804
1797.9320143729226 1.0005931854248047
1797.9528473947425 0.9950312376022339
1797.9736804159509 0.9916253089904785
1797.9945134366146 0.9900647401809692
1798.0153464566786 0.991733968257904
1798.0361794761798 0.994501531124115
1798.0570124950934 0.9966073632240295
1798.0778455134462 0.9980473518371582
1798.0986785312136 0.9987958669662476
1798.119511548422 0.9983621835708618
1798.1403445650471 1.000524878501892
1798.1611775811255 1.0033851861953735
1798.1820105966024 1.0060864686965942
1798.2028436115345 1.0062421560287476
1798.223676625888 1.002851128578186
1798.2445096396984 0.9976369738578796
1798.2653426529125 0.9937326908111572
1798.2861756655955 0.9908296465873718
1798.3070086776843 0.9908469319343567
1798.3278416892445 0.9936322569847107
1798.348674700223 0.9957489371299744
1798.3695077106552 0.9970790147781372
1798.3903407205178 0.9977045655250549
1798.411173729836 0.9979726076126099
1798.4320067385875 0.9988081455230713
1798.4528397467968 1.0008317232131958
1798.4736727544418 1.0031309127807617
1798.4945057615573 1.0060046911239624
1798.5153387680912 1.0050504207611084
1798.5361717741075 1.0005031824111938
1798.5570047795445 0.9937871098518372
1798.577837784467 0.9899696707725525
1798.598670788813 0.9889785051345825
1798.6195037926466 0.9897935390472412
1798.6403367959167 0.9933995008468628
1798.6611697986568 0.9947624206542969
1798.6820028008462 0.9966046810150146
1798.7028358025084 0.9962785840034485
1798.7236688036228 0.9980509281158447
1798.7445018042226 1.0000135898590088
1798.7653348042577 1.0026679039001465
1798.786167803791 1.0035544633865356
1798.8070008027623 1.0039682388305664
1798.8278338012346 1.0015244483947754
1798.8486667991488 0.997085690498352
1798.8694997965665 0.9916788339614868
1798.8903327934388 0.9905282855033875
1798.9111657897981 0.9893417954444885
1798.9319987856252 0.9899849891662598
1798.9528317809425 0.9936368465423584
1798.973664775731 0.9948233366012573
1798.9944977700227 0.9958533048629761
1799.0153307637693 0.9966749548912048
1799.0361637570322 0.9965542554855347
1799.0569967497713 0.9990896582603455
1799.0778297420468 1.0025873184204102
1799.0986627337668 1.0033254623413086
1799.1194957249934 1.0018894672393799
1799.1403287156961 0.9982169270515442
1799.1611617059054 0.994465172290802
1799.1819946956045 0.9883491396903992
1799.2236606735178 0.9924051761627197
1799.2444936617355 0.9929366111755371
1799.2653266494517 0.9960095882415771
1799.2861596366959 0.9978410005569458
1799.3069926234223 0.9973871111869812
1799.327825609691 0.9988442659378052
1799.348658595447 0.9990556836128235
1799.369491580749 1.0033788681030273
1799.3903245655426 1.0039645433425903
1799.4111575498869 1.0062639713287354
1799.4319905337375 1.003262996673584
1799.4528235171233 0.9997996687889099
1799.4736565000305 0.9951678514480591
1799.4944894824773 0.9923298358917236
1799.5153224644507 0.9908333420753479
1799.5361554459685 0.9926469922065735
1799.556988427018 0.9953234195709229
1799.577821407627 0.9979693293571472
1799.5986543877536 0.9987046718597412
1799.6194873674547 0.9985783100128174
1799.640320346689 0.9999187588691711
1799.6611533254827 1.0014933347702026
1799.6819863038259 1.0051040649414062
1799.702819281734 1.0060442686080933
1799.723652259198 1.0058636665344238
1799.7444852362328 1.002933382987976
1799.7653182128295 0.9983676075935364
1799.786151189013 0.9937601089477539
1799.8069841647452 0.9919098019599915
1799.8278171400805 0.9915550947189331
1799.8486501149716 0.9931023120880127
1799.8694830894722 0.995764434337616
1799.8903160635357 0.9984450936317444
1799.9111490372152 0.9992545247077942
1799.9319820104754 1.0004422664642334
1799.9528149833388 1.0010627508163452
1799.973647955801 1.0037214756011963
1799.9944809278736 1.0047818422317505
1800.015313899553 1.0057258605957031
1800.0361468708602 1.0047920942306519
1800.0569798417632 1.002135157585144
1800.0778128123125 0.9964929223060608
1800.098645782466 0.9930381774902344
1800.1194787522743 0.991340160369873
1800.1403117217064 0.9917181134223938
1800.1611446907816 0.9949477314949036
1800.1819776595007 0.9970740079879761
1800.2028106278724 0.9986251592636108
1800.2236435958985 0.9994692206382751
1800.2444765635862 1.0000815391540527
1800.2653095309395 1.0022871494293213
1800.2861424979742 1.004051923751831
1800.3069754646663 1.006068468093872
1800.3278084310605 1.0058672428131104
1800.3486413971236 1.0043522119522095
1800.3694743629005 0.9991334676742554
1800.3903073283689 0.9970497488975525
1800.4111402935423 0.9915665984153748
1800.4319732584306 0.990803599357605
1800.4528062230365 0.9932044744491577
1800.4736391873714 0.9958112835884094
1800.4944721514466 0.9976165294647217
1800.5153051152458 1.0000449419021606
1800.536138078809 1.0005358457565308
1800.5569710421116 1.0013929605484009
1800.577804005193 1.0025677680969238
1800.5986369680404 1.004645824432373
1800.6194699306618 1.006752610206604
1800.6403028930763 1.006489634513855
1800.661135855281 1.0027626752853394
1800.6819688172977 0.9976810216903687
1800.702801779122 0.9934069514274597
1800.7236347407777 0.9914830923080444
1800.7444677022688 0.9913574457168579
1800.7653006635924 0.9936971068382263
1800.7861336247806 0.9977208375930786
1800.8069665858238 0.9991396069526672
1800.8277995467522 0.9991956949234009
1800.848632507569 1.0007246732711792
1800.8694654682727 1.001365303993225
1800.8902984289 1.0026421546936035
1800.9111313894373 1.0058003664016724
1800.9319643499252 1.006745457649231
1800.9527973103584 1.004656195640564
1800.9736302707508 1.000049114227295
1800.9944632311247 0.9951431155204773
1801.0152961914882 0.9903823137283325
1801.0361291518618 0.9904873967170715
1801.0569621122681 0.9913411736488342
1801.077795072695 0.9959669709205627
1801.0986280332 0.9986239671707153
1801.1194609937577 0.9990626573562622
1801.1402939544314 0.9999604225158691
1801.1611269152029 0.9995455145835876
1801.1819598761113 1.00087571144104
1801.2027928371654 1.0030900239944458
1801.2236257984005 1.0053073167800903
1801.2444587598216 1.0064934492111206
1801.265291721481 1.00338613986969
1801.2861246833502 0.9976314902305603
1801.3069576455193 0.9925146102905273
1801.3277906079456 0.9892836809158325
1801.3486235707273 0.9900688529014587
1801.3694565338276 0.9921335577964783
1801.3902894973235 0.9942946434020996
1801.4111224612034 0.9976934790611267
1801.4319554255446 0.998262345790863
1801.4527883903304 0.9986335635185242
1801.4736213556587 0.999747097492218
1801.4944543214772 1.0021599531173706
1801.5152872879257 1.004349708557129
1801.5361202549361 1.005149245262146
1801.5569532226616 1.0044891834259033
1801.5777861910274 0.9995246529579163
1801.5986191602005 0.9945356249809265
1801.6194521301097 0.9894415736198425
1801.6402851009077 0.9875810742378235
1801.661118072545 0.9898369312286377
1801.6819510451926 0.9921137094497681
1801.7027840187623 0.9947769641876221
1801.7236169934743 0.9977186918258667
1801.7444499692208 0.997675359249115
1801.7652829462438 0.9982005953788757
1801.7861159244349 0.9988066554069519
1801.8069489040295 0.999985933303833
1801.8277818849385 1.003965973854065
1801.8486148674126 1.001734972000122
1801.8694478513503 1.0001890659332275
1801.8902808370403 0.9963048100471497
1801.9111138243377 0.9907352924346924
1801.931946813592 0.9879346489906311
1801.9527798046329 0.9873637557029724
1801.9736127978429 0.9895074367523193
1801.9944457930453 0.994033932685852
1802.0152787906272 0.9944902062416077
1802.036111790424 0.9967687726020813
1802.0569447928544 0.9972466230392456
1802.0777777977344 0.9978809952735901
1802.0986108055115 0.9998406171798706
1802.1194438159528 1.0005027055740356
1802.1402768295845 1.0045676231384277
1802.1611098461508 1.001267433166504
1802.1819428661715 0.998666524887085
1802.202775889399 0.9939082264900208
1802.2236089163705 0.9900332689285278
1802.244441946787 0.9871261715888977
1802.2652749812164 0.9874345660209656
1802.28610801933 0.9908515810966492
1802.306941061673 0.9958420395851135
1802.3277741078991 0.9979605674743652
1802.3486071584969 0.9998406171798706
1802.369440213119 1.0005772113800049
1802.3902732721226 1.0014309883117676
1802.4111063351884 1.0034698247909546
1802.4319394025117 1.0069209337234497
1803.4735916719883 0.9933170676231384
1803.4944246396287 0.996362030506134
1803.5152576046708 0.99924236536026
1803.5360905673333 1.0025599002838135
1803.5569235275198 1.0028647184371948
1803.5777564854106 1.0036039352416992
1803.5985894409391 1.0020596981048584
1803.6194223942784 1.003346562385559
1803.640255345332 1.005528211593628
1803.6610882942953 1.006847620010376
1803.6819212410628 1.0054980516433716
1803.7027541858229 1.0036002397537231
1803.7235871284802 1.000563144683838
1803.7444200691866 0.9958899617195129
1803.7652530078778 0.991805911064148
1803.7860859446992 0.9918786883354187
1803.8069188795566 0.995025098323822
1803.827751812621 0.9991497993469238
1803.8485847437983 1.0012990236282349
1803.8694176732236 1.0024683475494385
1803.8902506008335 1.001613736152649
1803.9110835267488 1.001665472984314
1803.9319164509068 1.0030908584594727
1803.9527493734233 1.0052717924118042
1803.9735822942362 1.0072417259216309
1803.9944152134674 1.005371332168579
1804.0152481310254 1.0017338991165161
1804.0360810470577 0.9957455992698669
1804.0569139614736 0.9917759299278259
1804.0777468743877 0.9900350570678711
1804.0985797857393 0.9927359223365784
1804.1194126956395 0.9971256852149963
1804.1402456039982 1.0004633665084839
1804.1610785109533 1.0021227598190308
1804.1819114164057 1.0020573139190674
1804.2027443204902 1.0004498958587646
1804.2235772231184 1.0014302730560303
1804.2444101243918 1.0020747184753418
1804.2652430242526 1.0052598714828491
1804.2860759228008 1.0056049823760986
1804.3069088199484 1.0029369592666626
1804.3277417158224 0.9992873072624207
1804.3485746103363 0.993943452835083
1804.3694075035844 0.9903417825698853
1804.3902403955105 0.9904316067695618
1804.4110732861977 0.9929514527320862
1804.4319061755896 0.9969949722290039
1804.4527390637772 1.000573754310608
1804.4735719506753 0.997287929058075
1804.494404836402 0.9951821565628052
1804.515237720863 0.9977161288261414
1804.5360706041756 0.9979934692382812
1804.5569034862551 0.9999385476112366
1804.577736367187 1.0009456872940063
1804.5985692469174 1.0030734539031982
1804.6194021255299 0.9999911785125732
1804.6402350029414 0.994762122631073
1804.661067879264 0.9876748323440552
1804.6819007544054 0.9877542853355408
1804.7027336284755 0.9889429211616516
1804.7235665013927 0.990085780620575
1804.7443993732359 0.9954200983047485
1804.7652322439535 0.9968476295471191
1804.7860651136236 0.997032880783081
1804.806897982165 0.9954325556755066
1804.827730849684 0.9962039589881897
1804.8485637161004 1.0002965927124023
1804.8693965814894 0.9995431900024414
1804.8902294458005 1.0040103197097778
1804.9110623090983 0.9995014667510986
1804.9318951713333 0.9964673519134521
1804.9527280325779 0.9895229935646057
1804.9735608927538 0.9868417978286743
1804.994393751962 0.9873037338256836
1805.0152266101145 0.9889848232269287
1805.036059467312 0.9936025142669678
1805.0568923234766 0.997594952583313
1805.0777251786876 0.9965599775314331
1805.098558032868 0.9963558316230774
1805.1193908861162 0.9958717823028564
1805.140223738345 0.9959409236907959
1805.1610565896524 0.9989227056503296
1805.181889439962 0.9998274445533752
1805.2027222893405 1.0002135038375854
1805.2235551377416 0.9994794130325317
1805.2443879852317 0.994476854801178
1805.2652208317345 0.9903236031532288
1805.286053677346 0.9860737323760986
1805.3068865219902 0.9888232946395874
1805.327719365732 0.9911260604858398
1805.3485522085261 0.9950858354568481
1805.3693850504367 0.9984133839607239
1805.3902178913886 0.9961137771606445
1805.4110507314754 0.9970222115516663
1805.4318835706126 0.9968520402908325
1805.4527164088925 0.9988105297088623
1805.4735492462416 1.0006499290466309
1805.4943820827211 1.0009516477584839
1805.5152149182877 1.0015355348587036
1805.5360477530028 1.0013651847839355
1805.5568805867927 0.9944541454315186
1805.577713419748 0.9882290363311768
1805.5985462517963 0.9881458282470703
1805.619379082997 0.9893092513084412
1805.6402119133074 0.9940884709358215
1805.6610447427774 0.9964784979820251
1805.6818775713643 0.9977096319198608
1805.7027103991275 0.9969832301139832
1805.7235432259943 0.9967626929283142
1805.7443760520534 0.9978528618812561
1805.765208877233 0.998080849647522
1805.7860417015909 1.0024017095565796
1805.806874525086 1.0033682584762573
1805.8277073477755 1.0025346279144287
1805.848540169588 0.997109591960907
1805.8693729906106 0.9912866353988647
1805.8902058107624 0.9862444996833801
1805.9110386301297 0.9905194640159607
1805.9318714486424 0.9915074706077576
1805.9527042663558 0.9928838014602661
1805.9735370832302 1.0005773305892944
1805.9943698993206 1.0018925666809082
1806.015202714557 1.0025488138198853
1806.036035529025 0.9994010329246521
1806.056868342656 1.0013580322265625
1806.0777011555042 1.003198504447937
1806.098533967528 1.0061086416244507
1806.1193667787816 1.0063745975494385
1806.1401995891968 1.0012054443359375
1806.1610323988577 0.9964472055435181
1806.1818652076854 0.9917186498641968
1806.202698015763 0.9900923371315002
1806.223530823022 0.9900240302085876
1806.2443636295152 0.9941502809524536
1806.2651964352044 0.9996203184127808
1806.2860292401424 1.0014533996582031
1806.306862044261 1.0033680200576782
1806.327694847642 1.001886248588562
1806.3485276502183 1.0019224882125854
1806.3693604520413 1.0032342672348022
1806.390193253073 1.0062252283096313
1806.4110260533657 1.0051835775375366
1806.4318588528517 1.0041468143463135
1806.4526916516122 0.9990657567977905
1806.4735244495698 0.9944857954978943
1806.494357246806 0.9877534508705139
1806.515190043253 0.9875431656837463
1806.5360228389618 0.992422878742218
1806.556855633896 0.9959943294525146
1806.5776884281054 1.0
1806.5985212215237 1.0012086629867554
1806.6193540142306 1.0023380517959595
1806.6401868061598 1.0027772188186646
1806.6610195973615 1.0011740922927856
1806.6818523877992 1.0032682418823242
1806.7026851775222 1.0050992965698242
1806.723517966465 1.0057857036590576
1806.7443507547057 1.003299593925476
1806.7651835421798 0.9997919797897339
1806.7860163289358 0.9909993410110474
1806.8068491149377 0.990456223487854
1806.8276819002347 0.9900600910186768
1806.8485146847609 0.9943321347236633
1806.869347468595 1.0000675916671753
1806.8901802516616 1.0007989406585693
1806.9110130340391 1.0040653944015503
1806.9318458156622 1.0014445781707764
1806.952678596589 1.0018092393875122
1806.9735113767547 1.00342857837677
1806.9943441562364 1.0056712627410889
1807.01517693496 1.0068633556365967
1807.0360097130028 1.004789113998413
1807.0568424903004 1.0010985136032104
1807.0776752668996 0.9973264336585999
1807.0985080427665 0.9915820956230164
1807.1193408179474 0.9895891547203064
1807.140173592379 0.9918201565742493
1807.1610063661376 0.9980629682540894
1807.1818391391591 1.001583456993103
1807.2026719114901 1.0032775402069092
1807.223504683097 1.0011494159698486
1807.2443374540258 1.0010952949523926
1807.2651702242129 1.0006585121154785
1807.2860029937347 1.0040528774261475
1807.306835762527 1.003557801246643
1807.3276685306366 1.0063230991363525
1807.3485012980295 1.0016744136810303
1807.3693340647415 0.9989526867866516
1807.3901668307394 0.9914260506629944
1807.410999596069 0.9887500405311584
1807.431832360677 0.9874382615089417
1807.4526651246085 0.9933736324310303
1807.473497887831 0.9975500106811523
1807.4943306503792 1.0002741813659668
1807.515163412221 1.0015734434127808
1807.5359961734007 1.0016286373138428
1807.556828933856 0.9998780488967896
1807.5776616936616 1.000104308128357
1807.598494452755 1.0064340829849243
1807.6193272111805 1.0065176486968994
1807.6401599689061 1.004794955253601
1807.6609927259765 1.001010537147522
1807.6818254823288 0.9965118169784546
1807.7026582380379 0.9898990988731384
1807.7234909930414 0.987460196018219
1807.744323747383 0.9889082312583923
1807.7651565010315 0.9961678981781006
1807.7859892540307 1.000516653060913
1807.8068220063183 1.0020637512207031
1807.8276547579685 1.0011582374572754
1807.8484875089196 1.0020464658737183
1807.8693202592146 1.0019301176071167
1807.8901530088228 1.0026090145111084
1807.910985757787 1.005414366722107
1807.9318185060465 1.0069514513015747
1807.9526512536738 1.0025529861450195
1807.973484000608 0.9976359009742737
1808.0151494924953 0.9894353151321411
1808.0359822374503 0.9905710816383362
1808.056814981726 0.9922980666160583
1808.0776477253653 0.9982938766479492
1808.0984804683171 1.0016142129898071
1808.1193132106243 1.0036059617996216
1808.1401459522563 1.0042400360107422
1808.1609786932454 1.0029330253601074
1808.1818114335608 1.0041948556900024
1808.2026441732453 1.0038323402404785
1808.223476912238 1.0040524005889893
1808.2443096506113 1.0014888048171997
1808.2651423883046 1.0040699243545532
1808.2859751253604 0.9966124892234802
1808.3068078617482 0.99262535572052
1808.32764059751 0.9883354306221008
1808.3484733325954 0.9930083155632019
1808.3693060670464 0.9968763589859009
1808.390138800833 1.0018471479415894
1808.4109715339969 1.0040658712387085
1808.4318042664781 1.0044379234313965
1808.4526369983482 1.0044821500778198
1808.473469729547 1.0036572217941284
1808.4943024601166 1.0052642822265625
1808.5151351900272 1.00685453414917
1808.5359679193095 1.0043580532073975
1808.5568006479346 1.0068247318267822
1808.5776333759434 1.0013679265975952
1808.5984661032762 0.9961936473846436
1808.619298830004 0.9927091598510742
1808.640131556068 0.9922447800636292
1808.6609642815188 0.9944056868553162
1808.681797006297 0.9996005296707153
1808.7026297304737 1.0038622617721558
1808.7234624539794 1.0043272972106934
1808.744295176885 1.0043134689331055
1808.7651278991318 1.0028997659683228
1808.7859606207696 1.004799246788025
1808.80679334174 1.0050771236419678
1808.8276260621135 1.0064748525619507
1808.848458781821 1.0082361698150635
1808.8692915009328 1.0048426389694214
1808.8901242193906 0.999988317489624
1808.9109569372442 0.9939173460006714
1808.931789654435 0.9903348088264465
1808.9526223710334 0.9907933473587036
1808.9734550869805 0.9959862232208252
1808.9942878023166 0.9995574951171875
1809.0151205170134 1.0042927265167236
1809.0359532311106 1.0037250518798828
1809.0567859445498 1.0022591352462769
1809.0776186574008 1.0008783340454102
1809.0984513696053 1.0016142129898071
1809.1192840812034 1.0018253326416016
1809.1401167921667 1.0030262470245361
1809.1609495025348 1.0067192316055298
1809.1817822122496 1.0021556615829468
1809.2026149213807 0.9932738542556763
1809.22344762986 0.9882450699806213
1809.2442803377573 0.9891030788421631
1809.2651130450145 0.9913105964660645
1809.2859457516806 0.9959313273429871
1809.3067784576986 1.0023329257965088
1809.3276111631367 1.0017906427383423
1809.348443867928 1.0019965171813965
1809.3692765721414 0.9995130896568298
1809.3901092757194 1.0015839338302612
1809.410941978711 1.0015969276428223
1809.4317746810586 1.0045251846313477
1809.452607382831 1.0038114786148071
1809.4734400839611 1.0032203197479248
1809.4942727845178 0.9990758895874023
1809.5151054844437 0.9933764338493347
1809.5359381837873 0.988001823425293
1809.5567708824917 0.9895610213279724
1809.5776035806252 0.9928494691848755
1809.5984362781212 0.996143639087677
1809.6192689750478 0.9995980858802795
1809.6401016713485 1.00020170211792
1809.6609343670711 1.0000003576278687
1809.6817670621595 1.000337839126587
1809.7025997566811 1.001036524772644
1809.7234324505796 1.001760482788086
1809.7442651438935 1.0014314651489258
1809.765097836596 1.0034551620483398
1809.7859305287247 0.9989780783653259
1809.8067632202237 0.9947108626365662
1809.8275959111606 0.98961341381073
1809.8484286014793 0.9875746965408325
1809.8692612912173 0.9909567832946777
1809.8900939803489 0.9943966865539551
1809.910926668911 1.0005838871002197
1809.9317593568583 0.9999884366989136
1809.9525920442277 0.9990519881248474
1809.9734247309937 0.9980639219284058
1809.9942574171935 0.9985134601593018
1810.0150901027716 0.99883633852005
1810.0359227877948 1.0019867420196533
1810.056755472208 1.0007214546203613
1810.0775881560478 1.0007565021514893
1810.0984208392888 0.9974692463874817
1810.1192535219682 0.9906424283981323
1810.140086204031 0.9893215298652649
1810.1609188855432 0.9871517419815063
1810.1817515664502 0.9911723136901855
1810.2025842467885 0.9949862957000732
1810.2234169265332 0.999961256980896
1810.2442496057206 1.001527190208435
1810.2650822842963 1.000787377357483
1810.2859149623264 0.9993882775306702
1810.3067476397562 1.0013154745101929
1810.3275803166216 1.0010309219360352
1810.3484129928988 1.0023738145828247
1810.3692456686233 1.0022298097610474
1810.3900783437414 1.0003076791763306
1810.4109110183183 0.997514009475708
1810.4317436923002 0.9916137456893921
1810.4525763657225 0.9886382818222046
1810.4734090385618 0.9892846941947937
1810.4942417108534 0.9932191967964172
1810.5150743825536 0.9978668093681335
1810.5359070536977 1.0033628940582275
1810.5567397242621 1.0045915842056274
1810.5775723942818 1.0015612840652466
1810.598405063704 1.0015032291412354
1810.619237732593 1.0015932321548462
1810.6400704008965 1.0042747259140015
1810.6609030686488 1.0044224262237549
1810.681735735827 1.0037505626678467
1810.7025684024654 0.9998888969421387
1810.723401068512 0.9939846992492676
1810.744233734031 0.9902293086051941
1810.7650663989696 0.9883785247802734
1810.7858990633624 0.9939854741096497
1810.8067317271868 0.9973559379577637
1810.827564390477 1.000067949295044
1810.8483970531809 1.003477931022644
1810.8692297153627 1.0019066333770752
1810.89006237697 1.001050591468811
1810.9108950380469 1.0013459920883179
1810.9317276985416 1.0011004209518433
1810.9525603585173 1.004095196723938
1810.9733930179132 1.0043336153030396
1810.9942256767924 1.0022398233413696
1811.0150583351033 0.9976041316986084
1811.0358909928896 0.9924543499946594
1811.0567236501 0.9902529716491699
1811.0775563067973 0.9877880811691284
1811.0983889629308 0.9929312467575073
1811.1192216185339 0.9980210065841675
1811.1400542735853 1.0001949071884155
1811.1608869281179 1.0020291805267334
1811.181719582081 1.0001055002212524
1811.2025522355375 0.9999572038650513
1811.223384888437 1.0009980201721191
1811.2442175408123 1.00148606300354
1811.2650501926425 1.0026274919509888
1811.2858828439607 1.0018163919448853
1811.3067154947164 1.0002344846725464
1811.3275481449718 0.9947490692138672
1811.3483807946775 0.9914764165878296
1811.3692134438754 0.9892650842666626
1811.3900460925158 0.990608274936676
1811.4108787406608 0.9931249022483826
1811.4317113882607 0.9991813898086548
1811.4525440353475 1.0009729862213135
1811.473376681902 1.0023915767669678
1811.4942093279558 1.0011258125305176
1811.51504197346 0.9999993443489075
1811.5358746184759 0.9998751282691956
1811.556707262955 1.0024356842041016
1811.577539906938 1.0038392543792725
1811.598372550377 1.0026694536209106
1811.619205193333 0.9983568787574768
1811.6400378357578 0.9930276274681091
1811.6608704776818 0.9910649061203003
1811.6817031190874 0.9893851280212402
1811.7025357600053 0.9921036958694458
1811.723368400388 0.9964513182640076
1811.7442010402956 0.9983649253845215
1811.765033679681 1.001734733581543
1811.785866318584 1.0008844137191772
1811.8066989569581 1.0014344453811646
1811.8275315948629 0.9992595911026001
1811.848364232242 1.001715898513794
1811.8691968691546 1.0016729831695557
1811.890029505555 1.0032410621643066
1811.910862141482 1.0010091066360474
1811.93169477689 0.9964185953140259
1811.9525274118382 0.9914453625679016
1811.973360046281 0.9888309836387634
1811.994192680247 0.9893990755081177
1812.015025313721 0.9931915402412415
1812.035857946732 0.998202383518219
1812.0566905792343 1.0021729469299316
1812.0775232112874 1.0032439231872559
1812.098355842846 1.0019792318344116
1812.1191884739485 1.0013400316238403
1812.1400211045507 1.0020614862442017
1812.1608537347104 1.0018913745880127
1812.1816863643837 1.0024789571762085
1812.2025189935985 1.002533197402954
1812.2233516223416 1.0008653402328491
1812.2441842506396 0.9954568147659302
1812.2650168784505 0.9885160326957703
1812.2858495058306 0.9890734553337097
1812.3066821327375 0.9904441833496094
1812.327514759198 0.9948306679725647
1812.3483473852007 1.0004907846450806
1812.3691800107708 1.0024669170379639
1812.390012635878 1.0026582479476929
1812.4108452605474 1.0017513036727905
1812.4316778847683 1.0020390748977661
1812.4525105085665 1.0018858909606934
1812.4733431319019 1.0035737752914429
1812.5150083773085 0.9992252588272095
1812.5358409993748 0.9956868886947632
1812.5566736209892 0.9890783429145813
1812.5775062422058 0.985106885433197
1812.5983388629763 0.9864040017127991
1812.6191714833544 0.9899482131004333
1812.6400041033028 0.9979864954948425
1812.6608367228541 1.0028036832809448
1812.6816693419719 1.004696011543274
1812.7025019607086 1.0048569440841675
1812.7233345790285 1.0023661851882935
1812.7441671969534 1.0044325590133667
1812.7649998144784 1.0031540393829346
1812.7858324316248 1.0048507452011108
1812.8066650483581 1.0037524700164795
1812.8274976647297 1.0014461278915405
1812.848330280706 0.9941419959068298
1812.8691628963172 0.9881296753883362
1812.8899955115307 0.9894329309463501
1812.9108281263966 0.9916318655014038
1812.931660740883 0.9934173822402954
1812.9524933550094 0.9980026483535767
1812.9733259687748 1.0006364583969116
1812.994158582198 1.0039714574813843
1813.0149911952594 1.0016887187957764
1813.0358238079764 1.0016469955444336
1813.0566564203514 1.0031397342681885
1813.0774890324008 1.0042204856872559
1813.0983216440975 1.0041840076446533
1813.119154255488 1.0023236274719238
1813.1399868665462 0.9973199963569641
1813.1608194772875 0.9930432438850403
1813.1816520877176 0.9896056652069092
1813.2024846978507 0.9909638166427612
1813.223317307674 0.993929386138916
1813.2441499172012 0.9972711205482483
1813.2649825264402 1.002199411392212
1813.285815135404 1.004788875579834
1813.3066477440727 1.004024863243103
1813.327480352488 0.9973512291908264
1813.3483129606313 1.000603199005127
1813.3691455685234 1.0003613233566284
1813.389978176148 1.0016998052597046
1813.410810783544 1.0006375312805176
1813.4316433906974 0.9975501298904419
1813.4524759976166 0.9957835674285889
1813.4733086043186 0.9916468858718872
1813.494141210811 0.9883469939231873
1813.5149738170928 0.9879209399223328
1813.5358064231702 0.992843508720398
1813.556639029065 0.9967230558395386
1813.5774716347821 0.9987751841545105
1813.5983042403154 0.9990496635437012
1813.6191368456982 0.9992517828941345
1813.6399694509273 0.9995988011360168
1813.660802056004 0.9976523518562317
1813.6816346609585 1.0010192394256592
1813.7024672657908 1.00081205368042
1813.7232998705133 1.0000004768371582
1813.7441324751246 0.997563362121582
1813.7649650796604 0.9916788935661316
1813.7857976841171 0.9889543652534485
1813.8066302885047 0.9874488711357117
1813.8274628928473 0.9887285232543945
1813.8482954971585 0.9940524697303772
1813.8691281014403 0.998261570930481
1813.8899607057103 0.9985392093658447
1813.9107933099885 0.9997432231903076
1813.9316259142872 1.0007190704345703
1813.9524585186236 0.9992250800132751
1813.973291123025 0.9999741911888123
1813.994123727486 1.0004773139953613
1814.014956332039 1.0031193494796753
1814.0357889366956 0.9995623826980591
1814.0566215414945 0.9957964420318604
1814.0774541464145 0.9894923567771912
1814.09828675153 0.9854304790496826
1814.1191193568163 0.9859223365783691
1814.139951962335 0.9875281453132629
1814.1607845680583 0.9943113923072815
1814.181617174075 1.0007110834121704
1814.2024497803534 1.0052540302276611
1814.2232823869706 1.0055389404296875
1814.244114993891 1.0048609972000122
1814.2649476012202 1.004543423652649
1814.2857802089186 1.0033259391784668
1814.3066128170722 1.0047874450683594
1814.3274454256657 1.004206895828247
1814.348278034797 1.001744031906128
1814.3691106444148 0.9978551864624023
1814.3899432546593 0.9942706227302551
1814.410775865474 0.9906154274940491
1814.4316084769928 0.9924620389938354
1814.452441089152 0.995685338973999
1814.4732737021213 1.0000840425491333
1814.4941063158299 1.0030628442764282
1814.514938930434 1.0046396255493164
1814.5357715458856 1.0051541328430176
1814.5566041623604 1.0013188123703003
1814.5774367797806 1.0027248859405518
1814.598269398344 1.0047086477279663
1814.6191020179826 1.0046907663345337
1814.6399346389187 1.0030338764190674
1814.6607672610535 1.000105619430542
1814.6815998846362 0.9958183169364929
1814.7024325095754 0.9917610287666321
1814.7232651361512 0.9892253875732422
1814.7440977642384 0.9921169281005859
1814.7649303941507 0.9955315589904785
1814.7857630257686 1.0003020763397217
1814.8065956594428 1.0029973983764648
1814.8274282950065 1.0033224821090698
1814.8482609328828 1.0030983686447144
1814.8690935728862 1.0029253959655762
1814.8899262154544 1.0011661052703857
1814.9107588604115 1.0036453008651733
1814.931591508244 1.0035059452056885
1814.952424158733 1.002439260482788
1814.9732568124157 0.9980460405349731
1814.9940894690678 0.9936139583587646
1815.0149221292768 0.9885720610618591