1790.682674223892 1.0013675689697266
1790.7035079277905 1.0010091066360474
1790.7243416289082 1.001265048980713
1790.7451753274431 1.0011513233184814
1790.7660090232946 1.001223087310791
1790.7868427166734 1.0009313821792603
1790.8076764074508 1.0009722709655762
1790.8285100958408 1.0010963678359985
1790.8493437817158 1.0004197359085083
1790.8701774652839 0.9999238848686218
1790.891011146419 0.9995813965797424
1790.9118448253228 0.999916672706604
1790.9326785018704 1.000074863433838
1790.953512176258 0.9995152950286865
1790.974345848362 0.9992525577545166
1790.9951795183722 0.999596118927002
1791.0160131861667 0.9994096159934998
1791.0368468519307 0.9997979998588562
1791.0576805155426 0.9991933703422546
1791.0785141771828 0.9997571110725403
1791.0993478367307 1.0002021789550781
1791.3910188732307 1.0044445991516113
1791.411852505499 1.004808783531189
1791.4326861360425 1.0043444633483887
1791.4535197650093 1.0045489072799683
1791.4743533922863 1.0046765804290771
1791.4951870180187 1.0053715705871582
1791.5160206420944 1.0049865245819092
1791.5368542646565 1.0046186447143555
1791.557687885593 1.003857970237732
1791.5785215050446 1.0040420293807983
1791.5993551229003 1.0042320489883423
1791.6201887392986 1.003848910331726
1791.6410223541288 1.0038127899169922
1791.661855967528 1.0034319162368774
1791.6826895793856 1.003888726234436
1791.7035231898367 1.0038349628448486
1791.7243567987719 1.0031218528747559
1791.7451904063234 1.0034195184707642
1791.7660240123835 1.0036107301712036
1791.7868576170824 1.003327488899231
1791.8076912203123 1.0031180381774902
1791.8285248222026 1.0034922361373901
1791.8493584226453 1.003004550933838
1791.8701920217682 1.002996802330017
1791.891025619465 1.0029234886169434
1791.911859215861 1.003075361251831
1791.9326928108508 1.0028629302978516
1791.953526404558 1.0028117895126343
1791.9743599968776 1.0025286674499512
1791.9951935879324 1.0025672912597656
1792.0160271776176 1.0026073455810547
1792.0368607660548 1.0025681257247925
1792.0576943531396 1.0021998882293701
1792.0785279389925 1.0022331476211548
1792.0993615235093 1.001830816268921
1792.120195106809 1.0018798112869263
1792.1410286887888 1.0015647411346436
1792.1618622695662 1.0018417835235596
1792.1826958490385 1.001589059829712
1792.2035294273226 1.0018666982650757
1792.2243630043258 1.0021425485610962
1792.245196580134 1.0021486282348633
1792.2660301546757 1.0019179582595825
1792.2868637280553 1.0019047260284424
1792.3076973001812 1.0019199848175049
1792.3285308711374 1.0014197826385498
1792.3493644408632 1.001978874206543
1792.3701980094304 1.0017437934875488
1792.3910315767796 1.0014692544937134
1792.411865142982 1.0015153884887695
1792.4326987079778 1.0015718936920166
1792.453532271838 1.0011507272720337
1792.4743658345028 1.0015736818313599
1792.4951993960422 1.0012232065200806
1792.516032956397 1.0014828443527222
1792.536866515637 1.0013643503189087
1792.557700073703 1.0011674165725708
1792.5785336306637 1.0013004541397095
1792.5993671864605 1.0013586282730103
1792.620200741161 1.0014898777008057
1792.6410342947074 1.0010671615600586
1792.661867847167 1.0009750127792358
1792.6827013984819 1.000826358795166
1792.7035349487185 1.0000369548797607
1792.7243684978191 1.0009583234786987
1792.7452020458497 1.0008193254470825
1792.7660355927537 1.0007575750350952
1792.7868691385956 1.0007671117782593
1792.8077026833193 1.0006788969039917
1792.8285362269887 1.0009434223175049
1792.8493697695478 1.0006226301193237
1792.8702033110603 1.0008269548416138
1792.8910368514703 1.0009738206863403
1792.9118703908414 1.0006482601165771
1792.9327039291175 1.000846266746521
1792.9535374663612 1.0008368492126465
1792.9743710025177 1.000717043876648
1792.9952045376485 1.0008699893951416
1793.016038071699 1.000807523727417
1793.036871604731 1.000719666481018
1793.0577051366895 1.0004377365112305
1793.0785386676355 1.0005279779434204
1793.0993721975149 1.0001885890960693
1793.120205726388 1.0008366107940674
1793.1410392542005 1.0005558729171753
1793.1618727810128 1.0004303455352783
1793.1827063067715 1.000482201576233
1793.2035398315454 1.0006252527236938
1793.2243733552516 1.0004414319992065
1793.2452068779887 1.000649094581604
1793.266040399664 1.0003000497817993
1793.286873920376 1.0005848407745361
1793.3077074400314 1.000468134880066
1793.328540958729 1.0002745389938354
1793.349374476376 1.000478982925415
1793.37020799307 1.0004329681396484
1793.3910415087182 1.0006625652313232
1793.4118750234188 1.0005278587341309
1793.4327085370792 1.0007086992263794
1793.4535420497966 1.0003191232681274
1793.4743755614788 1.000510334968567
1793.495209072223 1.0005782842636108
1793.5160425819365 1.0003302097320557
1793.5368760907165 1.000368356704712
1793.5577095984713 1.000187635421753
1793.5785431052968 1.000441551208496
1793.5993766111017 1.000618815422058
1793.6202101159815 1.0002624988555908
1793.641043619845 1.000144362449646
1793.661877122788 1.0003565549850464
1793.6827106247192 1.0001994371414185
1793.7035441257337 1.0002955198287964
1793.724377625751 0.9997484683990479
1793.7452111248356 1.0002377033233643
1793.7660446229368 1.000364065170288
1793.7868781201093 1.0000873804092407
1793.8077116163029 0.9998670220375061
1793.8285451115714 0.9999306201934814
1793.8493786058648 1.0000165700912476
1793.8702120992368 1.0000146627426147
1793.8910455916375 0.9998641014099121
1793.9118790831205 0.9998462200164795
1793.932712573636 1.000306487083435
1793.9535460632376 0.9997891783714294
1793.9743795518752 0.9999458193778992
1793.995213039602 1.0001788139343262
1794.0160465263687 0.9998659491539001
1794.0368800122378 0.9998317956924438
1794.0577134971304 1.0000743865966797
1794.0785469811387 1.0000382661819458
1794.099380464174 1.0001379251480103
1794.120213946328 1.0000114440917969
1794.141047427512 1.0002779960632324
1794.1618809078182 1.0000735521316528
1794.1827143871578 0.9999550580978394
1794.2035478656226 1.0000364780426025
1794.224381343124 1.000069499015808
1794.2452148197533 0.9998210668563843
1794.266048295422 0.9998940825462341
1794.286881770222 1.0000098943710327
1794.3077152440646 1.0001803636550903
1794.328548717041 1.000081181526184
1794.3493821890634 1.000030517578125
1794.370215660222 0.9998085498809814
1794.391049130429 0.9997643828392029
1794.4118825997757 0.9996052980422974
1794.4327160681837 0.9997245073318481
1794.4535495357136 0.9997989535331726
1794.4743830023176 0.9999116659164429
1794.4952164680462 0.9997723698616028
1794.5160499328515 0.9999129176139832
1794.536883396784 0.9995127320289612
1794.5577168597963 0.999886691570282
1794.5785503219379 0.9996926784515381
1794.5993837831618 0.9997645020484924
1794.6202172435176 0.9994807839393616
1794.641050702958 0.9995604753494263
1794.6618841615327 0.9992755651473999
1794.682717619195 0.9989066123962402
1794.7035510760036 0.9993379712104797
1794.7243845318822 0.9989269375801086
1794.7452179869194 0.9993832111358643
1794.766051441029 0.9995168447494507
1794.7868848942994 0.9991756081581116
1794.8077183466448 0.9994819164276123
1794.8285517981533 0.9991655349731445
1794.8493852487386 0.9984381794929504
1794.8702186984892 0.9990795850753784
1794.891052147319 0.9990801811218262
1794.9118855953163 0.9991202354431152
1794.9327190423953 0.9984605312347412
1794.9743859339756 0.9999748468399048
1794.995219378479 0.9991495609283447
1795.0160528220683 0.9996597170829773
1795.036886264831 0.9997890591621399
1795.0577197066912 0.9999715685844421
1795.0785531477059 0.999863862991333
1795.0993865878313 0.9996631741523743
1795.1202200271148 1.00017511844635
1795.1410534655101 0.999710738658905
1795.161886903065 0.9999355673789978
1795.1827203397338 0.999687135219574
1795.2035537755637 0.9995614290237427
1795.2243872105098 0.9997073411941528
1795.2452206446185 0.9996664524078369
1795.2660540778452 0.9995773434638977
1795.2868875102365 0.9995666742324829
1795.307720941748 0.9996387362480164
1795.3285543724357 1.0000578165054321
1795.3493878022252 0.9995286464691162
1795.3702212312028 0.9997096657752991
1795.3910546592838 1.0001046657562256
1795.4118880865549 1.000108242034912
1795.4327215129313 0.9999043345451355
1795.4535549384993 0.9999211430549622
1795.4743883631845 1.000163197517395
1795.4952217870427 1.0003334283828735
1795.5160552100199 0.9997764229774475
1795.536888632192 0.999841034412384
1795.5577220534847 0.9999819397926331
1795.5785554739539 0.999921977519989
1795.5993888935552 1.0002108812332153
1795.6202223123348 0.9998445510864258
1795.6410557302481 0.9996165633201599
1795.661889147341 0.9998586773872375
1795.68272256357 0.9997458457946777
1795.7035559789797 1.000124216079712
1795.724389393527 1.0000011920928955
1795.7452228072666 0.9998385310173035
1795.7660562201252 1.0000406503677368
1795.786889632188 1.0000189542770386
1795.8077230433712 0.9998289346694946
1795.82855645376 0.9999169707298279
1795.849389863271 0.9999995827674866
1795.8702232719888 0.9999537467956543
1795.8910566798302 1.000210165977478
1795.9118900868802 1.0000011920928955
1795.9327234930556 1.0001039505004883
1795.9535568984406 0.9999529719352722
1795.9743903029623 1.0002819299697876
1795.9952237066755 1.0000364780426025
1796.0160571095364 0.9999662041664124
1796.0368905115902 1.0001509189605713
1796.0577239127938 1.0000704526901245
1796.0785573131914 1.0002001523971558
1796.0993907127402 1.0000379085540771
1796.120224111484 0.9999761581420898
1796.1410575093805 1.000105619430542
1796.161890906474 0.9997560977935791
1796.1827243027212 1.0000137090682983
1796.2035576981766 1.000261664390564
1796.2243910927675 1.000221848487854
1796.2452244865776 1.000508427619934
1796.2660578795246 1.0001451969146729
1796.2868912716922 1.000046968460083
1796.3077246629982 1.0001964569091797
1796.328558053526 1.0000429153442383
1796.3493914431936 1.0001033544540405
1796.3702248320842 0.9998846650123596
1796.3910582201158 1.000022530555725
1796.411891607372 0.9998224377632141
1796.4327249937805 1.0003478527069092
1796.453558379395 1.000078797340393
1796.4743917641729 0.9998300671577454
1796.495225148158 1.0001100301742554
1796.5160585313079 1.0001602172851562
1796.536891913666 0.9999638795852661
1796.557725295191 1.0000180006027222
1796.578558675925 0.9999368190765381
1796.599392055827 1.0002015829086304
1796.6202254349496 1.0001188516616821
1796.641058813221 0.999983012676239
1796.6618921907145 1.0001853704452515
1796.6827255673784 1.0000661611557007
1796.7035589432653 1.0001329183578491
1796.7243923183041 1.0000866651535034
1796.745225692577 1.0000369548797607
1796.7660590660028 1.000084400177002
1796.7868924386642 1.0000239610671997
1796.80772581048 1.0000630617141724
1796.8285591815322 1.0000685453414917
1796.8493925517503 1.0000745058059692
1796.8702259211861 1.0000309944152832
1796.8910592897987 0.9999203681945801
1796.9118926576305 0.9999365210533142
1796.9327260246405 1.0000723600387573
1796.9535593908806 1.0004175901412964
1796.9743927562804 1.0000882148742676
1796.9952261209214 0.9998372197151184
1797.0160594847232 1.0002192258834839
1797.0368928477674 1.000024437904358
1797.057726209974 0.9998471140861511
1797.0785595714242 1.0000001192092896
1797.0993929320377 0.999933660030365
1797.1202262918962 0.9999736547470093
1797.141059650919 1.0000395774841309
1797.1618930091881 0.999895453453064
1797.1827263666332 0.9999561309814453
1797.2035597233055 0.9998568296432495
1797.224393079165 1.0001428127288818
1797.2452264342533 0.9999677538871765
1797.2660597885294 0.9997718334197998
1797.2868931420355 1.0002171993255615
1797.3077264947315 1.0000019073486328
1797.3285598466682 1.0001373291015625
1797.3493931977762 1.0001510381698608
1797.370226548136 0.9999598264694214
1797.391059897668 0.9997684359550476
1797.4118932464535 1.0000333786010742
1797.4327265944125 0.9999109506607056
1797.4535599416263 1.0001171827316284
1797.4743932880149 0.9999778866767883
1797.495226633659 0.9999995231628418
1797.5160599784892 1.00021231174469
1797.5368933225566 0.9997690916061401
1797.5577266658217 0.9998061656951904
1797.5785600083248 1.0000040531158447
1797.5993933500267 0.9999709129333496
1797.6202266909681 0.9999812841415405
1797.6410600311096 0.9998476505279541
1797.661893370492 0.9998896718025208
1797.682726709076 0.9997273683547974
1797.7035600469117 0.9995192289352417
1797.7243933839304 0.9993781447410583
1797.7452267202125 0.9994696378707886
1797.7660600556785 0.9993732571601868
1797.7868933904092 0.9997527003288269
1797.8077267243257 0.9999983906745911
1797.828560057508 0.9996268153190613
1797.8493933898872 0.9998535513877869
1797.8702267215135 0.9993669390678406
1797.8910600523484 0.9996288418769836
1797.9118933824316 0.9998961687088013
1797.932726711725 0.9996818900108337
1797.953560040278 0.9997862577438354
1797.9743933680227 0.9998109340667725
1797.9952266950381 0.9996860027313232
1798.0160600212464 0.9994962811470032
1798.0368933467273 0.999788761138916
1798.0577266714029 0.9994066953659058
1798.078559995352 0.9996803402900696
1798.0993933184973 0.9994193315505981
1798.1202266409177 0.9991254210472107
1798.1410599625356 0.9995520114898682
1798.1618932834301 0.9996693134307861
1798.1827266035339 0.9997512102127075
1798.2035599228957 0.9995949864387512
1798.2243932414783 0.9997695088386536
1798.2452265593206 0.9995665550231934
1798.2660598763848 0.9997370839118958
1798.2868931927105 0.9997175931930542
1798.3077265082602 0.9997562170028687
1798.3285598230825 0.9996147751808167
1798.3493931371104 0.9994304776191711
1798.3702264504227 0.9992682337760925
1798.3910597629422 0.9994986653327942
1798.4118930747475 0.9993993043899536
1798.4327263857622 0.99958336353302
1798.453559696064 0.9993575215339661
1798.4743930055872 0.9990982413291931
1798.4952263143794 0.9998329877853394
1798.516059622404 0.9997568130493164
1798.5368929297 0.9993953108787537
1798.5577262362303 0.9992399215698242
1798.5785595420432 0.9992994666099548
1798.599392847073 0.9991536140441895
1798.6202261513968 0.9989009499549866
1798.641059454939 0.9993178248405457
1798.6618927577779 0.9990600943565369
1798.682726059837 0.9991929531097412
1798.7035593611943 0.9988229274749756
1798.7243926617843 0.9993776679039001
1798.7452259616541 0.9992821216583252
1798.7660592607688 0.9990797638893127
1798.7868925591654 0.9993358254432678
1798.807725856809 0.9990231394767761
1798.8285591537463 0.9991910457611084
1798.849392449913 0.9989659190177917
1798.8702257453858 0.9988622665405273
1798.8910590400897 0.9992440938949585
1798.911892334102 0.9987485408782959
1798.9327256273484 0.9984443783760071
1798.953558919905 0.9988395571708679
1798.974392211708 0.9984340667724609
1798.9952255028034 0.9982150197029114
1799.0160587931575 0.9988664984703064
1799.0368920828066 0.9979512095451355
1799.0577253717397 0.9983265995979309
1799.0785586599904 0.9990078210830688
1799.0993919474834 0.998623788356781
1799.1202252342557 0.9982505440711975
1799.1410585202946 0.9977229833602905
1799.161891805646 0.9988293051719666
1799.1827250902475 0.9979960918426514
1799.2243916573527 0.9999724626541138
1799.2452249398596 0.9997190237045288
1799.2660582216217 0.9997134804725647
1799.2868915027148 1.0001146793365479
1799.307724783077 0.9997168779373169
1799.3285580627523 0.9998371601104736
1799.3493913417103 1.0001108646392822
1799.3702246199846 0.9996873736381531
1799.3910578975444 0.9996137022972107
1799.411891174434 0.9999924302101135
1799.432724450593 0.9997759461402893
1799.4535577260947 0.9998589158058167
1799.4743910008694 0.9996328949928284
1799.4952242749905 0.9999077320098877
1799.5160575483883 0.9999008774757385
1799.5368908211358 0.9995821714401245
1799.557724093174 0.9997577667236328
1799.578557364546 0.9998964667320251
1799.5993906352228 0.9999866485595703
1799.620223905247 0.9996973276138306
1799.64105717456 0.999768078327179
1799.6618904432346 0.9997056722640991
1799.682723711203 0.9999364614486694
1799.7035569785367 0.9998878836631775
1799.7243902451687 1.0000483989715576
1799.7452235111707 0.9997824430465698
1799.7660567764756 0.99997478723526
1799.7868900411552 1.0002663135528564
1799.807723305153 1.000006914138794
1799.82855656851 0.9998776316642761
1799.8493898312008 1.0002108812332153
1799.8702230932556 0.9999995231628418
1799.8910563546494 0.9998688101768494
1799.9118896154225 1.0000331401824951
1799.932722875521 0.9999157190322876
1799.9535561350142 0.9997708797454834
1799.9743893938387 0.9998784065246582
1799.9952226520634 0.999798059463501
1800.0160559096357 0.9996491074562073
1800.0368891665944 1.000085473060608
1800.0577224229178 1.00020432472229
1800.0785556786338 0.9999676942825317
1800.0993889337215 0.9999257326126099
1800.1202221882181 0.9998862743377686
1800.141055442074 0.9998108744621277
1800.161888695356 1.0001323223114014
1800.182721948005 0.9998986721038818
1800.2035552000875 0.9997463226318359
1800.2243884515553 0.9999309182167053
1800.2452217024443 1.0000237226486206
1800.2660549527372 0.9999837875366211
1800.2868882024593 1.0000591278076172
1800.307721451595 1.0000782012939453
1800.3285547001683 1.000203251838684
1800.349387948165 1.000030279159546
1800.3702211956183 0.9998157024383545
1800.391054442485 0.9999201893806458
1800.4118876888283 0.9997653961181641
1800.4327209345959 0.9998458623886108
1800.4535541798502 0.9998254776000977
1800.4743874245507 0.9996799230575562
1800.4952206687283 1.0001420974731445
1800.5160539123742 0.999682605266571
1800.536887155509 0.9998570680618286
1800.5577203981254 0.9999029636383057
1800.5785536402525 0.9997882843017578
1800.599386881855 0.9999818801879883
1800.6202201229914 1.0000449419021606
1800.6410533636179 0.9996240735054016
1800.661886603792 0.999810516834259
1800.6827198434721 0.9996723532676697
1800.7035530827145 1.0001543760299683
1800.7243863214896 0.9999589920043945
1800.7452195598228 0.999630868434906
1800.7660527977166 0.9997172951698303
1800.786886035185 0.9999598860740662
1800.8077192722337 0.999906063079834
1800.8285525088847 0.9998000860214233
1800.849385745117 0.9998699426651001
1800.8702189809806 1.000112533569336
1800.891052216447 0.9999889731407166
1800.9118854515657 0.99944669008255
1800.9327186863216 1.0000548362731934
1800.9535519207313 0.9998270869255066
1800.974385154814 0.9971781373023987
1800.9952183885741 0.9948116540908813
1801.0160516220346 0.9996229410171509
1801.0368848551989 1.0000184774398804
1801.057718088093 0.9996875524520874
1801.0785513207284 1.0000847578048706
1801.0993845531061 1.000611662864685
1801.1202177852647 1.000458836555481
1801.1410510172104 0.9998983144760132
1801.1618842489497 1.0004305839538574
1801.182717480524 1.0002774000167847
1801.2035507119267 1.0000884532928467
1801.2243839432058 0.9997170567512512
1801.245217174361 1.000935435295105
1801.2660504054172 1.0014240741729736
1801.2868836364016 1.000841736793518
1801.3077168673358 1.001086711883545
1801.3285500982429 1.0015891790390015
1801.3493833291634 1.001205325126648
1801.3702165600862 1.0015743970870972
1801.3910497910904 1.002124309539795
1801.411883022151 1.0005013942718506
1801.4327162533573 1.0006457567214966
1801.4535494846891 1.0010930299758911
1801.4743827162167 1.0009554624557495
1801.4952159479449 1.0005066394805908
1801.516049179946 1.0005855560302734
1801.5368824122197 1.0006009340286255
1801.557715644852 1.000377893447876
1801.5785488778351 1.000059723854065
1801.5993821112813 1.000789761543274
1801.6202153451459 1.0008035898208618
1801.6410485795875 1.0006896257400513
1801.6618818145541 1.0008807182312012
1801.682715050194 1.000471830368042
1801.703548286476 1.000556468963623
1801.7243815235597 1.0009115934371948
1801.745214761405 1.000841498374939
1801.7660480002044 1.000842571258545
1801.7868812398783 1.001010537147522
1801.8077144806764 1.0014817714691162
1801.828547722506 1.0012385845184326
1801.8493809656181 1.0005662441253662
1801.8702142099366 1.0026702880859375
1801.8910474557358 1.0101159811019897
1801.9118807029254 1.0343185663223267
1801.932713951817 0.9958029389381409
1801.9535472023044 1.0177443027496338
1801.9743804547509 0.9835991263389587
1801.9952137090013 0.9829061031341553
1802.016046965495 1.0144991874694824
1802.0368802240469 1.0030980110168457
1802.0577134851526 1.0023692846298218
1802.0785467486135 1.0029464960098267
1802.0993800149295 1.002195119857788
1802.1202132839078 1.002359390258789
1802.1410465561214 1.0027763843536377
1802.16187983132 1.0021116733551025
1802.182713110154 0.9985219836235046
1802.2035463923344 0.9356836080551147
1802.2243796785597 0.0664854571223259
1802.24521296852 0.06439492106437683
1802.2660462629215 --
1802.2868795614538 --
1802.3077128648388 0.04571514576673508
1802.3285461727066 0.04394525662064552
1802.349379485795 1.774919867515564
1802.370212803697 0.9976773262023926
1802.3910461270925 1.0044426918029785
1802.4118794555543 1.0040537118911743
1802.4327127896465 1.0049216747283936
1803.4743802220937 1.000964879989624
1803.4952135056196 1.0010026693344116
1803.5160467863982 1.0009056329727173
1803.5368800646236 1.0008859634399414
1803.5577133401762 1.0008482933044434
1803.5785466132731 1.0007656812667847
1803.5993798837972 1.0007692575454712
1803.6202131519285 1.000800371170044
1803.6410464175817 1.0008972883224487
1803.661879680921 1.0007587671279907
1803.682712941862 1.0006194114685059
1803.7035462005729 1.0006961822509766
1803.7243794569406 1.0005476474761963
1803.7452127111576 1.0006382465362549
1803.7660459631124 1.0004385709762573
1803.786879212962 1.0007600784301758
1803.8077124606257 1.000741720199585
1803.8285457062457 1.0004433393478394
1803.8493789497422 1.0007541179656982
1803.8702121912627 1.0007355213165283
1803.8910454306983 1.0006414651870728
1803.9118786682225 1.0005658864974976
1803.9327119037268 1.0006788969039917
1803.9535451373506 1.0003663301467896
1803.9743783690164 1.0004615783691406
1803.9952115988497 1.0003433227539062
1804.0160448267736 1.000670313835144
1804.0368780529204 1.0004894733428955
1804.057711277184 1.0006937980651855
1804.0785444997227 1.0001312494277954
1804.0993777204312 1.0003962516784668
1804.1202109394349 1.0005321502685547
1804.1410441566595 1.0003607273101807
1804.161877372217 1.000489592552185
1804.1827105860339 1.0004963874816895
1804.2035437982295 1.0003858804702759
1804.2243770087007 1.0005202293395996
1804.245210217594 1.0002468824386597
1804.266043424797 1.000299096107483
1804.2868766304548 1.0004076957702637
1804.3077098344647 1.0004886388778687
1804.328543036939 1.0002480745315552
1804.3493762378064 1.0003283023834229
1804.3702094371763 1.000319480895996
1804.391042634949 1.0004315376281738
1804.4118758312613 1.000274658203125
1804.4327090260138 1.0001858472824097
1804.4535422193114 1.0003416538238525
1804.4743754110857 0.9996503591537476
1804.495208601429 0.9995760321617126
1804.5160417902741 1.0000370740890503
1804.536874977722 0.9997081756591797
1804.5577081636748 1.0001270771026611
1804.5785413482624 0.9997055530548096
1804.5993745313874 1.0000735521316528
1804.620207713148 0.9999406337738037
1804.6410408934776 0.9996978640556335
1804.661874072463 0.9991804957389832
1804.6827072500378 0.9999355673789978
1804.703540426297 1.0004334449768066
1804.7243736011453 0.9994550943374634
1804.745206774706 0.9997478127479553
1804.7660399468848 0.9994112253189087
1804.7868731177732 0.9993420243263245
1804.8077062873074 0.9996505379676819
1804.8285394555776 0.9996674060821533
1804.8493726224906 0.9999141693115234
1804.8702057881655 0.999494731426239
1804.8910389524995 0.9999701976776123
1804.9118721156105 0.9994827508926392
1804.932705277406 0.9995535016059875
1804.953538437973 0.9996412992477417
1804.9743715972497 0.9994854927062988
1804.9952047553215 0.9996682405471802
1805.016037912097 0.9995951652526855
1805.0368710676917 0.9998682737350464
1805.0577042220134 0.9999344944953918
1805.0785373751467 0.9994596838951111
1805.0993705270303 0.999380886554718
1805.120203677738 0.9995787143707275
1805.1410368272086 0.9995686411857605
1805.1618699755247 0.9998176693916321
1805.1827031225962 0.9993923306465149
1805.2035362685344 0.9996591210365295
1805.2243694132494 0.9999598264694214
1805.2452025568223 0.9998093843460083
1805.2660356991933 0.9999513030052185
1805.2868688404424 0.9998164772987366
1805.3077019804805 0.9996691942214966
1805.3285351194165 0.9996381402015686
1805.349368257152 0.9996669888496399
1805.3702013937952 1.0001091957092285
1805.3910345292581 0.9998267889022827
1805.411867663618 0.9997234344482422
1805.4327007968172 0.9993417263031006
1805.4535339289323 0.9997854828834534
1805.4743670598757 0.9998493790626526
1805.495200189754 0.999805748462677
1805.5160333184701 0.999832034111023
1805.536866446129 1.000144124031067
1805.5576995726442 0.9999441504478455
1805.5785326980904 0.9996402859687805
1805.5993658224113 1.0001107454299927
1805.6201989456813 1.0000419616699219
1805.6410320678142 0.9997706413269043
1805.6618651889132 0.9998146891593933
1805.6826983088934 0.9999840259552002
1805.7035314278269 0.9997255206108093
1805.7243645456588 0.9997273683547974
1805.7451976624614 0.9999783635139465
1805.76603077815 0.9996166229248047
1805.786863892826 1.0000499486923218
1805.8076970063948 1.0000293254852295
1805.8285301189578 0.9999539256095886
1805.8493632304305 0.9998964071273804
1805.870196340884 0.9999982118606567
1805.8910294502639 0.9997162222862244
1805.9118625586405 1.0001649856567383
1805.9326956659302 0.9997810125350952
1805.9535287722324 0.9993537068367004
1805.974361877464 1.0002210140228271
1805.995194981694 1.0002325773239136
1806.01602808487 1.0000674724578857
1806.0368611870597 0.9997149705886841
1806.0576942881883 1.0000042915344238
1806.078527388353 0.999832034111023
1806.0993604874477 1.0001976490020752
1806.120193585571 1.0002710819244385
1806.1410266826474 1.0003535747528076
1806.1618597787437 1.0003418922424316
1806.1826928738085 0.9997273683547974
1806.2035259679085 1.0002434253692627
1806.2243590609614 0.9997590780258179
1806.2451921530649 1.0002833604812622
1806.2660252441372 1.0003314018249512
1806.286858334244 0.9999758005142212
1806.3076914233345 1.0002766847610474
1806.3285245114746 1.000139832496643
1806.349357598583 1.0001308917999268
1806.3701906847555 1.0001949071884155
1806.3910237699113 1.0002796649932861
1806.4118568541155 1.0000007152557373
1806.4326899373175 1.0000642538070679
1806.453523019582 0.9997940063476562
1806.4743561008288 1.0001587867736816
1806.4951891811525 0.9997971057891846
1806.516022260463 0.9999726414680481
1806.5368553388541 1.0000377893447876
1806.5576884162465 0.9999293684959412
1806.5785214927034 0.9999310970306396
1806.5993545681754 1.0
1806.620187642726 0.9999345541000366
1806.641020716276 1.0006300210952759
1806.6618537889183 0.9998629689216614
1806.6826868605738 0.9998130202293396
1806.7035199313052 1.000241756439209
1806.7243530010635 1.0000449419021606
1806.7451860699016 1.0001708269119263
1806.7660191377704 1.0001085996627808
1806.7868522047322 0.9997915029525757
1806.8076852707186 1.0004116296768188
1806.8285183357914 1.0001558065414429
1806.849351399902 1.0001922845840454
1806.8701844631025 1.000180721282959
1806.8910175253448 1.0000444650650024
1806.91185058669 1.000127911567688
1806.9326836470602 0.9998026490211487
1806.9535167065465 1.0000735521316528
1806.974349765071 1.0002691745758057
1806.995182822695 1.0000641345977783
1807.0160158793706 0.9999273419380188
1807.0368489351586 0.9998202323913574
1807.0576819899811 0.9999274015426636
1807.0785150439292 1.0004167556762695
1807.0993480969248 1.0002939701080322
1807.120181149029 1.0003292560577393
1807.141014200194 0.9999189972877502
1807.1618472504802 1.000035285949707
1807.18268029981 1.000133991241455
1807.2035133482739 0.9999575614929199
1807.2243463957846 0.9994202256202698
1807.245179442432 0.9998698234558105
1807.2660124881388 0.9997538328170776
1807.2868455329751 0.9999592900276184
1807.307678576864 0.9995510578155518
1807.3285116198942 0.9998772144317627
1807.3493446619802 0.9995387196540833
1807.3701777032106 0.9999894499778748
1807.3910107435088 0.9998183846473694
1807.411843782934 0.9998796582221985
1807.4326768214398 0.9998258948326111
1807.4535098590848 0.99943608045578
1807.4743428957931 0.9994837045669556
1807.4951759316532 0.9995256662368774
1807.5160089665892 0.9999039173126221
1807.5368420006591 0.9997027516365051
1807.5576750338173 0.9994531869888306
1807.5785080661217 0.9998937845230103
1807.599341097497 1.0000866651535034
1807.620174128031 0.999822199344635
1807.6410071576481 0.9999992847442627
1807.6618401864062 0.9998756051063538
1807.6826732142597 1.0002952814102173
1807.7035062412658 0.9999948740005493
1807.7243392673504 0.9995919466018677
1807.7451722925998 0.9998717904090881
1807.7660053169393 0.9999755024909973
1807.7868383404261 0.9997761845588684
1807.8076713630155 0.9999876022338867
1807.8285043847636 0.999984085559845
1807.8493374055968 1.0000126361846924
1807.8701704256011 1.000025749206543
1807.8910034447024 0.999453604221344
1807.9118364629567 0.9999744892120361
1807.9326694803199 1.0001128911972046
1807.9535024968482 0.9995423555374146
1807.9743355124676 0.9994115829467773
1808.016001541164 0.9998151063919067
1808.0368345542227 1.0001014471054077
1808.0576675663965 0.9999081492424011
1808.078500577731 0.9993894696235657
1808.0993335881824 0.9999260306358337
1808.1201665978067 0.9998584389686584
1808.1409996065402 1.0000823736190796
1808.161832614438 1.0001084804534912
1808.1826656214569 1.0002856254577637
1808.2034986276517 1.0001146793365479
1808.2243316329495 0.9999237656593323
1808.2451646374354 0.9997154474258423
1808.265997641036 1.0002645254135132
1808.2868306438063 1.0002163648605347
1808.307663645703 1.000344157218933
1808.328496646771 1.0001389980316162
1808.3493296469678 1.0005472898483276
1808.3701626463476 1.0005172491073608
1808.3909956448472 1.0002856254577637
1808.4118286425219 1.0005556344985962
1808.4326616393282 1.0005643367767334
1808.4534946353108 1.0003442764282227
1808.4743276304273 1.0004920959472656
1808.4951606247316 1.0003290176391602
1808.5159936181612 1.0005468130111694
1808.5368266107705 0.9999386072158813
1808.5576596025167 1.0002206563949585
1808.5784925934438 1.0002624988555908
1808.5993255835099 1.0003327131271362
1808.6201585727686 1.000620722770691
1808.6409915611573 1.000290036201477
1808.6618245487305 1.0005483627319336
1808.6826575354455 1.0006846189498901
1808.7034905213459 1.0005906820297241
1808.7243235063902 1.0003403425216675
1808.7451564906314 1.0004737377166748
1808.765989473998 1.0000793933868408
1808.786822456573 1.0004528760910034
1808.8076554382847 1.0004605054855347
1808.8284884191862 1.0000836849212646
1808.849321399236 1.0005981922149658
1808.8701543784875 1.0004124641418457
1808.890987356869 1.0000667572021484
1808.9118203344628 1.0005913972854614
1808.9326533111982 1.0002751350402832
1808.9534862871276 1.0000778436660767
1808.97431926221 1.0004950761795044
1808.9951522364981 1.0004721879959106
1809.0159852099202 1.0002011060714722
1809.0368181825597 1.0002740621566772
1809.0576511543447 1.0002247095108032
1809.0784841253278 0.9997643232345581
1809.0993170954685 1.0001276731491089
1809.1201500648187 0.9994634985923767
1809.1409830333175 0.9995312690734863
1809.1618160010175 1.000248908996582
1809.1826489678774 1.0003045797348022
1809.2034819339397 0.9994336366653442
1809.2243148991636 0.9995458126068115
1809.245147863601 1.0000593662261963
1809.2659808271912 1.0001171827316284
1809.2868137899866 1.0000197887420654
1809.3076467519459 0.9999954700469971
1809.3284797131118 1.0001906156539917
1809.3493126734431 1.0002132654190063
1809.370145632992 0.9995583295822144
1809.390978591698 0.9998866319656372
1809.4118115496128 0.9999686479568481
1809.4326445066956 1.000212550163269
1809.4534774629988 1.0001105070114136
1809.4743104184515 0.9999780058860779
1809.4951433731358 1.0002076625823975
1809.515976326981 1.0003119707107544
1809.5368092800388 0.9994806051254272
1809.5576422322686 0.9998311996459961
1809.5784751837227 0.9999382495880127
1809.5993081343302 0.9998589158058167
1809.620141084173 0.9997951984405518
1809.6409740331806 0.9997589588165283
1809.6618069814047 1.000019907951355
1809.6826399288047 0.9997801780700684
1809.7034728754325 0.9998754858970642
1809.724305821218 0.9998476505279541
1809.745138766242 0.9990442395210266
1809.7659717104352 0.9998920559883118
1809.786804653848 0.9998407363891602
1809.807637596441 0.9999909400939941
1809.8284705382655 0.9996185302734375
1809.8493034792514 0.9999801516532898
1809.8701364194796 1.0000121593475342
1809.8909693588807 0.9997496008872986
1809.9118022975154 1.0000983476638794
1809.932635235314 0.9997366666793823
1809.9534681723574 0.9999485611915588
1809.9743011085661 0.9996588230133057
1809.9951340440211 1.000036358833313
1810.0159669786526 1.0002334117889404
1810.0367999125212 0.9998046159744263
1810.0576328455577 0.9997634887695312
1810.0784657778427 1.000243067741394
1810.099298709297 0.9998340606689453
1810.1201316400009 0.999938428401947
1810.1409645698852 1.000113844871521
1810.1617974990104 1.0000202655792236
1810.182630427307 0.9997905492782593
1810.203463354856 0.9997674822807312
1810.224296281578 0.9997988343238831
1810.2451292075532 0.9998797178268433
1810.265962132713 1.0000776052474976
1810.286795057117 1.0000535249710083
1810.3076279806965 1.0001152753829956
1810.3284609035318 1.000088095664978
1810.3492938255542 1.0000160932540894
1810.3701267468134 0.9999161958694458
1810.3909596672709 0.9998360872268677
1810.4117925869764 1.0000543594360352
1810.4326255058613 1.0001583099365234
1810.4534584240057 1.0000438690185547
1810.474291341341 1.0000488758087158
1810.495124257917 1.0001986026763916
1810.5159571736951 1.0001931190490723
1810.5367900887252 1.0003662109375
1810.5576230029385 1.000645399093628
1810.578455916415 1.0003641843795776
1810.5992888290864 1.0002206563949585
1810.620121741002 1.0000790357589722
1810.640954652124 1.0003844499588013
1810.6617875625016 1.000198245048523
1810.6826204720667 1.0001567602157593
1810.7034533808985 1.0003082752227783
1810.7242862889298 0.9999787211418152
1810.7451191962189 0.9999924898147583
1810.7659521026985 1.0002961158752441
1810.7867850084472 1.000570297241211
1810.8076179133982 1.000284194946289
1810.8284508175996 1.0003284215927124
1810.8492837210144 1.0006440877914429
1810.8701166236913 1.0001755952835083
1810.890949525563 1.000205636024475
1810.9117824267075 1.0004154443740845
1810.9326153270588 0.9997533559799194
1810.9534482266645 1.0001481771469116
1810.974281125488 1.0004338026046753
1810.9951140235773 0.9999943375587463
1811.0159469208763 1.0002861022949219
1811.036779817432 1.0000959634780884
1811.057612713209 1.0003025531768799
1811.0784456082547 1.0001529455184937
1811.0992785025028 0.9999143481254578
1811.120111396031 1.0002501010894775
1811.1409442887732 0.9997109174728394
1811.1617771807767 0.9998180270195007
1811.182610072006 0.9999447464942932
1811.2034429625082 0.9998897910118103
1811.224275852218 1.0001707077026367
1811.245108741212 0.9999808669090271
1811.265941629425 1.0000426769256592
1811.2867745169137 0.9998577237129211
1811.3076074036132 0.999904453754425
1811.3284402896004 0.9998526573181152
1811.34927317481 0.9999899864196777
1811.3701060592884 1.0000380277633667
1811.3909389430012 1.0000295639038086
1811.4117718259943 0.9998645782470703
1811.4326047082034 0.9998712539672852
1811.4534375897051 1.000027060508728
1811.4742704704345 1.0001037120819092
1811.4951033504378 0.9999312162399292
1811.5159362296806 0.9997766017913818
1811.5367691082092 0.9997695088386536
1811.5576019859593 1.0000025033950806
1811.578434863007 0.9997832775115967
1811.599267739288 1.0001235008239746
1811.6201006148585 0.9996235966682434
1811.6409334896543 0.9998683333396912
1811.6617663637512 1.0000736713409424
1811.6825992370855 1.0002468824386597
1811.7034321097033 0.9998840689659119
1811.7242649815703 1.000050663948059
1811.7450978527324 0.9995418190956116
1811.765930723126 0.999820351600647
1811.7867635928267 0.9997296333312988
1811.8075964617715 0.9999076724052429
1811.8284293300053 0.9999099373817444
1811.8492621974951 0.9999227523803711
1811.8700950642865 0.9994170665740967
1811.890927930326 1.0000052452087402
1811.911760795659 1.0000752210617065
1811.9325936602527 0.9999533295631409
1811.9534265241423 0.9999933242797852
1811.9742593872952 0.9998833537101746
1811.995092249756 0.9998801946640015
1812.0159251114728 1.0000501871109009
1812.0367579724898 1.0001616477966309
1812.0575908327753 1.000160813331604
1812.078423692374 1.0000555515289307
1812.0992565512236 1.00014066696167
1812.1200894093986 0.9999966025352478
1812.1409222668374 1.000186800956726
1812.1617551235845 0.99991375207901
1812.1825879796086 0.99976646900177
1812.2034208349532 0.9997491836547852
1812.224253689568 1.0001039505004883
1812.2450865434962 1.0002729892730713
1812.2659193967074 0.9998813271522522
1812.2867522492452 1.0001510381698608
1812.3075851010494 1.0001312494277954
1812.328417952193 0.999809741973877
1812.349250802616 1.0003876686096191
1812.370083652362 1.000032663345337
1812.3909165014009 0.9997276663780212
1812.4117493497758 0.9997920989990234
1812.4325821974276 0.9997156262397766
1812.4534150444285 0.9999321103096008
1812.47424789072 0.9997622966766357
1812.515913581273 0.9992688894271851
1812.5367464255485 0.9994077086448669
1812.5575792691225 0.9989727139472961
1812.5784121120464 0.9987121820449829
1812.5992449542637 0.9993625283241272
1812.620077795845 0.9988536238670349
1812.6409106367335 0.9998348355293274
1812.6617434769705 1.0001285076141357
1812.6825763165298 1.0000911951065063
1812.7034091554517 1.0001989603042603
1812.7242419936804 1.0001246929168701
1812.7450748312865 1.0001354217529297
1812.7659076682144 0.9996240735054016
1812.7867405045045 0.9998612403869629
1812.8075733401322 0.9997853636741638
1812.8284061751365 0.9994369149208069
1812.849239009474 0.9995793700218201
1812.870071843184 0.9992390275001526
1812.8909046762424 0.9995138645172119
1812.9117375086885 0.9999669194221497
1812.93257034047 0.9996069669723511
1812.9534031716548 0.9992111325263977
1812.9742360021912 0.9992688894271851
1812.9950688321271 0.999505877494812
1813.0159016614111 0.9990825057029724
1813.0367344901113 0.9996846318244934
1813.057567318167 0.9995344281196594
1813.0784001456452 0.9994514584541321
1813.0992329724968 0.999544084072113
1813.1200657987679 0.9995627403259277
1813.14089862441 0.9990293383598328
1813.1617314494895 0.999424934387207
1813.1825642739586 0.9994210004806519
1813.2033970978528 0.9999440312385559
1813.2242299211555 0.9998453259468079
1813.2450627439014 0.9998722076416016
1813.2658955660556 1.0001524686813354
1813.2867283876517 0.9998914003372192
1813.3075612086766 0.9998521208763123
1813.3283940291624 0.9994473457336426
1813.3492268490675 0.9995371103286743
1813.3700596684535 0.9990160465240479
1813.39089248728 0.9991344213485718
1813.4117253055783 0.999366819858551
1813.4325581233393 0.9984923005104065
1813.453390940593 0.9994727969169617
1813.4742237573123 0.999754786491394
1813.495056573526 0.9993497729301453
1813.5158893892294 0.9996976852416992
1813.53672220445 0.9993361830711365
1813.5575550191645 0.9992856383323669
1813.5783878334003 0.9986038208007812
1813.5992206471553 0.9990689158439636
1813.620053460456 0.999035656452179
1813.6408862732728 0.999184787273407
1813.661719085661 0.9990917444229126
1813.6825518975934 0.9991813898086548
1813.7033847090936 0.9993764758110046
1813.7242175201675 0.9994255304336548
1813.7450503308366 0.999653697013855
1813.7658831410804 0.9997601509094238
1813.7867159509492 0.9996265769004822
1813.8075487604247 0.9995787143707275
1813.8283815695356 0.9996537566184998
1813.8492143782676 0.9998337030410767
1813.870047186667 0.9995665550231934
1813.890879994724 0.9995207786560059
1813.9117128024527 0.9991650581359863
1813.9325456098768 0.9993654489517212
1813.953378417009 0.9991538524627686
1813.9742112238569 0.9994748830795288
1813.995044030431 0.9995416402816772
1814.0158768367646 0.9999796152114868
1814.0367096428654 0.9996932148933411
1814.057542448751 0.9993886947631836
1814.0783752544278 0.9995130300521851
1814.0992080599392 0.9993055462837219
1814.1200408652876 0.9991781115531921
1814.1408736704936 0.9993450045585632
1814.1617064755874 0.999472975730896
1814.1825392805956 0.9999096393585205
1814.203372085525 1.0003490447998047
1814.2242048904109 1.0006234645843506
1814.2450376952756 1.0004886388778687
1814.2658705001643 1.0002254247665405
1814.2867033050645 1.0003695487976074
1814.3075361100612 1.0005764961242676
1814.3283689151378 1.000330924987793
1814.34920172036 1.0004785060882568
1814.3700345257364 1.0005031824111938
1814.3908673313456 1.000641942024231
1814.4117001371706 1.0004355907440186
1814.4325329433032 1.0005279779434204
1814.4533657497407 1.0006343126296997
1814.474198556591 1.000666856765747
1814.4950313638142 1.0002057552337646
1814.5158641715668 1.0005078315734863
1814.5366969798004 1.000435471534729
1814.5575297886721 1.00019371509552
1814.5783625981253 1.0008050203323364
1814.5991954083595 1.0010364055633545
1814.6200282193088 1.0008389949798584
1814.6408610311694 1.000827431678772
1814.661693843894 1.0007096529006958
1814.682526657709 1.000860571861267
1814.7033594725349 1.0008957386016846
1814.7241922886321 1.0009431838989258
1814.7450251059274 1.0010554790496826
1814.7658579247206 1.0009911060333252
1814.7866907449022 1.001328945159912
1814.807523566817 1.0013538599014282
1814.8283563903574 1.0016517639160156
1814.8491892159188 1.0015649795532227
1814.8700220433436 1.0023013353347778
1814.8908548731144 1.0021345615386963
1814.9116877050506 1.002211570739746
1814.9325205396685 1.0025088787078857
1814.9533533767917 1.0025511980056763
1814.9741862170067 1.0029022693634033
1814.9950190600782 1.0032858848571777
1815.0158519066986 1.002967119216919