1955.7999941928906 1.0017224550247192
1955.8208269948386 1.001845359802246
1955.8416597959354 1.0017403364181519
1955.862492596245 1.0016239881515503
1955.8833253956543 1.0016655921936035
1955.9041581942301 1.0014517307281494
1955.9249909918988 1.0012404918670654
1955.9458237887186 1.001181960105896
1955.9666565846323 1.0010619163513184
1955.9874893796982 1.001152515411377
1956.0083221738732 1.0013021230697632
1956.0291549672147 1.0013598203659058
1956.0499877596912 1.0016067028045654
1956.0708205513681 1.0015920400619507
1956.0916533422035 1.0017653703689575
1956.1124861322603 1.001670241355896
1956.133318921524 1.0017871856689453
1956.1541517100459 1.0017255544662476
1956.1749844978165 1.001693844795227
1956.1958172848838 1.0014747381210327
1956.2166500712437 1.0013737678527832
1956.2374828569416 1.0011895895004272
1956.2583156419762 1.0011117458343506
1956.2791484263903 1.0010920763015747
1956.2999812101948 1.0011913776397705
1956.3208139934102 1.0013158321380615
1956.34164677605 1.0015336275100708
1956.3624795581509 1.0015801191329956
1956.3833123397178 1.001767635345459
1956.4041451207854 1.0019092559814453
1956.42497790136 1.0018174648284912
1956.4458106814732 1.001860499382019
1956.466643461132 1.0017668008804321
1956.4874762403654 1.0016741752624512
1956.508309019182 1.0016337633132935
1956.529141797618 1.0014848709106445
1956.5499745756622 1.0011965036392212
1956.5708073533488 1.0012520551681519
1956.5916401306868 1.0012552738189697
1956.6124729076987 1.001388669013977
1956.6333056843937 1.001502513885498
1956.654138460792 1.0016440153121948
1956.674971236903 1.001768946647644
1956.6958040127456 1.0017962455749512
1956.7166367883392 1.0019686222076416
1956.7374695636806 1.0020029544830322
1956.7583023387897 1.0019781589508057
1956.779135113681 1.0018385648727417
1956.7999678883655 1.0016858577728271
1956.8208006628558 1.001528263092041
1956.8416334371627 1.0013525485992432
1956.8624662112975 1.001235842704773
1956.883298985271 1.0011839866638184
1956.9041317590938 1.0012413263320923
1956.9249645327764 1.0013628005981445
1956.9457973063274 1.0015041828155518
1956.9666300797578 1.0016424655914307
1956.9874628530858 1.0018093585968018
1957.008295626302 1.0019047260284424
1957.0291283994231 1.0019644498825073
1957.04996117246 1.0018202066421509
1957.0707939454182 1.0017859935760498
1957.091626718309 1.0016249418258667
1957.112459491137 1.001705527305603
1957.1332922639135 1.0015193223953247
1957.1541250366413 1.0013024806976318
1957.174957809333 1.0012986660003662
1957.19579058199 1.0012403726577759
1957.2166233546347 1.0012693405151367
1957.2374561272482 1.0013502836227417
1957.258288899853 1.0015579462051392
1957.279121672449 1.0016950368881226
1957.2999544450486 1.0017151832580566
1957.3207872176517 1.0017354488372803
1957.3416199902701 1.0018632411956787
1957.3624527629036 1.0018805265426636
1957.383285535564 1.0016552209854126
1957.4041183082497 1.0015935897827148
1957.4249510809736 1.0015616416931152
1957.4457838537326 1.001402497291565
1957.4666166265401 1.0012701749801636
1957.487449399403 1.001095175743103
1957.5082821723138 1.0011374950408936
1957.5291149452787 1.0011638402938843
1957.5499477183114 1.001315712928772
1957.5707804914073 1.0014064311981201
1957.5916132645796 1.0015958547592163
1957.612446037823 1.0017249584197998
1957.6332788111515 1.0017640590667725
1957.6541115845594 1.001772165298462
1957.6749443580604 1.0017865896224976
1957.6957771316584 1.0017139911651611
1957.7166099053468 1.00154709815979
1957.7374426791298 1.0015275478363037
1957.7582754530208 1.0013539791107178
1957.779108227013 1.0012390613555908
1957.7999410011205 1.000949501991272
1957.8207737753355 1.0009394884109497
1957.8416065496726 1.0012956857681274
1957.8624393241241 1.0014292001724243
1957.8832720987039 1.0014891624450684
1957.9041048734036 1.0015686750411987
1957.9249376482383 1.0018119812011719
1957.945770423199 1.0017261505126953
1957.9666031983104 1.001870036125183
1957.9874359735431 1.0017467737197876
1958.008268748922 1.001694917678833
1958.0291015244381 1.0013608932495117
1958.049934300106 1.0011729001998901
1958.0707670759161 1.0009294748306274
1958.0915998518828 1.0009139776229858
1958.112432627997 1.000941514968872
1958.1332654042728 1.0010826587677002
1958.1540981807007 1.0011272430419922
1958.1749309572954 1.0013816356658936
1958.1957637340463 1.001334309577942
1958.2165965109689 1.0017203092575073
1958.2374292880622 1.0015758275985718
1958.2582620653218 1.0015345811843872
1958.2790948427462 1.0015205144882202
1958.2999276203507 1.0015168190002441
1958.3207603981245 1.0012786388397217
1958.3415931760828 1.0012669563293457
1958.3624259542141 1.0011576414108276
1958.383258732534 1.0009771585464478
1958.4040915110306 1.0008561611175537
1958.4249242897197 1.00098717212677
1958.445757068589 1.0009772777557373
1958.4665898476549 1.0008071660995483
1958.4874226269044 1.001015543937683
1958.5082554063538 1.0012896060943604
1958.5290881860005 1.0013043880462646
1958.5707537458711 1.0014386177062988
1958.5915865261086 1.0013022422790527
1958.6124193065398 1.0012381076812744
1958.633252087181 1.0010302066802979
1958.654084868019 1.0007319450378418
1958.67491764907 1.0006855726242065
1958.695750430321 1.0005619525909424
1958.7165832117882 1.0005269050598145
1958.7374159934582 1.0005686283111572
1958.7582487753473 1.0007210969924927
1958.7790815574417 1.0008212327957153
1958.7999143397585 1.0008827447891235
1958.8207471222934 1.0010162591934204
1958.8415799050433 1.0010616779327393
1958.8624126879936 1.0012633800506592
1958.883245471192 1.0012582540512085
1958.9040782545933 1.001233696937561
1958.9249110382252 1.0010613203048706
1958.9457438220722 1.0009896755218506
1958.9665766061528 1.0007492303848267
1958.9874093904511 1.0004589557647705
1959.008242174985 1.0002965927124023
1959.0290749597393 1.0003663301467896
1959.0499077447312 1.0004874467849731
1959.0707405299459 1.0007261037826538
1959.0915733154006 1.000662922859192
1959.1124061010803 1.0008533000946045
1959.1332388870123 1.0008941888809204
1959.1540716731513 1.0007469654083252
1959.174904459545 1.0009517669677734
1959.1957372461777 1.0009297132492065
1959.2165700330472 1.0008667707443237
1959.2374028201477 1.000725269317627
1959.2582356074972 1.0004438161849976
1959.2790683950798 1.0004527568817139
1959.2999011829133 1.0000042915344238
1959.320733970982 0.9999507665634155
1959.341566759303 0.9999954104423523
1959.3623995478615 1.0000717639923096
1959.3832323366746 1.0003033876419067
1959.4040651257264 1.0005015134811401
1959.424897915035 1.0005080699920654
1959.4457307045839 1.0004169940948486
1959.4665634943917 1.000536561012268
1959.4873962844515 1.000614881515503
1959.5082290747619 1.000598430633545
1959.5290618653157 1.000398874282837
1959.5498946561222 1.0003361701965332
1959.570727447194 1.0002890825271606
1959.5915602385198 1.000032901763916
1959.6123930300926 0.999723494052887
1959.633225821931 0.9998577237129211
1959.6540586140184 0.9998041391372681
1959.6748914063728 0.9999765753746033
1959.6957241989776 1.0001028776168823
1959.716556991851 1.000195860862732
1959.7373897849764 1.0002262592315674
1959.7582225783722 1.0001416206359863
1959.779055372021 1.0002391338348389
1959.799888165942 1.000287413597107
1959.8207209601176 1.0002154111862183
1959.8415537545668 1.0001438856124878
1959.8623865492718 1.0000019073486328
1959.8832193442622 0.9997460246086121
1959.9040521394995 0.9995079636573792
1959.9248849350136 0.9993581175804138
1959.9457177307866 0.9993419051170349
1959.9665505268372 0.9995079636573792
1959.987383323148 0.999603271484375
1960.0082161197379 0.9997789263725281
1960.0290489165893 0.9997602701187134
1960.0498817137213 0.9997899532318115
1960.0707145111162 0.9998999238014221
1960.0915473087925 0.999894917011261
1960.112380106733 0.9999213218688965
1960.1332129049572 0.9998399019241333
1960.1540457034462 0.9997199773788452
1960.1748785022196 0.9995947480201721
1960.1957113012595 0.9993231892585754
1960.2165441005852 0.9993034601211548
1960.2373769001783 0.9991763830184937
1960.2582097000688 0.9991160035133362
1960.2790425002177 0.999366283416748
1960.2998753006448 0.9993687868118286
1960.320708101362 0.9993259310722351
1960.3415409023587 0.9994573593139648
1960.3623737036262 0.9996088743209839
1960.383206505184 0.9996564984321594
1960.4040393070145 0.9998303055763245
1960.4248721091365 0.9996653199195862
1960.4457049115317 0.9994295239448547
1960.4665377142196 0.9992876052856445
1960.487370517182 0.9991189241409302
1960.5082033204385 0.9988549947738647
1960.5290361239702 0.9988242387771606
1960.549868927797 0.9987438917160034
1960.5707017318998 0.998694121837616
1960.5915345362994 0.9987238049507141
1960.612367340976 0.9988935589790344
1960.63320014595 0.9990493059158325
1960.6540329512125 0.9991934895515442
1960.674865756753 0.999366044998169
1960.695698562583 0.9993370175361633
1960.7165313687224 0.9991756677627563
1960.7373641751321 0.9991662502288818
1960.7581969818423 0.9991098046302795
1960.7790297888337 0.998860239982605
1960.7998625961266 0.9987530708312988
1960.8206954037016 0.9986281394958496
1960.841528211579 0.998566746711731
1960.8623610197394 0.9984741806983948
1960.8831938282035 0.9983478784561157
1960.9040266369516 0.998643159866333
1960.9248594460041 0.998848557472229
1960.9456922553413 0.9987356066703796
1960.9665250649844 0.9990102648735046
1960.987357874913 0.9990609288215637
1961.008190685148 0.9988996386528015
1961.0290234956697 0.9987637996673584
1961.0498563064984 0.9989001750946045
1961.070689117615 0.9986876845359802
1961.09152192904 0.9986292719841003
1961.1123547407633 0.9984842538833618
1961.1331875527756 0.998038649559021
1961.154020365087 0.9980471730232239
1961.1748531777089 0.9980722069740295
1961.1956859906309 0.9981861114501953
1961.2165188038537 0.9983639121055603
1961.2373516173673 0.9983181357383728
1961.258184431193 0.9984369277954102
1961.2790172453106 0.9986028075218201
1961.2998500597407 0.9987722635269165
1961.3206828744635 0.9987240433692932
1961.3415156894998 0.998711884021759
1961.3623485048297 0.9984840154647827
1961.383181320474 0.998293399810791
1961.4040141364126 0.9982823729515076
1961.4248469526663 0.9981086254119873
1961.4456797692153 0.9980949759483337
1961.4665125860804 0.9980310797691345
1961.4873454032413 0.9978435039520264
1961.5081782207194 0.9980190992355347
1961.5290110384938 0.9981317520141602
1961.5498438565862 0.9982913732528687
1961.570676674976 0.9982501864433289
1961.5915094936845 0.99836266040802
1961.612342312691 0.9983524084091187
1961.6331751320172 0.9983126521110535
1961.6540079516424 0.9983667731285095
1961.674840771588 0.9983385801315308
1961.695673591843 0.9981732368469238
1961.716506412399 0.9980977177619934
1961.7373392332659 0.9977119565010071
1961.7581720544645 0.9975296854972839
1961.7790048759546 0.9975766539573669
1961.7998376977669 0.9977231025695801
1961.8206705198816 0.9979062080383301
1961.8415033423196 0.9979482889175415
1961.8623361650605 0.9979497790336609
1961.8831689881256 0.9981775283813477
1961.904001811494 0.9982888698577881
1961.9248346351878 0.9983896017074585
1961.9456674591856 0.9982790350914001
1961.9665002835095 0.9980443120002747
1961.9873331081383 0.9980344772338867
1962.0081659330933 0.997925877571106
1962.0289987583544 0.9977566599845886
1962.049831583943 0.9976947903633118
1962.070664409838 0.9973472356796265
1962.0914972360606 0.9975146055221558
1962.112330062591 0.9977022409439087
1962.1331628894502 0.9977755546569824
1962.1539957166171 0.9977978467941284
1962.174828544114 0.9977641701698303
1962.1956613719192 0.9980255961418152
1962.216494200055 0.9982104301452637
1962.2373270285002 0.9981043338775635
1962.2581598572765 0.9980581402778625
1962.2789926863627 0.9979963302612305
1962.2998255157813 0.997746467590332
1962.3206583455105 0.9977148771286011
1962.3414911755724 0.997605562210083
1962.3623240059458 0.9973306059837341
1962.3831568366527 0.997352659702301
1962.4039896676818 0.9973198175430298
1962.4248224990351 0.9973871111869812
1962.4456553307016 0.997683048248291
1962.4664881627027 0.9978169202804565
1962.4873209950176 0.9980583190917969
1962.5081538276684 0.9979994893074036
1962.5289866606336 0.9980037212371826
1962.549819493935 0.9980736970901489
1962.5706523275517 0.9979403614997864
1962.5914851615055 0.9978755116462708
1962.6123179957754 0.9976666569709778
1962.633150830383 0.9975237846374512
1962.6539836653074 0.9974863529205322
1962.6748165005704 0.9973454475402832
1962.6956493361506 0.9974749684333801
1962.7164821720705 0.9974645376205444
1962.7373150083083 0.9973849654197693
1962.758147844886 0.9978266954421997
1962.778980681783 0.9977566599845886
1962.7998135190207 0.9978914856910706
1962.820646356578 0.9979146718978882
1962.841479194477 0.9979810118675232
1962.8623120326959 0.9981023669242859
1962.8831448712576 0.9979230761528015
1962.90397771014 0.9978998303413391
1962.924810549366 0.9977729320526123
1962.9456433889131 0.997603178024292
1962.9664762288048 0.9973800778388977
1962.9873090690185 0.9971828460693359
1963.0081419095773 0.9972718358039856
1963.0289747504592 0.9973854422569275
1963.0498075916862 0.9974403977394104
1963.0706404332375 0.9976145029067993
1963.091473275135 0.9978562593460083
1963.112306117357 0.9981456398963928
1963.1331389599266 0.998115062713623
1963.153971802821 0.9980543851852417
1963.1748046460634 0.9980114102363586
1963.195637489632 0.9979549646377563
1963.2164703335593 0.9978603720664978
1963.2373031777931 0.9978983402252197
1963.258136022387 0.9975768327713013
1963.278968867318 0.9974587559700012
1963.2998017125897 0.9974443912506104
1963.3206345581893 0.9975662231445312
1963.3414674041303 0.9977138638496399
1963.3623002504103 0.9977369904518127
1963.3831330970522 0.9978892803192139
1963.4039659440039 0.9979652166366577
1963.4247987913284 0.9981540441513062
1963.4456316389735 0.998346209526062
1963.4664644869724 0.9983221292495728
1963.4872973353024 0.998093843460083
1963.508130183987 0.9980833530426025
1963.5289630330035 0.9978792667388916
1963.5497958823657 0.9979385137557983
1963.5706287320806 0.9977501034736633
1963.5914615821418 0.9974896907806396
1963.6122944325364 0.9973977208137512
1963.633127283288 0.9976401925086975
1963.6539601343745 0.9979356527328491
1963.6747929858188 0.9980998039245605
1963.6956258375983 0.9980037808418274
1963.7164586897363 0.9981364607810974
1963.7372915422109 0.9984742999076843
1963.758124395045 0.9984622001647949
1963.7789572482159 0.9984265565872192
1963.7997901017475 0.9982913136482239
1963.8206229556165 0.9981415271759033
1963.8414558098475 0.9982345104217529
1963.8622886644168 0.9981728792190552
1963.8831215193486 0.9977112412452698
1963.9039543746196 0.9979461431503296
1963.9247872302542 0.9978236556053162
1963.945620086229 0.9980821013450623
1963.9664529425681 0.9982451796531677
1963.9872857992484 0.998252809047699
1964.0081186562936 0.9981815218925476
1964.0289515136812 0.9985216856002808
1964.049784371435 0.9986812472343445
1964.0706172295315 0.9986172914505005
1964.091450087995 0.9984508752822876
1964.1122829468027 0.998325765132904
1964.1331158059786 0.9983323812484741
1964.153948665499 0.9983320236206055
1964.1747815253887 0.997954249382019
1964.1956143856237 0.9980120658874512
1964.216447246229 0.9978761076927185
1964.2372801071813 0.9981184601783752
1964.2581129685045 0.9980356693267822
1964.2789458301754 0.9982484579086304
1964.2997786922183 0.9984367489814758
1964.32061155461 0.9985920190811157
1964.3414444173748 0.9989935159683228
1964.3622772804893 0.9988518357276917
1964.3831101439778 0.9987618327140808
1964.4039430078171 0.9988808631896973
1964.4247758720321 0.9988560676574707
1964.4456087365984 0.9988121390342712
1964.4664416015412 0.998624324798584
1964.4872744668367 0.9983215928077698
1964.5081073325098 0.9982877373695374
1964.5289401985367 0.9983090162277222
1964.5497730649424 0.9983842372894287
1964.5706059317024 0.998563289642334
1964.591438798843 0.9987469911575317
1964.6122716663392 0.9987735748291016
1964.6331045342167 0.9991923570632935
1964.653937402451 0.9990966320037842
1964.6747702710675 0.9990596771240234
1964.6956031400423 0.9990319609642029
1964.716436009401 0.9992019534111023
1964.7372688791186 0.9990196228027344
1964.758101749221 0.9988572001457214
1964.778934619684 0.9985054731369019
1964.7997674905332 0.9984679818153381
1964.8206003617438 0.9986402988433838
1964.841433233342 0.9985855221748352
1964.862266105303 0.998677670955658
1964.883098977653 0.9989181160926819
1964.903931850367 0.9990643262863159
1964.924764723471 0.9993273019790649
1964.9455975969406 0.9992840886116028
1964.9664304708015 0.9993245601654053
1964.9872633450293 0.9994433522224426
1965.00809621965 0.9995301961898804
1965.0289290946387 0.999379575252533
1965.0497619700216 0.9990434050559998
1965.0705948457742 0.999130129814148
1965.0914277219226 0.9990203380584717
1965.112260598442 0.9991034269332886
1965.1330934753585 0.9988323450088501
1965.1539263526472 0.9988358616828918
1965.174759230335 0.9990348815917969
1965.1955921083966 0.9991753101348877
1965.2164249868586 0.9996318817138672
1965.2372578656955 0.9994853138923645
1965.258090744935 0.9995337724685669
1965.2789236245512 0.9997401237487793
1965.2997565045712 0.9997431039810181
1965.3205893849695 0.9998112320899963
1965.341422265773 0.9995005130767822
1965.3622551469566 0.9994627237319946
1965.3830880285477 0.9994063973426819
1965.4039209105204 0.9994402527809143
1965.424753792902 0.9990606307983398
1965.4455866756668 0.9988479614257812
1965.4664195588427 0.999128520488739
1965.4872524424036 0.9995371103286743
1965.5080853263773 0.9997258186340332
1965.5289182107376 0.9997388124465942
1965.549751095513 0.9999212026596069
1965.570583980677 0.9998418688774109
1965.5914168662578 1.0000286102294922
1965.612249752229 0.9999054670333862
1965.633082638619 0.999792218208313
1965.6539155254015 0.9999029636383057
1965.6747484126051 0.9997721910476685
1965.6955813002032 0.9996645450592041
1965.7164141882242 0.9996752738952637
1965.737247076642 0.9994670152664185
1965.7580799654854 0.9996238350868225
1965.778912854727 0.9997028112411499
1965.7997457443967 1.0000108480453491
1965.8205786344668 0.9997445940971375
1965.8414115249675 1.0001451969146729
1965.862244415871 1.0003418922424316
1965.8830773072073 1.0001660585403442
1965.9039101989488 1.0004342794418335
1965.9247430911255 1.000145673751831
1965.94557598371 1.0002409219741821
1965.9664088767324 1.0000373125076294
1965.987241770165 1.000020146369934
1966.008074664038 0.9996435046195984
1966.028907558324 0.9997236728668213
1966.0497404530533 0.9998060464859009
1966.070573348198 0.999923586845398
1966.091406243789 1.0000007152557373
1966.112239139798 1.00015127658844
1966.1330720362564 1.0002295970916748
1966.153904933136 1.0004528760910034
1966.1747378304676 1.0005751848220825
1966.1955707282232 1.0005933046340942
1966.2164036264346 1.0004653930664062
1966.2372365250728 1.0006598234176636
1966.2580694241703 1.0003348588943481
1966.2789023236976 1.0004873275756836
1966.2997352236873 1.0004193782806396
1966.3205681241104 1.0001076459884644
1966.3414010249996 1.0001260042190552
1966.3622339263256 1.0000454187393188
1966.3830668281212 1.0002471208572388
1966.4038997303473 1.0003966093063354
1966.4247326330571 1.0006479024887085
1966.4455655362206 1.0004932880401611
1966.4663984398521 1.000808596611023
1966.487231343931 1.000874400138855
1966.508064248482 1.0009797811508179
1966.5288971535047 1.000933289527893
1966.5497300590037 1.000866174697876
1966.5705629649585 1.0005784034729004
1966.591395871394 1.000661849975586
1966.6122287782998 1.0004788637161255
1966.6330616857013 1.000402569770813
1966.6538945935672 1.000275731086731
1966.6747275019336 1.000343680381775
1966.6955604107693 1.000497579574585
1966.7163933201111 1.000688910484314
1966.7372262299268 1.0010780096054077
1966.7580591402539 1.0010536909103394
1966.7788920510595 1.0009304285049438
1966.7997249623827 1.0011645555496216
1966.8205578741902 1.0013816356658936
1966.8413907865206 1.001280426979065
1966.8622236993408 1.0005054473876953
1966.8830566126903 1.0008803606033325
1966.9038895265355 1.0010550022125244
1966.9247224409166 1.0009316205978394
1966.9455553557996 1.0005167722702026
1966.9663882712248 1.0003712177276611
1966.9872211871584 1.0007256269454956
1967.0080541036418 1.000928282737732
1967.0288870206402 1.0010757446289062
1967.049719938196 1.0008481740951538
1967.0705528562733 1.001368761062622
1967.0913857749163 1.0014806985855103
1967.1122186940886 1.0014177560806274
1967.1330516138346 1.0013222694396973
1967.1538845341174 1.0012755393981934
1967.174717454983 1.0013748407363892
1967.195550376394 1.0011897087097168
1967.2163832983967 1.0010461807250977
1967.2372162209535 1.0007686614990234
1967.2580491441113 1.000658392906189
1967.278882067833 1.0006730556488037
1967.299714992166 1.0007295608520508
1967.3205479170722 1.0007251501083374
1967.341380842591 1.0010998249053955
1967.3622137687028 1.0012882947921753
1967.3830466954587 1.001382827758789
1967.403879622799 1.0012997388839722
1967.4247125507754 1.0014466047286987
1967.445545479367 1.0014508962631226
1967.4663784086183 1.001686930656433
1967.4872113384972 1.0012036561965942
1967.5080442690291 1.0012423992156982
1967.5288772002014 1.0010734796524048
1967.5497101320611 1.0010954141616821
1967.5705430645653 1.000954031944275
1967.5913759977725 1.0008193254470825
1967.6122089316384 1.001028060913086
1967.6330418662237 1.001325249671936
1967.6538748014834 1.0013856887817383
1967.6747077374803 1.0010974407196045
1967.6955406741677 1.0013866424560547
1967.716373611611 1.0018208026885986
1967.7372065497623 1.0017175674438477
1967.7580394886897 1.0015631914138794
1967.778872428344 1.0014636516571045
1967.7997053687955 1.0015722513198853
1967.8205383099933 1.0013805627822876
1967.8413712520116 1.00117826461792
1967.8622041947979 1.0008569955825806
1967.8830371384286 1.000665545463562
1967.90387008285 1.0010004043579102
1967.924703028142 1.001151442527771
1967.9455359742492 1.001266598701477
1967.9663689212548 1.0011993646621704
1967.9872018691017 1.0016032457351685
1968.008034817877 1.0019152164459229
1968.0288677675212 1.001564860343933
1968.049700718126 1.0018516778945923
1968.0705336696299 1.0015286207199097
1968.0913666221281 1.0016930103302002
1968.1121995755475 1.0016239881515503
1968.1330325300082 1.0012619495391846
1968.1538654854344 1.001290202140808
1968.1746984419308 1.0011976957321167
1968.1955313994297 1.001139760017395
1968.2163643580402 1.0011011362075806
1968.2371973176926 1.001351237297058
1968.2580302785016 1.0014443397521973
1968.278863240394 1.00160551071167
1968.2996962034904 1.0017247200012207
1968.3205291677148 1.0017316341400146
1969.2788470990763 1.0013337135314941
1969.2996801235397 1.0010673999786377
1969.3205131478278 1.000982403755188
1969.3413461717241 1.0007840394973755
1969.362179195253 1.0007516145706177
1969.383012218222 1.0006519556045532
1969.4038452406653 1.0003849267959595
1969.4246782624168 1.000584602355957
1969.4455112835203 1.0006439685821533
1969.466344303836 1.0008456707000732
1969.4871773234145 1.0008752346038818
1969.5080103421428 1.000910997390747
1969.5288433600751 1.0010266304016113
1969.5496763771228 1.0010679960250854
1969.570509393342 1.0011167526245117
1969.591342408656 1.0010714530944824
1969.6121754231406 1.000889778137207
1969.6330084367366 1.0007928609848022
1969.6538414495 1.000648021697998
1969.6746744613959 1.0005203485488892
1969.695507472479 1.0003483295440674
1969.7163404827256 1.0002957582473755
1969.7371734921885 1.0002853870391846
1969.7580065008528 1.0004255771636963
1969.7788395087694 1.000508189201355
1969.7996725159303 1.000740647315979
1969.8205055223832 1.0009630918502808
1969.8413385281256 1.0008379220962524
1969.8621715332024 1.000988483428955
1969.8830045376155 1.0009019374847412
1969.9038375414066 1.000885009765625
1969.9246705445803 1.0007586479187012
1969.9455035471656 1.0005518198013306
1969.9663365491992 1.0004990100860596
1969.9871695506877 1.0005141496658325
1970.0080025516393 1.0002106428146362
1970.0288355521068 1.0001673698425293
1970.049668552091 1.0002386569976807
1970.0705015516214 1.0004249811172485
1970.0913345507092 1.0005120038986206
1970.1121675493823 1.0006132125854492
1970.1330005476518 1.0006550550460815
1970.1538335455434 1.000715732574463
1970.1746665430687 1.0007250308990479
1970.195499540251 1.000779628753662
1970.2163325371018 1.0005812644958496
1970.2371655336426 1.0004671812057495
1970.2579985298858 1.0004174709320068
1970.2788315258497 1.000250220298767
1970.2996645215474 0.999943733215332
1970.3204975169851 0.9999648928642273
1970.3413305121962 0.9999138712882996
1970.3621635071852 0.9999702572822571
1970.3829965019652 1.0000903606414795
1970.4038294965492 1.0002835988998413
1970.42466249095 1.0003660917282104
1970.4454954851794 1.0006264448165894
1970.4663284792505 1.000516653060913
1970.4871614731733 1.0005983114242554
1970.5079944669606 1.0004914999008179
1970.5288274606212 1.0004018545150757
1970.5496604541686 1.0003025531768799
1970.5704934476094 1.000179648399353
1970.5913264409573 1.0000190734863281
1970.612159434218 0.9998898506164551
1970.6329924274053 0.9997915625572205
1970.6538254205236 0.999785304069519
1970.6746584135863 0.9998633861541748
1970.695491406597 1.0000662803649902
1970.7163243995594 1.0001319646835327
1970.7371573924959 1.0002704858779907
1970.7579903854105 1.000266194343567
1970.7788233783044 1.0003161430358887
1970.799656371191 1.0003339052200317
1970.8204893640718 1.0001899003982544
1970.84132235696 1.0000133514404297
1970.8621553498556 0.999925971031189
1970.8829883427723 0.9997864365577698
1970.903821335709 0.999575674533844
1970.92465432868 0.9994534850120544
1970.945487321683 0.9993495941162109
1970.9663203147325 0.9994339346885681
1970.9871533078256 0.9997109770774841
1971.0079863009767 0.9997686743736267
1971.0288192941823 0.9997782707214355
1971.0496522874473 0.9999954104423523
1971.0704852807867 1.000131607055664
1971.0913182742056 1.0001373291015625
1971.1121512676993 1.0000876188278198
1971.1329842612824 0.9999250769615173
1971.1538172549497 0.9998775124549866
1971.1746502487156 0.9997116327285767
1971.195483242574 0.9995846748352051
1971.2163162365407 0.9993528127670288
1971.2371492306083 0.9992557168006897
1971.2579822247926 0.9992183446884155
1971.2788152190856 0.9993727803230286
1971.2996482135036 0.9993922114372253
1971.3204812080382 0.9996136426925659
1971.3413142027055 0.9995489716529846
1971.3621471974866 0.9997183680534363
1971.3829801924176 0.9997807145118713
1971.4038131874795 0.9998661279678345
1971.4246461826885 0.9995431900024414
1971.445479178035 0.9995643496513367
1971.4663121735352 0.999353289604187
1971.4871451691793 0.9993141293525696
1971.5079781649836 0.9988923072814941
1971.528811160938 0.9988930821418762
1971.5496441570588 0.9987713098526001
1971.570477153335 0.9989798665046692
1971.5913101497838 0.998914361000061
1971.6121431463941 0.9989916682243347
1971.6329761431823 0.999315083026886
1971.6538091401371 0.9994156956672668
1971.6746421372652 0.9994674324989319
1971.6954751345754 0.9993888139724731
1971.7163081320741 0.9994297027587891
1971.7371411297495 0.9993964433670044
1971.7579741276186 0.9992639422416687
1971.7788071256691 0.998989999294281
1971.799640123918 0.9990357160568237
1971.820473122353 0.9987743496894836
1971.8413061209908 0.9987587928771973
1971.862139119819 0.9985716938972473
1971.8829721188547 0.9987103343009949
1971.903805118085 0.9989213347434998
1971.9246381175271 0.9990053772926331
1971.9454711171677 0.9991031289100647
1971.9663041170138 0.9990667104721069
1971.9871371170727 0.9990359544754028
1972.0079701173513 0.9991328120231628
1972.028803117836 0.9992334842681885
1972.0496361185444 0.998927116394043
1972.0704691194626 0.9988291263580322
1972.0913021206081 0.9986425042152405
1972.112135121967 0.9985775947570801
1972.1329681235566 0.9983448386192322
1972.1538011253624 0.9983157515525818
1972.174634127403 0.9982633590698242
1972.1954671296633 0.9983435273170471
1972.2163001321512 0.998384952545166
1972.2371331348718 0.9987002611160278
1972.2579661378334 0.9987017512321472
1972.2787991410207 0.9987373948097229
1972.2996321444523 0.9989181160926819
1972.3204651481126 0.9988329410552979
1972.3412981520196 0.9988192319869995
1972.3621311561583 0.9986714124679565
1972.382964160547 0.998625636100769
1972.4037971651699 0.9984801411628723
1972.4246301700457 0.9982209801673889
1972.445463175158 0.9981364607810974
1972.4662961805261 0.9980687499046326
1972.4871291861334 0.9979864954948425
1972.507962191989 0.9980844259262085
1972.5287951980963 0.9982929229736328
1972.5496282044644 0.9984074234962463
1972.5704612110767 0.998541533946991
1972.6121272250743 0.9986883401870728
1972.6329602324618 0.9985707998275757
1972.6537932400981 0.9984676241874695
1972.6746262480026 0.998270571231842
1972.695459256158 0.9982376098632812
1972.7162922645837 0.998005747795105
1972.737125273252 0.9978806972503662
1972.7579582822032 0.9978566765785217
1972.7787912914093 0.9976370334625244
1972.7996243008902 0.9977224469184875
1972.820457310628 0.9978979825973511
1972.8412903206424 0.9980339407920837
1972.8621233309163 0.9980581402778625
1972.8829563414686 0.9981803297996521
1972.903789352282 0.998379111289978
1972.9246223633756 0.998438835144043
1972.9454553747225 0.9982752203941345
1972.9662883863718 0.9981845021247864
1972.9871213982758 0.9981398582458496
1973.0079544104542 0.9980220794677734
1973.0287874229086 0.9978576898574829
1973.0496204356496 0.9977312088012695
1973.0704534486586 0.997524082660675
1973.0912864619556 0.9975774884223938
1973.1121194755221 0.997692883014679
1973.1329524893786 0.9977511167526245
1973.1537855035065 0.9978742003440857
1973.1746185179256 0.9979596138000488
1973.1954515326177 0.9980881810188293
1973.2162845476025 0.9979707598686218
1973.2371175628523 0.9981030821800232
1973.2579505784065 0.9980517625808716
1973.2787835942368 0.9980002641677856
1973.2996166103628 0.9976761937141418
1973.3204496267665 0.9975990056991577
1973.341282643468 0.9974852800369263
1973.3621156604484 0.997534990310669
1973.3829486777279 0.99722820520401
1973.4037816952875 0.9972904920578003
1973.424614713148 0.9972928166389465
1973.44544773129 0.9975969791412354
1973.466280749734 0.9976702928543091
1973.4871137684513 0.9976305365562439
1973.5079467874816 0.9978488683700562
1973.5287798067964 0.998106062412262
1973.549612826416 0.9980224370956421
1973.570445846321 0.9977976679801941
1973.591278866532 0.9977384209632874
1973.61211188703 0.9976526498794556
1973.6329449078355 0.9974841475486755
1973.6537779289292 0.9973747730255127
1973.6746109503313 0.997204601764679
1973.6954439720125 0.9971727728843689
1973.7162769940137 0.9971614480018616
1973.7371100163055 0.9973199963569641
1973.7579430389085 0.9973427057266235
1973.7787760618025 0.99760502576828
1973.7996090850095 0.9976819157600403
1973.8204421085088 0.9977846741676331
1973.8412751323217 0.9977319240570068
1973.8621081564286 0.997684895992279
1973.8829411808497 0.997624933719635
1973.903774205556 0.9974983334541321
1973.924607230598 0.9974132180213928
1973.9454402559159 0.9971988201141357
1973.9662732815607 0.9971067309379578
1973.9871063075022 0.9969614148139954
1974.0079393337621 0.9970343708992004
1974.0287723603199 0.9969976544380188
1974.0496053871966 0.9972648620605469
1974.0704384143721 0.9974183440208435
1974.091271441868 0.9975377321243286
1974.1121044696638 0.997510552406311
1974.1329374977809 0.9975941181182861
1974.1537705261887 0.9976816177368164
1974.1746035549286 0.997668445110321
1974.1954365839704 0.9974641799926758
1974.2162696133353 0.9974355101585388
1974.2371026430033 0.997260332107544
1974.257935672995 0.9971393346786499
1974.2787687032906 0.997048556804657
1974.2996017339112 0.9968516230583191
1974.3204347648366 0.9969499707221985
1974.341267796088 0.9971203207969666
1974.3621008276345 0.9973727464675903
1974.3829338595185 0.9974434971809387
1974.4037668917085 0.9973780512809753
1974.4245999242266 0.9976727366447449
1974.445432957052 0.9976963400840759
1974.4662659902058 0.9977534413337708
1974.487099023668 0.9975539445877075
1974.5079320574598 0.9974260330200195
1974.5287650915607 0.997425377368927
1974.5495981259917 0.9972796440124512
1974.5704311607226 0.9969606995582581
1974.591264195795 0.996868371963501
1974.612097231178 0.9970889091491699
1974.6329302668933 0.9969958066940308
1974.6537633029195 0.9971293210983276
1974.674596339279 0.9971959590911865
1974.6954293759509 0.997543454170227
1974.7162624129567 0.9977181553840637
1974.7370954502753 0.99772047996521
1974.7579284879284 0.9977745413780212
1974.7787615258853 0.9975303411483765
1974.799594564188 0.99736487865448
1974.820427602805 0.9971312880516052
1974.841260641758 0.9966022372245789
1974.8620936810266 0.9965402483940125
1974.8829267206322 0.9965668320655823
1974.9037597605538 0.9964886903762817
1974.9245928008133 0.9966140985488892
1974.9454258413891 0.9968513250350952
1974.966258882294 0.9973577857017517
1974.9870919235361 0.9975809454917908
1975.0079249650978 0.9977825880050659
1975.0287580069873 0.9977658987045288
1975.049591049217 0.997842013835907
1975.0704240917657 0.9980525970458984
1975.0912571346553 0.9979847073554993
1975.1120901778643 0.9977021813392639
1975.1329232214148 0.9976859092712402
1975.1537562652757 0.9976224899291992
1975.174589309489 0.9975681900978088
1975.195422354023 0.9972763657569885
1975.2162553989003 0.9972721934318542
1975.2370884440988 0.99741131067276
1975.2579214896414 0.9976494908332825
1975.2787545355063 0.9976180195808411
1975.2995875817155 0.9976524710655212
1975.3204206282478 0.997927725315094
1975.341253675125 0.9981890916824341
1975.362086722316 0.998235821723938
1975.3829197698628 0.9980121850967407
1975.403752817734 0.9980872869491577
1975.4245858659513 0.998130738735199
1975.4454189144938 0.9980565905570984
1975.4662519633837 0.9978889226913452
1975.487085012599 0.9978213906288147
1975.5079180621622 0.9978481531143188
1975.5287511120514 0.9977682828903198
1975.5495841622792 0.9978818297386169
1975.570417212844 0.9979302287101746
1975.5912502637582 0.9982355833053589
1975.6120833149994 0.9983313679695129
1975.6329163665907 0.9982785582542419
1975.6537494185102 0.9984142184257507
1975.6745824707803 0.9985374808311462
1975.6954155233789 0.9986137747764587
1975.7162485763286 0.9985030889511108
1975.7370816295977 0.9984029531478882
1975.7579146832288 0.9983444809913635
1975.7787477371899 0.9982033967971802
1975.7995807915036 0.9981253743171692
1975.8204138461474 0.9979289770126343
1975.8412469011446 0.9980201721191406
1975.862079956473 0.9983149766921997
1975.882913012155 0.998363733291626
1975.9037460681589 0.9985007047653198
1975.9245791245273 0.9985918998718262
1975.945412181228 0.9988088607788086
1975.9662452382838 0.9989903569221497
1975.9870782956727 0.9988749623298645
1976.007911353417 0.9988473653793335
1976.028744411495 0.9988507032394409
1976.0495774699295 0.9988183379173279
1976.070410528698 0.9986997246742249
1976.0912435878236 0.9985471963882446
1976.1120766472736 0.9983582496643066
1976.1329097070916 0.9984737038612366
1976.1537427672447 0.9985638856887817
1976.1745758277564 0.9986169934272766
1976.1954088886034 0.998753011226654
1976.2162419498097 0.9989286661148071
1976.2370750113525 0.999205470085144
1976.2579080732548 0.9991859197616577
1976.2787411354943 0.9993337988853455
1976.2995741980835 0.9994140863418579
1976.3204072610208 0.9993310570716858
1976.3412403243187 0.9991667866706848
1976.362073387955 0.99898761510849
1976.3829064519527 0.9989749193191528
1976.4037395162889 0.9988934397697449
1976.4245725809874 0.9987987875938416
1976.4454056460254 0.998612642288208
1976.466238711426 0.9988580942153931
1976.4870717771564 0.9990653395652771
1976.5079048432603 0.9992800951004028
1976.528737909705 0.9992356896400452
1976.5495709765135 0.9994668364524841
1976.570404043663 0.9996852278709412
1976.591237111177 0.999810516834259
1976.612070179033 0.9996850490570068
1976.6329032472543 0.9996280074119568
1976.6537363158177 0.9995715618133545
1976.674569384737 0.9994462132453918
1976.6954024540091 0.9993200302124023
1976.716235523648 0.9991961121559143
1976.7370685936303 0.9991345405578613
1976.7579016639797 0.9992491602897644
1976.778734734673 0.9993651509284973
1976.7995678057343 0.9994036555290222
1976.8204008771304 0.9996572732925415
1976.8412339489048 0.999805212020874
1976.8620670210246 1.0000019073486328
1976.8829000935132 0.999849259853363
1976.9037331663478 1.0000741481781006
1976.9245662395522 0.9999904632568359
1976.945399313103 1.000097393989563
1976.966232387014 0.9999306797981262
1976.9870654612826 0.9996734857559204
1977.0078985359219 0.9995379447937012
1977.028731610909 0.9994340538978577
1977.0495646862678 0.9995018243789673
1977.0703977619748 0.9049726724624634
1977.0912308380541 0.9996936321258545
1977.1120639144826 0.9999491572380066
1977.132896991284 1.000057578086853
1977.1537300684352 1.0002284049987793
1977.1745631459496 1.0003429651260376
1977.1953962238244 1.000429630279541
1977.2162293020735 1.0004467964172363
1977.2370623806737 1.000272274017334
1977.2578954596486 1.0002726316452026
1977.2787285389752 1.0002158880233765
1977.2995616186774 1.0001392364501953
1977.320394698732 0.9999209642410278
1977.3412277791526 0.9998863339424133
1977.362060859936 0.9999579787254333
1977.3828939410967 0.9999869465827942
1977.4037270226108 1.0000468492507935
1977.4245601045027 1.0001626014709473
1977.4453931867488 1.0004069805145264
1977.466226269373 1.000536322593689
1977.4870593523424 1.0006637573242188
1977.507892435701 1.0006858110427856
1977.5287255194148 1.000707983970642
1977.5495586035086 1.0006444454193115
1977.5703916879586 1.0004985332489014
1977.5912247727892 1.0003420114517212
1977.6120578579769 1.0002621412277222
1977.6328909435458 1.0002069473266602
1977.653724029462 1.0000829696655273
1977.6745571157708 1.000119924545288
1977.6953902024377 1.0002522468566895
1977.7162232894873 1.000427007675171
1977.737056376896 1.0006259679794312
1977.7578894646883 1.0007188320159912
1977.7787225528405 1.0009350776672363
1977.799555641377 1.0009782314300537
1977.820388730264 1.0009819269180298
1977.841221819546 1.0009938478469849
1977.8620549091895 1.000887155532837
1977.8828879992188 1.000746250152588
1977.9037210896104 1.000628113746643
1977.9245541803887 1.0005356073379517
1977.9453872715192 1.0004432201385498
1977.9662203630478 1.0004284381866455
1977.98705345494 1.0005398988723755
1978.0078865472206 1.0006126165390015
1978.0287196398651 1.000735878944397
1978.0495527328994 1.0008281469345093
1978.0703858262987 1.0009820461273193
1978.0912189200883 1.0011558532714844
1978.1120520142335 1.00118088722229
1978.1328851087799 1.0011290311813354
1978.1537182036932 1.0011184215545654
1978.1745512989983 1.0010827779769897
1978.1953843946712 1.0008587837219238
1978.2162174907369 1.0007296800613403
1978.2370505871706 1.0005877017974854
1978.2578836839887 1.0005450248718262
1978.2787167811857 1.0004445314407349
1978.2995498787777 1.0004920959472656
1978.3203829767397 1.0007716417312622
1978.3412160750977 1.0008776187896729
1978.3620491738266 1.001099705696106
1978.3828822729522 1.0011783838272095
1978.4037153724498 1.0013055801391602
1978.4245484723351 1.0013084411621094
1978.4453815726033 1.0013377666473389
1978.4662146732703 1.0011368989944458
1978.4870477743113 1.0010931491851807
1978.507880875752 1.0009866952896118
1978.5287139775673 1.0009585618972778
1978.549547079774 1.0008320808410645
1978.570380182366 1.0007258653640747
1978.5912132853603 1.0007935762405396
1978.6120463887312 1.0008047819137573
1978.6328794925053 1.0009046792984009
1978.6537125966572 1.0011042356491089
1978.6745457012134 1.0012682676315308
1978.6953788061487 1.0013797283172607
1978.716211911479 1.0013206005096436
1978.7370450171995 1.0013772249221802
1978.7578781233267 1.0013643503189087
1978.778711229835 1.0013426542282104
1978.799544336751 1.00119948387146
1978.8203774440492 1.0009404420852661
1978.8412105517564 1.0008865594863892
1978.8620436598474 1.0007402896881104
1978.8828767683383 1.0006920099258423
1978.903709877224 1.0007011890411377
1978.9245429865211 1.000746726989746
1978.9453760962044 1.001062035560608
1978.9662092063004 1.0012327432632446
1978.9870423167838 1.0012853145599365
1979.007875427671 1.0013595819473267
1979.028708538957 1.0014662742614746
1979.0495416506587 1.001556158065796
1979.0703747627504 1.0013840198516846
1979.091207875259 1.001224398612976
1979.1120409881585 1.0012742280960083
1979.1328741014768 1.0011193752288818
1979.1537072151878 1.0010241270065308
1979.1745403293087 1.0009047985076904
1979.1953734438334 1.000918984413147
1979.2162065587802 1.000952959060669
1979.2370396741226 1.0010391473770142
1979.257872789888 1.001175880432129
1979.2787059060506 1.0011943578720093
1979.2995390226379 1.001416563987732
1979.320372139614 1.0016072988510132
1979.3412052570268 1.0015569925308228
1979.3620383748396 1.0014824867248535
1979.382871493081 1.0013630390167236
1979.4037046117242 1.0013363361358643
1979.4245377307977 1.0011930465698242
1979.4453708502747 1.0009400844573975
1979.466203970174 1.0007481575012207
1979.4870370904885 1.0008487701416016
1979.507870211237 1.0008715391159058
1979.528703332393 1.0007977485656738
1979.549536453985 1.0009504556655884
1979.570369575986 1.0011619329452515
1979.591202698415 1.0014445781707764
1979.612035821265 1.0015228986740112
1979.6328689445556 1.0015922784805298
1979.653702068259 1.0015947818756104
1979.6745351924048 1.0015897750854492
1979.6953683169659 1.001463532447815
1979.7162014419616 1.0013090372085571
1979.7370345673849 1.0012125968933105
1979.757867693255 1.001112937927246
1979.7787008195446 1.00093412399292
1979.799533946284 1.0007976293563843
1979.8203670734451 1.0008736848831177
1979.8412002010587 1.0011522769927979
1979.862033329096 1.0011370182037354
1979.8828664575783 1.0012271404266357
1979.9036995864972 1.0013229846954346
1979.9245327158737 1.00149405002594
1979.9453658456796 1.0015547275543213
1979.9661989759456 1.0014333724975586
1979.9870321066437 1.0015493631362915
1980.0078652377952 1.0013291835784912
1980.0286983693913 1.0013251304626465
1980.0495315014539 1.0010230541229248
1980.070364633954 1.0007374286651611
1980.0911977669236 1.0007213354110718
1980.112030900334 1.0006383657455444
1980.1328640342176 1.000722050666809
1980.1536971685346 1.0007911920547485
1980.174530303338 1.0010467767715454
1980.1953634385884 1.0012065172195435
1980.2161965743192 1.0013234615325928
1980.2370297105 1.0013501644134521
1980.2578628471547 1.0015008449554443
1980.2786959842733 1.0014283657073975
1980.29952912188 1.001480221748352
1980.320362259944 1.0011838674545288
1980.3411953985 1.00108802318573
1980.3620285375173 1.000999093055725
1980.382861677031 1.0009129047393799
1980.4036948170103 1.0006663799285889
1980.4245279574804 1.0007423162460327
1980.44536109843 1.0008771419525146
1980.4661942398852 1.0009502172470093
1980.4870273818144 1.000990867614746
1980.5078605242543 1.001144528388977
1980.5286936671728 1.0013457536697388
1980.549526810597 1.0013806819915771
1980.5703599545145 1.0013128519058228
1980.5911930989535 1.0012884140014648
1980.612026243881 1.0013070106506348
1980.6328593893356 1.0011812448501587
1980.6536925352839 1.0008960962295532
1980.674525681755 1.0006768703460693
1980.695358828736 1.0006433725357056
1980.7161919762564 1.000493049621582
1980.7370251242821 1.0005230903625488
1980.7578582728536 1.0007121562957764
1980.778691421937 1.0007309913635254
1980.7995245715736 1.0009828805923462
1980.8203577217182 1.0011507272720337
1980.8411908724331 1.0009608268737793
1980.8620240236737 1.0011614561080933
1980.8828571754823 1.001203179359436
1980.9036903278238 1.0011868476867676
1980.9245234807415 1.00089693069458
1980.9453566341897 1.0008608102798462
1980.9661897882331 1.0007681846618652
1980.9870229428252 1.0006792545318604
1981.0078560980119 1.0003464221954346
1981.028689253756 1.0004185438156128
1981.0495224100941 1.00047767162323
1981.0703555670093 1.000730037689209
1981.091188724539 1.000740647315979
1981.1120218826454 1.0008622407913208
1981.1328550413773 1.000917911529541
1981.1536882006963 1.0011117458343506
1981.1745213606532 1.0010579824447632
1981.195354521208 1.0009891986846924
1981.216187682403 1.0009419918060303
1981.2370208442178 1.0008825063705444
1981.2578540066966 1.0005866289138794
1981.2786871697976 1.000347375869751
1981.299520333577 1.0003540515899658
1981.320353497982 1.0002408027648926
1981.3411866630906 1.0000873804092407
1981.3620198288497 1.0001814365386963
1981.382852995319 1.0004465579986572
1981.4036861624536 1.0005584955215454
1981.424519330316 1.0006879568099976
1981.4453524988505 1.000740885734558
1981.4661856681419 1.0008115768432617
1981.4870188381333 1.0006998777389526
1981.5078520088919 1.0007771253585815
1981.5286851803692 1.0005484819412231
1981.5495183526357 1.000505805015564
1981.5703515256419 1.0003677606582642
1981.5911846994509 1.0002130270004272
1981.6120178740314 1.000063180923462
1981.6328510494502 1.0000183582305908
1981.653684225655 1.0000596046447754
1981.6745174027255 1.0001250505447388
1981.6953505806077 1.0001075267791748
1981.7161837593753 1.0003573894500732
1981.7370169389928 1.000354528427124
1981.7578501195385 1.0005733966827393
1981.778683300954 1.0005830526351929
1981.7995164833328 1.0005043745040894
1981.8203496666044 1.0003842115402222
1981.8411828508872 1.000410795211792
1981.862016036109 1.0001893043518066
1981.8828492223734 1.0000184774398804
1981.9036824096152 0.9998737573623657
1981.9245155979447 0.9997778534889221
1981.945348787284 0.9996584057807922
1981.96618197777 0.9995115995407104
1981.9870151693217 0.9997576475143433
1982.007848362063 0.9999992251396179
1982.0286815559202 1.0000958442687988
1982.049514751025 1.0000674724578857
1982.0703479472897 1.0004007816314697
1982.0911811448748 1.000356674194336
1982.112014343688 1.0003410577774048
1982.13284754388 1.0001801252365112
1982.153680745364 0.9999489188194275
1982.1745139482991 0.9999387860298157
1982.1953471525849 0.9997572302818298
1982.2161803584102 0.9995949268341064
1982.2370135656695 0.9993981719017029
1982.2578467745413 0.9994648098945618