2010.278633771482 0.9998813271522522
2010.2994671175907 0.999919593334198
2010.3203004636052 0.9998549818992615
2010.3411338095643 0.9995054006576538
2010.3619671554625 0.999758780002594
2010.3828005013079 0.999727725982666
2010.4036338471233 0.9993031024932861
2010.4244671929073 0.9991570711135864
2010.4453005386813 0.9995562434196472
2010.4661338844535 0.9998332858085632
2010.4869672302138 0.9993988275527954
2010.5078005760008 0.9995315670967102
2010.5286339218032 0.9993547797203064
2010.5494672676289 0.9994369149208069
2010.5703006134959 0.9994189739227295
2010.5911339594124 0.9993526935577393
2010.6119673053647 0.9994059801101685
2010.632800651391 0.9993059039115906
2010.6536339974773 0.9993925094604492
2010.6744673436315 0.9994046688079834
2010.695300689868 0.9991521835327148
2010.716134036185 0.9995377063751221
2010.7369673825972 0.9994743466377258
2010.757800729111 0.999387800693512
2010.7786340757114 0.9994969964027405
2010.7994674224346 0.9995546340942383
2010.820300769265 0.9995055794715881
2010.8411341162089 0.9993706941604614
2010.8619674632791 0.999580979347229
2010.882800810473 0.9992443323135376
2010.9036341578026 0.9996255040168762
2010.9244675052746 0.9994314908981323
2010.945300852871 0.9999135136604309
2010.9661342006289 0.9997093677520752
2010.986967548529 0.9995991587638855
2011.0078008965786 0.9997320175170898
2011.028634244788 0.9997079968452454
2011.0494675931548 0.9997794032096863
2011.0703009416886 0.9997878670692444
2011.0911342903967 1.00003981590271
2011.1119676392586 0.9998674988746643
2011.1328009883118 0.999897837638855
2011.153634337535 0.9995391964912415
2011.174467686936 0.9996826648712158
2011.1953010365235 0.9996421933174133
2011.2161343862942 0.9996827244758606
2011.236967736257 0.9998974800109863
2011.2578010864195 0.999813437461853
2011.2786344367591 0.9999263286590576
2011.2994677873135 0.9997766613960266
2011.3203011380604 0.9997276067733765
2011.3411344890076 0.9997118711471558
2011.361967840162 0.9998513460159302
2011.3828011915211 0.9998608827590942
2011.4036345430925 0.9999288320541382
2011.4244678948835 0.999767541885376
2011.4453012468707 0.9995993971824646
2011.466134599092 0.9998294115066528
2011.4869679515239 0.999718427658081
2011.5078013041739 0.9995493292808533
2011.5286346570485 0.9996860027313232
2011.5494680101451 0.9997518658638
2011.5703013634704 0.9998527765274048
2011.5911347170318 0.9995836019515991
2011.6119680708048 0.9997511506080627
2011.632801424828 0.9999016523361206
2011.6536347790761 0.9997033476829529
2011.6744681335574 0.9996026158332825
2011.6953014882777 0.9999026656150818
2011.7161348432444 0.9997425079345703
2011.736968198433 0.9996213316917419
2011.757801553881 0.9996534585952759
2011.7786349095545 0.9997302293777466
2011.7994682654903 0.9997636079788208
2011.820301621664 0.9997692108154297
2011.8411349780833 1.0000500679016113
2011.8619683347536 0.9997226595878601
2011.8828016916818 0.9997550249099731
2011.9036350488434 0.9998843669891357
2011.9244684062762 0.9996984601020813
2011.9453017639448 0.9997256398200989
2011.966135121887 0.9995400309562683
2011.9869684800774 0.9998026490211487
2012.0078018385243 0.9998543858528137
2012.0286351972313 0.999850332736969
2012.049468556197 0.9998924136161804
2012.0703019154255 0.9997416138648987
2012.0911352749251 0.999732255935669
2012.1119686346694 0.999730110168457
2012.132801994697 0.9998825788497925
2012.1536353549814 0.9996587038040161
2012.1744687155312 0.9996892809867859
2012.19530207635 0.9997380971908569
2012.216135437446 0.9996542930603027
2012.236968798793 0.9997860789299011
2012.2578021604293 0.9995661973953247
2012.2786355223182 0.9998828172683716
2012.2994688844983 0.9999660849571228
2012.3203022469431 0.9998914003372192
2012.3411356096608 0.9996975660324097
2012.3619689726545 0.9997241497039795
2012.3828023359335 0.9997391104698181
2012.4036356994702 0.9997494220733643
2012.4244690633034 0.9998877644538879
2012.445302427396 0.9998293519020081
2012.4661357917869 0.9998890161514282
2012.4869691564488 0.9999389052391052
2012.5078025213904 0.9997127056121826
2012.5286358866147 0.9998722672462463
2012.5494692521304 0.9997876882553101
2012.5703026179099 0.9999276399612427
2012.591135983992 0.9998546838760376
2012.61196935034 0.9998713731765747
2012.6328027169918 0.9995951652526855
2012.6536360839207 0.9997007250785828
2012.6744694511349 0.9997192025184631
2012.6953028186374 0.9999616742134094
2012.7161361864369 0.9997016191482544
2012.7369695545055 0.9997903108596802
2012.7578029228828 0.9997053742408752
2012.7786362915303 0.9997106790542603
2012.7994696604876 0.9997220635414124
2012.8203030297263 0.9994723796844482
2012.8411363992564 0.9996951222419739
2012.8619697690788 0.9997114539146423
2012.8828031391934 0.999761164188385
2012.903636509602 0.9997655153274536
2012.924469880314 0.999904990196228
2012.9453032513009 0.9996764063835144
2012.966136622602 0.9998051524162292
2012.9869699941896 0.999826967716217
2013.0078033660723 0.9997671842575073
2013.028636738252 0.9998716711997986
2013.0494701107284 0.9996407628059387
2013.070303483503 0.999958872795105
2013.0911368565849 0.999752402305603
2013.1119702299459 0.9998571276664734
2013.1328036036255 0.9999209642410278
2013.1536369775952 0.9997501969337463
2013.174470351864 0.9998254776000977
2013.195303726434 0.9998270869255066
2013.2161371013044 0.9998273849487305
2013.2369704764767 0.9999871253967285
2013.25780385196 0.9999093413352966
2013.2786372277262 0.9997603297233582
2013.2994706038148 0.9998713731765747
2013.3203039801867 0.999893307685852
2013.3411373568817 0.9998513460159302
2013.3619707338712 0.9999706745147705
2013.3828041111644 0.9998893737792969
2013.4036374887628 0.9999154806137085
2013.4244708666758 1.0000563859939575
2013.4453042448752 0.9999154210090637
2013.4661376233996 0.9996793866157532
2013.4869710022108 0.9998989105224609
2013.5078043813485 0.9997373819351196
2013.5286377607836 1.0000320672988892
2013.5494711405254 0.9999918937683105
2013.5703045205755 0.9998925924301147
2013.5911379009435 0.9998812675476074
2013.6119712816003 0.9998910427093506
2013.6328046625854 0.9996030330657959
2013.6536380438604 0.9999430179595947
2013.6744714254642 0.9998307228088379
2013.6953048073683 0.9997617602348328
2013.7161381895821 0.9999136328697205
2013.7369715721072 0.9998137354850769
2013.7578049549525 0.9998246431350708
2013.7786383380892 0.9999316930770874
2013.7994717215572 0.9999223947525024
2013.8203051053274 0.9998579025268555
2013.8411384894093 0.9998812675476074
2013.8619718738037 0.9997738599777222
2013.8828052585109 0.9998711943626404
2013.903638643531 0.9998601675033569
2013.924472028864 0.9999365210533142
2013.9453054145113 1.0000258684158325
2013.9661388004822 0.9999690055847168
2013.9869721867472 0.9998252391815186
2014.0078055733463 1.0000721216201782
2014.0286389602504 0.9999828934669495
2014.0494723474696 1.0000580549240112
2014.070305735004 1.000070571899414
2014.0911391228537 0.9999727010726929
2014.1119725110195 0.9998508095741272
2014.1328058995111 1.0000563859939575
2014.153639288299 0.9999454021453857
2014.1744726774234 1.000044822692871
2014.195306066855 1.0000457763671875
2014.2161394566033 0.9999768733978271
2014.236972846669 0.9999422430992126
2014.2578062370521 0.9999973773956299
2014.2786396277531 0.9999843835830688
2014.299473018782 0.9999217987060547
2014.3203064101094 0.9998875856399536
2014.3411398017752 0.9997929930686951
2014.3619731937397 0.9999538660049438
2014.382806586043 1.0000160932540894
2014.4036399786555 1.0000183582305908
2014.4244733715875 0.9996486902236938
2014.4453067648392 0.9999256730079651
2014.4661401584106 0.9999508857727051
2014.486973552302 0.9999517202377319
2014.5078069465237 1.0000120401382446
2014.528640341046 0.9998153448104858
2014.5494737359088 0.9998183846473694
2014.5703071310827 0.9999404549598694
2014.5911405265774 0.9998939633369446
2014.6119739223936 0.999968409538269
2014.6328073185314 0.999976634979248
2014.6536407149906 0.9999250769615173
2014.6744741117818 0.9999238848686218
2014.695307508875 0.9999581575393677
2014.7161409063108 0.9998554587364197
2014.7369743040488 0.9999046325683594
2014.7578077021294 0.9999513030052185
2014.778641100523 0.999837338924408
2014.7994744992395 0.9998920559883118
2014.8203078982792 0.9999760985374451
2014.8411412976523 1.0000478029251099
2014.861974697329 0.9999363422393799
2014.8828080973494 0.9997732639312744
2014.9036414976738 1.0000779628753662
2014.9244748983422 0.9999711513519287
2014.945308299325 1.0000379085540771
2014.966141700632 0.9998373985290527
2014.9869751022636 0.9998574256896973
2015.0078085042203 1.0000027418136597
2015.0286419065017 0.9999275207519531
2015.0494753091182 0.999796450138092
2015.0703087120398 0.9998865127563477
2015.0911421153073 0.9998944997787476
2015.11197551889 1.0000967979431152
2015.1328089227984 0.9997828602790833
2015.1536423270327 0.9999939203262329
2015.1744757315932 0.9998816847801208
2015.1953091364796 0.9999738931655884
2015.2161425416928 0.9998712539672852
2015.2369759472322 1.0000081062316895
2015.2578093531083 0.9999018311500549
2015.2786427592912 0.9998320937156677
2015.2994761658208 0.9997661113739014
2015.3203095726678 0.9998612999916077
2015.341142979842 0.9999314546585083
2015.3619763873435 0.9999408721923828
2015.3828097951725 0.9998534321784973
2015.4036432033292 0.999908447265625
2015.4244766118236 1.0000057220458984
2015.4453100206258 0.999941349029541
2015.4661434297766 1.0001208782196045
2015.486976839245 0.9999697804450989
2015.507810249042 1.00004243850708
2015.5286436591675 0.9999823570251465
2015.5494770696216 0.9999379515647888
2015.570310480404 0.9999198317527771
2015.5911438915257 0.9998797178268433
2015.6119773029563 1.0000090599060059
2015.632810714736 0.9999504089355469
2015.6536441268247 0.9998540282249451
2015.674477539263 0.9999217987060547
2015.695310952021 0.9999045133590698
2015.7161443651082 0.9998313188552856
2015.7369777785252 0.9999089241027832
2015.7578111922824 0.9997730851173401
2015.778644606349 0.9998815655708313
2015.799478020766 0.9998780488967896
2015.820311435493 0.9998457431793213
2015.8411448505708 0.9997671842575073
2015.8619782659684 0.999809205532074
2015.882811681697 0.9997307658195496
2015.9036450977562 0.9997913241386414
2015.9244785141461 0.9996826648712158
2015.9453119308669 0.9998098611831665
2015.9661453479187 0.9999975562095642
2015.9869787653017 0.9998719096183777
2016.0078121830259 0.9996622204780579
2016.028645601061 0.9998119473457336
2016.0494790194482 0.9998674988746643
2016.0703124381566 0.9997960329055786
2016.0911458571968 0.9999195337295532
2016.1119792765685 0.9995926022529602
2016.1328126962826 0.9998473525047302
2016.1536461163082 0.9996997714042664
2016.174479536686 0.9999641180038452
2016.1953129573758 0.9996584057807922
2016.2161463784184 0.9997712969779968
2016.2369797997828 0.9997888207435608
2016.25781322148 0.9999246597290039
2016.27864664351 0.9999186992645264
2016.3203134885675 1.0001862049102783
2016.3411469116056 1.000276803970337
2016.3619803349568 1.0002415180206299
2016.382813758661 1.0001952648162842
2016.4036471826782 1.0002604722976685
2016.424480607049 1.0002071857452393
2016.445314031743 1.0002880096435547
2016.4661474567706 1.000206708908081
2016.4869808821315 1.0000884532928467
2016.5078143078265 1.0002819299697876
2016.5286477338548 1.0002833604812622
2016.549481160217 1.00022292137146
2016.5703145869134 1.0001907348632812
2016.591148013954 1.00006902217865
2016.611981441308 1.0002979040145874
2016.6328148690168 1.0002031326293945
2016.6536482970498 1.0001857280731201
2016.6744817254173 1.0001214742660522
2016.6953151541188 1.0001639127731323
2016.7161485831555 1.0001193284988403
2016.7369820125266 1.0001542568206787
2016.7578154422426 1.0000463724136353
2016.7786488722732 1.0000450611114502
2016.7994823026588 1.000173568725586
2016.8203157333696 1.000165581703186
2016.8411491644154 1.0001318454742432
2016.8619825957962 1.0000911951065063
2016.882816027513 1.0000367164611816
2016.9036494595643 1.0001862049102783
2016.9244828919516 1.0001622438430786
2016.9453163246742 1.000105619430542
2016.9661497577429 1.000108003616333
2016.9869831911267 1.0001416206359863
2017.0078166248666 1.0002057552337646
2017.0286500589325 1.000126600265503
2017.0494834933343 1.0001330375671387
2017.070316928072 1.0001050233840942
2017.0911503631462 1.0000584125518799
2017.1119837985564 1.0001561641693115
2017.132817234313 1.0000486373901367
2017.153650670386 1.0000865459442139
2017.1744841068155 1.0000605583190918
2017.1953175435717 1.0001544952392578
2017.2161509806645 1.0000723600387573
2017.236984418094 1.0001212358474731
2017.2578178558606 1.000177264213562
2017.2786512939635 1.0002392530441284
2017.299484732404 1.0001769065856934
2017.3203181711813 1.0002111196517944
2017.341151610306 1.0000755786895752
2017.3619850497478 1.0001413822174072
2017.3828184895472 1.0001709461212158
2017.4036519296737 1.0001451969146729
2017.424485370138 1.000117301940918
2017.4453188109396 0.9999980926513672
2017.4661522520792 1.0001319646835327
2017.4869856935563 1.0002912282943726
2017.5078191353816 1.0001379251480103
2017.5286525775243 1.0001370906829834
2017.5494860200256 1.0000975131988525
2017.570319462845 1.0002638101577759
2017.5911529060224 1.0001708269119263
2017.611986349518 1.0002177953720093
2017.6328197933724 1.0001585483551025
2017.6536532375549 1.0001585483551025
2017.6744866820761 1.000078797340393
2017.6953201269357 1.0000345706939697
2017.7161535721445 1.0001589059829712
2017.7369870176717 1.0000892877578735
2017.7578204635581 1.0001322031021118
2017.7786539097635 1.0001673698425293
2017.799487356328 1.0001707077026367
2017.8203208032214 1.0001051425933838
2017.8411542504543 1.0000441074371338
2017.8619876980267 1.000158667564392
2017.8828211459386 1.000169038772583
2017.9036545941894 1.0001736879348755
2017.9244880427907 1.0001013278961182
2017.9453214917112 1.0002247095108032
2017.9661549409918 1.000405192375183
2017.9869883905922 1.0002089738845825
2018.0078218405529 1.0002309083938599
2018.0286552908433 1.00020432472229
2018.0494887414743 1.0001561641693115
2018.0703221924452 1.0003113746643066
2018.0911556437572 1.0002142190933228
2018.111989095409 1.0002108812332153
2018.132822547412 1.0001866817474365
2018.1536559997353 1.000156044960022
2018.1744894524197 1.000203013420105
2018.1953229054247 1.0002326965332031
2018.216156358791 1.000109314918518
2018.2369898124884 1.0003118515014648
2018.2578232665273 1.0001720190048218
2018.2786567209068 1.000230073928833
2018.2994901756285 1.0001323223114014
2018.3203236306915 1.0000909566879272
2018.3411570861065 1.000150442123413
2018.3619905418427 1.0000152587890625
2018.3828239979416 1.0000735521316528
2018.4036574543616 1.000022053718567
2018.4244909111444 1.0001790523529053
2018.445324368259 1.0000791549682617
2018.4661578257167 1.0001773834228516
2018.486991283516 1.0000241994857788
2018.5078247416586 1.0002521276474
2018.5286582001436 1.000035285949707
2018.5494916589819 1.0002076625823975
2018.5703251181426 1.000150203704834
2018.5911585776669 1.0000505447387695
2018.611992037524 1.0002233982086182
2018.632825497725 1.0001498460769653
2018.653658958269 1.0002169609069824
2018.6744924191573 1.0001591444015503
2018.6953258803887 1.0001802444458008
2018.7161593419646 1.000112771987915
2018.736992803884 1.0000370740890503
2018.7578262661584 1.000191330909729
2018.7786597287566 1.0002472400665283
2018.7994931917196 1.0002033710479736
2018.8203266550067 1.0000927448272705
2018.8411601186597 0.9999675154685974
2018.8619935826466 1.0001826286315918
2018.8828270469794 1.0002539157867432
2018.903660511657 1.0000604391098022
2018.9244939766807 1.0001667737960815
2018.9453274420493 1.000167727470398
2018.9661609077743 1.0001904964447021
2018.986994373825 1.000193476676941
2019.007827840242 1.0001875162124634
2019.028661306985 1.0000886917114258
2019.0494947740951 1.000169038772583
2019.0703282415413 1.0000312328338623
2019.091161709335 1.0001287460327148
2019.111995177475 1.0001764297485352
2019.1328286459632 1.0001418590545654
2019.1536621147982 1.0002042055130005
2019.1744955839913 1.0001522302627563
2019.1953290535118 1.0001933574676514
2019.2161625234014 1.0001643896102905
2019.2369959936184 1.000292181968689
2019.2578294642046 1.0002071857452393
2019.278662935129 1.0000399351119995
2019.299496406403 1.000178575515747
2019.3203298780256 1.000311017036438
2019.3411633499986 1.000367522239685
2019.3619968223206 1.0001333951950073
2019.3828302950033 1.0001567602157593
2019.4036637680153 1.0002696514129639
2019.424497241399 0.9997804760932922
2019.4453307151123 1.0000202655792236
2019.4661641891976 1.0002546310424805
2019.4869976636235 1.0002200603485107
2019.507831138402 1.0000038146972656
2019.5286646135314 1.0001258850097656
2019.549498089014 1.0001071691513062
2019.570331564848 1.0002374649047852
2019.5911650410462 1.0000354051589966
2019.6119985175765 1.0000860691070557
2019.6328319944812 0.9999588131904602
2019.653665471719 1.0001208782196045
2019.6744989493318 1.0001248121261597
2019.6953324272783 1.0001190900802612
2019.7161659056007 1.000040054321289
2019.7369993842676 1.0002180337905884
2019.757832863291 1.0000404119491577
2019.7786663426696 0.9998728632926941
2019.7994998224158 0.999858558177948
2019.8203333024976 0.9999722242355347
2019.841166782958 1.0001473426818848
2019.8620002637551 0.9999836683273315
2019.8828337449318 1.0000320672988892
2019.9036672264558 0.9998003840446472
2019.9245007083402 1.000154972076416
2019.9453341905833 1.0000226497650146
2019.9661676731878 0.9999594688415527
2019.9870011561516 1.000028371810913
2020.0078346394778 1.000174641609192
2020.0286681231648 1.000085473060608
2020.0495016072255 0.9998121857643127
2020.0703350916274 1.0000383853912354
2020.0911685764145 1.0000110864639282
2020.1120020615544 1.000141978263855
2020.1328355470605 0.9999504685401917
2020.1536690329303 1.000302791595459
2020.1745025191683 1.0000513792037964
2020.1953360057712 1.0001657009124756
2020.2161694927431 1.0001167058944702
2020.2370029800818 1.0002046823501587
2020.2578364678013 0.9999995827674866
2020.2786699558687 1.0001174211502075
2020.2995034443286 1.0000048875808716
2020.3203369331382 1.0001462697982788
2020.341170422342 1.0000265836715698
2020.362003911907 1.0002137422561646
2020.3828374018483 1.0001671314239502
2020.4036708921628 1.0000290870666504
2020.424504382865 1.0001485347747803
2020.4453378739227 1.0002952814102173
2020.4661713653804 1.0000602006912231
2020.4870048571956 0.9999746680259705
2020.507838349413 1.0000940561294556
2020.52867184199 1.0000332593917847
2020.549505334972 1.000212550163269
2020.570338828326 1.0000569820404053
2020.5911723220675 0.9999188780784607
2020.612005816193 1.0000475645065308
2020.6328393107096 1.0000594854354858
2020.6536728056133 1.000019907951355
2020.6745063009205 0.999994695186615
2020.6953397965976 1.0000452995300293
2020.7161732926922 1.0000896453857422
2020.7370067891595 1.000098466873169
2020.757840286048 1.0000404119491577
2020.7786737833228 1.000063419342041
2020.7995072810024 1.0000687837600708
2020.8203407790822 1.0001115798950195
2020.841174277571 1.0000503063201904
2020.8620077764642 1.0000855922698975
2020.882841275781 1.0001308917999268
2020.9036747754865 1.0001425743103027
2020.9245082756308 1.000051498413086
2020.945341776168 1.0000019073486328
2020.96617527715 0.9999844431877136
2020.9870087785303 1.0001587867736816
2021.0078422803608 1.000152587890625
2021.0286757826057 1.0000683069229126
2021.049509285287 1.000022053718567
2021.0703427883989 1.000144600868225
2021.0911762919552 0.9999567866325378
2021.1120097959483 1.0000075101852417
2021.1328433004032 1.0000909566879272
2021.153676805283 0.999997079372406
2021.1745103106434 1.0000554323196411
2021.1953438164367 0.9998899698257446
2021.2161773227201 1.0000479221343994
2021.2370108294558 1.0002498626708984
2021.2578443366722 0.999458909034729
2021.2786778443603 1.0000029802322388
2021.2995113525415 1.0000847578048706
2021.3203448612055 1.000043272972107
2021.3411783703755 0.9999650716781616
2021.3620118800407 1.000061273574829
2021.3828453902368 1.0000064373016357
2021.4036789009217 1.0000392198562622
2021.4245124121635 0.9998677372932434
2021.44534592392 1.0000057220458984
2021.4661794362316 1.0000784397125244
2021.487012949085 0.9999924302101135
2021.5078464625144 1.0000462532043457
2021.528679976505 1.0000262260437012
2021.5495134911043 1.00015127658844
2021.570347006267 1.000031590461731
2021.5911805220749 0.999972939491272
2021.6120140384708 1.0000239610671997
2021.6328475555415 1.000077724456787
2021.6536810732282 1.0001254081726074
2021.674514591624 0.9999847412109375
2021.6953481106773 1.0000592470169067
2021.716181630458 1.000049352645874
2021.737015150943 1.0002121925354004
2021.7578486722 1.0001356601715088
2021.778682194202 1.0002164840698242
2021.7995157170265 1.000045657157898
2021.820349240644 1.0001657009124756
2021.8411827651514 1.0001009702682495
2021.8620162904865 1.0000425577163696
2021.882849816788 1.0000420808792114
2021.9036833439895 1.0002777576446533
2021.9245168722134 1.000097393989563
2021.9453504014189 1.0001709461212158
2021.9661839317334 1.0001181364059448
2021.9870174631114 1.0000672340393066
2022.0078509956966 1.0000442266464233
2022.0286845294377 1.0000921487808228
2022.0495180645069 1.0000600814819336
2022.0703516008155 1.000251054763794
2022.0911851385836 1.00014066696167
2022.1120186777057 0.9997672438621521
2022.1328522184183 1.0001096725463867
2022.1536857606175 1.0000768899917603
2022.1745193045206 1.0001602172851562
2023.1328635863267 0.9995352029800415
2023.1536971575106 0.9991800785064697
2023.1745307285546 0.9995700716972351
2023.1953642994677 0.998934805393219
2023.2161978702768 0.9991298913955688
2023.2370314409688 0.9992583990097046
2023.2578650115718 0.9990782737731934
2023.2786985820906 0.9991286993026733
2023.2995321525436 0.9991146326065063
2023.3203657229344 0.999225378036499
2023.3411992932909 0.9992162585258484
2023.3620328635957 0.9994551539421082
2023.3828664338769 0.9992774128913879
2023.4037000041355 0.9990058541297913
2023.4245335743897 0.9992390275001526
2023.4453671446493 0.9992704391479492
2023.4662007149118 0.9991004467010498
2023.4870342851868 0.9991915225982666
2023.5078678554914 0.9992179274559021
2023.5287014258242 0.9989795684814453
2023.549534996202 0.9990849494934082
2023.5703685666224 0.9990236759185791
2023.5912021371123 0.9990648031234741
2023.6120357076484 0.9990301132202148
2023.6328692782577 0.9989160299301147
2023.6537028489356 0.9990330934524536
2023.6745364196995 0.9990114569664001
2023.695369990554 0.9991289377212524
2023.7162035614956 0.9989461898803711
2023.7370371325292 0.9988580346107483
2023.757870703671 0.9992123246192932
2023.7787042749148 0.9991881847381592
2023.7995378462876 0.999234139919281
2023.820371417762 0.9993163347244263
2023.8412049893648 0.9992749094963074
2023.8620385610882 0.9993239045143127
2023.8828721329492 0.9990697503089905
2023.9037057049393 0.9993571639060974
2023.9245392770752 0.9994040131568909
2023.9453728493586 0.9993531107902527
2023.9662064217855 0.999315083026886
2023.9870399943575 0.9994451999664307
2024.0078735670907 0.9994182586669922
2024.0287071399755 0.9993038773536682
2024.0495407130288 0.999527633190155
2024.0703742862506 0.9993515610694885
2024.0912078596375 0.99942946434021
2024.112041433189 0.999531626701355
2024.132875006922 0.99945068359375
2024.1537085808254 0.9995898604393005
2024.174542154916 0.9994271397590637
2024.195375729193 0.9994732737541199
2024.2162093036527 0.9994423389434814
2024.237042878294 0.9992877244949341
2024.2578764531333 0.9996566772460938
2024.2787100281591 0.9994918704032898
2024.299543603388 0.9996448755264282
2024.3203771788183 0.9995702505111694
2024.3412107544464 0.9995851516723633
2024.3620443302702 0.9995514750480652
2024.3828779063062 0.9997225403785706
2024.4037114825426 0.9997749924659729
2024.4245450589954 0.9996135234832764
2024.4453786356623 0.9996246695518494
2024.46621221254 0.9996544718742371
2024.4870457896257 0.9996203184127808
2024.5078793669359 0.9994965195655823
2024.5287129444575 0.9994881749153137
2024.5495465222075 0.9993699789047241
2024.5703801001825 0.999627411365509
2024.5912136783795 0.9996383786201477
2024.6120472567948 0.9992934465408325
2024.6328808354453 0.9992343187332153
2024.6537144143172 0.9993897080421448
2024.6745479934275 0.9993690848350525
2024.6953815727725 0.9992618560791016
2024.716215152349 0.999569296836853
2024.7370487321525 0.9994927048683167
2024.7578823122008 0.9992631673812866
2024.7787158924789 0.9994409680366516
2024.7995494730044 0.9996479749679565
2024.8203830537723 0.9994792938232422
2024.8412166347805 0.9996024370193481
2024.8620502160238 0.999504804611206
2024.8828837975195 0.9995770454406738
2024.903717379253 0.9995774626731873
2024.9245509612515 0.999538004398346
2024.9453845434798 0.9995961785316467
2024.9662181259653 0.9995753765106201
2024.9870517086931 0.9996662735939026
2025.0078852916804 0.9996963143348694
2025.028718874912 0.9993259310722351
2025.0495524584053 0.9997370839118958
2025.070386042155 0.9997513890266418
2025.0912196261584 0.9996673464775085
2025.11205321041 0.9993209838867188
2025.1328867949276 0.9997023940086365
2025.1537203796952 0.9997715353965759
2025.1745539647404 0.9997461438179016
2025.1953875500278 0.9997379779815674
2025.2162211355846 0.9997047781944275
2025.2370547213952 0.999689519405365
2025.257888307477 0.9996985793113708
2025.2787218938142 0.9996176958084106
2025.2995554804245 0.9996875524520874
2025.3203890673017 0.9996993541717529
2025.3412226544435 0.9997080564498901
2025.3620562418441 0.9997110962867737
2025.3828898295208 0.9998176693916321
2025.4037234174575 0.999946653842926
2025.4245570056719 0.9997948408126831
2025.445390594158 0.9997778534889221
2025.4662241829133 0.9996232390403748
2025.4870577719312 0.9998847842216492
2025.5078913612301 0.9997394680976868
2025.528724950793 0.9997532963752747
2025.549558540648 0.99989914894104
2025.5703921307586 0.9997447729110718
2025.5912257211523 0.9997373819351196
2025.612059311813 0.999742865562439
2025.6328929027584 0.9997516870498657
2025.6537264939716 0.999703586101532
2025.6745600854706 0.9998561143875122
2025.6953936772488 0.9996768832206726
2025.7162272693042 0.9997702836990356
2025.7370608616297 0.9996432662010193
2025.7578944542436 0.9997081756591797
2025.7787280471287 0.9996494650840759
2025.799561640303 0.9999110698699951
2025.8203952337599 0.9995899200439453
2025.8412288274972 0.9997103214263916
2025.8620624215077 0.9997214674949646
2025.88289601581 0.9998052716255188
2025.9037296103866 0.999744176864624
2025.9245632052555 0.9996062517166138
2025.94539680041 0.9997410178184509
2025.9662303958478 0.999816358089447
2025.9870639915619 0.9997711777687073
2026.0078975875704 0.9996518492698669
2026.028731183856 0.9998250603675842
2026.049564780437 0.9997518658638
2026.0703983773062 0.9996522068977356
2026.0912319744614 0.9994573593139648
2026.1120655718955 0.9998437166213989
2026.1328991696269 0.9997984766960144
2026.1537327676378 0.999599277973175
2026.1745663659467 0.999808669090271
2026.195399964546 0.9996621608734131
2026.2162335634341 0.9997370839118958
2026.2370671626036 0.999767005443573
2026.2579007620723 0.9997325539588928
2026.2787343618231 0.9998719096183777
2026.2995679618743 1.0000265836715698
2026.3204015622182 0.9998890161514282
2026.3412351628533 0.9999730587005615
2026.3620687637715 1.0000056028366089
2026.3829023649917 0.9998565316200256
2026.403735966496 0.9998778700828552
2026.4245695683026 0.9998597502708435
2026.445403170404 0.9999720454216003
2026.4662367727985 0.9999598264694214
2026.4870703754787 1.0001580715179443
2026.5079039784623 0.9999924898147583
2026.5287375817322 1.000016212463379
2026.5495711853064 0.99992835521698
2026.5704047891772 0.9997953772544861
2026.5912383933432 0.9998535513877869
2026.6120719977964 0.9999558925628662
2026.6329056025552 1.0000008344650269
2026.6537392076018 0.9998922348022461
2026.6745728129547 0.9996325969696045
2026.6954064186061 1.0000547170639038
2026.716240024554 0.99998939037323
2026.7370736307912 0.9998618364334106
2026.7579072373355 0.9997391700744629
2026.7787408441693 0.9998791217803955
2026.799574451311 0.9998987317085266
2026.8204080587427 0.9998006224632263
2026.8412416664928 0.9999014735221863
2026.8620752745232 1.0000319480895996
2026.882908882863 0.9998568296432495
2026.9037424914934 1.0000003576278687
2026.9245761004333 0.9998751878738403
2026.9454097096745 1.0000561475753784
2026.966243319216 0.9998115301132202
2026.987076929049 0.9999359846115112
2027.0079105391924 0.9998210072517395
2027.0287441496282 1.0001190900802612
2027.049577760375 0.9999157190322876
2027.0704113714246 0.9998828768730164
2027.0912449827754 0.99994295835495
2027.1120785944192 0.999984622001648
2027.1329122063748 1.0000770092010498
2027.1537458186242 0.9999389052391052
2027.1745794311857 0.9998929500579834
2027.195413044051 1.0000510215759277
2027.2162466572192 1.000041127204895
2027.2370802706816 0.9999632835388184
2027.2579138844571 1.0000498294830322
2027.2787474985273 0.9998570084571838
2027.2995811129108 1.0000250339508057
2027.3204147275994 1.0000609159469604
2027.341248342592 1.0000044107437134
2027.36208195788 0.9999927878379822
2027.382915573482 0.9999372363090515
2027.40374918938 1.000063419342041
2027.4245828055925 0.9998829364776611
2027.445416422111 1.0000152587890625
2027.4662500389345 0.9999763369560242
2027.4870836560544 0.9999800324440002
2027.5079172734897 0.9999954700469971
2027.5287508912218 0.9996528029441833
2027.5495845092694 1.0000916719436646
2027.5704181276242 0.9999909400939941
2027.5912517462848 1.0000289678573608
2027.6120853652428 1.0000427961349487
2027.6329189845171 0.9999868273735046
2027.6537526040893 0.9999628663063049
2027.6745862239777 0.999836266040802
2027.6954198441742 0.9999258518218994
2027.7162534646777 0.9999626278877258
2027.7370870854795 1.0000139474868774
2027.7579207065983 0.9998457431793213
2027.7787543280158 0.9999871253967285
2027.7995879497507 0.9999731779098511
2027.8204215717844 1.0000275373458862
2027.8412551941458 0.9999797344207764
2027.8620888167964 0.9999550580978394
2027.882922439765 0.9999586939811707
2027.903756063033 0.9998723268508911
2027.9245896866191 0.9999554753303528
2027.9454233105048 1.0000585317611694
2027.9662569347192 1.0000194311141968
2027.9870905592234 0.9997387528419495
2028.0079241840463 0.999871015548706
2028.0287578091693 0.9999848008155823
2028.0495914346113 0.9999132752418518
2028.0704250603537 1.0000747442245483
2028.0912586864156 1.0000255107879639
2028.1120923127876 0.9998763799667358
2028.1329259394693 0.9999481439590454
2028.1537595664518 0.9998504519462585
2028.174593193754 0.9999735355377197
2028.1954268213572 0.999984622001648
2028.2162604492805 0.9998360872268677
2028.237094077515 0.9998733997344971
2028.2579277060595 0.9999656677246094
2028.2787613349053 0.9999807476997375
2028.2995949640717 0.9998446106910706
2028.3204285935399 0.9997857809066772
2028.3412622233284 0.9999730587005615
2028.3620958534286 0.9999825358390808
2028.38292948384 0.9998899102210999
2028.4037631145532 0.9998189210891724
2028.4245967455872 1.0000683069229126
2028.4454303769237 0.9998913407325745
2028.4662640085812 0.9999054670333862
2028.4870976405512 0.9997848272323608
2028.5079312728324 0.9999440908432007
2028.5287649054162 0.9996500611305237
2028.5495985383216 1.0000370740890503
2028.5704321715295 0.9998883605003357
2028.5912658050595 0.9998748302459717
2028.612099438902 1.000046730041504
2028.6329330730568 1.0000760555267334
2028.6537667075145 0.999855101108551
2028.674600342294 0.9998743534088135
2028.695433977377 1.0000957250595093
2028.7162676127823 1.0000076293945312
2028.7371012484907 0.9999004602432251
2028.7579348845318 0.9997628331184387
2028.7787685208662 0.9997960329055786
2028.7996021575232 1.000003695487976
2028.820435794484 1.000067114830017
2028.8412694317672 0.9999861121177673
2028.8621030693544 0.9999441504478455
2028.8829367072744 0.9999408721923828
2028.9037703454885 0.9997727274894714
2028.9246039840255 1.0000133514404297
2028.9454376228666 0.9997290372848511
2028.966271262031 1.0000455379486084
2028.9871049014994 0.999919593334198
2029.007938541301 0.9998363256454468
2029.0287721813972 0.9998610615730286
2029.0496058218166 0.9999150037765503
2029.0704394625407 0.9999069571495056
2029.0912731035883 0.9999548196792603
2029.1121067449503 0.9999133348464966
2029.1329403866262 0.9998193979263306
2029.1746076709112 1.0001862049102783
2029.1954413135204 1.0001007318496704
2029.2162749564534 1.0001275539398193
2029.2371085996915 1.0002044439315796
2029.2579422432636 1.0002506971359253
2029.278775887131 1.0001715421676636
2029.2996095313222 1.0002144575119019
2029.3204431758188 1.0002281665802002
2029.3412768206397 1.0002727508544922
2029.362110465766 1.000239610671997
2029.3829441112164 1.0001437664031982
2029.4037777569822 1.0001583099365234
2029.4246114030627 1.0003591775894165
2029.4454450494486 1.0002272129058838
2029.4662786961592 1.0001624822616577
2029.487112343175 1.000103235244751
2029.507945990516 1.0002548694610596
2029.5287796381726 1.0002415180206299
2029.5496132861438 1.0000866651535034
2029.570446934421 1.000300645828247
2029.591280583023 1.0001380443572998
2029.612114231931 1.0002163648605347
2029.6329478811638 1.0001190900802612
2029.6537815307126 1.0003187656402588
2029.6746151805767 1.00017511844635
2029.6954488307467 1.0001332759857178
2029.716282481242 1.0002351999282837
2029.7371161320434 1.0002973079681396
2029.75794978318 1.0002223253250122
2029.778783434613 1.0001534223556519
2029.7996170863712 1.000098705291748
2029.8204507384357 1.0001990795135498
2029.8412843908256 1.0001904964447021
2029.8621180435223 1.000200867652893
2029.882951696544 1.0001386404037476
2029.9037853498826 1.0000967979431152
2029.9246190035367 1.0000276565551758
2029.9454526574973 1.0000641345977783
2029.9662863117837 1.000195026397705
2029.9871199663767 1.000169038772583
2030.0079536212954 1.000230312347412
2030.0287872765311 0.9999393224716187
2030.0496209320825 1.0002065896987915
2030.0704545879405 1.000266671180725
2030.0912882441246 1.000102162361145
2030.1121219006156 1.0001429319381714
2030.1329555574325 1.000154972076416
2030.1537892145664 1.0002226829528809
2030.1746228720165 1.0001775026321411
2030.1954565297735 1.000166416168213
2030.2162901878567 1.0001673698425293
2030.237123846247 1.0001403093338013
2030.2579575049633 1.0002243518829346
2030.278791163997 1.0002511739730835
2030.299624823347 1.0003989934921265
2030.3204584830041 1.0002787113189697
2030.3412921429876 1.0003842115402222
2030.3621258032786 1.0002321004867554
2030.3829594638958 1.0002129077911377
2030.4037931248204 1.0002620220184326
2030.4246267860815 1.0002996921539307
2030.44546044764 1.0003048181533813
2030.4662941095253 1.0002611875534058
2030.487127771718 1.0002769231796265
2030.5079614342371 1.0003740787506104
2030.5287950970642 1.000217318534851
2030.5496287602277 1.0002720355987549
2030.570462423689 1.000277042388916
2030.5912960874768 1.0002689361572266
2030.6121297515726 1.0002179145812988
2030.6329634159952 1.0002204179763794
2030.6537970807256 1.000258445739746
2030.6746307457927 1.0001870393753052
2030.6954644111577 1.0003626346588135
2030.7162980768499 1.000180959701538
2030.7371317428497 1.0003377199172974
2030.7579654091767 1.0001702308654785
2030.7787990758118 1.0000392198562622
2030.7996327427838 1.000146746635437
2030.820466410054 1.000122308731079
2030.8413000776513 1.0002145767211914
2030.8621337455568 1.00003182888031
2030.8829674137894 1.000012993812561
2030.9038010823303 1.000095248222351
2030.9246347511985 1.0001460313796997
2030.945468420385 0.9999215602874756
2030.9663020898888 1.000149130821228
2030.987135759701 1.000105381011963
2031.0079694298406 1.0001542568206787
2031.0288031002888 1.0001122951507568
2031.0496367710643 1.000072717666626
2031.0704704421585 1.0001784563064575
2031.09130411357 1.0001391172409058
2031.1121377852903 1.0000500679016113
2031.1329714573383 1.0002471208572388
2031.1538051296948 1.000302791595459
2031.1746388023791 1.00014066696167
2031.195472475382 1.000148057937622
2031.216306148703 1.0002169609069824
2031.2371398223327 1.0002131462097168
2031.2579734962903 1.0002870559692383
2031.2788071705568 1.0001987218856812
2031.2996408451513 1.0002199411392212
2031.3204745200649 1.0002952814102173
2031.3413081952965 1.0001481771469116
2031.3621418708371 1.0002450942993164
2031.382975546706 1.0001424551010132
2031.4038092228839 1.0001757144927979
2031.4246428993904 1.00022554397583
2031.445476576206 1.0003348588943481
2031.4663102533498 1.000180959701538
2031.4871439308129 1.0001873970031738
2031.5079776085945 1.0001212358474731
2031.5288112866858 1.0003373622894287
2031.5496449651057 1.0002471208572388
2031.570478643835 0.9999352097511292
2031.5913123229031 1.0002886056900024
2031.612146002271 1.0003033876419067
2031.6329796819675 1.0003070831298828
2031.6538133619738 1.000288963317871
2031.674647042309 1.0001250505447388
2031.6954807229542 1.0002942085266113
2031.7163144039287 1.0002031326293945
2031.737148085223 1.0002238750457764
2031.7579817668366 1.000286340713501
2031.77881544876 1.0001696348190308
2031.7996491310132 1.0001044273376465
2031.8204828135765 1.0002901554107666
2031.8413164964693 1.0002187490463257
2031.8621501796824 1.0002223253250122
2031.8829838632155 1.0002886056900024
2031.903817547059 1.0002566576004028
2031.9246512312322 1.0002870559692383
2031.9454849157162 1.000227451324463
2031.9663186005303 1.0003081560134888
2031.9871522856552 1.0001848936080933
2032.0079859711202 1.000380516052246
2032.0288196568863 1.000234603881836
2032.0496533429828 1.0002105236053467
2032.0704870293905 1.0001626014709473
2032.0913207161288 1.0001788139343262
2032.1121544031787 1.0002650022506714
2032.1329880905691 1.0002446174621582
2032.1538217782613 1.0000964403152466
2032.1746554662843 1.0001890659332275
2032.1954891546193 1.000170111656189
2032.2163228432855 1.0001482963562012
2032.237156532264 1.0001740455627441
2032.2579902215837 1.000137448310852
2032.2788239112058 0.9999924898147583
2032.2996576011597 1.0001558065414429
2032.320491291426 0.9997079968452454
2032.3413249820244 0.99983811378479
2032.3621586729355 1.0002895593643188
2032.382992364179 1.0001364946365356
2032.4038260557456 1.0000323057174683
2032.424659747635 1.0000754594802856
2032.4454934398375 1.000074028968811
2032.466327132373 1.0001929998397827
2032.4871608252222 0.9999826550483704
2032.5079945184148 0.9999734163284302
2032.5288282119113 1.0003114938735962
2032.5496619057417 1.000205636024475
2032.5704955998863 0.9999701380729675
2032.5913292943649 1.000156283378601
2032.6121629891584 1.0002154111862183
2032.6329966842864 1.0002201795578003
2032.6538303797395 1.000123143196106
2032.6746640755175 1.0001897811889648
2032.695497771611 1.0001994371414185
2032.71633146804 1.0001319646835327
2032.737165164785 1.0000369548797607
2032.7579988618659 0.9999504685401917
2032.778832559273 1.0001206398010254
2032.799666257007 1.0000648498535156
2032.8204999550576 1.000038981437683
2032.8413336534454 1.0001039505004883
2032.8621673521507 1.0001740455627441
2032.8830010511936 1.0000056028366089
2032.9038347505546 1.0000680685043335
2032.9246684502639 0.99994957447052
2032.9455021502818 1.000093936920166
2032.9663358506386 0.9998413920402527
2032.9871695513148 0.9999770522117615
2033.0080032523308 0.9999881982803345
2033.0288369536668 1.0001720190048218
2033.049670655353 1.0000208616256714
2033.0705043573503 1.0001192092895508
2033.0913380596887 1.0001338720321655
2033.112171762349 1.0002769231796265
2033.133005465351 0.999933123588562
2033.1538391686759 0.999984085559845
2033.1746728723538 1.0001131296157837
2033.195506576345 0.9998309016227722
2033.2163402806802 1.0002381801605225
2033.23717398534 1.0001400709152222
2033.258007690345 1.0001856088638306
2033.2788413956753 1.0001018047332764
2033.2996751013623 1.0001376867294312
2033.3205088073655 1.0001251697540283
2033.3413425137167 1.0002533197402954
2033.3621762203954 1.0001676082611084
2033.3830099274232 1.0003068447113037
2033.40384363478 1.0000501871109009
2033.4246773424875 1.000410795211792
2033.4455110505355 0.9999280571937561
2033.4663447589255 1.0001463890075684
2033.4871784676473 1.0001674890518188
2033.5080121767232 1.0001734495162964
2033.5288458861323 1.0002708435058594
2033.5496795958975 1.0000967979431152
2033.5705133060078 1.0003010034561157
2033.591347016466 1.000268578529358
2033.6121807272611 1.000195026397705
2033.6330144384162 1.0001204013824463
2033.6538481499106 1.0002065896987915
2033.674681861767 1.0001896619796753
2033.6955155739752 1.0002217292785645
2033.7163492865382 1.0001617670059204
2033.7371829994447 1.0001270771026611
2033.758016712719 1.0000724792480469
2033.7788504263397 1.0000923871994019
2033.799684140331 0.9999892115592957
2033.8205178546716 1.0002433061599731
2033.8413515693962 0.9999866485595703
2033.862185284463 1.0000684261322021
2033.8830189999076 0.999911367893219
2033.9038527157077 1.0001499652862549
2033.9246864318893 1.0000779628753662
2033.9455201484304 1.00015389919281
2033.9663538653672 1.0000282526016235
2033.9871875826575 1.0002708435058594
2034.0080213003384 1.000158429145813
2034.0288550183873 1.0001062154769897
2034.049688736832 1.0000407695770264
2034.0705224556493 1.0001431703567505
2034.0913561748782 0.9998321533203125
2034.1121898944753 1.000231146812439
2034.1330236144802 0.999941349029541
2034.1538573348691 1.0000660419464111
2034.1746910556733 1.000064492225647
2034.1955247768678 0.9999914169311523
2034.2163584984853 1.0003077983856201
2034.2371922205107 1.000058889389038
2034.2580259429574 1.0001622438430786
2034.2788596658102 0.9998878240585327
2034.299693389104 1.000245213508606
2034.3205271128131 1.0001766681671143
2034.341360836974 1.0000290870666504
2034.3621945615705 0.9999642372131348
2034.3830282866206 1.0000101327896118
2034.4038620121075 1.000198483467102
2034.424695738072 1.0001040697097778
2034.445529464486 1.000064730644226
2034.466363191393 1.00006103515625
2034.487196918774 1.0002299547195435
2034.508030646655 1.00019109249115
2034.5288643750168 1.0000540018081665
2034.5496981039084 1.0000706911087036
2034.5705318332991 1.0000282526016235
2034.591365563242 0.9999907612800598
2034.6121992937055 1.0002318620681763
2034.633033024757 1.0000077486038208
2034.653866756343 1.000083327293396
2034.6747004885367 0.9999721050262451
2034.6955342213028 1.0001410245895386
2034.7163679547104 0.9998910427093506
2034.7372016887227 1.0001598596572876
2034.7580354234258 1.0001064538955688
2034.7788691587607 1.0004496574401855
2034.7997028948218 1.000089406967163
2034.8205366315676 1.000240683555603
2034.8413703690933 1.000212550163269
2034.8622041073536 1.000185251235962
2034.8830378464652 1.000291347503662
2034.9038715863599 1.0002881288528442
2034.924705327168 1.0002217292785645
2034.9455390688374 1.000338077545166
2034.9663728115047 1.00047767162323
2034.9872065551122 1.0002285242080688
2035.0080402998153 1.0001870393753052
2035.0288740455512 1.000317931175232
2035.049707792506 1.0002588033676147
2035.07054154059 1.0001106262207031
2035.0913752900121 1.0002152919769287
2035.1122090406946 1.0001124143600464