1955.8199545560426 0.9858516454696655
1955.8407876020387 0.9867469668388367
1955.8616206466882 0.9876611232757568
1955.8824536898385 0.9886825084686279
1955.903286731596 0.990328848361969
1955.9241197718575 0.9921647906303406
1955.94495281072 0.9941151738166809
1955.965785848105 0.9953743815422058
1955.9866188841079 0.9971198439598083
1956.0074519186705 0.9981988072395325
1956.0282849518865 0.9995340704917908
1956.049117983714 1.0004189014434814
1956.0699510142529 1.0013548135757446
1956.0907840434547 1.001477599143982
1956.1116170714147 1.0017949342727661
1956.132450098116 1.0024391412734985
1956.1532831236386 1.002258539199829
1956.1741161479736 1.0028111934661865
1956.1949491711964 1.0027869939804077
1956.215782193304 1.003446102142334
1956.2366152143682 1.0032693147659302
1956.2574482343891 1.0034348964691162
1956.2782812534344 1.003159999847412
1956.299114271518 1.0035061836242676
1956.3199472886824 1.0032716989517212
1956.3407803049447 1.002888560295105
1956.3616133203627 1.0021731853485107
1956.382446334945 1.0024399757385254
1956.4032793487456 1.0018223524093628
1956.4241123617744 1.0017772912979126
1956.4449453740813 1.001480221748352
1956.465778385677 1.0013092756271362
1956.4866113966075 1.0009244680404663
1956.5074444068848 1.0002328157424927
1956.528277416561 1.000014066696167
1956.5491104256284 0.9996654391288757
1956.5699434341354 0.9989637732505798
1956.5907764420951 0.9989737868309021
1956.6116094495428 0.9989522695541382
1956.6324424564918 0.9989632964134216
1956.653275462974 0.9985406994819641
1956.674108469003 0.9981505870819092
1956.694941474608 0.9984219670295715
1956.7157744798128 0.9986968636512756
1956.7366074846236 0.9984842538833618
1956.7574404890647 0.9986175298690796
1956.7782734931593 0.9994205236434937
1956.7991064969224 0.9997376203536987
1956.8199395003746 1.0013784170150757
1956.8407725035308 1.0011963844299316
1956.8616055064094 1.002053141593933
1956.8824385090256 1.0024847984313965
1956.903271511396 1.0030051469802856
1956.9241045135352 1.0036779642105103
1956.9449375154582 1.0035202503204346
1956.9657705171792 1.0037931203842163
1956.9866035187222 1.0029444694519043
1957.0074365200815 1.0029367208480835
1957.0282695212784 1.0017825365066528
1957.0491025223282 1.00068199634552
1957.0699355232402 0.999008297920227
1957.09076852403 0.9984303116798401
1957.1116015247053 0.9971626996994019
1957.132434525282 0.9956154823303223
1957.1532675257656 0.9939168691635132
1957.1741005261727 0.9929596185684204
1957.1949335265078 0.9920139908790588
1957.2157665267973 0.9897744059562683
1957.236599527024 0.9883326292037964
1957.257432527215 0.9874816536903381
1957.2782655273722 0.9857335686683655
1957.2990985275121 0.9838923215866089
1957.3199315276354 0.9830653667449951
1957.340764527759 0.9822803139686584
1957.3615975278829 0.9813652634620667
1957.3824305280236 0.9809136390686035
1957.4032635281806 0.9800617694854736
1957.4240965283705 0.9799155592918396
1957.4449295285908 0.9796767830848694
1957.4657625288596 0.9798435568809509
1957.4865955291832 0.98021000623703
1957.5074285295593 0.9809647798538208
1957.5282615299936 0.980577290058136
1957.549094530504 0.9811169505119324
1957.5699275310856 0.9812453985214233
1957.590760531756 0.9827884435653687
1957.6115935325097 0.9846842288970947
1957.6324265333647 0.9852107167243958
1957.6532595343144 0.9877302646636963
1957.6740925353774 0.9889854192733765
1957.6949255365562 0.9916462898254395
1957.715758537849 0.9947516918182373
1957.7365915392584 0.9962247610092163
1957.7574245408025 0.9996013641357422
1957.778257542473 1.001909852027893
1957.799090544289 1.0038979053497314
1957.8199235462403 1.006218671798706
1957.8407565483467 1.008270025253296
1957.8615895505982 1.0089434385299683
1957.8824225530138 1.0100512504577637
1957.9032555555832 1.0109164714813232
1957.9240885583256 1.0113952159881592
1957.9449215612303 1.0113979578018188
1957.9657545643265 1.0119191408157349
1957.9865875675828 1.0119044780731201
1958.0074205710287 1.012506127357483
1958.0282535746526 1.0114843845367432
1958.049086578474 1.0104639530181885
1958.0699195824807 1.0098991394042969
1958.0907525866921 1.0094077587127686
1958.111585591096 1.0090460777282715
1958.1324185957121 1.0077654123306274
1958.1532516005273 1.0065147876739502
1958.1740846055616 1.005225658416748
1958.1949176108008 1.0035967826843262
1958.2157506162664 1.002907395362854
1958.2365836219535 1.001655101776123
1958.257416627863 1.0009682178497314
1958.2782496339898 1.000078558921814
1958.299082640355 0.998870313167572
1958.3199156469439 0.9985658526420593
1958.340748653777 0.9982141852378845
1958.3615816608387 0.9971346259117126
1958.3824146681507 0.9969860315322876
1958.4032476756968 0.9965255260467529
1958.4240806834985 0.995300829410553
1958.4449136915396 0.994289755821228
1958.4657466998415 0.9941971302032471
1958.4865797083874 0.9941874742507935
1958.5074127171997 0.9942035675048828
1958.5282457262708 0.9942772388458252
1958.549078735603 0.9949020147323608
1958.5699117451884 0.9948872923851013
1958.5907447550499 0.9956856369972229
1958.6115777651694 0.9959462285041809
1958.632410775569 0.9961488842964172
1958.653243786231 0.9965465664863586
1958.6740767971778 0.9976534843444824
1958.694909808391 0.998595118522644
1958.7157428198934 0.9993659257888794
1958.7365758316664 1.0001507997512817
1958.7574088437323 1.000546932220459
1958.7782418560726 1.0008723735809326
1958.7990748687102 1.0007339715957642
1958.819907881636 1.000529170036316
1958.840740894853 0.9994617104530334
1958.8615739083416 0.9993463754653931
1958.882406922155 0.9989136457443237
1958.903239936244 0.9983006715774536
1958.9240729506414 0.9973316788673401
1958.9449059653273 0.9965375065803528
1958.9657389803256 0.9946759343147278
1958.9865719956158 0.9935096502304077
1959.0074050112214 0.9920399785041809
1959.0282380271226 0.9910190105438232
1959.049071043342 0.9896884560585022
1959.0699040598604 0.9883164763450623
1959.0907370767006 0.9872762560844421
1959.1115700938424 0.9857219457626343
1959.1324031113193 0.9850708246231079
1959.1532361290804 0.9845476150512695
1959.1740691471798 0.9841976761817932
1959.1949021655964 0.9844103455543518
1959.2157351843343 0.9849273562431335
1959.2365682033821 0.9848366975784302
1959.2574012227642 0.9850002527236938
1959.278234242459 0.9859443306922913
1959.2990672624906 0.9864632487297058
1959.3199002828374 0.987311601638794
1959.3407333035238 0.9884831309318542
1959.3615663245282 0.9900068044662476
1959.382399345875 0.992233395576477
1959.4032323675422 0.9938468337059021
1959.424065389554 0.9954509139060974
1959.4448984118887 0.9979761242866516
1959.4657314345711 0.9999991059303284
1959.4865644575884 1.0026471614837646
1959.5073974809457 1.0048304796218872
1959.5282305046303 1.0070525407791138
1959.5490635286571 1.0090569257736206
1959.569896553034 1.0109044313430786
1959.5907295777552 1.0127710103988647
1959.6115626028081 1.014211654663086
1959.6323956282183 1.0163278579711914
1959.6532286539623 1.0172861814498901
1959.6740616800655 1.0186594724655151
1959.694894706505 1.0191490650177002
1959.7157277333054 1.0193721055984497
1959.736560760444 1.0186256170272827
1959.7573937879463 1.0180935859680176
1959.7782268157887 1.017037034034729
1959.7990598439967 1.016883373260498
1959.8198928725462 1.0157887935638428
1959.8407259014639 1.015099287033081
1959.8615589307253 1.0129218101501465
1959.8823919603662 1.0115050077438354
1959.903224990343 1.0097135305404663
1959.9240580206913 1.0076419115066528
1959.9448910513872 1.0055841207504272
1959.9657240824565 1.004024863243103
1959.9865571138753 1.0024861097335815
1960.0073901456692 1.0006333589553833
1960.0282231778144 0.9989162683486938
1960.0490562103366 0.9975512027740479
1960.0698892432117 0.9967734813690186
1960.0907222764656 0.9954832792282104
1960.1115553100742 0.9948562383651733
1960.1323883440634 0.9940217733383179
1960.1532213784087 0.9938115477561951
1960.1740544131364 0.9928020238876343
1960.1948874482216 0.9921316504478455
1960.2157204836913 0.992366373538971
1960.2365535195202 0.9921751022338867
1960.2573865557447 0.9922126531600952
1960.2782195923198 0.992046594619751
1960.2990526292726 0.9929062724113464
1960.319885666608 0.9926909804344177
1960.3407187043217 0.9945421814918518
1960.3615517423998 0.9950653910636902
1960.382384780868 0.9961017966270447
1960.403217819702 0.9974164962768555
1960.4240508589278 0.9980533123016357
1960.4448838985204 0.9982213973999023
1960.4657169385061 0.9988097548484802
1960.4865499788607 1.0000193119049072
1960.50738301961 1.0002315044403076
1960.528216060729 1.0008476972579956
1960.5490491022445 1.0016453266143799
1960.5698821441306 1.0019810199737549
1960.5907151864149 1.0024299621582031
1960.6115482290716 1.0024833679199219
1960.6323812721273 1.0026277303695679
1960.653214315567 1.0025033950805664
1960.674047359387 1.002442479133606
1960.6948804035924 1.0016193389892578
1960.7157134482095 1.0001434087753296
1960.7365464931931 0.9995608329772949
1960.75737953858 0.9987568259239197
1960.7782125843444 0.9967506527900696
1960.7990456305135 0.9957860708236694
1960.8198786770615 0.9950577616691589
1960.8407117240156 0.9954178929328918
1960.8615447713494 0.9949546456336975
1960.8823778190906 0.9948521852493286
1960.9032108672131 0.9945953488349915
1960.9240439157443 0.9946109056472778
1960.9448769646576 0.9942274689674377
1960.9657100139812 0.9953012466430664
1960.9865430636883 0.9957508444786072
1961.0073761138065 0.9963315725326538
1961.0282091643094 0.9965476393699646
1961.0490422152243 0.9980125427246094
1961.0698752665255 0.9990258812904358
1961.0907083182403 1.0011284351348877
1961.1115413703521 1.0025333166122437
1961.1323744228587 1.0036380290985107
1961.153207475763 1.0052872896194458
1961.1740405290839 1.0076831579208374
1961.1948735828037 1.0087642669677734
1961.215706636931 1.0109490156173706
1961.2365396914481 1.0121208429336548
1961.257372746384 1.0137579441070557
1961.278205801711 1.0155670642852783
1961.2990388574576 1.0169790983200073
1961.319871913597 1.0181338787078857
1961.3407049701564 1.019647240638733
1961.3615380271099 1.0208324193954468
1961.382371084485 1.0207630395889282
1961.4032041422547 1.0214414596557617
1961.4240372004472 1.0220130681991577
1961.4448702590355 1.0220534801483154
1961.4657033180476 1.0219862461090088
1961.4865363774566 1.0210535526275635
1961.5073694372907 1.0202124118804932
1961.5282024975222 1.0190554857254028
1961.54903555818 1.0175782442092896
1961.569868619237 1.0154222249984741
1961.590701680721 1.0134888887405396
1961.6115347426044 1.0120309591293335
1961.6323678049164 1.0097006559371948
1961.6532008676293 1.007548451423645
1961.6740339307714 1.0056538581848145
1961.6948669943256 1.003906488418579
1961.7157000582897 1.0028297901153564
1961.736533122667 1.0006186962127686
1961.7573661874856 0.9983892440795898
1961.7781992526982 0.9976145029067993
1961.7990323183428 0.9964731335639954
1961.8198653843926 0.9958956837654114
1961.840698450876 0.9945766925811768
1961.8615315177651 0.9939665198326111
1961.8823645850887 0.9935864806175232
1961.9031976528188 0.9934055209159851
1961.9240307209848 0.9932567477226257
1961.9448637895584 0.9937808513641357
1961.965696858569 0.9935457706451416
1961.986529927988 0.9946392178535461
1962.0073629978442 0.9956410527229309
1962.0281960681104 0.9963626265525818
1962.0490291388153 0.9974141120910645
1962.069862209931 0.9980255365371704
1962.0906952814858 0.9986748099327087
1962.1115283534525 0.999268651008606
1962.13236142586 0.9998646974563599
1962.1531944986798 1.0001120567321777
1962.1740275719415 1.0011634826660156
1962.194860645616 1.0018236637115479
1962.2156937197337 1.0033683776855469
1962.236526794266 1.004183053970337
1962.2573598692418 1.004582166671753
1962.2781929446326 1.005725383758545
1962.2990260204683 1.0057469606399536
1962.3198590967204 1.0062377452850342
1962.3406921734183 1.0068762302398682
1962.3615252505333 1.0067870616912842
1962.3823583280948 1.0068880319595337
1962.4031914060847 1.0065752267837524
1962.4240244845123 1.0064948797225952
1962.444857563359 1.0064783096313477
1962.4656906426542 1.0065585374832153
1962.4865237223696 1.0067389011383057
1962.5073568025348 1.0059177875518799
1962.5281898831208 1.0056074857711792
1962.5490229641578 1.0050899982452393
1962.5698560456162 1.0044474601745605
1962.5906891275267 1.004029393196106
1962.6115222098601 1.0044622421264648
1962.6323552926463 1.0042113065719604
1962.6531883758562 1.0046168565750122
1962.6740214595195 1.0052679777145386
1962.694854543608 1.0053032636642456
1962.715687628151 1.0051625967025757
1962.73652071312 1.0062689781188965
1962.7573537985445 1.0070301294326782
1962.7781868843958 1.0083509683609009
1962.799019970704 1.0090103149414062
1962.8198530574396 1.0096458196640015
1962.840686144633 1.0109206438064575
1962.861519232255 1.0121442079544067
1962.882352320336 1.0126738548278809
1962.9031854088464 1.0140315294265747
1962.9240184978169 1.0147969722747803
1962.9448515872175 1.0156058073043823
1962.9656846770793 1.0167648792266846
1962.9865177673726 1.017867088317871
1963.0073508581277 1.0184942483901978
1963.0281839493155 1.019144892692566
1963.0490170409657 1.0194313526153564
1963.0698501330498 1.0187442302703857
1963.090683225598 1.0191731452941895
1963.1115163185807 1.0194244384765625
1963.1323494120284 1.0191689729690552
1963.1531825059112 1.0188499689102173
1963.1740156002604 1.0180891752243042
1963.1948486950462 1.0176466703414917
1963.215681790309 1.0169858932495117
1963.2365148859892 1.0160247087478638
1963.2573479821478 1.014634132385254
1963.278181078755 1.0130455493927002
1963.2990141758216 1.0115258693695068
1963.3198472733277 1.0099834203720093
1963.3406803712942 1.0085781812667847
1963.361513469711 1.0066921710968018
1963.3823465686098 1.0050561428070068
1963.40317966793 1.0032343864440918
1963.4240127677429 1.0021953582763672
1963.4448458679885 1.0014183521270752
1963.465678968708 0.999958336353302
1963.4865120698712 0.9974457025527954
1963.5073451715093 0.9965176582336426
1963.5281782735922 0.9948983788490295
1963.5490113761412 0.9954426884651184
1963.569844479156 0.995177149772644
1963.5906775826384 0.9942814707756042
1963.6115106865673 0.9934118390083313
1963.6323437909748 0.9939028024673462
1963.6531768958305 0.9943216443061829
1963.674010001166 0.9941573739051819
1963.6948431069504 0.9932861328125
1963.7156762132156 0.9938361048698425
1963.7365093199314 0.994796097278595
1963.7573424271293 0.9957336187362671
1963.7781755347785 0.9963157773017883
1963.799008642911 0.9968606233596802
1963.819841751496 0.9976353049278259
1963.8406748605657 0.9993338584899902
1963.8615079700892 1.0003684759140015
1963.8823410800987 1.0004425048828125
1963.9031741905628 1.001802921295166
1963.9240073015142 1.0026370286941528
1963.9448404129218 1.0036426782608032
1963.965673524818 1.0049837827682495
1963.9865066371713 1.0053068399429321
1964.0073397500144 1.0050500631332397
1964.028172863316 1.006521224975586
1964.0490059771091 1.007652759552002
1964.069839091362 1.0071618556976318
1964.090672206107 1.0073086023330688
1964.1115053213134 1.007433533668518
1964.1323384370137 1.0074609518051147
1964.1531715531762 1.0083231925964355
1964.1740046698342 1.007348656654358
1964.1948377869558 1.0074334144592285
1964.215670904574 1.0071450471878052
1964.2365040226575 1.0076993703842163
1964.257337141239 1.0067477226257324
1964.278170260287 1.0064300298690796
1964.2990033798344 1.0058680772781372
1964.31983649985 1.0062460899353027
1964.3406696203665 1.0067768096923828
1964.3615027413523 1.0063071250915527
1964.3823358628404 1.0048922300338745
1964.4031689847995 1.0056957006454468
1964.4240021072626 1.006130576133728
1964.4448352301981 1.0067464113235474
1964.465668353639 1.0051324367523193
1964.4865014775537 1.004953145980835
1964.5073346019758 1.0060242414474487
1964.5281677268729 1.0067780017852783
1964.549000852279 1.0071736574172974
1964.5698339781616 1.0074095726013184
1964.5906671045552 1.0075377225875854
1964.6115002314268 1.0079103708267212
1964.632333358811 1.0090376138687134
1964.6531664866748 1.0090500116348267
1964.6739996150527 1.0087145566940308
1964.6948327439122 1.0090948343276978
1964.7156658732877 1.0100500583648682
1964.736499003146 1.0100250244140625
1964.7573321335221 1.0099481344223022
1964.778165264383 1.0095134973526
1964.7989983957636 1.008613109588623
1964.8198315276309 1.0104243755340576
1964.8406646600195 1.009495496749878
1964.861497792896 1.009385585784912
1964.8823309262964 1.0087840557098389
1964.9031640601868 1.008340835571289
1964.9239971946026 1.0088127851486206
1964.9448303295105 1.0077403783798218
1964.9656634649455 1.0060663223266602
1964.9864966008747 1.0049103498458862
1965.0073297373333 1.0051708221435547
1965.0281628742875 1.0049448013305664
1965.0489960117734 1.0022209882736206
1965.0698291497572 1.0009135007858276
1965.0906622882749 0.9997426271438599
1965.1114954272923 0.9998816251754761
1965.1323285668457 0.9978296756744385
1965.1531617069008 0.9962877035140991
1965.1739948474944 0.9943113327026367
1965.1948279885921 0.9939679503440857
1965.2156611302305 0.9945586323738098
1965.2364942723748 0.9924946427345276
1965.2573274150623 0.9922242164611816
1965.2781605582584 0.9912157654762268
1965.298993702 0.990962028503418
1965.3198268462522 0.9914205074310303
1965.3406599910522 0.9913097023963928
1965.3614931363659 0.9905194640159607
1965.3823262822298 0.9917991161346436
1965.4031594286096 0.9925852417945862
1965.4239925755426 0.9912856817245483
1965.4448257229933 0.9915168285369873
1965.4656588710004 0.9918514490127563
1965.486492019528 0.9934037923812866
1965.5073251686144 0.9942218065261841
1965.528158318224 0.9937595725059509
1965.5489914683956 0.9949955344200134
1965.5698246190932 0.9947243928909302
1965.5906577703554 0.9974151253700256
1965.6114909221465 0.9982739090919495
1965.632324074505 0.9990345239639282
1965.6531572273955 1.000142216682434
1965.6739903808568 1.000809907913208
1965.694823534853 1.0016825199127197
1965.7156566894228 1.0030642747879028
1965.7364898445308 1.0024303197860718
1965.7573230002163 1.0033912658691406
1965.7781561564425 1.0033870935440063
1965.7989893132499 1.004905104637146
1965.819822470601 1.0037020444869995
1965.840655628537 1.003879427909851
1965.8614887870203 1.0046170949935913
1965.882321946092 1.0030357837677002
1965.9031551057146 1.0033732652664185
1965.923988265929 1.0026421546936035
1965.9448214266981 1.0028877258300781
1965.9656545880632 1.0024237632751465
1965.9864877499865 1.0028680562973022
1966.0073209125098 1.0014053583145142
1966.028154075595 1.0006587505340576
1966.0489872392848 1.000842571258545
1966.0698204035405 1.0000193119049072
1966.0906535684046 0.9993088245391846
1966.1114867338388 0.9985904693603516
1966.1323198998862 0.9974929690361023
1966.153153066508 0.9966142177581787
1966.1739862337474 0.9969487190246582
1966.1948194015654 0.9961382746696472
1966.2156525700061 0.995164155960083
1966.2364857390303 0.9954767227172852
1966.257318908682 0.9942677021026611
1966.2781520789217 0.9953506588935852
1966.298985249794 0.9946181178092957
1966.3198184212595 0.9953476786613464
1966.3406515933632 0.9955539107322693
1966.3614847660647 0.9960038065910339
1966.38231793941 0.9960654377937317
1966.4031511133487 0.997119665145874
1966.4239842879474 0.997317373752594
1966.4448174631646 0.9967273473739624
1966.4656506390277 0.9984179735183716
1966.4864838155047 0.9981070160865784
1966.5073169926343 0.9989222884178162
1966.5281501704044 0.9997537136077881
1966.548983348833 0.9997614026069641
1966.5698165278882 1.0002527236938477
1966.590649707609 1.0004541873931885
1966.6114828879727 1.0008692741394043
1966.6323160690192 1.0005422830581665
1966.6531492507054 1.0007727146148682
1966.6739824330818 1.0000393390655518
1966.694815616105 1.0006825923919678
1966.7156487998263 0.9995810389518738
1966.7364819842016 0.999761164188385
1966.7573151692832 0.9989004731178284
1966.7781483550261 0.9968685507774353
1966.798981541484 0.9959580302238464
1966.8198147286114 0.9966300129890442
1966.8406479164628 0.9963356852531433
1966.8614811049918 0.993109941482544
1966.882314294254 0.9936084747314453
1966.903147484203 0.9936209321022034
1966.9239806748947 0.9933971762657166
1966.9448138662822 0.9919799566268921
1966.9656470584227 0.9912338852882385
1966.9864802512689 0.991919755935669
1967.007313444879 0.9915829300880432
1967.0281466392046 0.9912714958190918
1967.0489798343053 0.98909592628479
1967.069813030132 0.9912704825401306
1967.090646226746 0.9916916489601135
1967.111479424097 0.9909459352493286
1967.132312622248 0.9901286363601685
1967.1531458211475 0.9901358485221863
1967.1739790208599 0.9909113049507141
1967.1948122213337 0.990776777267456
1967.215645422634 0.990728497505188
1967.2364786247083 0.9916370511054993
1967.2573118276239 0.992449164390564
1967.2781450313275 0.9932879209518433
1967.2989782358877 0.9942854642868042
1967.31981144125 0.9942533373832703
1967.3406446474755 0.9952427744865417
1967.3614778545284 0.9968422651290894
1967.3823110624814 0.9979097843170166
1967.403144271258 0.9986733794212341
1967.4239774809332 0.9988507032394409
1967.4448106914685 1.000491738319397
1967.4656439029318 1.0024058818817139
1967.4864771152738 1.001862645149231
1967.5073103285438 1.0020835399627686
1967.5281435427116 1.0021750926971436
1967.548976757849 1.0038378238677979
1967.5698099738945 1.0028630495071411
1967.5906431909327 1.0020936727523804
1967.6114764089007 1.0015153884887695
1967.6323096278852 1.0013985633850098
1967.6531428478227 1.0006715059280396
1967.6739760688029 0.9985133409500122
1967.69480929076 0.9979016184806824
1967.715642513788 0.9997475147247314
1967.7364757378182 0.9976140260696411
1967.7573089629486 0.9959547519683838
1967.7781421891093 0.9944124221801758
1967.7989754164012 0.9940170049667358
1967.8198086447526 0.9936877489089966
1967.8406418742688 0.9927244186401367
1967.861475104876 0.9907243251800537
1967.8823083366835 0.9891637563705444
1967.9031415696154 0.9894823431968689
1967.9239748037853 0.9885963797569275
1967.9448080391155 0.9875216484069824
1967.9656412757245 0.9857786297798157
1967.9864745135317 0.9858185648918152
1968.007307752661 0.986338198184967
1968.028140993029 0.9853143095970154
1968.0489742347656 0.9851095080375671
1968.0698074777843 0.9839134216308594
1968.090640722221 0.9855731129646301
1968.1114739679758 0.9858436584472656
1968.1323072152115 0.9851440787315369
1968.1531404638251 0.9869818687438965
1968.1739737139656 0.9872298240661621
1968.1948069655364 0.9875745177268982
1968.2156402186938 0.9876387715339661
1968.2364734733378 0.9877969026565552
1968.257306729632 0.9895215034484863
1968.278139987472 0.9907670617103577
1968.2989732470294 0.9913972020149231
1968.3198065081956 0.9926397800445557
1969.2781387017787 1.0017319917678833
1969.2989720425835 1.0013725757598877
1969.319805382809 1.001847743988037
1969.340638722129 1.0017892122268677
1969.3614720606008 1.0019277334213257
1969.3823053979363 1.0016279220581055
1969.4031387342075 1.001615047454834
1969.4239720691687 1.0010602474212646
1969.4448054029026 1.000565528869629
1969.4656387352068 1.0000064373016357
1969.4864720661717 0.9986792802810669
1969.507305395636 0.9979618191719055
1969.528138723694 0.9967867136001587
1969.5489720502203 0.9956895709037781
1969.5698053753122 0.9945064187049866
1969.590638698865 0.9927732348442078
1969.6114720209953 0.9915709495544434
1969.6323053416243 0.9905314445495605
1969.653138660847 0.9886907339096069
1969.6739719786156 0.9879114627838135
1969.6948052950218 0.9862174391746521
1969.7156386100337 0.9855067133903503
1969.7364719237396 0.9844736456871033
1969.75730523612 0.9835504293441772
1969.778138547259 0.9831512570381165
1969.7989718571469 0.9826098680496216
1969.8198051658626 0.9824776649475098
1969.8406384734037 0.9818192720413208
1969.8614717798444 0.9819026589393616
1969.8823050851877 0.9819278717041016
1969.9031383895028 0.9820897579193115
1969.9239716927966 0.9825380444526672
1969.9448049951231 0.9832224249839783
1969.9656382965225 0.9839451909065247
1969.9864715970243 0.984665036201477
1970.00730489664 0.9859697222709656
1970.028138195445 0.986778736114502
1970.0489714934424 0.9880602359771729
1970.0698047906833 0.9895094037055969
1970.0906380871809 0.991129457950592
1970.1114713829827 0.9931809306144714
1970.132304678103 0.9949905276298523
1970.153137972585 0.9962305426597595
1970.1739712664437 0.9984047412872314
1970.1948045597182 0.9996994733810425
1970.2156378524242 1.0005706548690796
1970.2364711445969 1.0014036893844604
1970.2573044362523 1.0028542280197144
1970.2781377274232 1.0040802955627441
1970.2989710181246 1.0049965381622314
1970.3198043083762 1.0051552057266235
1970.3406375982142 1.0064938068389893
1970.361470887655 1.00627601146698
1970.3823041767143 1.0068047046661377
1970.403137465416 1.0068846940994263
1970.4239707537758 1.0070414543151855
1970.4448040418158 1.0062450170516968
1970.4656373295516 1.0059818029403687
1970.486470617002 1.005333423614502
1970.5073039041827 1.004260540008545
1970.5281371911115 1.0037914514541626
1970.5489704778038 1.0031843185424805
1970.5698037642746 1.0029994249343872
1970.59063705054 1.0023033618927002
1970.6114703366122 1.0015772581100464
1970.6323036225085 1.0007339715957642
1970.6531369082393 1.000388264656067
1970.6739701938207 0.9997838735580444
1970.6948034792622 0.9993501901626587
1970.71563676457 0.9992320537567139
1970.7364700497724 0.9981889724731445
1970.7573033348754 0.9976235628128052
1970.7781366198851 0.9972603917121887
1970.798969904818 0.9971100687980652
1970.8198031896793 0.9968134164810181
1970.8406364744856 0.9963773488998413
1970.8614697592402 0.9966744184494019
1970.88230304396 0.9965270161628723
1970.9031363286467 0.9965668320655823
1970.9239696133181 0.996482789516449
1970.9448028979748 0.997190535068512
1970.965636182634 0.9971113204956055
1970.9864694672951 0.9978220462799072
1971.007302751976 0.9986032843589783
1971.0281360366753 0.9990478754043579
1971.0489693214001 0.9999057650566101
1971.0698026061687 0.9998428225517273
1971.090635890988 1.0000393390655518
1971.1114691758557 1.0007476806640625
1971.132302460789 1.00078284740448
1971.153135745784 1.000978946685791
1971.1739690308584 1.0008469820022583
1971.1948023160073 0.999807596206665
1971.215635601249 0.9996537566184998
1971.2364688865778 0.9987876415252686
1971.2573021720116 0.9975932836532593
1971.2781354575438 0.9953504204750061
1971.2989687431934 0.9953650832176208
1971.3198020289526 0.993748664855957
1971.3406353148403 0.9925956726074219
1971.3614686008384 0.991234540939331
1971.3823018869855 0.9900918006896973
1971.4031351732633 0.9889448881149292
1971.4239684596905 0.987134575843811
1971.444801746258 0.9863450527191162
1971.4656350329847 0.9850170612335205
1971.4864683198605 0.9844099879264832
1971.5073016069052 0.9830831289291382
1971.528134894108 0.9821723103523254
1971.5489681814886 0.9817507266998291
1971.5698014690352 0.981775164604187
1971.5906347567684 0.9818559885025024
1971.611468044676 0.9816843271255493
1971.632301332778 0.9815276861190796
1971.6531346210622 0.9819686412811279
1971.6739679095385 0.98268061876297
1971.6948011982145 0.9834517240524292
1971.7156344871003 0.9840331077575684
1971.7364677761827 0.9857951402664185
1971.7573010654817 0.9862101078033447
1971.7781343549843 0.9882116913795471
1971.798967644711 0.9906455278396606
1971.8198009346472 0.9919595122337341
1971.840634224814 0.9933909177780151
1971.8614675151966 0.9951799511909485
1971.8823008058164 0.9979333281517029
1971.903134096658 0.9995688796043396
1971.9239673877426 1.0017282962799072
1971.9448006790549 1.0044540166854858
1971.965633970606 1.0064918994903564
1971.9864672624003 1.007749080657959
1972.0073005544493 1.0093199014663696
1972.0281338467369 1.0114248991012573
1972.048967139284 1.011333703994751
1972.0698004320752 1.0128896236419678
1972.0906337251315 1.0141247510910034
1972.1114670184363 1.015036940574646
1972.1323003120115 1.0152933597564697
1972.1531336058397 1.0150868892669678
1972.1739668999433 1.0149914026260376
1972.1948001943047 1.013428807258606
1972.215633488936 1.0126019716262817
1972.2364667838392 1.011252522468567
1972.257300079027 1.009751319885254
1972.278133374481 1.0079798698425293
1972.2989666702242 1.0071057081222534
1972.3197999662377 1.006051778793335
1972.340633262544 1.0036224126815796
1972.3614665591253 1.0024988651275635
1972.3822998560036 1.0024900436401367
1972.40313315316 1.000458836555481
1972.4239664506176 0.9992589354515076
1972.444799748357 0.9989195466041565
1972.4656330464013 0.9982331991195679
1972.4864663447315 0.9974207282066345
1972.50729964336 0.9966751337051392
1972.5281329422876 0.9953904747962952
1972.5489662415273 0.9952794313430786
1972.5697995410594 0.9951373338699341
1972.5906328409073 0.9939452409744263
1972.6114661410509 0.993922233581543
1972.632299441513 0.9934244155883789
1972.6531327422742 0.9930211901664734
1972.6739660433575 0.9933709502220154
1972.6947993447427 0.993931233882904
1972.7156326464533 0.9938951134681702
1972.7364659484585 0.9943262338638306
1972.7572992508024 0.9955973029136658
1972.7781325534538 0.9959778785705566
1972.7989658564368 0.9962968826293945
1972.8197991597299 0.9963514804840088
1972.8406324633575 0.9974887371063232
1972.8614657672981 0.9978527426719666
1972.882299071576 0.9986009001731873
1972.9031323761694 0.9991976022720337
1972.9239656811026 1.0002431869506836
1972.9447989863443 0.9994844794273376
1972.9656322919484 0.9994795322418213
1972.9864655978633 0.9991803169250488
1973.0072989041132 0.9992122054100037
1973.0281322106962 0.9985201358795166
1973.0489655176266 0.9982684254646301
1973.0697988248828 0.9969548583030701
1973.090632132489 0.9961684346199036
1973.1114654404225 0.9955767393112183
1973.1322987487088 0.9940540194511414
1973.1531320573251 0.9932458996772766
1973.173965366296 0.9926576018333435
1973.194798675599 0.9920232892036438
1973.2156319852586 0.9906481504440308
1973.2364652952429 0.9899495244026184
1973.2572986055961 0.9890279173851013
1973.2781319162857 0.9880860447883606
1973.2989652273363 0.9877055883407593
1973.3197985387255 0.9873102307319641
1973.3406318504778 0.9878745675086975
1973.3614651625708 0.987402081489563
1973.3822984750286 0.9882583618164062
1973.4031317878287 0.9889635443687439
1973.4239651009962 0.9897211194038391
1973.4447984145079 0.9903954267501831
1973.4656317283886 0.9920262098312378
1973.4864650426052 0.9931867122650146
1973.5072983572027 0.9944132566452026
1973.5281316721482 0.9958987832069397
1973.5489649874664 0.9979227185249329
1973.5697983031343 1.0003931522369385
1973.5906316191765 1.0021014213562012
1973.61146493557 1.0048846006393433
1973.63229825234 1.0069339275360107
1973.6531315694629 1.0094293355941772
1973.6739648869636 1.011163353919983
1973.6947982048086 1.0129835605621338
1973.7156315230438 1.0143473148345947
1973.736464841635 1.0164268016815186
1973.7572981606077 1.0169602632522583
1973.7781314799377 1.0187397003173828
1973.7989647996508 1.0193233489990234
1973.8197981197231 1.019489049911499
1973.8406314401802 1.0192949771881104
1973.8614647609977 1.019460916519165
1973.882298082201 1.0190011262893677
1973.9031314037568 1.0180312395095825
1973.9239647257202 1.0170178413391113
1973.944798048027 1.0159133672714233
1973.965631370733 1.0151679515838623
1973.9864646938038 1.0137611627578735
1974.0072980172652 1.0122325420379639
1974.0281313410928 1.0104436874389648
1974.0489646653127 1.008672833442688
1974.0697979898998 1.005894660949707
1974.0906313148805 1.0042999982833862
1974.11146464023 1.0018820762634277
1974.1322979659747 1.0002747774124146
1974.1531312920793 0.9991320967674255
1974.1739646185897 0.996938943862915
1974.194797945472 0.9962683320045471
1974.2156312727516 0.9948104023933411
1974.236464600404 0.9935635924339294
1974.2572979284553 0.9931157827377319
1974.27813125688 0.9924489259719849
1974.2989645857053 0.9918254613876343
1974.3197979149054 0.9924077987670898
1974.340631244507 0.9921916723251343
1974.3614645744747 0.9921770691871643
1974.382297904855 0.9930034279823303
1974.403131235613 0.9930039048194885
1974.4239645667747 0.9943205714225769
1974.4447978983148 0.9944504499435425
1974.4656312302598 0.9950281977653503
1974.4864645625848 0.9957355856895447
1974.5072978953158 0.9957584738731384
1974.5281312284278 0.997648298740387
1974.5489645619468 0.9983454346656799
1974.5697978958378 0.9993657469749451
1974.5906312301474 0.9997228980064392
1974.61146456484 1.0015133619308472
1974.6322978999422 1.0019639730453491
1974.653131235428 1.0019776821136475
1974.6739645713249 1.0020952224731445
1974.6947979076067 1.003171682357788
1974.7156312443005 1.0039846897125244
1974.7364645813802 1.0040016174316406
1974.7572979188728 1.0042295455932617
1974.7781312567427 1.00403892993927
1974.7989645950363 1.0033236742019653
1974.8197979337183 1.0032912492752075
1974.8406312728148 1.002008080482483
1974.8614646123008 1.0015583038330078
1974.8822979522026 1.001452922821045
1974.9031312924947 1.000579595565796
1974.9239646332037 1.0001647472381592
1974.9447979743036 0.9991177320480347
1974.9656313158118 0.9998703002929688
1974.9864646577319 0.9994360208511353
1975.0072980000512 0.9991651773452759
1975.0281313427733 0.9988706707954407
1975.0489646859153 0.9985949993133545
1975.0697980294512 0.9988186359405518
1975.0906313734083 0.9989188313484192
1975.11146471776 0.9984772205352783
1975.1322980625337 0.9994199872016907
1975.153131407693 1.0012195110321045
1975.1739647532856 1.0018383264541626
1975.1947980992745 1.0030449628829956
1975.2156314456877 1.0042575597763062
1975.2364647924978 1.0053848028182983
1975.257298139733 1.007452368736267
1975.2781314873666 1.008632779121399
1975.298964835426 1.010590672492981
1975.3197981838846 1.011860728263855
1975.3406315327695 1.0140681266784668
1975.3614648820449 1.0155138969421387
1975.3822982317579 1.0163846015930176
1975.4031315818718 1.0180424451828003
1975.4239649324143 1.0189590454101562
1975.4447982833583 1.0199000835418701
1975.465631634732 1.0202594995498657
1975.4864649865083 1.0212371349334717
1975.5072983387151 1.0212047100067139
1975.528131691325 1.020920991897583
1975.5489650443562 1.0207819938659668
1975.569798397802 1.0204228162765503
1975.5906317516797 1.0199562311172485
1975.6114651059625 1.0191679000854492
1975.6322984606784 1.018051266670227
1975.6531318158002 1.016817569732666
1975.6739651713558 1.0157225131988525
1975.6947985273182 1.0141249895095825
1975.7156318837153 1.012773871421814
1975.73646524051 1.0107269287109375
1975.7572985977504 1.0086010694503784
1975.778131955399 1.007786750793457
1975.7989653134844 1.0062612295150757
1975.8197986719786 1.004207730293274
1975.8406320309102 1.002508282661438
1975.8614653902519 1.001031517982483
1975.8822987500319 0.9997580647468567
1975.9031321102123 0.9981798529624939
1975.923965470842 0.9965804815292358
1975.9447988318832 0.9956989884376526
1975.9656321933644 0.995336651802063
1975.9864655552578 0.9945093989372253
1976.007298917592 0.9941704273223877
1976.0281322803394 0.9939318299293518
1976.0489656435284 0.9942538142204285
1976.0697990071312 0.9938954710960388
1976.0906323711768 0.994236946105957
1976.1114657356266 0.9939481616020203
1976.13229910053 0.9946750998497009
1976.1531324658488 0.9950158596038818
1976.1739658316117 0.9960985779762268
1976.1947991977909 0.9961888790130615
1976.215632564415 0.9965052008628845
1976.2364659314562 0.9978508353233337
1976.2572992989435 0.9984315037727356
1976.2781326668485 0.9993666410446167
1976.2989660351898 1.0007742643356323
1976.3197994039601 1.0019619464874268
1976.340632773178 1.002553105354309
1976.361466142815 1.0033109188079834
1976.3822995129005 1.004860520362854
1976.4031328834062 1.0054943561553955
1976.423966254361 1.0064423084259033
1976.444799625737 1.0066900253295898
1976.4656329975628 1.0070774555206299
1976.4864663698004 1.0079048871994019
1976.507299742499 1.0077229738235474
1976.5281331156202 1.0074043273925781
1976.5489664891932 1.0068516731262207
1976.5697998631895 1.007321834564209
1976.590633237638 1.0069798231124878
1976.611466612511 1.0064198970794678
1976.6322999878375 1.0060231685638428
1976.6531333635892 1.005645751953125
1976.6739667397846 1.0061523914337158
1976.6948001164162 1.0063657760620117
1976.7156334935028 1.0059199333190918
1976.736466871016 1.0063303709030151
1976.7573002489853 1.00709068775177
1976.7781336273817 1.0072232484817505
1976.7989670062354 1.0073599815368652
1976.8198003855073 1.007369875907898
1976.8406337652468 1.0077507495880127
1976.8614671454154 1.008310317993164
1976.8823005260424 1.007875680923462
1976.9031339070993 1.0087729692459106
1976.923967288616 1.0092041492462158
1976.9448006705634 1.0097908973693848
1976.965634052961 1.0110834836959839
1976.9864674358 1.011418342590332
1977.0073008191007 1.0119950771331787
1977.0281342028336 1.0133684873580933
1977.0489675870288 1.0142110586166382
1977.0906343567485 1.0165303945541382
1977.1114677422743 1.0166761875152588
1977.1323011282639 1.0176671743392944
1977.1531345146886 1.0181792974472046
1977.173967901568 1.0182257890701294
1977.1948012888934 1.0187650918960571
1977.2156346766847 1.0188982486724854
1977.2364680649127 1.0187960863113403
1977.2573014536076 1.018796443939209
1977.2781348427402 1.0184506177902222
1977.2989682323405 1.0183992385864258
1977.3198016223794 1.0173003673553467
1977.340635012877 1.0162851810455322
1977.361468403824 1.0154844522476196
1977.3823017952407 1.0137197971343994
1977.4031351870979 1.0126664638519287
1977.4239685794257 1.0109302997589111
1977.444801972195 1.0095982551574707
1977.4656353654357 1.0083004236221313
1977.486468759109 1.0065767765045166
1977.5073021532646 1.0046617984771729
1977.5281355478637 1.0032942295074463
1977.5489689429364 1.0013571977615356
1977.5698023384534 1.0002589225769043
1977.5906357344452 0.9995397329330444
1977.6114691308821 0.9983692169189453
1977.632302527795 0.9978232979774475
1977.6531359251437 0.9966737627983093
1977.6739693229795 0.9959100484848022
1977.6948027212625 0.9950081706047058
1977.7156361200234 0.9944287538528442
1977.7364695192325 0.9946224093437195
1977.7573029189207 0.9940301179885864
1977.7781363190581 0.9938420057296753
1977.7989697196758 0.9939628839492798
1977.8198031207337 0.9943831562995911
1977.8406365222827 0.9944844245910645
1977.8614699242833 0.995111882686615
1977.8823033267665 0.995594322681427
1977.903136729702 0.996780276298523
1977.9239701331212 0.9976452589035034
1977.9448035369835 0.9987737536430359
1977.9656369413412 0.9995165467262268
1977.9864703461533 1.000765085220337
1978.0073037514517 1.0020699501037598
1978.0281371572055 1.0029884576797485
1978.0489705634468 1.0037612915039062
1978.0698039701451 1.004766583442688
1978.090637377332 1.0056296586990356
1978.111470784967 1.0063437223434448
1978.1323041931016 1.006604790687561
1978.1531376016958 1.0075147151947021
1978.173971010781 1.0075873136520386
1978.194804420327 1.0082961320877075
1978.2156378303655 1.0083153247833252
1978.2364712408655 1.009165644645691
1978.2573046518494 1.0091570615768433
1978.2781380633066 1.0091490745544434
1978.298971475259 1.0090136528015137
1978.3198048876754 1.0096070766448975
1978.3406383005888 1.009395956993103
1978.3614717139678 1.0088719129562378
1978.382305127845 1.008209466934204
1978.4031385421893 1.0076600313186646
1978.423971957023 1.0072156190872192
1978.4448053723352 1.006450891494751
1978.4656387881487 1.0065484046936035
1978.4864722044317 1.0057233572006226
1978.5073056212177 1.005635380744934
1978.5281390384746 1.0052236318588257
1978.548972456226 1.00482177734375
1978.5698058744601 1.0045855045318604
1978.5906392932 1.0047123432159424
1978.611472712414 1.0043752193450928
1978.6323061321357 1.0048916339874268
1978.6531395523332 1.0051064491271973
1978.67397297304 1.0052788257598877
1978.694806394224 1.0059123039245605
1978.7156398159088 1.0052465200424194
1978.736473238083 1.00612473487854
1978.7573066607697 1.0069681406021118
1978.7781400839372 1.0067672729492188
1978.7989735076192 1.006697654724121
1978.8198069317834 1.0071312189102173
1978.840640356464 1.0072494745254517
1978.861473781629 1.007964849472046
1978.8823072073021 1.0079841613769531
1978.9031406334711 1.0083138942718506
1978.9239740601606 1.008580207824707
1978.9448074873378 1.0084861516952515
1978.9656409150373 1.0091383457183838
1978.9864743432263 1.008683204650879
1979.0073077719296 1.008683204650879
1979.0281412011348 1.008023738861084
1979.0489746308663 1.0077316761016846
1979.0698080610916 1.007824182510376
1979.0906414918454 1.0070077180862427
1979.1114749230949 1.0065537691116333
1979.1323083548755 1.0056763887405396
1979.1531417871538 1.004515528678894
1979.1739752199553 1.003749132156372
1979.1948086532666 1.0022757053375244
1979.2156420871138 1.001345157623291
1979.236475521463 1.0002120733261108
1979.2573089563505 0.9987479448318481
1979.2781423917424 0.9972509145736694
1979.298975827675 0.9962084889411926
1979.3198092641044 0.9958722591400146
1979.3406427010873 0.9952970743179321
1979.3614761385793 0.9941661357879639
1979.3823095766172 0.9939888119697571
1979.4031430151672 0.9930639266967773
1979.4239764542658 0.9929375052452087
1979.4448098938788 0.9924836754798889
1979.4656433340335 0.9921204447746277
1979.4864767747151 0.991820216178894
1979.5073102159517 0.9917982816696167
1979.5281436577081 0.9921808838844299
1979.548977100022 0.9925246834754944
1979.569810542859 0.9929363131523132
1979.5906439862465 0.993988037109375
1979.6114774301698 0.9947403073310852
1979.6323108746574 0.9955006837844849
1979.6531443196739 0.9969474077224731
1979.6739777652574 0.9977511167526245
1979.6948112113732 0.9993303418159485
1979.7156446580502 1.0000178813934326
1979.7364781052725 1.0006645917892456
1979.7573115530693 1.0014060735702515
1979.7781450014047 1.0026434659957886
1979.7989784503186 1.0033636093139648
1979.819811899775 1.0042380094528198
1979.8406453498135 1.0044426918029785
1979.8614788003981 1.0050675868988037
1979.882312251559 1.0055441856384277
1979.9031457032795 1.00612473487854
1979.9239791555908 1.0066379308700562
1979.9448126084558 1.0063899755477905
1979.9656460619153 1.0066684484481812
1979.986479515933 1.0065033435821533
1980.0073129705402 1.0060067176818848
1980.0281464257196 1.0062862634658813
1980.048979881503 1.0051132440567017
1980.0698133378528 1.004988193511963
1980.090646794812 1.0040528774261475
1980.1114802523423 1.0029406547546387
1980.1323137104869 1.001874327659607
1980.1531471691974 1.0006468296051025
1980.1739806285375 1.000118374824524
1980.1948140884585 0.9992605447769165
1980.2156475490046 0.9990073442459106
1980.2364810101371 0.9977871179580688
1980.2573144718904 0.9973347187042236
1980.2781479342455 0.996384859085083
1980.2989813972374 0.9959231615066528
1980.319814860827 0.9952078461647034
1980.3406483250596 0.9944590926170349
1980.3614817898954 0.9938704967498779
1980.3823152553814 0.9936214685440063
1980.4031487214768 0.9933048486709595
1980.423982188219 0.9934725165367126
1980.4448156555873 0.9931837320327759
1980.4656491236196 0.9933869242668152
1980.4864825922748 0.9938445091247559
1980.5073160616016 0.9937129616737366
1980.5281495315585 0.9948601126670837
1980.5489830021847 0.9954178333282471
1980.5698164734588 0.9959918856620789
1980.5906499454206 0.9961435794830322
1980.6114834180278 0.9978612065315247
1980.6323168913316 0.9986271858215332
1980.6531503652886 0.9995623230934143
1980.6739838399421 0.9996694922447205
1980.6948173152675 1.0002813339233398
1980.7156507913087 1.0008169412612915
1980.736484268021 1.0016329288482666
1980.757317745459 1.0020524263381958
1980.7781512235779 1.0018367767333984
1980.7989847024337 1.002118706703186
1980.81981818197 1.0019607543945312
1980.8406516622642 1.0014612674713135
1980.8614851432603 1.000974178314209
1980.882318625016 1.000458002090454
1980.9031521074846 1.000411868095398
1980.923985590726 1.0000008344650269
1980.9448190746814 0.998908519744873
1980.9656525594332 0.9979426264762878
1980.9864860449222 0.9982603788375854
1981.0073195312111 0.9965983629226685
1981.0281530182506 0.9967795610427856
1981.048986506095 0.9963433742523193
1981.069819994714 0.9962356090545654
1981.090653484164 0.9959027767181396
1981.1114869743935 0.9952825307846069
1981.1323204654707 0.9946907162666321
1981.1531539573434 0.9946236610412598
1981.1739874500822 0.994372546672821
1981.194820943633 0.9943296313285828
1981.215654438059 0.9947343468666077
1981.2364879333245 0.9948024749755859
1981.257321429496 0.9949572682380676
1981.2781549265167 0.9951606392860413
1981.2989884244644 0.9950519800186157
1981.3198219232718 0.9950330257415771
1981.3406554230394 0.9957115054130554
1981.3614889236987 0.9958773255348206
1981.3823224253333 0.9962102174758911
1981.4031559278824 0.9965893030166626
1981.4239894314335 0.9974521398544312
1981.444822935914 0.997759997844696
1981.4656564414354 0.9982048273086548
1981.486489947923 0.9990507960319519
1981.5073234554718 1.0000609159469604
1981.5281569640154 1.0008130073547363
1981.548990473653 1.001761555671692
1981.5698239843166 1.0018868446350098
1981.5906574960998 1.0026005506515503
1981.6114910089518 1.0029323101043701
1981.6323245229717 1.0041475296020508
1981.6531580380863 1.0043015480041504
1981.67399155441 1.004761815071106
1981.6948250718667 1.0044713020324707
1981.7156585905666 1.0052052736282349
1981.736492110452 1.0047296285629272
1981.7573256316384 1.004226565361023
1981.7781591540452 1.0037517547607422
1981.7989926778052 1.0030626058578491
1981.8198262028238 1.0024027824401855
1981.8406597292624 1.0016138553619385
1981.8614932570224 1.0010457038879395
1981.8823267862529 0.9996585845947266
1981.903160316862 0.9984935522079468
1981.9239938490082 0.9975183606147766
1981.944827382585 0.9962983727455139
1981.9656609177798 0.9954268336296082
1981.9864944544827 0.9939484596252441
1982.0073279928708 0.9927901029586792
1982.0281615328402 0.9919416904449463
1982.0489950745784 0.9904886484146118
1982.0698286179663 0.9896597862243652
1982.090662163224 0.9890326857566833
1982.1114957102252 0.9884010553359985
1982.132329259184 0.9872319102287292
1982.153162809978 0.9868775010108948
1982.1739963628333 0.986147940158844
1982.1948299176113 0.98585045337677
1982.2156634745716 0.9858837723731995
1982.2364970335684 0.9860620498657227
1982.2573305948536 0.9858523011207581