1983.6533403229178 1.0187749862670898
1983.6741738478293 1.0171737670898438
1983.6950073719438 1.0179015398025513
1983.7158408952885 1.017253041267395
1983.7366744179108 1.0164202451705933
1983.7575079398368 1.014599323272705
1983.7783414611101 1.0129704475402832
1983.799174981755 1.011215329170227
1983.820008501811 1.0086911916732788
1983.8408420213018 1.0077444314956665
1983.861675540253 1.0048654079437256
1983.882509058717 1.0034235715866089
1983.9033425766959 1.0016876459121704
1983.9241760942211 1.0002983808517456
1983.9450096113217 0.9983001947402954
1983.9658431280186 0.9970118999481201
1983.9866766443272 0.9945550560951233
1984.007510160288 0.993197500705719
1984.0283436759132 0.9925820827484131
1984.0491771912232 0.9914795756340027
1984.0700107062376 0.9909842610359192
1984.0908442209761 0.9900960326194763
1984.111677735456 0.990368664264679
1984.1325112496963 0.9899270534515381
1984.1533447637119 0.9899742603302002
1984.1741782775218 0.9913724064826965
1984.195011791139 0.9912401437759399
1984.2158453045822 0.9929596781730652
1984.2366788178617 0.9933524131774902
1984.2575123309964 0.9942598342895508
1984.278345843995 0.9961201548576355
1984.299179356876 0.9969950914382935
1984.320012869647 0.998636782169342
1984.3408463823253 1.0001685619354248
1984.361679894917 1.0019453763961792
1984.3825134074402 1.0036982297897339
1984.4033469198994 1.0056062936782837
1984.4241804323121 1.0072568655014038
1984.4450139446812 1.0091211795806885
1984.465847457025 1.0106502771377563
1984.4866809693444 1.012021780014038
1984.5075144816578 1.0133906602859497
1984.528347993966 1.013527274131775
1984.549181506286 1.0139468908309937
1984.5700150186174 1.0146708488464355
1984.590848530978 1.0145015716552734
1984.6116820433663 1.013989806175232
1984.6325155558 1.013331413269043
1984.6533490682766 1.0131115913391113
1984.6741825808137 1.0119258165359497
1984.695016093408 1.0100563764572144
1984.715849606077 1.008450984954834
1984.7366831188165 1.0061322450637817
1984.7575166316446 1.0045958757400513
1984.7783501445556 1.002056360244751
1984.799183657558 1.000063180923462
1984.8200171706653 0.9975449442863464
1984.8408506838862 0.9957518577575684
1984.8616841972134 0.9928398132324219
1984.8825177106755 0.9908831119537354
1984.9033512242345 0.9886958003044128
1984.9241847379392 0.9867772459983826
1984.945018251771 0.9848387241363525
1984.965851765749 0.9830549955368042
1984.9866852798637 0.9820050597190857
1985.007518794134 0.9803378582000732
1985.0283523085504 0.9797071218490601
1985.0491858231317 0.9790008664131165
1985.0700193378677 0.9791499376296997
1985.0908528527773 0.9784464240074158
1985.1116863678499 0.9792811870574951
1985.1325198831044 0.9800136089324951
1985.1533533985298 0.9805862307548523
1985.1741869141451 0.981531023979187
1985.1950204299392 0.9830645322799683
1985.2158539459303 0.9840067625045776
1985.236687462107 0.9856793880462646
1985.2575209784886 0.986851155757904
1985.2783544950623 0.9890584945678711
1985.2991880118482 0.9909582138061523
1985.3200215288325 0.9932475686073303
1985.3408550460351 0.9959227442741394
1985.3616885634426 0.9973955750465393
1985.3825220810747 0.9999955296516418
1985.403355598918 1.0022717714309692
1985.4241891169918 1.0048092603683472
1985.4450226352722 1.007144570350647
1985.4658561537988 1.0090163946151733
1985.4866896725475 1.011139988899231
1985.5075231915384 1.013106107711792
1985.5283567107563 1.0144953727722168
1985.5491902302215 1.01563560962677
1985.5700237499186 1.0163260698318481
1985.5908572698684 1.0177204608917236
1985.6116907900553 1.017690658569336
1985.632524310499 1.0172942876815796
1985.6533578311844 1.0175843238830566
1985.6741913521319 1.0157192945480347
1985.6950248733249 1.0157965421676636
1985.7158583947848 1.0128238201141357
1985.7366919164947 1.0115675926208496
1985.7575254384753 1.010306715965271
1985.7783589607102 1.0080692768096924
1985.7991924832202 1.00662100315094
1985.820026005988 1.004764437675476
1985.8408595290352 1.0026077032089233
1985.861693052344 1.0005428791046143
1985.8825265759356 0.9988304376602173
1985.9033600997927 0.9969025254249573
1985.9241936239364 0.9957748651504517
1985.9450271483493 0.9938503503799438
1985.9658606730522 0.9928854703903198
1985.9866941980174 0.9914293885231018
1986.0075277232863 0.9902868866920471
1986.0283612488306 0.9899911284446716
1986.0491947746723 0.9894652366638184
1986.0700283007925 0.9895337820053101
1986.0908618272128 0.9893322587013245
1986.111695353915 0.9901571273803711
1986.1325288809203 0.9903485774993896
1986.1533624082106 0.9908015727996826
1986.1741959358071 0.9922059774398804
1986.1950294636908 0.9931740760803223
1986.215862991884 0.9938730001449585
1986.2366965203676 0.9954844117164612
1986.2575300491633 0.9968032240867615
1986.2783635782514 0.998216450214386
1986.2991971076547 0.9997113943099976
1986.320030637353 1.0018460750579834
1986.340864167369 1.0033478736877441
1986.361697697683 1.0056430101394653
1986.3825312283172 1.006772756576538
1986.4033647592512 1.0090004205703735
1986.424198290508 1.0100880861282349
1986.4450318220572 1.0110836029052734
1986.4658653539514 1.0120724439620972
1986.4866988861406 1.0134493112564087
1986.5075324186569 1.0139917135238647
1986.52836595147 1.0140933990478516
1986.549199484623 1.014083981513977
1986.5700330180848 1.0139065980911255
1986.5908665518787 1.0134589672088623
1986.6117000859833 1.0130293369293213
1986.632533620422 1.010934591293335
1986.6533671551738 1.009845495223999
1986.6742006902616 1.008190631866455
1986.6950342256646 1.0060853958129883
1986.7158677614054 1.0037133693695068
1986.7367012974632 1.0013267993927002
1986.757534833861 0.9991880059242249
1986.7783683705775 0.9969719052314758
1986.7992019076362 0.994422435760498
1986.820035445015 0.992842435836792
1986.8408689827377 0.9910013675689697
1986.8617025207827 0.9891484379768372
1986.8825360591732 0.9861879944801331
1986.903369597888 0.9851725697517395
1986.9242031369497 0.9835388660430908
1986.9450366763372 0.9818582534790039
1986.9658702160737 0.9809440970420837
1986.9867037561273 0.9801675081253052
1987.0075372965416 0.9785447716712952
1987.028370837285 0.9789395928382874
1987.0492043783804 0.9797041416168213
1987.0700379198063 0.9794659614562988
1987.0908714615857 0.9794038534164429
1987.1117050036974 0.9805504083633423
1987.1325385461644 0.9817110896110535
1987.1533720889645 0.982912003993988
1987.1742056321216 0.9844996929168701
1987.1950391756134 0.985732913017273
1987.2158727194635 0.9873344898223877
1987.2367062636501 0.9894717931747437
1987.2575398081963 0.9912045001983643
1987.2783733530798 0.9931773543357849
1987.2992068983247 0.9952688217163086
1987.320040443908 0.9979292750358582
1987.3408739898546 1.0002491474151611
1987.3617075361408 1.002356767654419
1987.382541082791 1.004758358001709
1987.4033746297725 1.0066229104995728
1987.4242081771292 1.0086849927902222
1987.4450417248288 1.011092185974121
1987.465875272895 1.0122910737991333
1987.4867088213045 1.0141308307647705
1987.507542370082 1.015556812286377
1987.5283759192046 1.016685962677002
1987.5492094686963 1.0174436569213867
1987.5700430185339 1.017247200012207
1987.5908765687418 1.0175446271896362
1987.611710119297 1.016908884048462
1987.6325436702236 1.016411542892456
1987.6533772214987 1.0144870281219482
1987.6742107731466 1.0133193731307983
1987.6950443251435 1.0112870931625366
1987.7158778775145 1.0093238353729248
1987.7367114302358 1.008135199546814
1987.757544983322 1.0065571069717407
1987.77837853678 1.0043461322784424
1987.7992120906038 1.0029282569885254
1987.8200456447703 1.000638723373413
1987.8408791993238 0.9983628392219543
1987.861712754231 0.9971778392791748
1987.8825463095163 0.9955793619155884
1987.9033798651562 0.9937697649002075
1987.9242134211752 0.9923259019851685
1987.9450469775497 0.9910561442375183
1987.9658805343045 0.9904387593269348
1987.9867140914162 0.990048348903656
1988.0075476489085 0.9895559549331665
1988.0283812067587 0.988852322101593
1988.0492147649907 0.9899187684059143
1988.0700483235814 0.9898710250854492
1988.0908818825555 0.9909318685531616
1988.1117154418887 0.9909741282463074
1988.1325490016059 0.9927312135696411
1988.1533825616734 0.9925537705421448
1988.174216122136 0.993931233882904
1988.19504968296 0.9950353503227234
1988.2158832441796 0.9965269565582275
1988.2367168057413 0.9976443648338318
1988.2575503676999 0.9998921751976013
1988.2783839300214 1.0015778541564941
1988.2992174927308 1.0032213926315308
1988.320051055804 1.0053889751434326
1988.3408846192658 1.0065523386001587
1988.361718183092 1.008560299873352
1988.382551747308 1.0096087455749512
1988.4033853118895 1.0118062496185303
1988.4242188768615 1.0122289657592773
1988.4450524421995 1.0134620666503906
1988.4658860079287 1.013801097869873
1988.486719574025 1.0136619806289673
1988.5075531405137 1.0141103267669678
1988.5283867073601 1.0140221118927002
1988.5492202746195 1.0127838850021362
1988.5700538422275 1.0124995708465576
1988.5908874102392 1.0115150213241577
1988.6117209786205 1.0088348388671875
1988.6325545473965 1.00810706615448
1988.6533881165426 1.0054042339324951
1988.6742216860841 1.0038387775421143
1988.6950552559965 1.0017787218093872
1988.7158888263052 0.9987252950668335
1988.736722396986 0.9966610670089722
1988.7575559680633 0.9949879050254822
1988.7783895395132 0.9923990368843079
1988.799223111361 0.99001544713974
1988.820056683582 0.9881131649017334
1988.8408902561919 0.986678421497345
1988.8617238291954 0.9848141074180603
1988.8825574025784 0.9827467799186707
1988.903390976346 0.9811744689941406
1988.9242245505138 0.9801817536354065
1988.9450581250571 0.9793031811714172
1988.9658917000015 0.9797745943069458
1988.9867252753218 0.9794247150421143
1989.0075588510438 0.9789955615997314
1989.0283924271425 0.9789526462554932
1989.0492260036438 0.9798207879066467
1989.0700595805229 0.9809391498565674
1989.0908931578049 0.9816372394561768
1989.1117267354653 0.9826587438583374
1989.1325603135297 0.9841204881668091
1989.1533938919729 0.9851642847061157
1989.1950610500487 0.9892417788505554
1989.2158946296818 0.99107825756073
1989.236728209685 0.9934893846511841
1989.2575617901048 0.9955506920814514
1989.2783953709056 0.9978413581848145
1989.299228952113 1.0007307529449463
1989.3200625337024 1.0027283430099487
1989.3408961156995 1.0051840543746948
1989.3617296980788 1.0069828033447266
1989.3825632808669 1.009403944015503
1989.4033968640376 1.0108437538146973
1989.4242304476177 1.0130380392074585
1989.4450640315815 1.0145339965820312
1989.465897615955 1.015690803527832
1989.4867312007134 1.01674222946167
1989.5075647858823 1.0176531076431274
1989.5283983714362 1.0176483392715454
1989.5492319573914 1.0177850723266602
1989.5700655437424 1.0172386169433594
1989.5908991305055 1.0159034729003906
1989.6117327176553 1.0152257680892944
1989.6325663052176 1.0134339332580566
1989.6533998931673 1.0120059251785278
1989.67423348153 1.0098624229431152
1989.695067070281 1.0080281496047974
1989.7159006594466 1.0059473514556885
1989.7367342490002 1.0040541887283325
1989.757567838969 1.0031356811523438
1989.7784014293268 1.0006864070892334
1989.7992350200905 0.9988670945167542
1989.8200686112643 0.9975917935371399
1989.840902202834 0.995583713054657
1989.8617357948049 0.994330883026123
1989.8825693871925 0.9925659894943237
1989.9034029799716 0.9916966557502747
1989.9242365731686 0.990594208240509
1989.9450701667577 0.9900360703468323
1989.965903760765 0.9894704222679138
1989.9867373551654 0.9894810914993286
1990.007570949985 0.9894521236419678
1990.0284045451983 0.990563690662384
1990.0492381408312 0.9906778931617737
1990.0700717368586 0.9913262128829956
1990.0909053332966 0.9920953512191772
1990.1117389301396 0.9933610558509827
1990.1325725274041 0.9944884777069092
1990.1534061250643 0.9957372546195984
1990.1742397231465 0.9962797164916992
1990.1950733216252 0.9983049035072327
1990.2159069205268 0.9999998807907104
1990.2367405198256 1.0019786357879639
1990.2575741195483 1.0034735202789307
1990.2784077196686 1.005015254020691
1990.2992413202135 1.0072836875915527
1990.320074921157 1.0096158981323242
1990.3409085225255 1.010398268699646
1990.3617421242936 1.0113447904586792
1990.3825757264876 1.0127761363983154
1990.4034093290718 1.0134222507476807
1990.4242429320927 1.0139660835266113
1990.4450765355143 1.0141112804412842
1990.465910139364 1.014844536781311
1990.4867437436149 1.014012336730957
1990.5075773482943 1.0129048824310303
1990.528410953376 1.0132627487182617
1990.549244558887 1.0115253925323486
1990.570078164801 1.0100499391555786
1990.5909117711453 1.0081130266189575
1990.6117453778934 1.0063930749893188
1990.6325789850723 1.0036572217941284
1990.6534125926557 1.002049446105957
1990.6742462006714 0.9995805621147156
1990.6950798090822 0.9969552159309387
1990.7159134179356 0.9946876764297485
1990.7367470271952 0.9927920699119568
1990.7575806368884 0.9905036687850952
1990.7784142469886 0.9887158870697021
1990.7992478575234 0.9869120717048645
1990.8200814684658 0.9845038652420044
1990.8409150798434 0.9827157258987427
1990.8617486916298 0.981562614440918
1990.8825823038524 0.9806957840919495
1990.9034159164846 0.9796521663665771
1990.924249529554 0.9794781804084778
1990.9450831430236 0.9788668751716614
1990.9659167569412 0.979115903377533
1990.9867503712699 0.9796017408370972
1991.007583986038 0.9801499247550964
1991.0284176012178 0.9804005026817322
1991.0492512168378 0.9815595149993896
1991.0700848328706 0.9830955266952515
1991.0909184493444 0.9846267104148865
1991.1117520662324 0.9862404465675354
1991.132585683562 0.988011360168457
1991.1534193013063 0.989386260509491
1991.1742529194937 0.9911872744560242
1991.1950865380868 0.9936357736587524
1991.215920157144 0.9965891242027283
1991.2367537765977 0.9981741309165955
1991.2575873965066 1.0007389783859253
1991.278421016833 1.003025770187378
1991.2992546376051 1.0046484470367432
1991.3200882587964 1.0071303844451904
1991.3409218804347 1.0100680589675903
1991.3617555024925 1.0109052658081055
1991.3825891249985 1.0128060579299927
1991.4034227479253 1.0141080617904663
1991.4242563713017 1.0159863233566284
1991.4450899950994 1.0169821977615356
1991.4659236193377 1.0172827243804932
1991.4867572440087 1.0174793004989624
1991.5075908691313 1.0171499252319336
1991.5284244946777 1.016951560974121
1991.5492581206772 1.0160157680511475
1991.5700917471015 1.0148046016693115
1991.5909253739799 1.0135185718536377
1991.6117590012843 1.011948585510254
1991.632592629044 1.00972318649292
1991.653426257231 1.0077615976333618
1991.6742598858746 1.0066742897033691
1991.6950935149364 1.0043269395828247
1991.715927144466 1.0022435188293457
1991.7367607744252 1.000823974609375
1991.7575944048438 0.9989296793937683
1991.778428035693 0.997138261795044
1991.7992616670026 0.9950157403945923
1991.8200952987445 0.9932715892791748
1991.8409289309482 0.9922056794166565
1991.8617625635854 0.9914543628692627
1991.8825961966857 0.9906076788902283
1991.9034298302206 0.9896543025970459
1991.9242634642103 0.9885020852088928
1991.945097098646 0.9893085360527039
1991.9659307335482 0.9895676970481873
1991.9867643688876 0.9897365570068359
1992.0075980046945 0.9907242655754089
1992.0284316409404 0.9918274283409119
1992.0492652776554 0.9919739365577698
1992.070098914811 0.9934325218200684
1992.0909325524372 0.9937767386436462
1992.1117661905053 0.9959949851036072
1992.1325998290456 0.9967747926712036
1992.1534334680293 0.9981804490089417
1992.1742671074774 1.000069499015808
1992.1951007473801 1.0015751123428345
1992.2159343877586 1.0037754774093628
1992.2367680285836 1.0057168006896973
1992.2576016698863 1.006678581237793
1992.278435311637 1.0084148645401
1992.2992689538673 1.0105725526809692
1992.3201025965473 1.0117849111557007
1992.3409362397085 1.0130490064620972
1992.3617698833211 1.0135793685913086
1992.3826035274171 1.014252781867981
1992.4034371719667 1.0140994787216187
1992.424270816991 1.0141050815582275
1992.445104462481 1.014167070388794
1992.4659381084575 1.0127605199813843
1992.4867717548916 1.01261568069458
1992.5076054018148 1.0112675428390503
1992.528439049197 1.009501576423645
1992.5492726970706 1.0066226720809937
1992.5701063454053 1.0059040784835815
1992.5909399942336 1.0038671493530273
1992.6117736435253 1.0010095834732056
1992.6326072933125 0.9984645247459412
1992.653440943555 0.9967213869094849
1992.6742745943059 0.994276225566864
1992.6951082455244 0.9921224117279053
1992.7159418972435 0.9894608855247498
1992.7367755494322 0.9882803559303284
1992.757609202124 0.9860807061195374
1992.7784428552882 0.9847528338432312
1992.7992765089577 0.9829214215278625
1992.8201101631023 0.9815778136253357
1992.840943817755 0.9803474545478821
1992.8617774728848 0.9798945188522339
1992.8826111285157 0.9791038036346436
1992.9034447846363 0.9786723852157593
1992.9242784412709 0.9793623685836792
1992.945112098388 0.9799231290817261
1992.9659457560222 0.9801695346832275
1992.9867794141412 0.981127917766571
1993.0076130727803 0.9820945262908936
1993.0284467319073 0.9836862087249756
1993.0492803915579 0.9843131303787231
1993.0701140516992 0.9861822724342346
1993.0909477123569 0.987964391708374
1993.1117813735186 0.9898271560668945
1993.1326150352104 0.9920223355293274
1993.1534486973997 0.9939472675323486
1993.174282360122 0.9964598417282104
1993.195116023345 0.9980640411376953
1993.215949687105 1.0009641647338867
1993.2367833513692 1.0034606456756592
1993.2576170161744 1.004814624786377
1993.2784506814871 1.0071983337402344
1993.2992843473446 1.009450078010559
1993.3201180137034 1.0112481117248535
1993.3409516806212 1.0138434171676636
1993.3617853480544 1.0149881839752197
1993.3826190160407 1.0157428979873657
1993.4034526845462 1.0168287754058838
1993.4242863536094 1.017253041267395
1993.445120023196 1.0172476768493652
1993.4659536933455 1.0176246166229248
1993.4867873640221 1.016936182975769
1993.5076210352663 1.0159858465194702
1993.5284547070328 1.014472246170044
1993.5492883793813 1.0133129358291626
1993.5701220522674 1.0118634700775146
1993.5909557257307 1.00990629196167
1993.6117893997362 1.0075623989105225
1993.6326230743246 1.0056804418563843
1993.6534567494602 1.0035971403121948
1993.6742904251848 1.0025558471679688
1993.6951241014624 1.0000468492507935
1993.7159577783243 0.9988240599632263
1993.7367914557549 0.9971405267715454
1993.7576251337864 0.99552983045578
1993.7784588123823 0.9939464330673218
1993.7992924915861 0.9920963644981384
1993.8201261713602 0.9913208484649658
1993.840959851749 0.9904143214225769
1993.861793532715 0.9899590015411377
1993.8826272143026 0.9889185428619385
1993.9034608964746 0.9889090657234192
1993.924294579276 0.9894527792930603
1993.9451282626583 0.9902581572532654
1993.9659619466884 0.9908634424209595
1993.9867956313171 0.9912722706794739
1994.007629316592 0.9920236468315125
1994.0284630024735 0.9931955933570862
1994.04929668901 0.994709312915802
1994.0701303761612 0.9961872696876526
1994.0909640639768 0.9970220327377319
1994.1117977524166 0.9985332489013672
1994.1326314415303 1.0003786087036133
1994.1534651312672 1.0016849040985107
1994.1742988216988 1.0039610862731934
1994.1951325127734 1.0057809352874756
1994.215966204544 1.0077167749404907
1994.2367998969676 1.009478211402893
1994.2576335900987 1.0104628801345825
1994.278467283894 1.0123710632324219
1994.2993009784095 1.0128378868103027
1994.3201346735912 1.0134698152542114
1994.3409683695156 1.0135327577590942
1994.3618020661281 1.0140225887298584
1994.382635763488 1.0141453742980957
1994.403469461549 1.014078140258789
1994.4243031603721 1.0135092735290527
1994.4451368599107 1.012169361114502
1994.4659705602269 1.011107325553894
1994.486804261273 1.0095925331115723
1994.5076379631137 1.0076335668563843
1994.5284716656904 1.005205512046814
1994.5493053690898 1.0031498670578003
1994.5701390732518 1.0015032291412354
1994.5909727782453 0.9992056488990784
1994.6118064840198 0.9962172508239746
1994.6326401906463 0.9940377473831177
1994.6534738980731 0.9921202063560486
1994.674307606374 0.9905723929405212
1994.6951413154952 0.9882261753082275
1994.7159750255043 0.9861268997192383
1994.7368087363664 0.9842634201049805
1994.7576424481513 0.9831092953681946
1994.7784761608027 0.9815597534179688
1994.7993098744041 0.979669451713562
1994.8201435888977 0.9794083833694458
1994.8409773043707 0.9792689085006714
1994.8618110207635 0.9791153073310852
1994.882644738167 0.9792705178260803
1994.9034784565197 0.9793884754180908
1994.9243121759075 0.9798251390457153
1994.9451458962865 0.9813762903213501
1994.9659796177477 0.981746256351471
1994.9868133402244 0.9831016063690186
1995.007647063823 0.984644889831543
1995.028480788475 0.9860213994979858
1995.049314514292 0.9880856871604919
1995.070148241203 0.9890403747558594
1995.0909819693263 0.9915932416915894
1995.1118156985874 0.9941931366920471
1995.1326494291018 0.9964234232902527
1995.153483160812 0.9984551668167114
1995.174316893841 1.0001860857009888
1995.1951506281082 1.0028249025344849
1995.2159843637546 1.0055876970291138
1995.2368181006957 1.0073577165603638
1995.257651839082 1.008811593055725
1995.2784855788148 1.0109844207763672
1995.2993193200746 1.0130674839019775
1995.3201530627582 1.0145853757858276
1995.3409868070369 1.01556396484375
1995.3618205528126 1.016264796257019
1995.382654300268 1.0172512531280518
1995.403488049301 1.01735258102417
1995.4243218001052 1.0171630382537842
1995.445155552573 1.016697883605957
1995.4659893069122 1.015946388244629
1995.4868230629982 1.0145187377929688
1995.507656821073 1.0131864547729492
1995.528490581005 1.0109857320785522
1995.5493243430296 1.009082317352295
1995.570158107019 1.007790446281433
1995.5909918732214 1.0063440799713135
1995.6118256415018 1.0036473274230957
1996.9243551665345 0.9829151630401611
1996.9451889419645 0.9837186932563782
1996.9660227165589 0.9851272702217102
1996.9868564903688 0.9877967238426208
1997.007690263424 0.988952100276947
1997.02852403577 0.9907582402229309
1997.0493578074354 0.9932234883308411
1997.0701915784512 0.9946736097335815
1997.091025348864 0.9971623420715332
1997.1118591187014 0.9995121955871582
1997.1326928879882 1.0015087127685547
1997.1535266567578 1.0035300254821777
1997.1743604250344 1.006379246711731
1997.1951941928478 1.0083516836166382
1997.2160279602208 1.0110278129577637
1997.2368617271798 1.0119081735610962
1997.257695493737 1.014412522315979
1997.2785292599356 1.0157819986343384
1997.299363025787 1.01707124710083
1997.3201967913121 1.0186114311218262
1997.341030556531 1.0187697410583496
1997.3618643214622 1.0182980298995972
1997.382698086125 1.0183565616607666
1997.4035318505257 1.0178416967391968
1997.4243656147034 1.0169034004211426
1997.4451993786622 1.0158663988113403
1997.4660331424202 1.014186978340149
1997.4868669059895 1.0124247074127197
1997.5077006693884 1.010617733001709
1997.528534432627 1.008664608001709
1997.5493681957234 1.0064375400543213
1997.5702019586756 1.0053009986877441
1997.5910357215212 1.0032387971878052
1997.6118694842573 1.0014437437057495
1997.6327032469012 0.9996623992919922
1997.6535370094584 0.9980509877204895
1997.6743707719456 0.995952844619751
1997.6952045343673 0.9951902627944946
1997.7160382967302 0.9933969974517822
1997.7368720590573 0.9927820563316345
1997.7577058213558 0.9916844964027405
1997.7785395836265 0.9906944632530212
1997.7993733458868 0.9904398322105408
1997.820207108137 0.990971028804779
1997.841040870394 0.9909186959266663
1997.8618746326572 0.9911221265792847
1997.8827083949332 0.9920958876609802
1997.9035421572407 0.9929665923118591
1997.924375919586 0.9932802319526672
1997.9452096819673 0.9946472644805908
1997.9660434444013 0.9961279630661011
1997.986877206884 0.9968642592430115
1998.0077109694328 0.9981635808944702
1998.0285447320432 0.999577522277832
1998.049378494722 1.0009835958480835
1998.0702122574853 1.0022938251495361
1998.0910460203386 1.0044469833374023
1998.111879783277 1.0066879987716675
1998.132713546317 1.0081441402435303
1998.153547309453 1.0097308158874512
1998.1743810727014 1.011353611946106
1998.1952148360556 1.0125863552093506
1998.2160485995225 1.0134302377700806
1998.2368823631143 1.0141897201538086
1998.2577161268387 1.0148894786834717
1998.2785498906871 1.0144377946853638
1998.2993836546773 1.014994502067566
1998.3202174187998 1.01419997215271
1998.3410511830623 1.0142192840576172
1998.3618849474758 1.0128201246261597
1998.3827187120476 1.0116288661956787
1998.403552476768 1.010096788406372
1998.4243862416542 1.00883948802948
1998.4452200066962 1.006960391998291
1998.466053771912 1.0039762258529663
1998.4868875372902 1.0016496181488037
1998.5077213028494 0.9993730783462524
1998.5285550685676 0.9968026876449585
1998.5493888344834 0.9946668744087219
1998.5702226005747 0.9927892088890076
1998.5910563668597 0.9904331564903259
1998.6118901333268 0.988949179649353
1998.6327238999934 0.987318217754364
1998.6535576668477 0.9849711060523987
1998.6743914338974 0.9838109016418457
1998.6952252011504 0.9826906323432922
1998.7160589686148 0.981329619884491
1998.7368927362772 0.9804627895355225
1998.7577265041564 0.9798399806022644
1998.7785602722388 0.9797494411468506
1998.799394040543 0.9798275828361511
1998.8202278090555 0.9803423285484314
1998.8410615777843 0.9808205962181091
1998.861895346736 0.9815205335617065
1998.882729115919 0.9827591776847839
1998.903562885319 0.9840317368507385
1998.924396654955 0.9855354428291321
1998.9452304248125 0.9872747659683228
1998.9660641949101 0.9893414974212646
1998.986897965223 0.9906497001647949
1999.0077317357905 0.9928277134895325
1999.028565506587 0.9947350025177002
1999.0493992776321 0.9966872334480286
1999.0702330489103 0.9992507100105286
1999.0910668204403 1.001796841621399
1999.1119005921973 1.004178762435913
1999.13273436422 1.0058984756469727
1999.153568136483 1.0089033842086792
1999.1744019090054 1.01059091091156
1999.195235681771 1.0125665664672852
1999.2160694547995 1.0145856142044067
1999.2369032280749 1.0161317586898804
1999.2577370016163 1.0175575017929077
1999.2785707754074 1.017919659614563
1999.2994045494577 1.0180164575576782
1999.3202383237708 1.018647313117981
1999.341072098356 1.0182421207427979
1999.3619058731974 1.0176345109939575
1999.3827396483136 1.0156913995742798
1999.4035734236884 1.0155812501907349
1999.4244071993312 1.0139960050582886
1999.445240975245 1.011935830116272
1999.46607475144 1.0099472999572754
1999.4869085278983 1.0081605911254883
1999.5077423046403 1.0065534114837646
1999.5285760816482 1.004473090171814
1999.5494098589425 1.0025684833526611
1999.5702436365052 1.001291036605835
1999.5910774143465 0.9988145232200623
1999.6119111924686 0.9971681237220764
1999.6327449708815 0.9955922365188599
1999.6535787495677 0.9942718744277954
1999.6744125285475 0.9931005835533142
1999.6952463078023 0.9913300275802612
1999.7160800873526 0.990874707698822
1999.7369138671702 0.990753173828125
1999.7577476472957 0.989579975605011
1999.7785814277006 0.9899929761886597
1999.7994152084054 0.9901672601699829
1999.8202489893918 0.9906003475189209
1999.8410827706798 0.9911215901374817
1999.8619165522512 0.9917722940444946
1999.8827503341163 0.9929041266441345
1999.9035841162772 0.9939319491386414
1999.9244178987433 0.9951852560043335
1999.9452516814965 0.9963666796684265
1999.9660854645574 0.997964084148407
1999.9869192479073 0.9996959567070007
2000.0077530315666 1.0003340244293213
2000.0285868155063 1.002618432044983
2000.049420599767 1.0043331384658813
2000.0702543843202 1.0066479444503784
2000.091088169186 1.0080353021621704
2000.111921954346 1.010046124458313
2000.1327557398201 1.0108006000518799
2000.1535895255897 1.0121400356292725
2000.1744233116654 1.0134226083755493
2000.1952570980482 1.0143616199493408
2000.2160908847486 1.014426350593567
2000.2369246717474 1.01487398147583
2000.2577584590651 1.0145951509475708
2000.278592246683 1.0139230489730835
2000.2994260346215 1.0135749578475952
2000.3202598228513 1.0130490064620972
2000.3410936114133 1.0114079713821411
2000.3619274002776 1.010114312171936
2000.3827611894656 1.0085617303848267
2000.4035949789575 1.0062583684921265
2000.4244287687745 1.003980278968811
2000.4452625588965 1.0017367601394653
2000.4660963493347 0.9991419315338135
2000.4869301400897 0.9965422749519348
2000.507763931172 0.9942963719367981
2000.5285977225624 0.9922976493835449
2000.5494315142812 0.9902374148368835
2000.570265306309 0.9889107942581177
2000.591099098657 0.9861226081848145
2000.6119328913248 0.9845235347747803
2000.6327666843242 0.9832906723022461
2000.6536004776349 0.9815212488174438
2000.674434271278 0.9804884791374207
2000.6952680652334 0.9800187349319458
2000.7161018595225 0.9797447919845581
2000.7369356541149 0.9791609644889832
2000.7577694490521 0.9799915552139282
2000.778603244304 0.9803018569946289
2000.7994370398915 0.980802059173584
2000.8202708357946 0.981216311454773
2000.8411046320348 0.9831758737564087
2000.8619384285917 0.9835109114646912
2000.8827722254764 0.9856805801391602
2000.9036060226886 0.9873156547546387
2000.9244398202397 0.9888784885406494
2000.9452736181095 0.9907034635543823
2000.9661074163196 0.9922715425491333
2000.986941214849 0.9949436187744141
2001.0077750137193 0.9969483613967896
2001.0286088129003 0.9992089867591858
2001.049442612433 1.0016566514968872
2001.0702764122875 1.004258394241333
2001.0911102124846 1.005831003189087
2001.111944013004 1.0080393552780151
2001.1327778138673 1.010268211364746
2001.1536116150437 1.011803150177002
2001.1744454165753 1.0136240720748901
2001.1952792184304 1.0153238773345947
2001.2161130206314 1.0166109800338745
2001.2369468231573 1.0180197954177856
2001.2577806260297 1.0179153680801392
2001.278614429228 1.0183089971542358
2001.2994482327633 1.0181822776794434
2001.3202820366353 1.0173394680023193
2001.3411158408558 1.016552209854126
2001.3619496454032 1.0152459144592285
2001.3827834503002 1.0138019323349
2001.403617255525 1.0116140842437744
2001.4244510610897 1.0105360746383667
2001.4452848669932 1.0080702304840088
2001.4661186732476 1.0064650774002075
2001.4869524798316 1.0042943954467773
2001.5077862867674 1.0021452903747559
2001.5286200940332 1.0
2001.5494539016513 0.9988012313842773
2001.5702877095907 0.9965708255767822
2001.591121517893 0.9958010315895081
2001.6119553265275 0.9939935803413391
2001.6327891355156 0.9928960800170898
2001.6536229448363 0.9914113283157349
2001.6744567545115 0.9904418587684631
2001.69529056452 0.9905607104301453
2001.716124374874 0.9895952939987183
2001.7369581855717 0.9898898005485535
2001.7577919966257 0.9904082417488098
2001.7786258080139 0.9906337857246399
2001.799459619759 0.9916218519210815
2001.82029343184 0.9922866225242615
2001.841127244278 0.9929956793785095
2001.8619610570418 0.9936965703964233
2001.882794870174 0.9949816465377808
2001.9036286836426 0.9958793520927429
2001.9244624974704 0.9982251524925232
2001.9452963116353 0.9988608360290527
2001.9661301261597 1.0011461973190308
2001.986963941012 1.0022515058517456
2002.0077977562344 1.0045653581619263
2002.0286315717956 1.0064438581466675
2002.0494653877176 1.0078675746917725
2002.0702992039787 1.0097827911376953
2002.0911330206013 1.0116605758666992
2002.1119668375536 1.0127979516983032
2002.1328006548786 1.0130175352096558
2002.1536344725434 1.0137971639633179
2002.1744682905712 1.0148416757583618
2002.19530210894 1.0147113800048828
2002.2161359276724 1.014298915863037
2002.2369697467466 1.0141992568969727
2002.2578035661745 1.013819932937622
2002.2786373859547 1.0125281810760498
2002.2994712060997 1.0106773376464844
2002.3203050265874 1.010202169418335
2002.3411388474406 1.0076547861099243
2002.3619726686372 1.0064709186553955
2002.3828064901895 1.003704309463501
2002.403640312096 1.0014115571975708
2002.4244741343691 0.9989441633224487
2002.4453079569864 0.9968618750572205
2002.4661417799714 0.9942159056663513
2002.4869756033013 0.9922972917556763
2002.507809426989 0.9902697801589966
2002.5286432510322 0.9876023530960083
2002.549477075444 0.9858354926109314
2002.5703109002022 0.9847604036331177
2002.5911447253293 0.9832951426506042
2002.611978550803 0.9819211363792419
2002.6328123766364 0.980746865272522
2002.6536462028273 0.9793785810470581
2002.6744800293884 0.9797037243843079
2002.6953138562974 0.9801807403564453
2002.7161476835772 0.9794964790344238
2002.7369815112054 0.9798330664634705
2002.757815339195 0.9805297255516052
2002.7786491675438 0.9819120168685913
2002.7994829962645 0.9830986261367798
2002.8203168253349 0.983229398727417
2002.8411506547777 0.9847710132598877
2002.8619844845707 0.9873731136322021
2002.882818314737 0.990026593208313
2002.9036521452438 0.9903955459594727
2002.9244859761345 0.9925095438957214
2002.9453198073763 0.9948256611824036
2002.9661536389926 0.9970195889472961
2002.9869874709607 0.9992493391036987
2003.0078213033037 1.0020440816879272
2003.0286551359989 1.0042529106140137
2003.04948896906 1.0062836408615112
2003.0703228024836 1.0086607933044434
2003.0911566362836 1.0105316638946533
2003.111990470437 1.0122820138931274
2003.1328243049668 1.014256238937378
2003.153658139841 1.0156831741333008
2003.1744919751022 1.0167739391326904
2003.1953258107183 1.0173035860061646
2003.2369934830608 1.0185316801071167
2003.2578273197882 1.0180240869522095
2003.2786611568613 1.017594575881958
2003.2994949943234 1.0163984298706055
2003.320328832142 1.015154242515564
2003.34116267034 1.0140317678451538
2003.3619965088947 1.0121246576309204
2003.38283034783 1.0106139183044434
2003.4036641871123 1.008323073387146
2003.4244980267858 1.006555199623108
2003.4453318668172 1.004917860031128
2003.46616570723 1.002750277519226
2003.4869995480012 1.0009379386901855
2003.5078333891547 0.9987406730651855
2003.5286672306672 0.9973444938659668
2003.5495010725526 0.9958025813102722
2003.5703349148073 0.9940140247344971
2003.5911687574455 0.9935192465782166
2003.612002600444 0.9917052388191223
2003.6328364438266 0.9909604787826538
2003.6536702875699 0.9905858635902405
2003.6745041316876 0.9905890226364136
2003.695337976177 0.9905843734741211
2003.7161718210514 0.9909207820892334
2003.737005666288 0.9915568828582764
2003.7578395119106 0.9920730590820312
2003.7786733578955 0.9930676817893982
2003.799507204257 0.9934171438217163
2003.8203410509918 0.9942845106124878
2003.8411748981139 0.9954674243927002
2003.8620087455997 0.9961795210838318
2003.8828425934732 0.9983338713645935
2003.9036764417015 1.0002152919769287
2003.924510290328 1.0016448497772217
2003.94534413932 1.00325345993042
2003.9661779887008 1.0051506757736206
2003.9870118384474 1.0067453384399414
2004.007845688584 1.0087393522262573
2004.0286795390869 1.0100760459899902
2004.0495133899706 1.0119634866714478
2004.070347241231 1.0134360790252686
2004.0911810928828 1.013776421546936
2004.1120149449023 1.0149937868118286
2004.1328487973037 1.014907956123352
2004.1536826500837 1.0154151916503906
2004.1745165032564 1.0156337022781372
2004.195350356798 1.0147629976272583
2004.216184210733 1.014222502708435
2004.2370180650378 1.0136052370071411
2004.2578519197366 1.0123428106307983
2004.2786857747963 1.0099800825119019
2004.2995196302606 1.007808804512024
2004.320353486096 1.0061113834381104
2004.3411873423274 1.0035330057144165
2004.3620211989303 1.0013957023620605
2004.3828550559301 0.999698281288147
2004.4036889132924 0.9967918395996094
2004.424522771062 0.9946496486663818
2004.4453566292048 0.9927923083305359
2004.4661904877457 0.9907500147819519
2004.487024346661 0.9885456562042236
2004.5078582059748 0.9867186546325684
2004.5286920656538 0.9856674671173096
2004.5495259257423 0.9834628701210022
2004.5703597862066 0.9820276498794556
2004.5911936470718 0.9811554551124573
2004.6120275083133 0.9810424447059631
2004.632861369946 0.9801263809204102
2004.6536952319664 0.9802182912826538
2004.6745290943888 0.9803202152252197
2004.69536295719 0.9802509546279907
2004.7161968203939 0.9814673066139221
2004.7370306839769 0.9825433492660522
2004.7578645479541 0.9832665324211121
2004.778698412321 0.9845285415649414
2004.7995322770935 0.9860631823539734
2004.8203661422465 0.9875761866569519
2004.8412000078054 0.9895364046096802
2004.8620338737462 0.9916206002235413
2004.8828677400838 0.993486225605011
2004.9037016068146 0.9954832792282104
2004.924535473953 0.9980985522270203
2004.945369341475 1.0002248287200928
2004.966203209406 1.0028687715530396
2004.9870370777217 1.0048370361328125
2005.0078709464478 1.007399082183838
2005.028704815549 1.009516716003418
2005.0495386850716 1.0111494064331055
2005.0703725549806 1.0131077766418457
2005.091206425302 1.014936923980713
2005.112040296011 1.0163315534591675
2005.1328741671236 1.0174880027770996
2005.1537080386347 1.0186059474945068
2005.1745419105605 1.0189943313598633
2005.1953757828758 1.0189546346664429
2005.2162096556071 1.0186392068862915
2005.2370435287294 1.0178844928741455
2005.2578774022584 1.0165295600891113
2005.2787112761894 1.0154839754104614
2005.2995451505387 1.0138870477676392
2005.3203790252812 1.0120735168457031
2005.3412129004435 1.0102285146713257
2005.362046776 1.0087445974349976
2005.3828806519673 1.0067050457000732
2005.40371452834 1.0046970844268799
2005.4245484051353 1.002651572227478
2005.4453822823275 1.0010946989059448
2005.466216159943 0.999164879322052
2005.4870500379468 0.9972033500671387
2005.5078839163857 0.9953569769859314
2005.528717795224 0.9942005276679993
2005.5495516744893 0.9926646947860718
2005.570385554155 0.9923034310340881
2005.5912194342488 0.9906674027442932
2005.612053314735 0.9908347129821777
2005.6328871956607 0.9901897311210632
2005.6537210769905 0.9904670119285583
2005.6745549587513 0.9910063743591309
2005.6953888409173 0.9914875030517578
2005.7162227235162 0.9915130734443665
2005.737056606512 0.9926878213882446
2005.7578904899526 0.9935210347175598
2005.7787243738014 0.9945507645606995
2005.7995582580866 0.9959896802902222
2005.8203921427717 0.9974296689033508
2005.841226027905 0.998224675655365
2005.8620599134504 1.0000733137130737
2005.8828937994356 1.0020912885665894
2005.9037276858342 1.0033777952194214
2005.9245615726747 1.0054453611373901
2005.9453954599207 1.0068061351776123
2005.966229347621 1.00875723361969
2005.987063235738 1.0105695724487305
2006.0078971243013 1.0120644569396973
2006.0287310132835 1.0132789611816406
2006.049564902714 1.0142086744308472
2006.070398792556 1.0145480632781982
2006.091232682858 1.0155140161514282
2006.1120665735832 1.0154595375061035
2006.1329004647612 1.0151351690292358
2006.1537343563643 1.0145375728607178
2006.1745682484227 1.0144641399383545
2006.1954021408988 1.0130817890167236
2006.216236033842 1.0118860006332397
2006.237069927215 1.010096549987793
2006.2579038210483 1.0078847408294678
2006.2787377153138 1.0061923265457153
2006.299571610042 1.003915786743164
2006.320405505195 1.0015944242477417
2006.341239400823 0.9993913173675537
2006.3620732968884 0.996913492679596
2006.3829071934222 0.9944353699684143
2006.403741090396 0.9928231239318848
2006.4245749878407 0.990338146686554
2006.445408885718 0.9880434274673462
2006.4662427840797 0.9867243766784668
2006.487076682887 0.9851648211479187
2006.5079105821717 0.9834891557693481
2006.528744481895 0.9816805124282837
2006.5495783821088 0.9808384776115417
2006.5704122827742 0.9802623987197876
2006.5912461839239 0.9799512624740601
2006.6120800855285 0.9801039695739746
2006.632913987621 0.9802718758583069
2006.6537478901612 0.9805509448051453
2006.674581793203 0.9813913702964783
2006.695415696707 0.9822977781295776
2006.716249600706 0.9834344387054443
2006.7370835051704 0.9847015142440796
2006.7579174101243 0.986426055431366
2006.7787513155572 0.9877669215202332
2006.799585221494 0.989207923412323
2006.8204191279042 0.9913027286529541
2006.841253034822 0.9938570857048035
2006.8620869422173 0.9961092472076416
2006.8829208501154 0.9973993897438049
2006.903754758505 1.0003527402877808
2006.9245886674125 1.0026050806045532
2006.945422576806 1.004426121711731
2006.9662564867222 1.0068647861480713
2006.9870903971193 1.0090116262435913
2007.0079243080545 1.0114681720733643
2007.0287582194858 1.0124417543411255
2007.0495921314505 1.0145015716552734
2007.0704260439163 1.0156710147857666
2007.0912599569215 1.0171854496002197
2007.1120938704235 1.0181739330291748
2007.132927784481 1.0184900760650635
2007.153761699051 1.018645167350769
2007.174595614173 1.0186915397644043
2007.1954295298135 1.0177717208862305
2007.2162634460026 1.0165382623672485
2007.2370973627267 1.015201210975647
2007.257931280017 1.0138270854949951
2007.2787651978385 1.0121405124664307
2007.2995991162334 1.0103014707565308
2007.320433035157 1.0080288648605347
2007.3412669546722 1.006292700767517
2007.3621008747336 1.0038962364196777
2007.3829347953845 1.0024480819702148
2007.4037687165894 1.0005428791046143
2007.4246026383928 0.9994998574256897
2007.4454365607487 0.9970386624336243
2007.4662704837228 0.9956604838371277
2007.4871044072677 0.9940484762191772
2007.5079383314305 0.9925036430358887
2007.5287722561739 0.9913939237594604
2007.5496061815354 0.9912106990814209
2007.5704401074977 0.9904412031173706
2007.5912740340991 0.9902037978172302
2007.6121079613017 0.9901302456855774
2007.6329418891553 0.9903575778007507
2007.6537758176212 0.99078768491745
2007.674609746741 0.9919558167457581
2007.6954436764947 0.9931097626686096
2007.7162776069258 0.9937375783920288
2007.7371115379933 0.9945067167282104
2007.7579454697525 0.9963827729225159
2007.778779402162 0.9976145029067993
2007.7996133352683 0.9984248876571655
2007.8204472690488 0.9999398589134216
2007.8412812035529 1.0021921396255493
2007.8621151387367 1.0031437873840332
2007.8829490746616 1.005196213722229
2007.9037830112727 1.0073198080062866
2007.9246169486532 1.0088871717453003
2007.945450886748 1.0101845264434814
2007.9662848256223 1.0114619731903076
2007.98711876523 1.0132019519805908
2008.007952705629 1.014321208000183
2008.0287866467913 1.014310598373413
2008.0496205887787 1.0156439542770386
2008.0704545315416 1.0155237913131714
2008.0912884751547 1.0148593187332153
2008.1121224195572 1.013856291770935
2008.1329563648471 1.014184832572937
2008.1537903109618 1.0127904415130615
2008.1746242579839 1.0122008323669434
2008.1954582058588 1.00968337059021
2008.2162921546633 1.007503867149353
2008.2371261043604 1.0059080123901367
2008.257960055032 1.0036245584487915
2008.2787940066196 1.0006266832351685
2008.2996279592198 0.998482346534729
2008.3204619127616 0.9968688488006592
2008.3412958673675 0.9945582151412964
2008.3621298229643 0.9920853972434998
2008.3829637796605 0.9904515147209167
2008.4037977373905 0.9880726933479309
2008.4246316962704 0.9864752888679504
2008.4454656562202 0.9840964078903198
2008.4662996173847 0.9829791784286499
2008.487133579681 0.9818640947341919
2008.5079675432423 0.9807476997375488
2008.5288015079923 0.9799085855484009
2008.5496354740635 0.9796721339225769
2008.5704694413957 0.9794708490371704
2008.5913034101325 0.9799709320068359
2008.6121373801896 0.9794446229934692
2008.6329713517325 0.981514036655426
2008.6538053246718 0.9824572801589966
2008.6746392991765 0.9832135438919067
2008.6954732751722 0.9849424362182617
2008.7163072528426 0.9863482713699341
2008.7371412320879 0.9879397749900818
2008.7579752131076 0.9897565841674805
2008.778809195815 0.9918819069862366
2008.7996431804288 0.9937253594398499
2008.8204771668343 0.9961944222450256
2008.8413111552802 0.9978296160697937
2008.8621451456434 1.000313401222229
2008.882979138183 1.0028821229934692
2008.9038131327873 1.0044227838516235
2008.9246471297367 1.0069292783737183
2008.9454811288904 1.008535623550415
2008.9663151305579 1.010864019393921
2008.9871491345787 1.0131759643554688
2009.0079831413002 1.014432430267334
2009.0288171505506 1.0157370567321777
2009.0496511626686 1.0171695947647095
2009.070485177482 1.0180575847625732
2009.0913191953186 1.0182993412017822
2009.1121532160166 1.0185270309448242
2009.1329872398849 1.0185248851776123
2009.153821266733 1.0173419713974
2009.1746552968334 1.0164674520492554
2009.19548932999 1.0145567655563354
2009.2163233663787 1.0126484632492065
2009.2371574058245 1.0115389823913574
2009.2579914483679 1.0099972486495972
2009.2788254938232 1.0085017681121826