1955.8202973515495 1.0018078088760376
1955.8411302289323 1.0017673969268799
1955.8619631053311 1.0017869472503662
1955.8827959806038 1.0017720460891724
1955.9036288548325 1.0019017457962036
1955.9244617279203 1.0015860795974731
1955.9452945999408 1.0016120672225952
1955.9661274708183 1.0014692544937134
1955.9869603406269 1.0014487504959106
1956.0077932093081 1.0015852451324463
1956.0286260769356 1.0017952919006348
1956.049458943466 1.0014146566390991
1956.07029180898 1.0014970302581787
1956.091124673427 1.0015769004821777
1956.1119575368843 1.0015102624893188
1956.132790399331 1.0017338991165161
1956.1536232608323 1.0012092590332031
1956.1744561213739 1.001121163368225
1956.1952889810173 1.0012476444244385
1956.2161218397548 1.0011540651321411
1956.2369546976445 1.0011284351348877
1956.2577875546826 1.0016207695007324
1956.278620410924 1.0014375448226929
1956.2994532663781 1.0012540817260742
1956.3202861210768 1.0017703771591187
1956.341118975032 1.0015028715133667
1956.3619518282917 1.0017999410629272
1956.3827846808601 1.0015671253204346
1956.4036175327822 1.001481056213379
1956.4244503840634 1.0015599727630615
1956.4452832347454 1.001633882522583
1956.4661160848352 1.0016733407974243
1956.4869489343707 1.0014841556549072
1956.5077817833603 1.0015846490859985
1956.5286146318492 1.0013130903244019
1956.5494474798263 1.0014234781265259
1956.5702803273334 1.0015627145767212
1956.5911131743803 1.0014303922653198
1956.611946020997 1.0015994310379028
1956.632778867193 1.0015748739242554
1956.6536117129954 1.0017999410629272
1956.6744445584145 1.001600742340088
1956.695277403475 1.0014911890029907
1956.716110248198 1.001387357711792
1956.7369430925853 1.0021536350250244
1956.757775936658 1.0017197132110596
1956.7786087804363 1.0013161897659302
1956.7994416239317 1.0015844106674194
1956.8202744671623 1.001247525215149
1956.8411073101395 1.0011228322982788
1956.8619401528795 1.0016872882843018
1956.8827729953944 1.0013961791992188
1956.9036058376983 1.0011974573135376
1956.9244386798032 1.0013543367385864
1956.9452715217221 1.0010416507720947
1956.966104363467 1.0011028051376343
1956.986937205059 1.0013118982315063
1957.0077700464906 1.0009911060333252
1957.0286028877815 1.0008518695831299
1957.049435728944 1.000657081604004
1957.0702685699869 1.0007424354553223
1957.0911014109224 1.0004868507385254
1957.1119342517577 1.001028060913086
1957.1327670925057 1.0012896060943604
1957.1535999331718 1.0013880729675293
1957.1744327737697 1.001278281211853
1957.1952656143037 1.0012061595916748
1957.2160984547968 1.0010008811950684
1957.2369312952324 1.0012102127075195
1957.2577641356343 1.0013736486434937
1957.2785969760046 1.0009456872940063
1957.2994298163571 1.0007333755493164
1957.320262656693 1.000303030014038
1957.3410954970261 1.0011568069458008
1957.361928337357 1.0013936758041382
1957.3827611776999 1.000971794128418
1957.4035940180536 1.0010770559310913
1957.4244268584328 1.0008100271224976
1957.4452596988356 1.0008673667907715
1957.4660925392773 1.0011733770370483
1957.486925379765 1.0009639263153076
1957.5077582202935 1.0011630058288574
1957.5285910608695 1.000990629196167
1957.5494239015086 1.0003911256790161
1957.570256742206 0.9997687339782715
1957.5910895829777 1.0004490613937378
1957.6119224238184 1.0005342960357666
1957.6327552647438 1.0008430480957031
1957.6535881057484 1.000757098197937
1957.674420946848 1.0010563135147095
1957.6952537880463 1.0011405944824219
1957.716086629339 1.0012257099151611
1957.73691947073 1.0011141300201416
1957.757752312235 1.0013582706451416
1957.7785851538465 1.0010015964508057
1957.799417995581 1.000324010848999
1957.8202508374302 1.00023353099823
1957.8410836794112 1.0008074045181274
1957.8619165215152 1.0004674196243286
1957.8827493637586 1.000581979751587
1957.9035822061326 1.0008615255355835
1957.9244150486543 1.0009559392929077
1957.9452478913138 1.0007356405258179
1957.9660807341384 1.0005568265914917
1957.9869135770978 1.0011249780654907
1958.007746420219 1.0013692378997803
1958.0285792634925 1.000967264175415
1958.0494121069348 0.9998140931129456
1958.0702449505352 1.000260353088379
1958.0910777943113 1.0007890462875366
1958.1119106382519 1.0006669759750366
1958.1327434823743 1.0007013082504272
1958.1535763266672 1.0009037256240845
1958.1744091711485 1.0011143684387207
1958.1952420158052 1.0010069608688354
1958.2160748606566 1.000847578048706
1958.2369077056994 1.0000699758529663
1958.2577405509319 0.9999694228172302
1958.2785733963512 1.0004538297653198
1958.2994062419757 1.0009808540344238
1958.3202390877923 0.9999464750289917
1958.3410719338194 1.001144528388977
1958.3619047800432 1.0007613897323608
1958.3827376264826 1.000503659248352
1958.4035704731239 1.0009634494781494
1958.4244033199855 1.0006650686264038
1958.4452361670533 0.9998852610588074
1958.4660690143462 0.9998790621757507
1958.4869018618497 1.0002292394638062
1958.5077347095832 1.000454068183899
1958.5285675575415 1.0003910064697266
1958.5494004057239 1.0008798837661743
1958.5702332541252 1.000935435295105
1958.5910661027651 1.0008138418197632
1958.611898951628 1.001171588897705
1958.6327318007336 1.0005141496658325
1958.6535646500658 0.9997448325157166
1958.6743974996443 1.0004551410675049
1958.6952303494538 1.0002084970474243
1958.7160631995137 1.0003834962844849
1958.7368960498077 1.0010546445846558
1958.7577289003555 1.0010583400726318
1958.7785617511413 1.000604271888733
1958.7993946021847 0.999865710735321
1958.8202274534794 1.000244140625
1958.8410603050252 1.000080943107605
1958.861893156805 1.0009229183197021
1958.88272600887 1.0008832216262817
1958.9035588611723 1.001060128211975
1958.9243917137426 1.0010141134262085
1958.9452245665632 1.001237154006958
1958.966057419655 1.0003926753997803
1958.9868902730009 0.9997677803039551
1959.0077231266207 1.0001691579818726
1959.028555980497 1.0004117488861084
1959.0493888346505 1.0005090236663818
1959.0702216890634 1.0008008480072021
1959.0910545437566 1.0008761882781982
1959.1118873987118 1.0005228519439697
1959.13272025396 0.9997837543487549
1959.153553109453 0.9995675683021545
1959.1743859652418 1.000269889831543
1959.1952188213081 1.0010011196136475
1959.2160516776528 1.0006660223007202
1959.2368845342671 1.0012047290802002
1959.257717391173 1.0007890462875366
1959.278550248351 1.0002681016921997
1959.2993831058227 0.9995739459991455
1959.3202159635694 1.0006260871887207
1959.3410488216116 1.0008471012115479
1959.3618816799315 1.0006940364837646
1959.3827145385496 1.0012879371643066
1959.4035473974473 1.0012197494506836
1959.4243802566457 1.0007930994033813
1959.4452131161258 1.0001147985458374
1959.466045975909 1.0000507831573486
1959.4868788359863 1.0004578828811646
1959.507711696359 1.0006970167160034
1959.528544557017 1.0008941888809204
1959.5493774179733 1.00090754032135
1959.5702102792372 1.0009607076644897
1959.591043140801 1.0001392364501953
1959.6118760026545 1.0001672506332397
1959.6327088648202 1.0006574392318726
1959.6535417272776 1.0005688667297363
1959.674374590049 1.0005911588668823
1959.6952074531143 1.0007429122924805
1959.716040316495 1.0010170936584473
1959.7368731801719 0.9996894001960754
1959.7577060441665 0.9995842576026917
1959.7785389084588 0.999963641166687
1959.7993717730706 0.9997962713241577
1959.8202046379815 1.000725269317627
1959.8410375032145 1.0005313158035278
1959.8618703687482 1.0006287097930908
1959.8827032346155 1.0006790161132812
1959.9035361007755 0.9990089535713196
1959.9243689672608 0.9993957281112671
1959.9452018340505 1.0007201433181763
1959.9660347011672 1.0007781982421875
1959.98686756859 1.000483512878418
1960.0077004363413 1.0008904933929443
1960.0285333044005 1.0001622438430786
1960.04936617279 0.9991459250450134
1960.0701990414889 0.9997951984405518
1960.0910319105194 1.0002987384796143
1960.111864779861 1.0001225471496582
1960.1326976495363 1.0007354021072388
1960.1535305195239 1.0005086660385132
1960.1743633898466 1.0001678466796875
1960.195196260483 0.9997290968894958
1960.2160291314565 1.0002795457839966
1960.236862002745 1.0005906820297241
1960.257694874382 1.00087571144104
1960.2785277463254 1.0006650686264038
1960.2993606185987 0.9998593926429749
1960.3201934912101 0.9995834827423096
1960.3410263641529 1.0002914667129517
1960.361859237415 1.0004122257232666
1960.3826921110199 1.0002317428588867
1960.4035249849455 1.001059651374817
1960.4243578592154 1.0007858276367188
1960.4451907338075 1.0003154277801514
1960.4660236087448 0.999521017074585
1960.4868564840058 1.0001373291015625
1960.5076893596138 1.0000267028808594
1960.5285222355462 1.0001287460327148
1960.5493551118273 1.0002018213272095
1960.5701879884339 1.0003842115402222
1960.5910208653904 0.9999393820762634
1960.6118537426742 0.9999120235443115
1960.6326866203087 1.0004290342330933
1960.6535194982819 1.000399112701416
1960.674352376587 1.0004819631576538
1960.695185255232 1.000775694847107
1960.7160181342404 0.9996569156646729
1960.7368510135695 0.9999759793281555
1960.7576838932534 1.0004546642303467
1960.7785167732693 1.0001094341278076
1960.7993496536415 0.9997493028640747
1960.8201825343465 0.9998090863227844
1960.8410154154087 1.000755786895752
1960.8618482968052 1.0002259016036987
1960.8826811785602 0.999701201915741
1960.9035140606507 1.0002243518829346
1960.9243469431005 1.0006283521652222
1960.945179825887 0.9994867444038391
1960.9660127090342 1.000899314880371
1960.986845592519 1.000604271888733
1961.0076784763658 0.9996062517166138
1961.0285113605512 0.9998598694801331
1961.0493442450995 1.00029718875885
1961.0701771299878 0.9996057748794556
1961.0910100152403 1.0009045600891113
1961.1118429008434 1.0009180307388306
1961.1326757867919 0.9989950656890869
1961.153508673092 1.0000137090682983
1961.1743415597587 1.000169277191162
1961.1951744467783 0.9996193647384644
1961.2160073341552 1.0006262063980103
1961.2368402218758 0.9992672204971313
1961.2576731099653 0.999790608882904
1961.2785059983996 1.0004568099975586
1961.2993388872035 1.0008357763290405
1961.3201717763534 1.0001846551895142
1961.3410046658735 1.0008563995361328
1961.361837555741 1.0005555152893066
1961.3826704459798 0.9998356103897095
1961.4035033365667 1.0002373456954956
1961.424336227526 1.000889539718628
1961.4451691188344 1.0001137256622314
1961.4660020105166 1.0005959272384644
1961.4868349025485 0.9991117119789124
1961.507667794955 1.0004066228866577
1961.5285006877123 0.9999205470085144
1961.5493335808453 1.0002508163452148
1961.57016647433 0.9991586208343506
1961.5909993681917 1.0000687837600708
1961.6118322624056 1.0000219345092773
1961.6326651569975 1.0002214908599854
1961.6534980519427 1.0003273487091064
1961.674330947267 1.0001335144042969
1961.6951638429555 1.0002577304840088
1961.7159967390035 1.000189185142517
1961.736829635417 0.9996957778930664
1961.7576625322213 0.9994226694107056
1961.7784954293718 1.0003621578216553
1961.7993283269036 1.0005079507827759
1961.8201612247929 1.0005989074707031
1961.8409941230645 0.9999731779098511
1961.8618270216946 0.9997442364692688
1961.882659920708 1.000615119934082
1961.90349282008 1.0002598762512207
1961.9243257198368 0.9999765753746033
1961.9451586199534 1.0003695487976074
1961.9659915204554 0.9999071955680847
1961.986824421318 0.9998739361763
1962.007657322567 1.0003814697265625
1962.0284902241776 0.9998059868812561
1962.0493231261753 1.0000247955322266
1962.0701560285356 0.9993001222610474
1962.090988931284 1.000361680984497
1962.1118218343959 1.0006928443908691
1962.1326547378967 1.0004651546478271
1962.1534876417618 0.999918520450592
1962.174320546017 0.9992724061012268
1962.195153450637 0.9997997879981995
1962.215986355648 1.0004807710647583
1962.236819261025 1.0003609657287598
1962.2576521667938 0.9998186826705933
1962.2784850729292 0.9999295473098755
1962.2993179794576 0.9996335506439209
1962.3201508863535 1.000162959098816
1962.3409837936433 1.000697374343872
1962.3618167013014 1.0004724264144897
1962.3826496093538 0.9998051524162292
1962.403482517786 0.9999415874481201
1962.4243154266035 0.9996997714042664
1962.4451483357911 1.0004233121871948
1962.465981245375 0.9999870657920837
1962.48681415533 1.0003831386566162
1962.5076470656822 0.9998789429664612
1962.5284799764065 1.000290036201477
1962.549312887529 0.999809205532074
1962.5701457990237 1.0002278089523315
1962.590978710918 1.0006675720214844
1962.6118116231858 1.000046730041504
1962.6326445358536 0.999608039855957
1962.6534774488957 0.9996137619018555
1962.6743103623387 1.0006492137908936
1962.695143276157 1.0000838041305542
1962.7159761903772 1.0000159740447998
1962.7368091049734 0.999717652797699
1962.7576420199723 0.9999241232872009
1962.7784749353482 1.00041663646698
1962.7993078511279 0.9999234676361084
1962.8201407672852 0.9994884133338928
1962.840973683847 0.9996559619903564
1962.8618066007875 1.0000876188278198
1962.8826395181336 1.0002211332321167
1962.9034724358594 1.000160574913025
1962.9243053539913 0.9995461702346802
1962.9451382725033 0.9993969798088074
1962.965971191423 1.0000470876693726
1962.9868041107238 1.0000817775726318
1963.007637030433 0.9999937415122986
1963.0284699505244 0.9993091821670532
1963.0493028710243 0.999728798866272
1963.0701357919077 0.9989064335823059
1963.0909687132012 1.0005590915679932
1963.1118016348785 0.9999464750289917
1963.1326345569667 1.0006470680236816
1963.1534674794395 0.9992042779922485
1963.1743004023244 0.9992433190345764
1963.1951333255952 0.9999780654907227
1963.2159662492886 0.9998096227645874
1963.2367991733483 1.0000057220458984
1963.2576320978321 0.9993142485618591
1963.2784650227134 0.9995540380477905
1963.2992979479993 1.0002614259719849
1963.3201308736736 1.0000402927398682
1963.3409637997536 1.0004233121871948
1963.3617967262328 0.9995042681694031
1963.382629653139 1.0004088878631592
1963.4034625804152 0.9991913437843323
1963.4242955081286 0.9998800754547119
1963.4451284362235 1.000331163406372
1963.465961364737 1.000482439994812
1963.4867942936428 0.9982166886329651
1963.5076272229678 0.9996094107627869
1963.5284601526857 0.9994109869003296
1963.5492930828145 1.0001693964004517
1963.5701260133574 1.0001554489135742
1963.5909589443115 0.9995246529579163
1963.6117918756604 0.9995370507240295
1963.6326248074324 0.9999158978462219
1963.6534577395998 1.0006285905838013
1963.6742906721913 1.0000240802764893
1963.6951236051793 0.9993099570274353
1963.7159565385919 0.9993017911911011
1963.7367894724025 0.9996384382247925
1963.7576224066388 1.000248670578003
1963.778455341274 0.9988690614700317
1963.7992882763358 0.9994705319404602
1963.8201212117972 0.9998827576637268
1963.8409541476867 0.9999510645866394
1963.861787083977 1.0002912282943726
1963.8826200206963 0.9989274740219116
1963.9034529578173 0.9994170069694519
1963.9242858953685 0.9990183115005493
1963.9451188333223 0.9999978542327881
1963.9659517717078 1.0001792907714844
1963.9867847104967 0.9991863965988159
1964.007617649718 0.9988481402397156
1964.0284505893442 0.9992267489433289
1964.0492835294042 1.00023353099823
1964.0701164698698 0.9992414712905884
1964.0909494107702 0.998913049697876
1964.1117823520776 0.9988107681274414
1964.1326152938211 0.9991986751556396
1964.1534482359725 1.000396966934204
1964.1742811785612 0.9984560608863831
1964.1951141215588 0.9990352392196655
1964.215947064995 0.9987790584564209
1964.2367800088414 1.0002009868621826
1964.2576129531276 0.998843252658844
1964.2784458978251 0.998977541923523
1964.2992788429633 0.9987515807151794
1964.3201117885142 0.9994410276412964
1964.3409447345073 1.0009431838989258
1964.3617776809142 0.9995233416557312
1964.3826106277643 0.9985302686691284
1964.4034435750298 0.999440610408783
1964.4242765227398 0.9998201131820679
1964.445109470866 1.0007433891296387
1964.4659424194385 0.9989534020423889
1964.4867753684282 0.9988957047462463
1964.5076083178656 0.9994286894798279
1964.5284412677217 0.9992361068725586
1964.5492742180265 0.9988844990730286
1964.5701071687513 0.9986406564712524
1964.5909401199265 0.9995093941688538
1964.611773071523 0.9988778829574585
1964.6326060235713 0.9997311234474182
1964.6534389760423 0.9995806217193604
1964.674271928966 0.9986699819564819
1964.6951048823141 0.999109148979187
1964.7159378361168 0.9993451833724976
1964.736770790345 0.9992871880531311
1964.7576037450292 0.998650312423706
1964.7784367001404 0.9984838962554932
1964.7992696557094 0.9979665279388428
1964.8201026117067 1.000190019607544
1964.840935568163 0.998917818069458
1964.8617685250495 0.9990534782409668
1964.8826014823967 0.9993916749954224
1964.9034344401753 0.9990028738975525
1964.9242673984165 0.9996259808540344
1964.9451003570905 0.9986892342567444
1964.9659333162285 0.9990533590316772
1964.9867662758015 0.9989039301872253
1965.0075992358402 0.9990664720535278
1965.0284321963152 0.9996078014373779
1965.0492651572574 0.9980922937393188
1965.0700981186378 0.999305248260498
1965.0909310804877 0.9982823133468628
1965.1117640427772 0.9996218085289001
1965.1325970055377 0.998993992805481
1965.1534299687394 0.9991565942764282
1965.1742629324146 0.9980261325836182
1965.1950958965328 0.9986656308174133
1965.215928861126 0.9997524619102478
1965.2367618261642 0.997995913028717
1965.2575947916794 0.9988643527030945
1965.2784277576413 0.9990050196647644
1965.2992607240826 0.9984534978866577
1965.3200936909725 0.9981089234352112
1965.3409266583435 0.9988726377487183
1965.3617596261652 0.998555064201355
1965.3825925944702 0.9992928504943848
1965.4034255632282 0.999701976776123
1965.4242585324714 0.9970369338989258
1965.4450915021694 0.9985684752464294
1965.4659244723553 0.9982738494873047
1965.4867574429982 0.9992455244064331
1965.507590414131 0.9988834857940674
1965.528423385723 0.9982110261917114
1965.5492563578077 0.9984658360481262
1965.5700893303535 0.9983037710189819
1965.5909223033946 0.9988088011741638
1965.6117552768992 0.9975019097328186
1965.632588250901 0.9980890154838562
1965.6534212253691 0.9985796809196472
1965.6742542003376 0.9983285665512085
1965.6950871757745 0.9990469813346863
1965.7159201517138 0.9988934993743896
1965.7367531281245 0.9987452030181885
1965.7575861050407 0.9987412691116333
1965.7784190824307 0.9980778694152832
1965.799252060329 0.9986072182655334
1965.8200850387034 0.9977644085884094
1965.8409180175895 0.9981656074523926
1965.8617509969547 0.9989507794380188
1965.8825839768344 0.9984099864959717
1965.903416957196 0.9981634020805359
1965.924249938075 0.9976901412010193
1965.945082919439 0.9986605048179626
1965.9659159013243 0.9976946115493774
1965.986748883697 0.9987661838531494
1966.007581866594 0.9982585906982422
1966.0284148499823 0.9982945919036865
1966.0492478338983 0.9989230632781982
1966.0700808183085 0.9990411996841431
1966.0909138032503 0.9987674355506897
1966.1117467886895 0.9980261325836182
1966.132579774664 0.9992253184318542
1966.1534127611396 0.9986380338668823
1966.1742457481544 0.998483419418335
1966.1950787356734 0.9978082776069641
1966.2159117237359 0.9985601305961609
1966.236744712307 0.9988784193992615
1966.2575777014251 0.9982378482818604
1966.2784106910556 0.9985740780830383
1966.2992436812376 0.9989851117134094
1966.320076671936 0.9984046816825867
1966.3409096631906 0.9988399744033813
1966.3617426549658 0.9991035461425781
1966.3825756473016 0.9984391927719116
1966.4034086401525 0.9983474016189575
1966.4242416335787 0.9987934827804565
1966.4450746275447 0.9983305931091309
1966.4659076220712 0.9984038472175598
1966.4867406171318 0.9982487559318542
1966.5075736127585 0.9993398785591125
1966.5284066089444 0.998645007610321
1966.5492396057014 0.9989081621170044
1966.5700726030027 0.9979289174079895
1966.590905600881 0.9990240931510925
1966.611738599319 0.9987332820892334
1966.63257159835 0.9985930323600769
1966.6534045979363 0.9990426898002625
1966.6742375981214 0.9982932806015015
1966.695070598868 0.9993458390235901
1966.7159036002201 0.9986636638641357
1966.7367366021392 0.999021053314209
1966.757569604671 0.9991686344146729
1966.778402607776 0.9973635673522949
1966.7992356115008 0.9979318380355835
1966.8200686158057 0.9991042017936707
1966.8409016207374 0.9989988803863525
1966.8617346262563 0.9956763386726379
1966.88256763241 0.9981933236122131
1966.903400639158 0.9990124106407166
1966.924233646549 0.9990836381912231
1966.9450666545424 0.9977682828903198
1966.9658996631867 0.9985696077346802
1966.9867326724416 0.9988617300987244
1967.007565682357 0.9985772967338562
1967.0283986928907 0.9982069730758667
1967.0492317040944 0.9965479373931885
1967.0700647159256 0.9982606172561646
1967.0908977284366 0.9985859394073486
1967.1117307415846 0.9992895126342773
1967.1325637554228 0.9984115958213806
1967.1533967699077 0.9978603720664978
1967.174229785094 0.9990062117576599
1967.1950628009372 0.9990765452384949
1967.2158958174937 0.9982796311378479
1967.236728834718 0.997607946395874
1967.2575618526673 0.9977627992630005
1967.2783948712965 0.9984270930290222
1967.299227890664 0.9982672333717346
1967.320060910723 0.9973260760307312
1967.3408939315243 0.9990100264549255
1967.3617269530398 0.9987033009529114
1967.3825599753322 0.9992443919181824
1967.4033929983327 0.998252809047699
1967.4242260221054 0.9982102513313293
1967.4450590466201 0.998634397983551
1967.465892071934 0.9994658827781677
1967.4867250980053 0.9984006881713867
1967.5075581248727 0.9977662563323975
1967.5283911525144 0.9981509447097778
1967.5492241809898 0.9988493323326111
1967.5700572102471 0.999213695526123
1967.5908902403582 0.9972565770149231
1967.611723271269 0.9973738193511963
1967.6325563030546 0.9991535544395447
1967.6533893356595 0.9987098574638367
1967.6742223691615 0.997170090675354
1967.6950554035038 0.9983168244361877
1967.7158884387668 0.9987115859985352
1967.736721474892 0.9987446069717407
1967.7575545119635 0.998746395111084
1967.778387549921 0.9986822009086609
1967.7992205888518 0.9980179667472839
1967.8200536286938 0.9991306662559509
1967.840886669538 0.9984863996505737
1967.8617197113208 0.9979498982429504
1967.8825527541367 0.9974796175956726
1967.9033857979198 0.9987677335739136
1967.924218842769 0.999273419380188
1967.945051888617 0.9985658526420593
1967.9658849355665 0.9970324635505676
1967.9867179835476 0.9981241226196289
1968.0075510326685 0.998988151550293
1968.0283840828563 0.9984321594238281
1968.0492171342248 0.998604416847229
1968.0700501866986 0.9977753758430481
1968.0908832403964 0.9992632269859314
1968.1117162952303 0.9997391104698181
1968.1325493513452 0.9988423585891724
1968.1533824086503 0.9989907741546631
1968.1742154672759 1.0000020265579224
1968.1950485271386 1.0001152753829956
1968.2158815883752 0.9992883205413818
1968.2367146508993 0.9984275102615356
1968.2575477148548 0.9989877939224243
1968.2783807801509 0.9994199872016907
1968.299213846939 0.9996510744094849
1968.3200469151252 0.9992421865463257
1969.2783700324667 0.9996654391288757
1969.2992031767521 0.99913090467453
1969.3200363208307 0.9991374611854553
1969.3408694644256 0.9991565942764282
1969.3617026075674 0.9998278617858887
1969.3825357500075 0.9999175667762756
1969.4033688917903 0.9997373819351196
1969.4242020327 0.9999768137931824
1969.4450351727917 1.0001593828201294
1969.4658683118848 1.0001623630523682
1969.4867014500428 0.9995291233062744
1969.5075345871187 0.9997830390930176
1969.5283677231805 0.9996845126152039
1969.5492008581118 1.000199794769287
1969.5700339919847 1.0000476837158203
1969.590867124699 0.9997011423110962
1969.6117002563474 1.0000030994415283
1969.6325333868526 1.0003889799118042
1969.6533665162867 1.0001778602600098
1969.6741996446015 0.9998575448989868
1969.695032771867 0.9996636509895325
1969.7158658980493 0.9999173879623413
1969.736699023217 1.0000675916671753
1969.757532147347 1.0002402067184448
1969.7783652705057 0.9998025298118591
1969.7991983926786 1.0002591609954834
1969.8200315139286 1.0001020431518555
1969.8408646342484 1.0001651048660278
1969.8616977536974 1.0001188516616821
1969.882530872274 0.9997680187225342
1969.9033639900329 1.0001457929611206
1969.9241971069766 1.0000629425048828
1969.945030223147 0.9996829032897949
1969.965863338579 0.9993955492973328
1969.9866964532912 1.0003528594970703
1970.0075295672905 0.9999712109565735
1970.0283626806415 0.9995988011360168
1970.0491957933436 0.9996329545974731
1970.0700289054378 1.0001068115234375
1970.0908620169341 1.0000553131103516
1970.111695127871 0.999975323677063
1970.1325282382586 0.9999419450759888
1970.1533613481329 0.9999265670776367
1970.174194457505 1.000280499458313
1970.195027566407 1.0002903938293457
1970.215860674851 1.0001417398452759
1970.236693782866 0.9996837377548218
1970.2575268904652 1.0001516342163086
1970.2783599976744 1.0000481605529785
1970.2991931045071 1.000036597251892
1970.3200262109765 0.9999410510063171
1970.3408593171164 1.0002435445785522
1970.3616924229382 1.0007518529891968
1970.3825255284553 1.000081181526184
1970.403358633687 1.0005207061767578
1970.4241917386466 1.000045895576477
1970.4450248433518 1.0003011226654053
1970.4658579478164 1.0004404783248901
1970.4866910520552 0.9999287128448486
1970.5075241560821 0.9998090863227844
1970.528357259911 1.0006130933761597
1970.5491903635557 1.0005073547363281
1970.570023467028 1.0005755424499512
1970.5908565703417 1.000324010848999
1970.6116896735068 1.0002272129058838
1970.6325227765383 1.0002719163894653
1970.6533558794442 1.0003520250320435
1970.6741889822392 0.9995034337043762
1970.69502208493 1.0003875494003296
1970.7158551875216 1.0002856254577637
1970.7366882900394 0.9998078346252441
1970.7575213924883 0.9998670816421509
1970.7783544948727 0.999948263168335
1970.7991875972075 1.0003325939178467
1970.820020699496 1.0000768899917603
1970.840853801753 0.9997087717056274
1970.8616869039806 0.9999536275863647
1970.8825200061945 1.0002604722976685
1970.9033531083946 1.0002760887145996
1970.9241862105976 0.9999535083770752
1970.9450193128025 0.9997467398643494
1970.9658524150252 1.0002719163894653
1970.9866855172643 1.000159740447998
1971.0075186195363 1.0004218816757202
1971.0283517218386 0.9995273351669312
1971.0491848241772 1.0001428127288818
1971.0700179265693 1.000762939453125
1971.0908510290208 0.9998817443847656
1971.1116841315284 1.0001614093780518
1971.132517234108 1.0002995729446411
1971.1533503367555 1.0004427433013916
1971.174183439487 1.0001076459884644
1971.195016542297 0.9999629855155945
1971.2158496452028 0.9996377825737
1971.2366827481978 0.9999789595603943
1971.2575158512996 0.9996697306632996
1971.2783489545004 0.9995667934417725
1971.2991820578181 1.0002672672271729
1971.320015161245 0.9996597766876221
1971.3408482647985 0.999868631362915
1971.3616813684603 0.9995711445808411
1971.3825144722678 0.9995954036712646
1971.4033475762028 0.9996818900108337
1971.4241806802827 0.9989283084869385
1971.445013784498 0.9998770952224731
1971.465846888867 0.9988831281661987
1971.486679993379 1.00026535987854
1971.507513098053 0.9992627501487732
1971.5283462028785 0.9997755289077759
1971.5491793078734 0.9995152950286865
1971.5700124130265 0.9999136328697205
1971.590845518357 0.9992783069610596
1971.611678623853 1.0001873970031738
1971.6325117295332 0.9996816515922546
1971.6533448353857 0.9994368553161621
1971.6741779414192 1.0001720190048218
1971.6950110476416 0.9992005228996277
1971.7158441540616 0.9996469020843506
1971.736677260667 0.9999966621398926
1971.7575103674758 0.9996429085731506
1971.7783434744758 0.9992043375968933
1971.799176581686 0.9999488592147827
1971.820009689093 0.9996336102485657
1971.8408427967158 0.9998829960823059
1971.8616759045406 0.9997941255569458
1971.882509012587 1.000006914138794
1971.9033421208412 0.9997925758361816
1971.9241752293221 0.9996886849403381
1971.9450083380157 1.0001685619354248
1971.965841446931 0.999321699142456
1971.9866745560741 0.9999509453773499
1972.0075076654546 1.0001413822174072
1972.028340775057 1.000343680381775
1972.0491738849012 0.9985942244529724
1972.0700069949723 0.9993937015533447
1972.09084010529 0.9997583627700806
1972.111673215839 0.9997377991676331
1972.132506326639 0.999045729637146
1972.153339437674 0.999823808670044
1972.1741725489649 0.9997022747993469
1972.1950056604949 1.0000038146972656
1972.2158387722748 0.9998657703399658
1972.236671884308 1.0002003908157349
1972.2575049966044 0.9998328685760498
1972.2783381091483 0.9992239475250244
1972.29917122196 1.000062346458435
1972.3200043350223 0.999477744102478
1972.3408374483556 0.999674916267395
1972.3616705619436 0.9993672966957092
1972.3825036758067 0.9997423887252808
1972.4033367899276 0.9991963505744934
1972.4241699043268 0.999367356300354
1972.445003018987 0.9995566010475159
1972.4658361339295 0.9998314380645752
1972.4866692491362 0.9997739195823669
1972.5075023646184 0.9991406798362732
1972.5283354803776 0.9996804594993591
1972.5491685964255 1.0000134706497192
1972.5700017127438 1.0000076293945312
1972.590834829354 0.9991457462310791
1972.6116679462373 0.9998400807380676
1972.6325010634152 0.999544620513916
1972.6533341808693 0.9996583461761475
1972.6741672986211 0.9996348023414612
1972.695000416652 0.9994059801101685
1972.7158335349832 0.999624490737915
1972.7366666535856 1.0002148151397705
1972.757499772502 0.9997764229774475
1972.778332891702 0.999837338924408
1972.7991660112082 0.9999565482139587
1972.8199991310007 0.9996405243873596
1972.840832251102 0.9997799396514893
1972.8616653714926 0.9998398423194885
1972.8824984921941 0.9998797178268433
1972.903331613187 1.0002299547195435
1972.9241647344934 1.0000139474868774
1972.9449978560838 0.9996650815010071
1972.9658309780102 0.999542236328125
1972.9866641002225 0.9998481869697571
1973.0074972227433 1.0001399517059326
1973.028330345572 0.9995589852333069
1973.0491634687214 0.9996007084846497
1973.0699965921713 0.9994254112243652
1973.0908297159438 0.9998448491096497
1973.1116628400187 0.9999993443489075
1973.1324959644187 0.9998140931129456
1973.1533290891232 0.9995502829551697
1973.1741622141546 0.9994475245475769
1973.1949953394926 1.0006991624832153
1973.2158284651593 0.999029815196991
1973.2366615911246 0.9993519186973572
1973.257494717431 0.9997397065162659
1973.2783278440477 1.0001938343048096
1973.2991609709973 0.9989294409751892
1973.319994098259 0.9996219873428345
1973.3408272258557 1.0000170469284058
1973.3616603537662 0.9995589852333069
1973.3824934820134 0.9999658465385437
1973.4033266105762 0.9994213581085205
1973.4241597394775 1.000048041343689
1973.4449928686963 1.000280737876892
1973.4658259982555 1.000161051750183
1973.4866591281236 0.9996322989463806
1973.5074922583435 0.9992059469223022
1973.5283253888842 0.9996616244316101
1973.5491585197688 0.9999000430107117
1973.5699916509755 0.9992390275001526
1973.5908247825273 0.9996776580810547
1973.611657914403 0.9999861121177673
1973.6324910466258 0.9999569058418274
1973.653324179174 0.9997102618217468
1973.6741573120707 0.9995318651199341
1973.6949904452838 0.9995175004005432
1973.7158235788575 0.9994723796844482
1973.7366567127592 1.000249981880188
1973.7574898470127 0.9991185665130615
1973.7783229815955 1.0000077486038208
1973.7991561165315 0.9998682737350464
1973.8199892517987 0.9997182488441467
1973.8408223874205 0.999913215637207
1973.8616555233748 0.9992789626121521
1973.8824886596847 0.9998435974121094
1973.9033217963186 1.000075101852417
1973.9241549333299 0.9991100430488586
1973.9449880706563 0.9993664026260376
1973.9658212083514 0.9996557831764221
1973.9866543463825 1.0001970529556274
1974.0074874847742 1.000123381614685
1974.0283206235033 0.999535083770752
1974.0491537625937 1.000061273574829
1974.069986902023 0.9995110034942627
1974.090820041815 0.9997525811195374
1974.111653181947 0.9991209506988525
1974.1324863224431 0.9998900890350342
1974.1533194632705 0.9996066689491272
1974.1741526044727 0.999599814414978
1974.1949857460177 0.9994210600852966
1974.2158188879291 0.9994941353797913
1974.2366520301841 0.9994326829910278
1974.2574851728068 0.9995468854904175
1974.2783183157737 0.9995546936988831
1974.29915145911 0.9991689920425415
1974.3199846027917 1.0000555515289307
1974.3408177468436 0.9998226761817932
1974.361650891232 1.000038743019104
1974.3824840360019 0.9999322891235352
1974.4033171811197 0.9991371035575867
1974.4241503266098 1.0000051259994507
1974.444983472449 1.0000007152557373
1974.4658166186612 0.9998052716255188
1974.4866497652235 0.9993586540222168
1974.5074829121606 0.9989951252937317
1974.5283160594486 0.9999179244041443
1974.549149207112 0.9998903870582581
1974.5699823551174 0.9992340803146362
1974.5908155035097 0.9992473125457764
1974.6116486522549 0.9999587535858154
1974.6324818013777 1.0000287294387817
1974.6533149508543 0.99919593334198
1974.67414810071 0.9989134073257446
1974.6949812509204 1.0000685453414917
1974.7158144015107 1.000442624092102
1974.7366475524568 0.9996151328086853
1974.7574807037834 0.998874843120575
1974.7783138554569 0.9991186857223511
1974.7991470075222 1.000251054763794
1974.8199801599453 1.0002005100250244
1974.8408133127507 0.9980747103691101
1974.861646465915 0.9995023608207703
1974.882479619463 1.0000253915786743
1974.9033127733708 0.9996508955955505
1974.9241459276627 0.9996436834335327
1974.944979082315 0.9986056685447693
1974.9658122373432 0.9999693036079407
1974.9866453927525 1.0001176595687866
1975.0074785485283 0.9998270869255066
1975.0283117046763 0.9995949268341064
1975.0491448612113 0.9992865324020386
1975.0699780181096 0.9999637603759766
1975.090811175396 1.0000666379928589
1975.1116443330466 0.9987434148788452
1975.1324774910859 0.9989833831787109
1975.15331064948 1.0002983808517456
1975.1741438082745 1.0000684261322021
1975.1949769674343 0.9992386102676392
1975.215810126985 0.9993008375167847
1975.2366432869019 0.9993599653244019
1975.2574764472106 1.0001789331436157
1975.2783096078865 0.9993913769721985
1975.299142768955 0.9987378716468811
1975.3199759303916 0.9991132020950317
1975.3408090922214 1.000052809715271
1975.3616422544103 0.999893307685852
1975.3824754170032 0.9983261823654175
1975.4033085799658 0.999501645565033
1975.4241417433234 0.9995445609092712
1975.4449749070513 1.0001816749572754
1975.4658080711754 0.9993754625320435
1975.4866412356705 0.9991964101791382
1975.5074744005622 1.0002806186676025
1975.5283075658258 0.9999697208404541
1975.549140731477 0.9995747208595276
1975.5699738975109 0.9991078972816467
1975.5908070639432 1.0001167058944702
1975.6116402307487 0.9996697306632996
1975.6324733979536 0.9993818402290344
1975.6533065655326 0.9995352625846863
1975.6741397335115 0.999555766582489
1975.6949729018654 0.9995754957199097
1975.71580607062 0.9997499585151672
1975.73663923974 0.9990782737731934
1975.757472409272 0.9991168975830078
1975.7783055791801 0.9998993873596191
1975.7991387494906 1.0002552270889282
1975.819971920178 0.999550461769104
1975.8408050912685 0.9998619556427002
1975.8616382627372 0.9998713731765747
1975.8824714346094 0.9999843835830688
1975.9033046068503 0.99933260679245
1975.9241377795058 0.9990983605384827
1975.9449709525406 1.0000697374343872
1975.9658041259809 0.9998350143432617
1975.986637299801 0.9994499683380127
1976.0074704740273 0.9995049834251404
1976.0283036486344 0.9993380308151245
1976.0491368236483 1.0003782510757446
1976.0699699990437 0.9995615482330322
1976.0908031748468 0.9994023442268372
1976.1116363510218 0.9988930225372314
1976.1324695276155 0.9997204542160034
1976.153302704592 1.0002238750457764
1976.1741358819777 0.9998477101325989
1976.1949690597467 0.9995099306106567
1976.215802237926 0.9996134638786316
1976.2366354164894 0.9998549818992615
1976.2574685954635 0.9991204738616943
1976.2783017748225 0.9995740652084351
1976.2991349545828 1.0000483989715576
1976.319968134739 1.0006089210510254
1976.3408013153073 1.0000542402267456
1976.361634496262 0.9994133710861206
1976.3824676776296 0.9996107816696167
1976.4033008593842 0.9998947978019714
1976.4241340415526 1.000144600868225
1976.4449672241087 0.9997164011001587
1976.4658004070793 0.999996542930603
1976.486633590428 0.9994838237762451
1976.5074667742024 0.9999649524688721
1976.5282999583658 0.9991816282272339
1976.549133142945 0.9990923404693604
1976.5699663279142 1.000198483467102
1976.5907995132998 1.0000721216201782
1976.6116326990764 0.9999145865440369
1976.6324658852702 0.9997090101242065
1976.6532990718554 0.9994271397590637
1976.6741322588484 1.0000137090682983
1976.6949654462437 0.9997673630714417
1976.715798634058 0.9993796348571777
1976.736631822265 0.9997115135192871
1976.7574650108916 0.9996504187583923
1976.7782981999114 0.9997994899749756
1976.799131389352 0.9994478225708008
1976.8199645791767 0.9997562170028687
1976.8407977694326 1.0003044605255127
1976.8616309600834 0.9997957348823547
1976.8824641511558 0.9990143179893494
1976.903297342624 0.9997643828392029
1976.9241305345151 0.999970018863678
1976.9449637268024 0.9998072385787964
1976.9657969195032 1.0000041723251343
1976.986630112611 0.9990575313568115
1977.007463306143 0.999575138092041
1977.028296500073 0.9999670386314392
1977.049129694428 1.0000042915344238
1977.0907960843608 1.000529170036316
1977.1116292799395 1.0005422830581665
1977.1324624759447 1.0002009868621826
1977.15329567235 1.0004724264144897
1977.1741288691724 1.0003474950790405
1977.1949620664059 1.0002617835998535
1977.2157952640678 1.0004591941833496
1977.236628462131 0.9999188780784607
1977.257461660623 1.000127911567688
1977.2782948595175 1.0007556676864624
1977.299128058842 1.0001477003097534
1977.3199612585695 1.0003790855407715
1977.3407944587177 1.0006914138793945
1977.3616276592795 1.0009208917617798
1977.382460860273 1.0006664991378784
1977.4032940616712 1.0006186962127686
1977.4241272635018 1.0002307891845703
1977.4449604657377 1.0010594129562378
1977.4657936684068 1.0004496574401855
1977.486626871472 1.0003513097763062
1977.5074600749815 1.0002225637435913
1977.528293278898 1.0008939504623413
1977.5491264832492 1.000317096710205
1977.5699596880086 1.0003312826156616
1977.5907928932036 1.0003162622451782
1977.6116260988074 1.0009102821350098
1977.632459304848 1.001146912574768
1977.6532925112876 1.000525951385498
1977.6741257181752 1.0004870891571045
1977.6949589254732 1.0007685422897339
1977.7157921332098 1.000821590423584
1977.7366253413572 1.0007765293121338
1977.7574585499444 1.0005375146865845
1977.7782917589436 1.0006189346313477
1977.7991249683832 1.0007513761520386
1977.8199581782258 1.0006999969482422
1977.8407913885196 1.0004551410675049
1977.8616245992273 1.0006123781204224
1977.8824578103774 1.0006524324417114
1977.9032910219423 1.0004017353057861
1977.9241242339504 1.0005651712417603
1977.944957446364 1.000638484954834
1977.9657906592322 1.0006376504898071
1977.9866238725167 1.0007741451263428
1978.0074570862469 1.0007593631744385
1978.0282903003942 1.0003389120101929
1978.0491235149882 1.0004873275756836
1978.0699567300005 1.000648856163025
1978.0907899454603 1.000640630722046
1978.1116231613296 1.000919222831726
1978.132456377657 1.0003091096878052
1978.1532895944054 1.0006670951843262
1978.1741228116032 1.0006979703903198
1978.1949560292223 1.0002144575119019
1978.2157892472924 1.0003358125686646
1978.2366224657844 1.0005486011505127
1978.2574556847187 1.0006059408187866
1978.2782889040866 1.0005484819412231
1978.2991221239072 1.00034761428833
1978.3199553441523 1.0003489255905151
1978.3407885648517 1.0007017850875854
1978.361621785977 1.0005207061767578
1978.3824550075574 1.0005390644073486
1978.4032882295646 1.000449299812317
1978.4241214520182 1.0004769563674927
1978.44495467491 1.0005534887313843
1978.4657878982594 1.0001447200775146
1978.4866211220378 1.0003753900527954
1978.5074543462756 1.000827670097351
1978.5282875709433 1.0004336833953857
1978.5491207960615 1.0004323720932007
1978.5699540216212 1.0007506608963013
1978.5907872476425 1.0008702278137207
1978.6116204740965 1.0003557205200195
1978.6324537010137 1.0003594160079956
1978.6532869283649 1.0005974769592285
1978.6741201561804 1.0002838373184204
1978.694953384431 1.000622272491455
1978.7157866131374 1.000362753868103
1978.7366198422908 1.0002223253250122
1978.7574530719112 1.0007991790771484
1978.7782863019697 1.000298023223877
1978.799119532497 1.0000602006912231
1978.819952763463 1.0001431703567505
1978.8407859949 1.0007096529006958
1978.8616192267775 1.0004711151123047
1978.8824524591168 1.000266194343567
1978.9032856919084 1.0003080368041992
1978.9241189251734 1.000466227531433
1978.9449521588824 1.000461459159851
1978.9657853930662 1.0009207725524902
1978.9866186276954 1.0005770921707153
1979.007451862791 1.0004855394363403
1979.0282850983438 1.0005611181259155
1979.0491183343752 1.0005258321762085
1979.0699515708548 1.000433087348938
1979.0907848078148 1.0002623796463013
1979.1116180452248 1.0009653568267822
1979.132451283117 1.0006924867630005
1979.153284521461 1.0001283884048462
1979.1741177602792 1.0005042552947998
1979.1949509995607 1.0004101991653442
1979.2157842393283 1.0003182888031006
1979.2366174795513 1.000624418258667
1979.2574507202623 1.0007339715957642
1979.2782839614306 0.9996417760848999
1979.2991172030886 0.999643862247467
1979.3199504451961 1.0006572008132935
1979.3407836878057 1.0008095502853394
1979.3616169308764 0.999798059463501
1979.3824501744411 1.0005669593811035
1979.4032834184695 0.9998775124549866
1979.4241166629943 1.000201940536499
1979.4449499079844 0.9998777508735657
1979.4657831534635 1.0003468990325928
1979.48661639942 0.9998781085014343
1979.5074496458778 1.0007573366165161
1979.5282828928055 1.000022053718567
1979.5491161402367 1.0000174045562744
1979.5699493881402 1.0002052783966064
1979.5907826365399 1.000732660293579
1979.6116158854243 1.000355839729309
1979.6324491348175 1.0002319812774658
1979.6532823846878 0.9998447895050049
1979.6741156350697 1.00066339969635
1979.6949488859314 1.0002180337905884
1979.7157821372973 1.0003728866577148
1979.7366153891558 1.0001542568206787
1979.7574486415317 1.0001499652862549
1979.7782818943924 1.0004136562347412
1979.799115147774 0.9996771812438965
1979.8199484016434 1.0003689527511597
1979.8407816560364 1.0003553628921509
1979.8616149109205 1.000441074371338
1979.8824481663212 0.9998440742492676
1979.903281422226 1.0002909898757935
1979.9241146786612 1.0003241300582886
1979.9449479355937 1.0007340908050537
1979.9657811930601 0.9996867179870605
1979.986614451027 1.0002087354660034
1980.0074477095216 0.9997862577438354
1980.02828096853 1.0008296966552734
1980.04911422808 0.9997542500495911
1980.0699474881374 1.0000247955322266
1980.0907807487404 1.000058889389038
1980.1116140098547 1.000179648399353
1980.1324472715187 0.9997599124908447
1980.153280533688 0.999969482421875
1980.174113796421 0.9999175667762756
1980.1949470596735 1.0004472732543945
1980.2157803234843 1.0003465414047241
1980.236613587819 1.0000672340393066
1980.2574468527064 1.0003631114959717
1980.278280118132 1.0004639625549316
1980.2991133841258 1.0007041692733765
1980.3199466506524 0.9993574023246765
1980.3407799177521 0.9994326233863831
1980.3616131853892 1.0000587701797485
1980.3824464536049 1.0005953311920166
1980.4032797223633 0.9998552799224854
1980.4241129916961 1.0005242824554443
1980.444946261587 1.000187635421753
1980.4657795320675 0.9999260306358337
1980.4866128031017 1.0003000497817993
1980.5074460747323 0.9997674226760864
1980.5282793469223 1.0004316568374634
1980.549112619705 1.0001740455627441
1980.5699458930633 1.0000622272491455
1980.5907791670313 0.9997873902320862
1980.611612441571 1.000533938407898
1980.6324457167277 1.0003401041030884
1980.653278992463 0.9998629093170166
1980.6741122688127 0.9998238682746887
1980.694945545758 1.0004315376281738
1980.715778823336 0.999908447265625
1980.7366121015068 1.0004560947418213
1980.7574453803186 0.9998539686203003
1980.7782786597313 0.9999361634254456
1980.7991119397939 1.0006096363067627
1980.8199452204558 1.0003654956817627
1980.8407785017864 0.9996048212051392
1980.8616117837353 1.0000792741775513
1980.8824450663533 1.0002000331878662
1980.9032783495984 1.000367283821106
1980.924111633523 0.9994816184043884
1980.9449449180745 0.9999939203262329
1980.9657782033266 1.000004768371582
1980.986611489226 1.000207543373108
1981.007444775828 0.999230146408081
1981.0282780630882 1.000073790550232
1981.049111351053 1.0001455545425415
1981.0699446396982 1.0004876852035522
1981.0907779290712 0.9998627305030823
1981.1116112191269 1.000062108039856
1981.132444509924 1.0000394582748413
1981.1532778014173 1.0005253553390503
1981.1741110936675 0.999539852142334
1981.1949443866276 0.9996472597122192
1981.2157776803506 0.9999514222145081
1981.2366109748082 1.0000747442245483
1981.257444270056 1.0001529455184937
1981.2782775660446 1.0000593662261963
1981.2991108628414 1.0001306533813477
1981.319944160386 0.9996216297149658
1981.3407774587681 1.0001734495162964
1981.3616107579267 1.0000745058059692
1981.382444057934 0.9997351765632629
1981.403277358737 1.0006197690963745
1981.4241106604106 1.000461220741272
1981.4449439628916 0.9997875094413757
1981.4657772662774 1.0003719329833984
1981.4866105705028 1.0002312660217285
1981.5074438756494 1.0002732276916504
1981.5282771816594 0.9999870657920837
1981.5491104886185 1.0000807046890259
1981.5699437964677 1.0005303621292114
1981.590777105286 1.000265121459961
1981.6116104150321 1.0000953674316406
1981.6324437257904 0.9998933672904968
1981.6532770374972 1.000220537185669
1981.6741103502509 1.0005420446395874
1981.6949436639864 0.9995080828666687
1981.7157769787966 1.000313639640808
1981.7366102946346 1.0003143548965454
1981.757443611599 1.0002357959747314
1981.7782769296196 1.0001667737960815
1981.7991102488113 1.0000742673873901
1981.8199435690913 0.9999174475669861
1981.8407768906015 1.0002515316009521
1981.8616102132557 1.0004621744155884
1981.882443537183 0.999829888343811
1981.903276862304 0.9999796152114868
1981.9241101887558 1.0003559589385986
1981.9449435164456 1.0004150867462158
1981.965776845539 1.000179409980774
1981.9866101759392 0.9998757839202881
1982.007443507801 1.0000674724578857
1982.0282768410343 1.0002895593643188
1982.0491101758037 0.9998680353164673
1982.0699435120036 1.0005204677581787
1982.0907768498307 1.000230312347412
1982.111610189174 1.0005110502243042
1982.1324435302217 1.000149130821228
1982.153276872868 0.999607503414154
1982.1741102173128 0.9996283650398254
1982.1949435634344 1.0000548362731934
1982.215776911466 1.0005114078521729
1982.2366102612796 1.0003974437713623
1982.2574436131008 1.0003606081008911