1410.9330277176236 1.0021880865097046
1410.9538613494112 1.0019294023513794
1410.9746949792636 1.0005874633789062
1410.995528607177 1.0007045269012451
1411.0163622331481 1.0016956329345703
1411.0371958571761 1.0012446641921997
1411.0580294792603 1.0013028383255005
1411.0788630994018 1.001292109489441
1411.099696717603 1.001284122467041
1411.1205303338666 1.0012727975845337
1411.1413639482075 1.0012245178222656
1411.16219756061 1.0013505220413208
1411.1830311710899 1.000861406326294
1411.203864779654 1.0018112659454346
1411.2246983863085 1.0010466575622559
1411.2455319910619 1.0013811588287354
1411.2663655939216 1.001763939857483
1411.2871991948964 1.0010520219802856
1411.3080327939956 1.0012691020965576
1411.3288663912274 1.001367211341858
1411.3496999866024 1.0012527704238892
1411.3705335801296 1.0013867616653442
1411.3913671718299 1.001447319984436
1411.4122007616932 1.0011032819747925
1411.4330343497393 1.001208782196045
1411.45386793598 1.0013399124145508
1411.474701520425 1.001298427581787
1411.495535103085 1.0013010501861572
1411.5163686839717 1.0011301040649414
1411.537202263095 1.001222014427185
1411.5580358404663 1.0013691186904907
1411.5788694160965 1.001150369644165
1411.5997029899966 1.0016558170318604
1411.6205365621875 1.0016453266143799
1411.6413701326594 1.0015785694122314
1411.662203701434 1.0010278224945068
1411.6830372685215 1.0016697645187378
1411.7038708339333 1.0012155771255493
1411.724704397679 1.001611590385437
1411.7455379597702 1.0010782480239868
1411.7663715202166 1.0015952587127686
1411.7872050790293 1.00145423412323
1411.8080386362178 1.001632571220398
1411.8288721917932 1.0011740922927856
1411.849705745775 1.001404881477356
1411.8705392981437 1.001011848449707
1411.8913728489483 1.0013198852539062
1411.9122063981697 1.0015428066253662
1411.933039945827 1.0014113187789917
1411.9538734919297 1.0014389753341675
1411.9747070364874 1.0018337965011597
1411.9955405795095 1.0013991594314575
1412.0163741210051 1.0014173984527588
1412.0372076609833 1.0015887022018433
1412.0580411994636 1.0012363195419312
1412.078874736434 1.0015442371368408
1412.0997082719036 1.0013699531555176
1412.1205418059114 1.0012949705123901
1412.1413753384354 1.0018317699432373
1412.1622088694946 1.0013068914413452
1412.1830423990968 1.0014115571975708
1412.2038759272498 1.0017192363739014
1412.2247094539628 1.001692771911621
1412.2455429792421 1.0014210939407349
1412.2663765030975 1.000088095664978
1412.2872100255447 1.000412106513977
1412.308043546573 1.0016582012176514
1412.328877066199 1.0013635158538818
1412.3497105844303 1.0013238191604614
1412.3705441012737 1.0016242265701294
1412.3913776167376 1.0016107559204102
1412.4122111308272 1.0017142295837402
1412.4330446435513 1.001746654510498
1412.4538781549156 1.0013808012008667
1412.474711664937 1.001176357269287
1412.495545173593 1.0014694929122925
1412.5163786809292 1.001745343208313
1412.5372121869223 1.001808762550354
1412.5580456915886 1.001719355583191
1412.5788791949349 1.0015037059783936
1412.5997126969667 1.0021134614944458
1412.6205461976904 1.0013318061828613
1412.641379697112 1.001689076423645
1412.6622131952374 1.0018327236175537
1412.6830466920726 1.0017045736312866
1412.7038801876229 1.0017884969711304
1412.7247136819044 1.0015300512313843
1412.7455471749022 1.0014207363128662
1412.7663806666324 1.0017465353012085
1412.7872141571002 1.0015722513198853
1412.8080476463101 1.0013227462768555
1412.8288811342688 1.0019856691360474
1412.84971462098 1.0017602443695068
1412.8705481064503 1.0021334886550903
1412.8913815906837 1.001854658126831
1412.912215073695 1.0017231702804565
1412.9330485554701 1.001755714416504
1412.953882036023 1.001660943031311
1412.9747155153586 1.0019619464874268
1412.9955489934819 1.0014808177947998
1413.0163824703968 1.001721739768982
1413.0372159461087 1.0014904737472534
1413.0580494206215 1.0016608238220215
1413.07888289394 1.0018271207809448
1413.0997163660682 1.0020681619644165
1413.120549837011 1.0017796754837036
1413.1413833067818 1.0020232200622559
1413.1622167753653 1.0017142295837402
1413.1830502427756 1.0019862651824951
1413.2038837090167 1.0019582509994507
1413.2247171740926 1.001799464225769
1413.2455506380072 1.0017741918563843
1413.2872175623681 0.9999103546142578
1413.3080510228226 0.9998717308044434
1413.3288844821407 1.000285029411316
1413.3497179403064 0.9998229146003723
1413.3705513973339 1.000064730644226
1413.391384853226 1.000029444694519
1413.412218307987 0.9999420642852783
1413.4330517616197 0.999830424785614
1413.4538852141281 1.0001647472381592
1413.4747186655154 1.0003530979156494
1413.4955521157851 0.9999028444290161
1413.51638556494 1.000057578086853
1413.5372190129942 0.9997395873069763
1413.5580524599307 0.9996419548988342
1413.578885905762 0.9996874928474426
1413.599719350492 0.9999998807907104
1413.6205527941236 0.999618411064148
1413.6413862366599 1.0000075101852417
1413.6622196781038 0.9998842477798462
1413.6830531184585 1.0001850128173828
1413.7038865577267 0.999836802482605
1413.7247199959215 0.9998345971107483
1413.745553433026 0.9996805191040039
1413.766386869053 1.0001188516616821
1413.7872203040047 0.9998244047164917
1413.8080537378846 0.9997684955596924
1413.8288871706955 0.9999521374702454
1413.849720602439 0.9998204112052917
1413.870554033119 1.0
1413.891387462748 0.9998069405555725
1413.9122208913077 0.9999078512191772
1413.974721170662 0.9999088048934937
1413.9955545950127 0.9997648596763611
1414.016388018318 0.9996453523635864
1414.037221440579 1.0000890493392944
1414.0580548617995 0.9999319911003113
1414.078888281991 1.0002243518829346
1414.0997217011359 1.0001040697097778
1414.1205551192468 0.9998660683631897
1414.1413885363258 0.9997162818908691
1414.1622219523756 0.9999349117279053
1414.1830553673979 0.9996541738510132
1414.203888781395 0.9997043609619141
1414.2247221943696 1.0002487897872925
1414.245555606333 1.000025987625122
1414.2663890172685 0.9999446868896484
1414.2872224271873 0.9998270869255066
1414.3080558360916 1.0002446174621582
1414.3288892439841 0.9997137784957886
1414.349722650866 0.999266505241394
1414.37055605674 1.0000503063201904
1414.3913894616076 0.9997206926345825
1414.4122228654815 0.9995304942131042
1414.4330562683433 0.9996193647384644
1414.4538896702043 0.9997310042381287
1414.4747230710677 0.9994800686836243
1414.4955564709346 0.9992325305938721
1414.5163898698067 0.9997920393943787
1414.5372232676864 0.9999998211860657
1414.5580566645751 1.0001341104507446
1414.578890060485 1.000133752822876
1414.599723455388 1.0001039505004883
1414.6205568493253 0.9999156594276428
1414.6413902422696 0.9997004270553589
1414.6622236342316 1.0000107288360596
1414.6830570252137 1.000150203704834
1414.7038904152173 0.9998209476470947
1414.7247238042446 1.000166416168213
1414.745557192307 1.0001856088638306
1414.7663905793759 0.9998717904090881
1414.7872239654932 1.0000207424163818
1414.8080573506306 0.9999722838401794
1414.8288907347994 1.0000683069229126
1414.8497241180019 1.000041127204895
1414.8705575002389 0.999903678894043
1414.8913908815125 1.0000224113464355
1414.9122242618341 1.0000544786453247
1414.9330576411753 1.0002236366271973
1414.9538910195772 0.9996664524078369
1414.9747243970119 1.000108003616333
1414.9955577734909 0.9993500709533691
1415.016391149015 0.9999570250511169
1415.0372245235867 1.0000603199005127
1415.0580578972063 0.9996893405914307
1415.078891269886 0.9993997812271118
1415.0997246416077 0.9997475147247314
1415.1205580123815 0.9995832443237305
1415.1413913822103 0.9994332194328308
1415.1622247510943 0.999880850315094
1415.1830581190352 0.9991981387138367
1415.2038914860345 0.9997807741165161
1415.2247248520937 1.0001850128173828
1415.245558217224 0.999687910079956
1415.2663915814067 0.9997685551643372
1415.287224944653 0.9993465542793274
1415.3080583069648 1.0000250339508057
1415.3288916683425 0.9998692274093628
1415.3497250287883 1.0000436305999756
1415.370558388303 1.000041127204895
1415.3913917468876 1.0001802444458008
1415.412225104554 1.000320315361023
1415.4330584612833 0.999948263168335
1415.4538918170863 0.9997953176498413
1415.4747251719646 0.999658465385437
1415.4955585259197 1.0001288652420044
1415.5163918789517 0.9998711347579956
1415.5372252310633 0.9998338222503662
1415.5580585822543 0.9996140599250793
1415.5788919325273 0.9997647404670715
1415.599725281892 1.0000137090682983
1415.6205586303306 0.9999582767486572
1415.6413919778538 0.9999315738677979
1415.6622253244634 0.9998371601104736
1415.6830586701592 0.9999373555183411
1415.703892014944 1.000229835510254
1415.7247253588278 0.9998390674591064
1415.7455587017914 0.9998611807823181
1415.7663920438472 0.9997131824493408
1415.787225384995 0.9994462728500366
1415.8080587252373 0.9998170733451843
1415.828892064574 0.9997898936271667
1415.8497254030062 0.9997901916503906
1415.870558740536 0.9997673034667969
1415.8913920771734 0.9995740056037903
1415.9122254128995 0.999919593334198
1415.9330587477261 0.9998297095298767
1415.953892081654 0.9995066523551941
1415.9747254146835 0.9993563294410706
1415.9955587468166 0.9997884631156921
1416.0163920780535 0.9997696876525879
1416.037225408396 0.9998990297317505
1416.0580587378547 0.9994096755981445
1416.0788920664102 0.999722421169281
1416.0997253940743 0.9997920393943787
1416.1205587208474 0.9994417428970337
1416.1413920467307 0.999970555305481
1416.1622253717255 1.0000767707824707
1416.1830586958317 0.9996960759162903
1416.2038920190616 1.0000849962234497
1416.2247253413957 1.0000426769256592
1416.245558662844 0.9994513988494873
1416.266391983409 0.9995149970054626
1416.28722530309 0.9997431635856628
1416.3080586218898 0.999585747718811
1416.328891939818 0.999884307384491
1416.3497252568554 0.999809980392456
1416.3705585730143 0.9998985528945923
1416.391391888294 0.999500572681427
1416.4122252026964 0.9996773600578308
1416.433058516222 1.0000903606414795
1416.453891828872 0.9995080828666687
1416.4747251406468 0.999419093132019
1416.4955584515578 0.9997920989990234
1416.516391761586 0.9999405741691589
1416.5372250707417 1.0000613927841187
1416.558058379026 1.0000152587890625
1416.5788916864403 1.0000437498092651
1416.5997249929846 0.9998659491539001
1416.6205582986704 1.000095248222351
1416.6413916034683 0.9996257424354553
1416.6622249074192 0.9997570514678955
1416.6830582104942 1.0001298189163208
1416.7038915127036 0.9998611807823181
1416.7247248140488 0.999901533126831
1416.7455581145302 1.000045657157898
1416.7663914141492 0.9998278021812439
1416.7872247129164 0.9995706081390381
1416.8080580108121 0.9999675154685974
1416.828891307848 0.9997058510780334
1416.8497246040242 0.9995477795600891
1416.8705578993422 0.9996314644813538
1416.8913911938025 0.9994309544563293
1416.9122244874154 0.9995176792144775
1416.9747243630918 0.9998787641525269
1416.995557653276 0.9986645579338074
1417.0163909426064 0.9985300898551941
1417.0372242310857 0.9994078874588013
1417.0580575187237 0.9998289942741394
1417.0788908055006 0.998718798160553
1417.0997240914285 0.9988626837730408
1417.1205573765073 0.9989140033721924
1417.1413906607384 0.9990167021751404
1417.162223944122 0.9997465014457703
1417.1830572266695 0.9991408586502075
1417.2038905083612 0.9992989897727966
1417.224723789208 0.9990289807319641
1417.2455570692107 0.9996942281723022
1417.2663903483701 0.9996921420097351
1417.2872236266874 0.9989298582077026
1417.3080569041629 0.9997406601905823
1417.3288901808073 0.9999215006828308
1417.3497234566019 0.9991297721862793
1417.3705567315571 0.9995141625404358
1417.3913900056734 0.9990010261535645
1417.4122232789523 0.9999286532402039
1417.433056551394 0.9997664093971252
1417.453889823 0.9994446039199829
1417.47472309378 0.9994129538536072
1417.4955563637154 0.99962317943573
1417.5163896328172 0.9993279576301575
1417.5372229010857 0.999685525894165
1417.5580561685222 0.9997571706771851
1417.5788894351267 0.9995078444480896
1417.5997227009009 0.9998771548271179
1417.6205559658551 1.0000383853912354
1417.6413892299697 0.9997227191925049
1417.6622224932562 0.9996141791343689
1417.6830557557153 0.999343991279602
1417.703889017347 0.9995025992393494
1417.7247222781627 0.9997776746749878
1417.7455555381437 0.9995176792144775
1417.7663887972992 0.9995938539505005
1417.787222055632 0.9996249079704285
1417.8080553131408 0.9994422197341919
1417.8288885698282 0.999301016330719
1417.8497218256937 0.9992944002151489
1417.8705550807485 0.9995492696762085
1417.8913883349742 0.999823272228241
1417.9122215883804 0.9996976256370544
1417.9330548409682 0.9995836615562439
1417.9538880927387 0.9994134902954102
1417.9747213436926 0.999596357345581
1417.9955545938406 0.999579131603241
1418.0163878431633 0.9996706247329712
1418.0372210916719 0.999390721321106
1418.058054339367 0.999512791633606
1418.0788875862493 0.9992048144340515
1418.09972083232 0.999775767326355
1418.120554077579 0.999783456325531
1418.1413873220383 0.9996486306190491
1418.1622205656781 0.9993665814399719
1418.183053808509 0.9993877410888672
1418.203887050532 0.9993493556976318
1418.224720291748 0.9998693466186523
1418.2455535321583 0.9996911287307739
1418.2663867717729 0.9995966553688049
1418.2872200105726 1.0000085830688477
1418.3080532485692 0.9994252920150757
1418.3288864857623 0.9999182224273682
1418.3497197221538 1.00003981590271
1418.3705529577537 0.9991605877876282
1418.3913861925435 0.9996412992477417
1418.4122194265337 0.9997574090957642
1418.433052659725 0.9997822046279907
1418.453885892119 0.9995417594909668
1418.4747191237159 0.99955815076828
1421.245532312045 1.0051133632659912
1421.2663654500582 1.0050934553146362
1421.2871985875586 1.0046305656433105
1421.3080317245613 1.0043271780014038
1421.3288648610737 1.003696084022522
1421.349697997101 1.003530502319336
1421.3705311326603 1.0033882856369019
1421.3913642677385 1.0034445524215698
1421.4121974023517 1.003456711769104
1421.4330305365074 1.0033591985702515
1421.453863670213 1.0033332109451294
1421.4746968034847 1.0028059482574463
1421.4955299363119 1.0025001764297485
1421.516363068711 1.0025972127914429
1421.53719620069 1.002652883529663
1421.5580293322676 1.0026295185089111
1421.5788624634317 1.0020321607589722
1421.599695594201 1.0022873878479004
1421.6205287245848 1.0019934177398682
1421.6413618545912 1.0018922090530396
1421.6621949842404 1.0018672943115234
1421.6830281135217 1.0017244815826416
1421.7038612424542 1.0020853281021118
1421.7246943710493 1.0015150308609009
1421.7455274993165 1.001718282699585
1421.766360627266 1.0015859603881836
1421.7871937549196 1.0011065006256104
1421.808026882268 1.0013790130615234
1421.828860009333 1.0010097026824951
1421.8496931361267 1.0013397932052612
1421.8705262626606 1.0010029077529907
1421.8913593889579 1.0012224912643433
1421.9121925150114 1.0006779432296753
1421.9330256408439 1.0008301734924316
1421.9538587664697 1.0007438659667969
1421.9746918919022 1.0004812479019165
1421.9955250171668 1.000728726387024
1422.0163581422578 1.0007121562957764
1422.0371912672003 1.0005360841751099
1422.0580243920108 1.0003939867019653
1422.0788575167048 1.0001968145370483
1422.0996906413095 1.0001766681671143
1422.1205237658223 0.9999985098838806
1422.1413568902706 1.0000262260437012
1422.162190014673 0.9998986721038818
1422.183023139058 0.9997243881225586
1422.203856263425 0.999995231628418
1422.2246893878046 0.999466061592102
1422.2455225122167 0.9996535778045654
1422.2663556366833 0.9996356964111328
1422.2871887612353 0.9996297955513
1422.3080218858759 0.9991433024406433
1422.3288550106386 0.9990806579589844
1422.3496881355463 0.9994587302207947
1422.3705212606253 0.9989518523216248
1422.3913543859094 0.9987704753875732
1422.4121875114056 0.99849933385849
1422.433020637151 0.9983291029930115
1422.453853763173 0.9983607530593872
1422.4746868895006 0.9985694289207458
1422.4955200161735 0.9985805153846741
1422.5163531432013 0.9986361265182495
1422.537186270626 0.9985424280166626
1422.55801939848 0.9987301826477051
1422.5788525267951 0.9983280301094055
1422.599685655617 0.9985567331314087
1422.6205187849605 0.9986278414726257
1422.6413519148705 0.9982563853263855
1422.6621850453857 0.9986111521720886
1422.6830181765533 0.9979424476623535
1422.7038513083921 0.9986340403556824
1422.7246844409533 0.9987573027610779
1422.745517574277 0.9988715052604675
1422.7663507084064 0.9988963603973389
1422.7871838433944 0.9991055130958557
1422.8080169792643 0.9989534020423889
1422.828850116073 0.9995505213737488
1422.8496832538651 0.9991937875747681
1422.8705163926888 0.9997121691703796
1422.8913495326015 0.9988741874694824
1422.912182673632 1.0001338720321655
1422.9746821040005 0.9976840615272522
1422.995515250045 0.9977243542671204
1423.016348397471 0.9992106556892395
1423.0371815463304 0.9995929002761841
1423.0580146966756 1.0009044408798218
1423.0788478485686 1.0008025169372559
1423.0996810020406 1.0003256797790527
1423.120514157153 0.9995089173316956
1423.1413473139562 1.0000810623168945
1423.1621804725094 0.9984111785888672
1423.1830136328415 0.9991043210029602
1423.2038467950083 0.9997453093528748
1423.2246799590546 1.0004243850708008
1423.2455131250229 0.9997659921646118
1423.2663462929627 0.9998740553855896
1423.2871794628902 0.9975614547729492
1423.3080126348495 0.9964459538459778
1423.328845808869 0.9981215596199036
1423.3496789849737 0.9993760585784912
1423.3705121631938 0.9997536540031433
1423.3913453435237 0.9987322092056274
1423.4121785259829 0.997995138168335
1423.4330117105737 0.9980925917625427
1423.453844897293 0.9988605976104736
1423.4746780861396 0.9971174001693726
1423.4955112770756 0.9971662759780884
1424.5788379260118 1.0003727674484253
1424.5996711018574 1.0007410049438477
1424.620504275752 1.0005524158477783
1424.6413374477013 1.0003175735473633
1424.6621706176843 1.000633716583252
1424.6830037857087 1.0001813173294067
1424.7038369517763 1.0003107786178589
1424.7246701158886 1.0003856420516968
1424.7455032780574 1.000030755996704
1424.7663364382684 1.0004122257232666
1424.7871695965355 1.0001394748687744
1424.808002752864 1.0005104541778564
1424.8288359072712 1.0005571842193604
1424.849669059744 1.000173807144165
1424.8705022102995 1.0005024671554565
1424.891335358947 0.9998478293418884
1424.9121685057044 1.0001089572906494
1424.933001650561 0.9998816847801208
1424.953834793537 1.000137209892273
1424.9746679346413 1.000150442123413
1424.995501073895 1.0005134344100952
1425.0163342112878 1.0000110864639282
1425.0371673468405 1.0002106428146362
1425.058000480564 1.0002548694610596
1425.078833612469 1.0006166696548462
1425.099666742577 0.9999324083328247
1425.1204998708788 0.9998674392700195
1425.1413329973952 1.000246524810791
1425.1621661221382 0.9999968409538269
1425.1829992451285 1.0001493692398071
1425.2038323663573 1.0004141330718994
1425.2246654858463 1.0003024339675903
1425.2454986036062 1.0002211332321167
1425.2663317196589 1.0002037286758423
1425.287164833995 1.0003716945648193
1425.3079979466354 1.0002609491348267
1425.3288310575917 1.0000311136245728
1425.3496641668848 1.000086784362793
1425.370497274505 1.0004388093948364
1425.3913303804734 1.000260829925537
1425.4121634848007 1.0000760555267334
1425.4329965875077 1.0003257989883423
1425.4538296885846 0.9999686479568481
1425.4746627880515 1.0000712871551514
1425.4954958859194 1.0000590085983276
1425.5163289822078 1.0001671314239502
1425.5371620769065 1.0004318952560425
1425.5579951700363 1.00014328956604
1425.5788282616063 1.0004438161849976
1425.5996613516363 1.0008519887924194
1425.620494440116 1.000414490699768
1425.6413275270645 1.0010651350021362
1425.6621606124916 1.0006511211395264
1425.682993696416 1.0004749298095703
1425.7038267788266 1.0008913278579712
1425.7246598597428 1.000627875328064
1425.745492939173 1.0006036758422852
1425.7663260171262 1.0004469156265259
1425.7871590936206 1.0001142024993896
1425.807992168645 1.0002912282943726
1425.8288252422171 1.0003401041030884
1425.849658314356 1.0002715587615967
1425.8704913850488 1.0003005266189575
1425.891324454314 1.0000468492507935
1425.912157522159 1.0003222227096558
1425.9329905885922 1.0002787113189697
1425.953823653631 1.0005073547363281
1425.9746567172622 1.0000563859939575
1425.9954897795037 1.0001189708709717
1426.016322840373 1.0006579160690308
1426.0371558998565 1.000463843345642
1426.0579889579722 1.000429391860962
1426.0788220147263 1.0008894205093384
1426.099655070136 1.0005366802215576
1426.120488124188 1.0004706382751465
1426.1413211768984 1.000308871269226
1426.1621542282746 1.000388741493225
1426.1829872783223 1.0004513263702393
1426.2038203270586 1.0002754926681519
1426.2246533744692 1.0002518892288208
1426.2454864205702 1.0009009838104248
1426.266319465368 1.0004987716674805
1426.2871525088783 1.000447392463684
1426.307985551087 1.0005278587341309
1426.3288185920103 0.999904453754425
1426.3496516316634 1.0006866455078125
1426.3704846700318 1.0004055500030518
1426.3913177071322 1.0001837015151978
1426.4121507429682 1.0002375841140747
1426.432983777547 1.0005604028701782
1426.453816810883 1.0003427267074585
1426.4746498429608 1.0004618167877197
1426.4954828737973 1.000571846961975
1426.516315903406 1.0007379055023193
1426.5371489317722 1.0004044771194458
1426.5579819589116 1.0001070499420166
1426.578814984828 1.0005666017532349
1426.5996480095373 1.0002332925796509
1426.6204810330235 1.000717043876648
1426.641314055301 1.0004150867462158
1426.6621470763753 1.0008878707885742
1426.6829800962507 1.0004628896713257
1426.7038131149404 0.9999354481697083
1426.7246461324305 1.0004433393478394
1426.7454791487346 1.0002694129943848
1426.7663121638664 1.0006401538848877
1426.787145177811 1.000357747077942
1426.8079781905826 0.9999837279319763
1426.8288112021842 1.0002955198287964
1426.8496442126213 1.0002564191818237
1426.870477221907 1.0002895593643188
1426.8913102300248 1.0005137920379639
1426.91214323699 1.0006474256515503
1426.9329762428151 1.0003180503845215
1426.9538092474845 1.0000852346420288
1426.974642251012 1.0008172988891602
1426.9954752534006 1.0005364418029785
1427.0163082546649 1.0003870725631714
1427.0371412547881 0.999923825263977
1427.0579742537832 1.000343918800354
1427.0788072516546 1.0008721351623535
1427.0996402484145 1.0003832578659058
1427.1204732440474 1.0005143880844116
1427.1413062385666 0.9998499751091003
1427.1621392319748 1.0006470680236816
1427.1829722242853 1.0003619194030762
1427.203805215482 1.0005923509597778
1427.2246382055098 1.0003334283828735
1427.2454711944579 1.0003902912139893
1427.2663041823632 1.000092625617981
1427.2871371691772 1.0005078315734863
1427.3079701549018 1.0001283884048462
1427.3288031395512 1.0002756118774414
1427.349636123108 1.0
1427.370469105584 1.000306248664856
1427.391302086984 1.0003306865692139
1427.4121350673197 1.0001553297042847
1427.4329680465737 1.0004123449325562
1427.4538010247595 1.000167965888977
1427.474634001879 1.0000699758529663
1427.4954669779456 1.0005042552947998
1427.5162999529423 1.0003662109375
1427.5371329268803 1.0000073909759521
1427.5579658997638 1.0002806186676025
1427.6204648121181 1.0005457401275635
1427.641297780806 1.0006396770477295
1427.662130748461 1.0005979537963867
1427.6829637150668 1.0006991624832153
1427.703796680634 1.0006457567214966
1427.724629645176 1.0004298686981201
1427.7454626086753 1.0002268552780151
1427.7662955711437 1.0004557371139526
1427.7871285325837 1.0002577304840088
1427.807961493007 1.000502109527588
1427.8287944523975 1.000276803970337
1427.8496274107656 1.0003279447555542
1427.8704603681242 1.0005024671554565
1427.891293324456 1.0001704692840576
1427.9121262797719 1.000057578086853
1427.9329592340757 1.0002306699752808
1427.9537921873782 1.0007730722427368
1427.9746251396614 0.9999505877494812
1427.9954580909384 1.0006071329116821
1428.0162910412103 1.000638484954834
1428.0371239904894 1.0004870891571045
1428.0579569387583 1.0001282691955566
1428.0787898860276 1.0003786087036133
1428.0996228323008 1.0004796981811523
1428.1204557775889 1.0003468990325928
1428.1412887218735 1.0001386404037476
1428.162121665168 1.0000807046890259
1428.1829546074725 1.0000367164611816
1428.2037875487995 1.0003761053085327
1428.2246204891317 1.0003151893615723
1428.2454534284798 1.0001115798950195
1428.2662863668554 1.0001968145370483
1428.2871193042415 1.0002853870391846
1428.3079522406492 1.00019371509552
1428.32878517608 1.0002597570419312
1428.3496181105459 1.00019109249115
1428.3704510440286 1.0003745555877686
1428.3912839765394 1.000038504600525
1428.4121169080809 1.0002906322479248
1428.432949838664 1.0003496408462524
1428.45378276827 1.0004487037658691
1428.4746156969118 1.0003842115402222
1428.4954486246 1.0000747442245483
1428.516281551316 1.0003446340560913
1428.5371144770725 1.0002902746200562
1428.5579474018698 0.9999324679374695
1428.5787803257206 1.0003267526626587
1428.599613248606 1.0003554821014404
1428.6204461705365 1.0004888772964478
1428.6412790915251 1.000258207321167
1428.662112011553 1.0002938508987427
1428.6829449306308 1.0003156661987305
1428.703777848761 1.000075101852417
1428.7246107659544 0.9999361634254456
1428.7454436821924 0.9999679327011108
1428.7662765974874 1.0001814365386963
1428.7871095118494 1.0001170635223389
1428.8079424252605 1.0003221035003662
1428.8287753377326 1.000044584274292
1428.849608249266 1.0001051425933838
1428.8704411598728 1.0002551078796387
1428.8912740695343 1.0004009008407593
1428.9121069782618 1.0005207061767578
1428.9329398860564 0.9999115467071533
1428.9537727929294 0.9997544884681702
1428.9746056988624 1.0000706911087036
1428.9954386038667 1.0000672340393066
1429.016271507953 1.0003913640975952
1429.0371044111037 1.0000596046447754
1429.0579373133285 1.00075364112854
1429.0787702146304 1.0002366304397583
1429.0996031150091 1.0003215074539185
1429.120436014477 1.0004523992538452
1429.141268913015 1.0005664825439453
1429.1621018106334 1.000519037246704
1429.1829347073449 1.0002753734588623
1429.20376760313 1.0005369186401367
1429.224600497999 1.0001659393310547
1429.2454333919648 1.0000911951065063
1429.2662662850075 1.0006035566329956
1429.2870991771433 1.000419020652771
1429.3079320683687 1.0000319480895996
1429.3287649586898 1.0003199577331543
1429.349597848092 1.0008076429367065
1429.3704307365877 1.0000628232955933
1429.3912636241769 0.9999809861183167
1429.412096510871 0.9999815225601196
1429.4329293966518 1.0003529787063599
1429.4537622815292 1.0004441738128662
1429.474595165515 1.0001051425933838
1429.4954280485906 1.0005148649215698
1429.5162609307663 1.0002044439315796
1429.5370938120434 1.0005689859390259
1429.5579266924333 1.0004335641860962
1429.5787595719164 1.0002951622009277
1429.5995924505044 1.0002888441085815
1429.6204253282076 1.0000889301300049
1429.6412582050082 1.0004059076309204
1429.6620910809158 1.0001145601272583
1429.6829239559424 1.000064492225647
1429.703756830069 0.9999217391014099
1429.7245897033058 1.0001113414764404
1429.7454225756646 1.0000890493392944
1429.7662554471262 1.0002855062484741
1429.7870883177009 1.0005085468292236
1429.807921187391 1.0000314712524414
1429.8287540562062 1.000093936920166
1429.8495869241276 0.9999501705169678
1429.8704197911673 0.9999526143074036
1429.8912526573245 1.0001591444015503
1429.9120855226117 1.0001567602157593
1429.9329183870093 1.0006327629089355
1429.9537512505276 0.9999047517776489
1429.9745841131785 0.9996481537818909
1429.9954169749426 1.0000165700912476
1430.0162498358302 0.9999374151229858
1430.0370826958529 0.9998264908790588
1430.0579155549917 1.0002617835998535
1430.0787484132568 0.9993325471878052
1430.0995812706499 0.9996293783187866
1430.1204141271812 0.9996429681777954
1430.1412469828317 0.999693751335144
1430.162079837613 0.9995622038841248
1430.1829126915345 0.9994176626205444
1430.2037455445786 0.9995748996734619
1430.2245783967555 0.9993182420730591
1430.2454112480762 0.9993447065353394
1430.2662440985214 0.9995251297950745
1430.287076948102 0.9992572665214539
1430.3079097968189 0.99936842918396
1430.3287426446825 0.9994077682495117
1430.3495754916742 0.9993792176246643
1430.3704083378052 0.9996384382247925
1430.3912411830752 0.9994693398475647
1430.4120740274957 0.9992772936820984
1430.4329068710479 0.9990798830986023
1430.4537397137417 0.9995774030685425
1430.4745725555886 0.9991474747657776
1430.4954053965694 0.9992687106132507
1430.5162382366939 0.9998665452003479
1430.5370710759646 0.9991883039474487
1430.557903914391 0.999272346496582
1430.6204024245353 1.0001999139785767
1430.6412352595437 1.000622034072876
1430.6620680937028 1.0000338554382324
1430.6829009270227 0.9999447464942932
1430.7037337594838 1.0002613067626953
1430.724566591098 0.9997947812080383
1430.7453994218747 0.9999130964279175
1430.7662322517956 0.9999908804893494
1430.7870650808713 1.00043785572052
1430.8078979091126 0.999920129776001
1430.8287307365 0.9999162554740906
1430.8495635630443 1.000025987625122
1430.8703963887463 1.0001381635665894
1430.8912292136172 1.000244379043579
1430.9120620376373 1.0002678632736206
1430.9328948608172 1.000030755996704
1430.9537276831581 1.0003970861434937
1430.9745605046705 0.9999697208404541
1430.9953933253353 1.0000121593475342
1431.016226145163 1.0001622438430786
1431.0370589641645 1.0001633167266846
1431.0578917823204 1.000264286994934
1431.0787245996419 0.9999159574508667
1431.099557416139 1.0003042221069336
1431.1203902317932 1.00007164478302
1431.1412230466146 1.0001475811004639
1431.1620558606044 0.9999439716339111
1431.1828886737728 1.0000348091125488
1431.2037214861014 1.0001887083053589
1431.2245542976002 1.000558614730835
1431.2453871082798 1.0000147819519043
1431.2662199181214 1.000423550605774
1431.287052727136 0.9997536540031433
1431.3078855353335 0.9999879598617554
1431.328718342695 0.9998496770858765
1431.3495511492315 1.0000498294830322
1431.3703839549435 1.0000990629196167
1431.3912167598414 1.000156044960022
1431.4120495639067 1.0001345872879028
1431.4328823671492 1.0000463724136353
1431.4537151695804 1.0001413822174072
1431.4745479711808 1.0000158548355103
1431.4953807719608 1.0000555515289307
1431.5162135719315 0.9998412728309631
1431.5370463710735 1.0002778768539429
1431.5578791693972 1.0001100301742554
1431.578711966914 0.9997386336326599
1431.5995447636042 1.0000925064086914
1431.6203775594781 0.9996418356895447
1431.6412103545474 1.0000510215759277
1431.6620431487922 0.9999997019767761
1431.6828759422233 0.9999828338623047
1431.7037087348415 1.0001729726791382
1431.7245415266575 0.9998955726623535
1431.7453743176518 0.9999907612800598
1431.7662071078357 0.9999575018882751
1431.7870398972195 0.9997379779815674
1431.8078726857837 0.9997760653495789
1431.8287054735397 1.0002914667129517
1431.8495382604976 0.9997263550758362
1431.8703710466384 1.0000556707382202
1431.8912038319731 1.0001728534698486
1431.9120366165118 1.0001301765441895
1431.9328694002359 0.9996932148933411
1431.9537021831559 0.9997296333312988
1431.9745349652721 0.9996870756149292
1431.9953677465958 0.9996519684791565
1432.0162005271075 0.9996799826622009
1432.037033306818 0.9998351335525513
1432.0578660857384 0.9999949336051941
1432.0786988638488 1.000017762184143
1432.0995316411604 0.9997928738594055
1432.1203644176837 1.000266194343567
1432.1411971933996 0.9999864101409912
1432.1620299683188 0.9998595714569092
1432.1828627424522 1.0000782012939453
1432.2036955157803 1.0001837015151978
1432.2245282883143 1.0001331567764282
1432.2453610600544 0.999746561050415
1432.2661938310118 0.9998362064361572
1432.2870266011673 0.99993497133255
1432.307859370531 0.9997127652168274
1432.3286921391148 0.9995167255401611
1432.3495249068988 1.0000426769256592
1432.3703576738937 0.9998314380645752
1432.3911904401107 1.0001100301742554
1432.4120232055302 0.99979567527771
1432.4328559701632 1.0002708435058594
1432.4536887340207 1.0002552270889282
1432.4745214970828 1.0003962516784668
1432.4953542593614 0.9997185468673706
1432.5161870208667 0.9996767044067383
1432.5370197815791 0.9999983906745911
1432.5578525415106 1.0001027584075928
1432.5786853006712 0.9998828172683716
1432.5995180590412 0.9999098777770996
1432.620350816633 0.9996617436408997
1432.6411835734461 1.0002518892288208
1432.6620163294917 0.9993333220481873
1432.6828490847513 1.0001091957092285
1432.703681839235 0.9996376037597656
1432.7245145929537 0.999587893486023
1432.745347345889 0.9995976090431213
1432.766180098051 0.9995320439338684
1432.787012849451 0.9994909167289734
1432.80784560007 0.9993615746498108
1432.8286783499186 0.9999285340309143
1432.8495110990077 0.9994759559631348
1432.870343847319 0.9994783997535706
1432.8911765948621 0.999354898929596
1432.9120093416486 0.9991441965103149
1432.9328420876602 0.9994240999221802
1432.9536748329065 0.9990955591201782
1432.9745075773892 0.9995191693305969
1432.995340321119 0.9991667866706848
1433.0161730640777 0.9988805651664734
1433.037005806275 0.9989692568778992
1433.0578385477227 0.9994052648544312
1433.0786712884021 0.9990568161010742
1433.099504028323 0.999302864074707
1433.120336767498 0.9989569783210754
1433.141169505907 0.9994692206382751
1433.1620022435613 0.9991404414176941
1433.1828349804723 0.9985142350196838
1433.2036677166209 0.9991657137870789
1433.2245004520175 0.9990909695625305
1433.2453331866743 0.9993792176246643
1433.2661659205721 0.9991814494132996
1433.2869986537212 0.9991880655288696
1433.3078313861338 0.9989767074584961
1433.3286641177908 0.999180018901825
1433.3494968487025 0.9992973208427429
1433.3703295788812 0.999112069606781
1433.391162308308 0.999297022819519
1433.4119950369927 0.9991770386695862
1433.4328277649383 0.999519944190979
1433.4536604921552 0.9989445209503174
1433.4744932186243 0.9991407990455627
1433.4953259443578 0.9990385174751282
1433.5161586693657 0.99932461977005
1433.5369913936304 0.9990635514259338
1433.557824117163 0.9986816644668579
1433.6203222834001 0.9996744990348816
1433.6411550040168 0.9997510313987732
1433.6619877239082 0.9998692870140076
1433.6828204430856 1.000079870223999
1433.7036531615302 0.9996722340583801
1433.7244858792537 0.999970555305481
1433.7453185962677 0.999721348285675
1433.7661513125531 0.9998834133148193
1433.786984028122 1.0000258684158325
1433.8078167429862 1.0003527402877808
1433.8286494571264 1.0001519918441772
1433.849482170555 0.9998652935028076
1433.8703148832726 0.9998998045921326
1433.891147595292 1.0002450942993164
1433.9119803065944 1.0000157356262207
1433.9328130171914 0.9996592998504639
1433.9536457270947 0.9999943375587463
1433.9744784362863 1.0001038312911987
1433.9953111447774 1.0002015829086304
1434.0161438525806 1.0000959634780884
1434.0369765596772 0.9998638033866882
1434.057809266079 0.99946528673172
1434.0786419717983 0.9996192455291748
1434.0994746768167 0.9997669458389282
1434.1203073811464 0.9999690651893616
1434.1411400847992 1.000087857246399
1434.1619727877571 0.9999880790710449
1434.1828054900425 1.0001060962677002
1434.203638191673 0.9997026324272156
1434.2244708926212 1.0000324249267578
1434.2453035928613 0.9999447464942932
1434.266136292437 1.0002105236053467
1434.286968991331 0.999898374080658
1434.3078016895554 0.9996601343154907
1434.3286343871227 0.9997736215591431
1434.3494670840148 0.9995213150978088
1434.370299780245 0.9998522996902466
1434.391132475825 0.9996016621589661
1434.4119651707374 0.9996558427810669
1434.4327978649953 0.9998633861541748
1434.453630558611 0.9999972581863403
1434.474463251567 1.0000336170196533
1434.4952959438763 1.0000492334365845
1434.5161286355517 0.9996592402458191
1434.5369613265755 0.9998622536659241
1434.5577940169615 0.9997857213020325
1434.5786267067217 0.9996935129165649
1434.5994593958399 0.9996269345283508
1434.620292084329 0.999721348285675
1434.641124772202 1.0001589059829712
1434.661957459442 0.9996892213821411
1434.6827901460626 0.9996122717857361
1434.703622832077 0.9996642470359802
1434.7244555174682 0.9998919367790222
1434.7452882022603 1.000015377998352
1434.7661208864372 0.9998053312301636
1434.7869535700117 0.999541699886322
1434.8077862529979 0.9998059868812561
1434.82861893538 0.9996830821037292
1434.8494516171709 0.999774694442749
1434.8702842983857 0.999666154384613
1434.8911169790083 0.9997990131378174
1434.911949659052 0.9997580051422119
1434.9327823385322 0.9995077848434448
1434.953615017433 0.999508261680603
1434.9744476957683 0.9997277855873108
1434.9952803735437 0.9998503923416138
1435.016113050773 0.9999806880950928
1435.036945727441 1.0000519752502441
1435.0577784035736 1.0000531673431396
1435.0786110791553 1.0004909038543701
1435.0994437542013 0.9995023012161255
1435.120276428727 0.999843180179596
1435.1411091027178 0.9999386668205261
1435.1619417761892 0.9995977878570557
1435.1827744491575 0.9998746514320374
1435.203607121608 1.0001606941223145
1435.2244397935567 0.9997789263725281
1435.2452724650104 0.9997310638427734
1435.266105135985 0.9999092817306519
1435.2869378064674 1.000083088874817
1435.3077704764842 0.9997353553771973
1435.3286031460218 0.9999220371246338
1435.3494358150983 0.9997577667236328
1435.3702684837303 0.999195396900177
1435.391101151905 0.9997678399085999
1435.411933819641 0.9997724294662476
1435.4327664869559 0.9998168349266052
1435.4535991538373 0.9996835589408875
1435.4744318203043 0.9996978640556335
1435.4952644863752 0.999607503414154
1435.5160971520386 0.9998096227645874
1435.536929817324 0.9995111227035522
1435.5577624822208 0.999637246131897
1435.5785951467485 0.999411940574646
1435.599427810927 0.9996167421340942
1435.620260474747 0.9997532963752747
1435.6410931382286 0.9991266131401062
1435.6619258013927 0.9993050694465637
1435.682758464231 0.9995676875114441
1435.7035911267644 0.9994246959686279
1435.7244237890152 0.9992127418518066
1435.7452564509758 0.9997189044952393
1435.7660891126686 0.9989181160926819
1435.7869217741168 0.9994908571243286
1435.807754435314 0.9988691210746765
1435.8285870962843 0.9994782209396362
1435.8494197570512 0.9992722272872925
1435.870252417611 0.9988300800323486
1435.891085077988 0.9990882873535156
1435.9119177382079 0.9987469911575317
1435.9327503982681 0.9990043044090271
1435.953583058195 0.9986861348152161
1435.974415718015 0.9986634254455566
1435.995248377728 0.9993871450424194
1436.0160810373618 0.9989000558853149
1436.0369136969452 0.9990871548652649
1436.0577463564796 0.9989561438560486
1436.0785790159944 0.9991317987442017
1436.099411675521 0.9993353486061096
1436.1202443350626 0.9986821413040161
1436.1410769946515 0.998725950717926
1436.1619096543209 0.9990572333335876
1436.182742314076 0.9984430074691772
1436.2035749739623 0.99907386302948
1436.2244076339857 0.9989935755729675
1436.2452402941838 0.9988809823989868
1436.2660729545948 0.9987778663635254
1436.2869056152274 0.9987491369247437
1436.3077382761228 0.9987305402755737
1436.3285709373215 0.9983659386634827
1436.3494035988367 0.9986650943756104
1436.3702362607119 0.9988161325454712
1436.3910689229915 0.9982964396476746
1436.4119015856925 0.9988119006156921
1436.4327342488614 0.9987633228302002
1436.4535669125478 0.9988300204277039
1436.4743995767712 0.9989013671875
1436.4952322415936 0.998619019985199
1436.5160649070378 0.9988808631896973
1436.5368975731585 0.998730480670929
1436.5577302400116 0.9986670017242432
1436.6202282453698 0.999870777130127
1436.6410609155953 1.0000067949295044
1436.6618935867978 0.9999276399612427
1436.6827262590432 0.9995321035385132
1436.7035589323689 0.9991284608840942
1436.7243916068544 0.9992164969444275
1436.7452242825407 1.0002487897872925
1436.7660569595005 1.0004422664642334
1436.7868896378077 1.0003973245620728
1436.8077223175083 1.0001598596572876
1436.8285549986795 0.9998012185096741