1381.7220288731517 1.001853585243225
1381.7428620699834 1.0012403726577759
1381.7636952669836 1.0008127689361572
1381.7845284641548 0.9993377923965454
1381.8053616614973 0.9988026022911072
1381.826194859042 0.9984521865844727
1381.8470280567865 0.9973069429397583
1381.86786125474 0.9977470636367798
1381.8886944529088 0.9918533563613892
1381.9095276512899 0.9853964447975159
1381.9303608499072 0.9833540916442871
1381.951194048755 0.9824649095535278
1381.972027247826 0.9826038479804993
1381.992860447141 0.9821309447288513
1382.0136936466909 0.9822224974632263
1382.0345268464735 0.9835182428359985
1382.0553600464873 0.9852004051208496
1382.0761932467178 0.9926190376281738
1382.0970264471803 0.9961776733398438
1382.117859647859 0.9967873096466064
1382.1386928487357 0.9968016743659973
1382.159526049823 0.9978822469711304
1382.1803592511005 0.9978495836257935
1382.2011924525589 0.9985039830207825
1382.2220256541752 0.9992580413818359
1382.242858855958 0.9995633959770203
1382.2636920578843 1.0003588199615479
1382.2845252599404 1.0010017156600952
1382.305358462102 1.0017979145050049
1382.3261916643744 1.0026763677597046
1382.347024866732 1.0032445192337036
1382.36785806916 1.0038156509399414
1382.388691271632 1.0042768716812134
1382.4095244741532 1.0027871131896973
1382.4303576766963 1.005754828453064
1382.4511908792458 1.0061324834823608
1382.4720240817758 1.0068250894546509
1382.4928572842903 1.0071258544921875
1382.5136904867638 1.007200002670288
1382.6595229016386 0.7463132739067078
1382.6803561032493 0.48880916833877563
1382.7011893046913 0.3675324320793152
1382.7220225059411 0.24568010866641998
1382.7428557070077 0.6642268300056458
1382.7636889078697 0.7920626997947693
1382.7845221085054 0.8432633876800537
1382.805355308925 0.7570255994796753
1382.8261885091079 0.915351927280426
1382.8470217090446 0.9043523073196411
1382.8678549087251 0.8945203423500061
1382.8886881081319 0.7722750902175903
1382.909521307275 0.8350556492805481
1382.9303545061368 0.8566591739654541
1382.9511877046996 0.8879261612892151
1382.972020902976 0.8644156455993652
1382.9928541009488 0.8784240484237671
1383.0136872986116 0.6818278431892395
1383.0345204959476 0.6243600845336914
1383.0553536929713 0.8128342032432556
1383.0761868896661 0.9187100529670715
1383.0970200860268 0.9141612648963928
1383.1178532820486 0.8986287117004395
1383.138686477716 0.9238530397415161
1383.1595196730448 0.8999407887458801
1383.18035286802 0.9253853559494019
1383.201186062638 0.9428924918174744
1383.222019256895 0.8724302649497986
1383.242852450776 0.9025363922119141
1383.2636856442982 0.955279529094696
1383.2845188374486 0.9471100568771362
1383.3053520302133 0.9014573693275452
1383.3261852226096 0.8887995481491089
1383.3470184146247 0.8773651123046875
1383.367851606256 0.914801836013794
1383.3886847974907 0.9505488276481628
1383.4095179883466 0.9284363389015198
1383.4303511788114 0.932124674320221
1383.4511843688829 0.8929833769798279
1383.4720175585487 0.9239957928657532
1383.492850747828 0.9319999814033508
1383.5136839367078 0.9143324494361877
1383.5345171251874 0.9179377555847168
1383.5553503132546 0.9483426213264465
1383.5761835009287 0.9302572011947632
1383.597016688197 0.9240314364433289
1383.6178498750598 0.9551315903663635
1383.7011826184137 1.0056273937225342
1383.7220158032283 1.0058757066726685
1383.74284898762 1.0065058469772339
1383.763682171609 1.0066560506820679
1383.7845153551834 1.0068385601043701
1383.8053485383437 1.0066778659820557
1383.8261817210782 1.006618857383728
1383.8470149034072 1.006508469581604
1383.8678480853193 1.006507158279419
1383.8886812668147 1.0059142112731934
1383.909514447883 1.0058414936065674
1383.9303476285431 1.0052440166473389
1383.951180808785 1.0045154094696045
1383.9720139886083 1.0035499334335327
1383.9928471680028 1.0032713413238525
1384.0136803469882 1.0025221109390259
1384.0345135255543 1.0015555620193481
1384.0553467037007 1.0003578662872314
1384.0761798814174 1.0002466440200806
1384.0970130587236 0.9989877939224243
1384.1178462356102 0.9982491731643677
1384.1386794120763 0.997204601764679
1384.1595125881222 0.9965225458145142
1384.1803457637373 0.9964702725410461
1384.2011789389421 0.9958541393280029
1384.2220121137264 0.9947031736373901
1384.2428452880904 0.994462788105011
1384.2636784620233 0.9938495755195618
1384.326177981329 0.9807550311088562
1384.3470111535798 0.979856014251709
1384.3678443254203 0.9796200394630432
1384.3886774968403 0.979692280292511
1384.40951066784 0.9803479909896851
1384.43034383842 0.9806426167488098
1384.4511770085694 0.9828926920890808
1384.472010178309 0.9895282983779907
1384.4928433476284 0.9935256242752075
1384.5136765165284 0.9946413636207581
1384.5345096849985 0.9950323104858398
1384.5553428530593 0.99579918384552
1384.5761760207006 0.9966652393341064
1384.597009187923 0.9971730709075928
1384.6178423547162 0.9977864027023315
1384.638675521101 0.9986753463745117
1384.6595086870666 0.9993914365768433
1384.680341852614 1.0006557703018188
1384.7011750177428 1.0010530948638916
1384.7220081824437 1.0018706321716309
1384.7428413467364 1.0025755167007446
1384.7636745106115 1.003076195716858
1384.7845076740691 1.0043116807937622
1384.8053408370993 1.0049570798873901
1384.8261739997226 1.0056953430175781
1384.8470071619286 1.0059306621551514
1384.8678403237182 1.0065141916275024
1384.8886734850807 1.0070852041244507
1384.909506646037 1.0072054862976074
1384.9303398065776 1.0075632333755493
1384.9511729667022 1.0070081949234009
1384.9720061264109 1.0074862241744995
1384.992839285694 1.0075652599334717
1385.0136724445724 1.0074706077575684
1385.0345056030355 1.0070266723632812
1385.0553387610835 1.0067212581634521
1385.0761719187174 1.006130576133728
1385.0970050759265 1.0057048797607422
1385.1178382327316 1.0052244663238525
1385.1386713891227 1.0048338174819946
1385.1595045451004 1.0042304992675781
1385.1803377006543 1.0027823448181152
1385.2011708558055 1.0025161504745483
1385.222004010543 1.0020931959152222
1385.2428371648682 1.0010522603988647
1385.2636703187807 1.0003021955490112
1385.2845034722707 0.9997743368148804
1385.3053366253584 0.9994353652000427
1385.3261697780347 0.9987002611160278
1385.347002930299 0.9980328679084778
1385.367836082142 0.9976339936256409
1385.3886692335839 0.9970288276672363
1385.4095023846144 0.9966112375259399
1385.4303355352345 0.9958184957504272
1385.4511686854337 0.995362401008606
1385.4720018352325 0.9950214624404907
1385.4928349846216 0.9939911961555481
1385.5136681336003 0.9936206936836243
1385.53450128217 0.9934257864952087
1385.5553344303194 0.9932255148887634
1385.5761675780698 0.9927430748939514
1385.5970007254114 0.9932851791381836
1385.6178338723437 0.9928687810897827
1385.638667018858 0.9934247136116028
1385.6595001649732 0.9936519265174866
1385.680333310681 0.9945634603500366
1385.70116645598 0.994947075843811
1385.7219996008719 0.9955191612243652
1385.7428327453458 0.9958010315895081
1385.7636658894226 0.9961878061294556
1385.784499033092 0.9966314435005188
1385.8053321763546 0.9973539113998413
1385.8261653192105 0.9981468915939331
1385.8469984616495 0.9983547329902649
1385.8678316036928 0.9904788732528687
1385.9511641677948 1.002636432647705
1385.9719973078088 1.0026756525039673
1385.9928304474179 1.0037287473678589
1386.0136635866215 1.0042163133621216
1386.034496725411 1.0049799680709839
1386.0553298638058 1.0055969953536987
1386.0761630017955 1.0058321952819824
1386.0969961393819 1.0063462257385254
1386.1178292765637 1.0065912008285522
1386.1386624133318 1.006910800933838
1386.1594955497062 1.0071731805801392
1386.1803286856773 1.0071654319763184
1386.2011618212448 1.006662130355835
1386.2219949563992 1.0071483850479126
1386.2428280911608 1.006683111190796
1386.2636612255194 1.0065160989761353
1386.284494359476 1.0059705972671509
1386.3053274930298 1.0057944059371948
1386.3261606261713 1.0050843954086304
1386.3469937589207 1.0046842098236084
1386.3678268912681 1.003758430480957
1386.388660023214 1.0032634735107422
1386.4094931547581 1.0024912357330322
1386.4303262858914 1.0013588666915894
1386.4511594166327 1.0010422468185425
1386.4719925469735 1.000211238861084
1386.4928256769133 0.9993727207183838
1386.513658806452 0.9985241293907166
1386.5344919355803 0.9974703192710876
1386.5553250643181 0.9970207810401917
1386.5761581926558 0.9962035417556763
1386.5969913205934 0.9955546855926514
1386.6178244481212 0.9951344728469849
1386.6386575752585 0.9947765469551086
1386.659490701997 0.9939257502555847
1386.6803238283355 0.990206778049469
1386.7011569542747 0.9826265573501587
1386.7219900798048 0.9806326627731323
1386.7428232049458 0.9798415899276733
1386.7636563296878 0.9795780181884766
1386.7844894540312 0.9795746207237244
1386.8053225779759 0.9801588654518127
1386.8261557015223 0.9808230996131897
1386.8469888246602 0.9823473691940308
1386.86782194741 0.9893515110015869
1386.8886550697619 0.9941869378089905
1386.9094881917154 0.9948543310165405
1386.9303213133262 0.9954252243041992
1386.9511544345237 0.9958897233009338
1386.9719875552855 0.996524453163147
1386.99282067565 0.9974374771118164
1387.0136537956175 0.9980453848838806
1387.0344869151872 0.999055027961731
1387.0553200343509 0.9998507499694824
1387.076153153127 1.0003941059112549
1387.096986271507 1.0012123584747314
1387.1178193894898 1.0021830797195435
1387.1386525070666 1.0029441118240356
1387.1594856242566 1.0038588047027588
1387.180318741051 1.004557728767395
1387.201151857449 1.005255937576294
1387.2219849734508 1.0056750774383545
1387.242818089057 1.0063059329986572
1387.2636512042573 1.0066152811050415
1387.2844843190721 1.0072649717330933
1387.3053174334914 1.007095217704773
1387.3261505475155 1.007449746131897
1387.346983661134 1.0075865983963013
1387.3678167743678 1.007604956626892
1387.3886498872062 1.007850170135498
1387.4094829996498 1.0074338912963867
1387.4303161116984 1.0073107481002808
1387.4511492233423 1.0070010423660278
1387.4719823346018 1.0064342021942139
1387.4928154454667 1.0058523416519165
1387.5136485559372 1.0053212642669678
1387.5344816660138 1.004883885383606
1387.5553147756955 1.0039422512054443
1387.5761478849738 1.0036121606826782
1387.5969809938679 1.003216028213501
1387.6178141023681 1.0021926164627075
1387.6386472104746 1.0017752647399902
1387.6594803181772 1.0010141134262085
1387.6803134254965 1.0003217458724976
1387.7011465324222 0.9995258450508118
1387.7219796389547 0.9989363551139832
1387.7428127450935 0.9041342735290527
1387.7844789561823 0.9972729682922363
1387.8053120611423 0.9969137907028198
1387.826145165709 0.9963422417640686
1387.8469782698833 0.9958974719047546
1387.8678113736648 0.9956198930740356
1387.8886444770433 0.9946708679199219
1387.90947758004 0.9940958023071289
1387.9303106826433 0.9938440322875977
1387.951143784855 0.9936966896057129
1387.9719768866737 0.9936159253120422
1387.992809988091 0.9938103556632996
1388.0136430891257 0.9937852025032043
1388.0344761897684 0.9938960671424866
1388.055309290019 0.9943342804908752
1388.0761423898782 0.9951104521751404
1388.0969754893451 0.9955388307571411
1388.1178085884108 0.9961594343185425
1388.1386416870946 0.9966371655464172
1388.1594747853867 0.99687659740448
1388.180307883288 0.9975197315216064
1388.2011409807972 0.9979042410850525
1388.221974077905 0.9988201260566711
1388.242807174632 0.9991908073425293
1388.2636402709677 0.9997368454933167
1388.284473366912 1.0005450248718262
1388.3053064624655 1.0011602640151978
1388.3261395576183 1.0016165971755981
1388.3469726523895 1.0024632215499878
1388.3678057467705 1.003165364265442
1388.3886388407607 1.003954529762268
1388.40947193436 1.004467487335205
1388.4303050275687 1.0047461986541748
1388.4511381203768 1.0056416988372803
1388.4719712128046 1.0059716701507568
1388.4928043048417 1.0065513849258423
1388.5136373964888 1.0068415403366089
1388.5344704877457 1.0069154500961304
1388.555303578602 1.007046103477478
1388.576136669078 1.007175087928772
1388.596969759164 1.0071933269500732
1388.6178028488603 1.0072202682495117
1388.638635938166 1.0068203210830688
1388.6594690270822 1.006795883178711
1388.6803021155984 1.0064923763275146
1388.7011352037348 1.0059247016906738
1388.7219682914815 1.0053938627243042
1388.7428013788383 1.0048718452453613
1388.7636344658058 1.0043449401855469
1388.7844675523734 1.0034841299057007
1388.8053006385612 1.0027645826339722
1388.8261337243598 1.0021096467971802
1388.846966809769 1.0008496046066284
1388.8677998947885 0.9999756813049316
1388.888632979419 0.9992197155952454
1388.9094660636501 0.9984493255615234
1388.9302991475017 0.9977958798408508
1388.9511322309645 0.9971567392349243
1388.9719653140376 0.9964579939842224
1388.9927983967123 0.9959222078323364
1389.0136314790175 0.995119035243988
1389.0344645609136 0.9945620894432068
1389.055297642431 0.9940468072891235
1389.0761307235591 0.9904154539108276
1389.0969638042986 0.983482837677002
1389.1177968846491 0.9807286858558655
1389.138629964601 0.9780172109603882
1389.1594630441741 0.9794951677322388
1389.1802961233582 0.9796895384788513
1389.2011292021539 0.9799983501434326
1389.2219622805605 0.9806168079376221
1389.242795358579 0.9819079041481018
1389.2636284361986 0.9880059361457825
1389.28446151344 0.9939165115356445
1389.3052945902923 0.99449223279953
1389.3261276667567 0.994979977607727
1389.3469607428594 0.9954350590705872
1389.3677938185706 0.9962118268013
1389.3886268938595 0.9970253109931946
1389.4094599687703 0.9974057078361511
1389.4302930432925 0.9984404444694519
1389.4511261174266 0.9992982745170593
1389.4719591911726 1.0000613927841187
1389.49279226452 1.0012309551239014
1389.5136253374897 1.0019898414611816
1389.5344584100708 1.002475380897522
1389.555291482264 1.0031979084014893
1389.5761245540689 1.0044562816619873
1389.5969576254859 1.004452109336853
1389.6177906965045 1.0053855180740356
1389.6386237671454 1.0059789419174194
1389.659456837398 1.0065319538116455
1389.6802899072632 1.007077693939209
1389.7011229767395 1.0070046186447144
1389.7219560458186 1.0070544481277466
1389.7427891145196 1.0075232982635498
1389.7636221828325 1.007651448249817
1389.7844552507577 1.007731556892395
1389.805288318295 1.0075188875198364
1389.8261213854444 1.007030963897705
1389.8469544521959 1.006822109222412
1389.86778751857 1.0063837766647339
1389.8886205845556 1.0060584545135498
1389.909453650154 1.0056018829345703
1389.9302867153642 1.0047755241394043
1389.9511197801871 1.0041766166687012
1389.9719528446221 1.0034061670303345
1389.9927859086592 1.002991795539856
1390.0136189723187 1.0023688077926636
1390.0344520355904 1.0012319087982178
1390.0552850984748 1.0009307861328125
1390.0761181609712 1.0001885890960693
1390.0969512230702 0.9997768998146057
1390.117784284791 0.9986611008644104
1390.1386173461249 0.9981671571731567
1390.1594504070706 0.9974591732025146
1390.180283467629 0.9972786903381348
1390.2011165277993 0.996717095375061
1390.2219495875725 0.9962796568870544
1390.2427826469677 0.9079782366752625
1390.2844487645957 0.9945984482765198
1390.3052818228286 0.9938453435897827
1390.3261148806735 0.9938601851463318
1390.346947938131 0.993658185005188
1390.3677809951912 0.9937706589698792
1390.3886140518732 0.993644118309021
1390.409447108168 0.9936803579330444
1390.4302801640752 0.9937819242477417
1390.4511132195948 0.994253396987915
1390.4719462747266 0.9953229427337646
1390.4927793294614 0.9955523014068604
1390.513612383818 0.9961555004119873
1390.5344454377876 0.9962891340255737
1390.555278491369 0.9969322681427002
1390.5761115445634 0.9972929358482361
1390.5969445973599 0.9978057146072388
1390.617777649789 0.9985231161117554
1390.6386107018104 0.9990673661231995
1390.6594437534543 0.9999576807022095
1390.6802768047105 1.0004605054855347
1390.701109855579 1.001099944114685
1390.7219429060601 1.0020838975906372
1390.7427759561435 1.0023019313812256
1390.7636090058495 1.0029021501541138
1390.7844420551676 1.003746509552002
1390.8052751040982 1.0043643712997437
1390.826108152641 1.0047494173049927
1390.8469412007962 1.0055961608886719
1390.8677742485638 1.0058956146240234
1390.8886072959338 1.0061242580413818
1390.9094403429258 1.0066046714782715
1390.9302733895306 1.0068156719207764
1390.951106435747 1.0069825649261475
1390.9719394815766 1.007157802581787
1390.992772527008 1.006934642791748
1391.0136055720616 1.0069948434829712
1391.0344386167276 1.0069078207015991
1391.0552716610055 1.0066771507263184
1391.076104704896 1.006365180015564
1391.0969377483984 1.006115198135376
1391.1177707915133 1.0052013397216797
1391.1386038342403 1.005011796951294
1391.1594368765695 1.003926157951355
1391.1802699185205 1.0033769607543945
1391.2011029600844 1.0027867555618286
1391.22193600126 1.0019677877426147
1391.2427690420475 1.0011141300201416
1391.2636020824475 1.000256061553955
1391.2844351224492 0.9998478889465332
1391.3052681620732 0.9988870620727539
1391.326101201309 0.9981992244720459
1391.3469342401572 0.9973384737968445
1391.3677672786175 0.9969140291213989
1391.3886003166892 0.9957953095436096
1391.4094333543735 0.9951984882354736
1391.4302663916594 0.9946569800376892
1391.4510994285674 0.9945369958877563
1391.471932465087 0.9918516278266907
1391.4927655012189 0.9842286705970764
1391.5135985369625 0.9812256097793579
1391.534431572318 0.9804636836051941
1391.5552646072756 0.978911817073822
1391.5760976418546 0.9799173474311829
1391.5969306760458 0.9800015687942505
1391.6177637098485 0.9807832837104797
1391.6385967432634 0.9817250967025757
1391.6594297762897 0.9877080917358398
1391.680262808928 0.9937828183174133
1391.701095841168 0.9945821762084961
1391.7219288730294 0.995418906211853
1391.742761904503 0.9962578415870667
1391.763594935588 0.996523916721344
1391.7844279662845 0.9972177147865295
1391.8052609965932 0.9978196024894714
1391.8260940265031 0.9983664155006409
1391.846927056035 0.9996916651725769
1391.867760085178 1.0001723766326904
1391.888593113933 1.001541256904602
1391.9094261422993 1.0021095275878906
1391.9302591702774 1.0029021501541138
1391.951092197867 1.003482460975647
1391.971925225068 1.004080891609192
1391.992758251871 1.0047831535339355
1392.013591278295 1.0057278871536255
1392.0344243043307 1.0061843395233154
1392.0552573299778 1.0065011978149414
1392.0760903552366 1.0067617893218994
1392.0969233801065 1.0072376728057861
1392.1177564045884 1.0076048374176025
1392.1385894286816 1.0072228908538818
1392.159422452376 1.007588505744934
1392.1802554756923 1.0074840784072876
1392.2010884986194 1.0074588060379028
1392.2219215211587 1.0074018239974976
1392.242754543309 1.0064761638641357
1392.263587565061 1.0044506788253784
1392.2844205864342 1.0041896104812622
1392.305253607419 1.0053728818893433
1392.3260866280152 1.004021406173706
1392.3469196482229 1.0039781332015991
1392.367752668042 1.0034734010696411
1392.388585687473 1.003013014793396
1392.409418706515 1.002307415008545
1392.430251725159 1.0015279054641724
1392.4510847434242 1.0008442401885986
1392.471917761301 0.9999798536300659
1392.4927507787895 0.9994100332260132
1392.5135837958894 0.9987382888793945
1392.534416812601 0.9982967972755432
1392.5552498289242 0.9975101351737976
1392.5760828448495 0.9971003532409668
1392.5969158603957 0.9966656565666199
1392.6177488755543 0.9960445165634155
1392.638581890324 0.9954113960266113
1392.6594149047064 0.9950096011161804
1392.6802479187004 0.9938920140266418
1392.701080932306 0.9936276078224182
1392.7219139455237 0.9936351180076599
1392.7427469583433 0.8978185057640076
1392.784412982839 0.993461012840271
1392.8052459945052 0.9935020804405212
1392.826079005784 0.9938353896141052
1392.8469120166744 0.9940946102142334
1392.867745027178 0.9948874711990356
1392.8885780372934 0.9954171776771545
1392.909411047012 0.9958362579345703
1392.9302440563529 0.9960511326789856
1392.951077065307 0.9966332316398621
1392.9719100738735 0.997163712978363
1392.9927430820535 0.9976379871368408
1393.0135760898463 0.998414933681488
1393.0344090972426 0.9989441633224487
1393.055242104262 0.999334990978241
1393.076075110895 1.0003297328948975
1393.0969081171422 1.000778079032898
1393.1177411230028 1.0015169382095337
1393.138574128523 1.002299189567566
1393.1594071336524 1.0032976865768433
1393.1802401383552 1.0037176609039307
1393.2010731426624 1.0044665336608887
1393.2219061465946 1.0049805641174316
1393.2427391501412 1.0052931308746338
1393.2635721533036 1.0058718919754028
1393.2844051560808 1.0063889026641846
1393.3052381584741 1.0066653490066528
1393.3260711604826 1.0069506168365479
1393.3469041621076 1.0069769620895386
1393.367737163339 1.007010817527771
1393.3885701641968 1.0072388648986816
1393.4094031646719 1.0069445371627808
1393.4302361647638 1.0071500539779663
1393.4510691644734 1.0066951513290405
1393.471902163801 1.0062633752822876
1393.4927351627466 1.0059818029403687
1393.5135681613115 1.0054658651351929
1393.5344011594846 1.0048123598098755
1393.5552341572873 1.0044065713882446
1393.57606715471 1.0038069486618042
1393.596900151753 1.003035545349121
1393.6177331484164 1.0022587776184082
1393.6385661447014 1.0015010833740234
1393.6593991406075 1.000488042831421
1393.6802321361365 0.9998055100440979
1393.701065131278 0.9992807507514954
1393.7218981260526 0.9981295466423035
1393.7427311204513 0.9974240660667419
1393.7635641144743 0.9967609643936157
1393.784397108123 0.9960575699806213
1393.805230101397 0.9955304861068726
1393.8260630942978 0.994959831237793
1393.8468960868256 0.9944465160369873
1393.8677290789715 0.9926902055740356
1393.8885620707563 0.9850776791572571
1393.9093950621707 0.9815484285354614
1393.9302280532156 0.9802387952804565
1393.9510610438922 0.9798749089241028
1393.9718940342004 0.9800180792808533
1393.9927270241428 0.9803205728530884
1394.0135600137187 0.9808101058006287
1394.0343930029305 0.9820131063461304
1394.0552259917686 0.9866652488708496
1394.0760589802546 0.9936161637306213
1394.0968919683794 0.9948046803474426
1394.117724956144 0.9955866932868958
1394.1385579435503 0.9963626861572266
1394.159390930599 0.996905505657196
1394.1802239172923 0.9975203275680542
1394.2010569036315 0.9984119534492493
1394.2218898896076 0.9992955923080444
1394.2427228752424 0.9997663497924805
1394.263555860528 1.0004627704620361
1394.2843888454656 1.0014499425888062
1394.3052218300575 1.0026360750198364
1394.3260548143053 1.003037452697754
1394.346887798211 1.0037788152694702
1394.3677207817768 1.0046751499176025
1394.3885537649949 1.005307674407959
1394.4093867478873 1.0058168172836304
1394.4302197304467 1.0063525438308716
1394.451052712675 1.0068607330322266
1394.4718856945756 1.0075693130493164
1394.4927186761502 1.0082131624221802
1394.513551657402 1.0085060596466064
1394.534384638334 1.0084882974624634
1394.5552176189492 1.0086010694503784
1394.5760505992403 1.0085585117340088
1394.596883579231 1.0086379051208496
1394.6177165589145 1.0083647966384888
1394.6385495382947 1.0081233978271484
1394.6593825173743 1.0080461502075195
1394.6802154961586 1.0073957443237305
1394.7010484746502 1.0067344903945923
1394.7218814528544 1.0047273635864258
1394.742714430775 1.0051778554916382
1394.7635474084063 1.0050899982452393
1394.7843803857734 1.0045362710952759
1394.805213362871 1.0041927099227905
1394.8260463397044 1.003411889076233
1394.8468793162783 1.0029850006103516
1394.8677122925992 1.0016299486160278
1394.8885452686725 1.001557469367981
1394.909378244503 1.0006787776947021
1394.9302112200987 1.0004901885986328
1394.9510441954644 1.0000486373901367
1394.9718771705984 0.9990617632865906
1394.9927101455262 0.9988258481025696
1395.0135431202457 0.9986677169799805
1395.034376094764 0.9981274008750916
1395.0552090690892 0.9974837303161621
1395.0760420432289 0.9969024062156677
1395.096875017192 0.9960848689079285
1395.117707990986 0.996058464050293
1395.138540964611 0.996021032333374
1395.1593739380953 0.9955496191978455
1395.1802069114383 0.9955670237541199
1395.20103988465 0.9959430694580078
1395.2218728577402 0.9958319664001465
1395.2427058307194 0.870936393737793
1395.2843717763865 0.9980568289756775
1395.3052047490964 0.9988111853599548
1395.326037721739 0.9991136789321899
1395.3468706943158 0.9992460012435913
1395.367703666859 1.0001235008239746
1395.3885366393692 1.0007215738296509
1395.4093696118607 1.0009973049163818
1395.4302025843442 1.0015705823898315
1395.5968663654398 1.0077741146087646
1395.6176993384213 1.0092135667800903
1395.6385323115187 1.0084264278411865
1395.6593652847553 1.0094298124313354
1395.6801982581296 1.0100198984146118
1395.7010312316454 1.0109339952468872
1395.7218642053217 1.0108734369277954
1395.7426971791676 1.0111762285232544
1395.7635301531825 1.0106858015060425
1395.784363127395 1.0116666555404663
1395.8051961018018 1.0107604265213013
1395.8260290764106 1.0117172002792358
1395.8468620512263 1.010335087776184
1395.8676950262543 1.009850263595581
1395.888528001498 1.0092815160751343
1395.9093609769614 1.0090179443359375
1395.9301939526451 1.0081762075424194
1395.9510269285508 1.0073394775390625
1395.9718599046682 1.006364107131958
1395.992692881016 1.0060232877731323
1396.0135258575817 1.005085825920105
1396.0343588343624 1.003887414932251
1396.055191811353 1.0029743909835815
1396.076024788549 1.0019230842590332
1396.0968577659426 1.000806212425232
1396.1176907435276 0.999896228313446
1396.1385237212949 0.9993497133255005
1396.1593566992362 0.9984591007232666
1396.1801896773309 0.9970459938049316
1396.2010226555885 0.9966486096382141
1396.2218556339878 0.9957019686698914
1396.2426886125168 0.9950721263885498
1396.263521591163 0.99351567029953
1396.2843545699134 0.9861117601394653
1396.3051875487547 0.9815555214881897
1396.3260205276738 0.9806315302848816
1396.3468535066556 0.979972243309021
1396.3676864856873 0.979908287525177
1396.3885194647532 0.9798303246498108
1396.4093524438306 0.9801953434944153
1396.4301854229236 0.9808271527290344
1396.4510184020091 0.9856356382369995
1396.5135173390747 0.9937324523925781
1396.534350317987 0.9948640465736389
1396.5551832968213 0.9952422976493835
1396.6593481893628 1.0010871887207031
1396.6801811674623 1.001956820487976
1396.7010141453975 1.0026017427444458
1396.7218471231574 1.0035829544067383
1396.7426801007314 1.004549503326416
1396.7635130781093 1.0049940347671509
1396.7843460552808 1.0058231353759766
1396.805179032237 1.0064376592636108
1396.8260120089685 1.007027506828308
1396.8468449854656 1.0075671672821045
1396.8676779617113 1.007738471031189
1396.8885109377163 1.0083277225494385
1396.9093439134633 1.0085288286209106
1396.9301768889443 1.008444905281067
1396.9510098641529 1.008673071861267
1396.9718428390818 1.0087772607803345
1396.9926758137246 1.0085036754608154
1397.013508788075 1.006505012512207
1397.0343417621268 1.0080815553665161
1397.0551747358747 1.0077866315841675
1397.0760077093134 1.0071080923080444
1397.0968406824368 1.0066488981246948
1397.117673655231 1.006040096282959
1397.138506627711 1.0056571960449219
1397.159339599862 1.005208969116211
1397.1801725716803 1.0044251680374146
1397.2010055431615 1.0038548707962036
1397.2218385143015 1.0028043985366821
1397.2426714850974 1.0025273561477661
1397.263504455545 1.0016326904296875
1397.2843374256415 1.000810980796814
1397.3051703953836 1.0003485679626465
1397.326003364769 0.9993628859519958
1397.3468363337934 0.9990083575248718
1397.3676693024458 0.9986250996589661
1397.3885022707427 0.9981719851493835
1397.409335238672 0.9975482821464539
1397.4301682062314 0.9970632791519165
1397.4510011734187 0.9969702959060669
1397.4718341402322 0.9959872961044312
1397.4926671066696 0.9950939416885376
1397.5135000727296 0.9946644306182861
1397.53433303841 0.9949089884757996
1397.5551660037097 0.9945396780967712
1397.5759989686271 0.9946818351745605
1397.59683193316 0.9947609901428223
1397.6176648973085 0.9947893023490906
1397.6384978610602 0.9948680400848389
1397.6593308244342 0.9955611824989319
1397.6801637874196 0.9964609742164612
1397.7009967500153 0.9968940019607544
1397.7218297122201 0.9970581531524658
1397.7426626740337 0.9974148869514465
1397.7634956354545 0.9978886842727661
1397.784328596482 0.9986333847045898
1397.805161557116 0.9989967346191406
1397.8259945173552 0.9998442530632019
1397.8468274771988 1.0006003379821777
1397.867660436647 1.0009121894836426
1397.8884933956979 1.0015887022018433
1397.9093263543425 1.002198338508606
1397.9301593125997 1.0029964447021484
1397.950992270459 1.0035498142242432
1397.97182522792 1.0043050050735474
1397.9926581849822 1.00505793094635
1398.0134911416458 1.0056636333465576
1398.03432409791 1.0059847831726074
1398.0551570537748 1.00644850730896
1398.0759900092403 1.0066187381744385
1398.0968229643051 1.0068968534469604
1398.1176559189705 1.0074716806411743
1398.138488873235 1.0073902606964111
1398.1593218270998 1.0076262950897217
1398.1801547805637 1.0077332258224487
1398.200987733617 1.0078414678573608
1398.2218206862897 1.0078644752502441
1398.2426536385412 1.0072152614593506
1398.2634865904024 1.0068799257278442
1398.2843195418625 1.006591558456421
1398.305152492922 1.0063567161560059
1398.325985443581 1.005521535873413
1398.3468183938382 1.0045068264007568
1398.3676513436956 1.0039492845535278
1398.3884842931514 1.0034894943237305
1398.4093172422074 1.0029350519180298
1398.4301501908624 1.0018407106399536
1398.4509831391167 1.001355528831482
1398.4718160869709 1.000423789024353
1398.4926490344144 0.9995667338371277
1398.513481981478 0.998763918876648
1398.5343149281211 0.9976741075515747
1398.5551478743746 0.9972943663597107
1398.5759808202283 0.9967172145843506
1398.5968137656819 0.9958678483963013
1398.6176467107366 0.9955723285675049
1398.6384796553912 0.99498051404953
1398.6593125996471 0.9938884377479553
1398.6801455435036 0.9873219728469849
1398.7009784869615 0.8817833065986633
1398.742644372681 0.9803673624992371
1398.763477314943 0.9804511666297913
1398.7843102568072 0.9801965951919556
1398.8051431982733 0.9809156060218811
1398.8259761393317 0.9818308353424072
1398.846809080002 0.9853378534317017
1398.8676420202758 0.9927499294281006
1398.8884749601518 0.994954526424408
1398.9093078996314 0.9957937002182007
1398.9301408387141 0.9960087537765503
1398.9509737774001 0.9966951608657837
1398.9718067156903 0.9974120855331421
1398.992639653584 0.998349130153656
1399.013472591082 0.999326229095459
1399.0343055281844 1.0000059604644775
1399.0551384648913 1.0006884336471558
1399.0759714012033 1.0016154050827026
1399.0968043371204 1.0023829936981201
1399.1176372726427 1.0031712055206299
1399.1384702077708 1.0040056705474854
1399.159303142504 1.0047366619110107
1399.180136076834 1.0055533647537231
1399.2009690107798 1.0060044527053833
1399.2218019443324 1.0065947771072388
1399.2426348774914 1.0072729587554932
1399.2634678102575 1.007533073425293
1399.2843007426304 1.0080080032348633
1399.3051336746112 1.0081243515014648
1399.3259666061995 1.0085046291351318
1399.3467995373958 1.0082981586456299
1399.3676324682 1.0084666013717651
1399.388465398613 1.0079492330551147
1399.4092983286343 1.007849097251892
1399.4301312582645 1.0077550411224365
1399.4509641875036 1.0073535442352295
1399.4717971163527 1.0070353746414185
1399.4926300448105 1.0066802501678467
1399.5134629728684 1.0059202909469604
1399.5342959005466 1.0055592060089111
1399.5551288278346 1.0047703981399536
1399.5759617547333 1.004312515258789
1399.596794681243 1.0035910606384277
1399.6176276073631 1.0026575326919556
1399.638460533095 1.002155065536499
1399.6592934584376 1.0014704465866089
1399.6801263833925 1.0007048845291138
1399.7009593079586 1.0001380443572998
1399.7217922321377 0.9995602369308472
1399.7426251559286 0.9989398717880249
1399.763458079332 0.998399019241333
1399.7842910023483 0.997880756855011
1399.8051239249776 0.9969397783279419
1399.8259568472201 0.9971501231193542
1399.8467897690762 0.9966142177581787
1399.8676226905457 0.9960663914680481
1399.8884556116293 0.995300829410553
1399.9092885323269 0.9946969747543335
1399.9301214526292 0.9948601722717285
1399.9509543725658 0.9942705035209656
1399.971787292097 0.994423508644104
1399.992620211253 0.9944568872451782
1400.0134531300248 0.9951493144035339
1400.0342860484118 0.9947806000709534
1400.0551189664143 0.9951865077018738
1400.0759518840327 0.996373176574707
1400.0967848012672 0.9965035319328308
1400.1176177181178 0.996929943561554
1400.1384506345848 0.9973913431167603
1400.159283550669 0.9976928234100342
1400.1801164663696 0.9983822703361511
1400.2009493816877 0.9991487860679626
1400.2217822966225 0.999604344367981
1400.2426152111752 1.0002827644348145
1400.2634481253456 1.0011212825775146
1400.2842810391337 1.0015842914581299
1400.30511395254 1.0023243427276611
1400.3259468655647 1.0027741193771362
1400.3467797782077 1.0037730932235718
1400.3676126904695 1.0041403770446777
1400.38844560234 1.0048415660858154
1400.4092785138394 1.0055724382400513
1400.4301114249586 1.0060515403747559
1400.4509443356972 1.0063508749008179
1400.4717772460547 1.0070058107376099
1400.492610156033 1.0069022178649902
1400.5134430656303 1.0075281858444214
1400.5342759748487 1.0076477527618408
1400.5551088836871 1.0077786445617676
1400.575941792146 1.00807523727417
1400.5967747002258 1.0079988241195679
1400.6176076079262 1.007617473602295
1400.638440515248 1.0073318481445312
1400.659273422191 1.006430745124817
1400.6801063287555 1.0065852403640747
1400.7009392349416 0.8981343507766724
1400.7426050461795 1.005295753479004
1400.7634379512317 1.0044196844100952
1400.7842708559058 1.00421142578125
1400.805103760203 1.0031834840774536
1400.825936664122 1.0024374723434448
1400.8467695676545 1.0014599561691284
1400.86760247083 1.0007970333099365
1400.8884353736087 0.9997925758361816
1400.9092682760204 0.9993119239807129
1400.9301011780558 0.9982359409332275
1400.9509340797147 0.9976986646652222
1400.9717669809975 0.9969762563705444
1400.9925998819042 0.9961272478103638
1401.0134327824353 0.9958217740058899
1401.03426568259 0.99528968334198
1401.0550985823702 0.9943287372589111
1401.075931481774 0.9881919026374817
1401.0967643808367 0.982770562171936
1401.1175972795213 0.980974555015564
1401.138430177801 0.9805185198783875
1401.1592630757063 0.9802842736244202
1401.1800959732368 0.9805243611335754
1401.2009288703928 0.9807608127593994
1401.2217617671745 0.9818052053451538
1401.242594663582 0.9846668243408203
1401.2634275596154 0.9920198321342468
1401.2842604552748 0.9950283169746399
1401.3050933505606 0.9953343272209167
1401.325926245473 0.9958906173706055
1401.3467591400113 0.9968115091323853
1401.3675920341768 0.997277557849884
1401.3884249279686 0.9980459809303284
1401.4092578213779 0.9987276792526245
1401.4300907144236 0.999666154384613
1401.4509236070971 1.0003447532653809
1401.4717564993975 1.0013397932052612
1401.4925893913357 1.001660704612732
1401.513422282881 1.0029319524765015
1401.5342551740646 1.0035450458526611
1401.555088064876 1.004589557647705
1401.5759209553153 1.0048329830169678
1401.5967538453824 1.0058517456054688
1401.6175867350782 1.006069302558899
1401.6384196244019 1.0069767236709595
1401.6592525133547 1.0072872638702393
1401.6800854019357 1.0074318647384644
1401.7009182901454 1.0079667568206787
1401.721751177984 1.0080986022949219
1401.7425840654519 1.0081497430801392
1401.7634169525484 1.0081599950790405
1401.7842498392745 1.0077569484710693
1401.8050827256297 1.0079692602157593
1401.8259156116146 1.0076149702072144
1401.8467484972289 1.0072617530822754
1401.8675813824727 1.0071442127227783
1401.888414267347 1.0063507556915283
1401.9092471518504 1.0058478116989136
1401.9300800359845 1.005393624305725
1401.9509129197481 1.0045644044876099
1401.9717458031425 1.0039337873458862
1401.9925786861672 1.0029913187026978
1402.013411568822 1.0024586915969849
1402.0342444511077 1.0017107725143433
1402.0550773330237 1.00141179561615
1402.0759102145707 1.0005910396575928
1402.096743095749 0.9998983144760132
1402.1175759765576 0.9990512132644653
1402.1384088569978 0.9987627863883972
1402.1592417370687 0.9980224370956421
1402.1800746167714 0.9976063370704651
1402.2009074960952 0.997169017791748
1402.2217403750706 0.9968616366386414
1402.2425732536576 0.996143639087677
1402.2634061318865 0.9957014322280884
1402.284239009747 0.9946140050888062
1402.3050718872391 0.9945871829986572
1402.3259047643637 0.9942644238471985
1402.34673764112 0.9941405057907104
1402.3675705175085 0.9943008422851562
1402.3884033935292 0.9941583871841431
1402.4092362691824 0.9943428635597229
1402.430069144468 0.994498074054718
1402.4509020193861 0.9949935674667358
1402.4717348939369 0.9959110021591187
1402.4925677681204 0.9959447979927063
1402.5134006419369 0.9967785477638245
1402.5342335153857 0.9968969821929932
1402.555066388468 0.9973869323730469
1402.575899261183 0.9981565475463867
1402.5967321335315 0.9983572959899902
1402.6175650055127 0.9991738200187683
1402.6383978771278 0.9994074702262878
1402.6592307483759 1.000486135482788
1402.6800636192575 1.0005842447280884
1402.7008964897725 0.9067462682723999
1402.7425622297037 1.0035581588745117
1402.7633950991199 1.0040699243545532
1402.7842279681697 1.0044450759887695
1402.805060836854 1.0055392980575562
1402.8258937051717 1.0058525800704956
1402.8467265731238 1.0061914920806885
1402.86755944071 1.0065549612045288
1402.88839230793 1.0071417093276978
1402.909225174785 1.0073655843734741
1402.9300580412735 1.0078576803207397
1402.9508909073973 1.007940649986267
1402.971723773155 1.0080393552780151
1402.9925566385473 1.0080077648162842
1403.0133895035742 1.0078002214431763
1403.034222368236 1.0076438188552856
1403.0550552325324 1.0073347091674805
1403.0758880964636 1.0066872835159302
1403.0967209600296 1.0063502788543701
1403.1175538232305 1.0057404041290283
1403.1383866860667 1.0051378011703491
1403.1592195485377 1.004594087600708
1403.180052410644 1.0039197206497192
1403.2008852723852 1.0031001567840576
1403.2217181337621 1.0021429061889648
1403.2425509947736 1.0017027854919434
1403.2633838554211 1.0008076429367065
1403.284216715704 0.9999605417251587
1403.305049575622 0.9992441534996033
1403.3258824351756 0.9983309507369995
1403.346715294365 0.9975283145904541
1403.3675481531895 0.9970588088035583
1403.3883810116502 0.9962571263313293
1403.4092138697463 0.9956128597259521
1403.4300467274784 0.9952571392059326
1403.450879584846 0.9947476387023926
1403.47171244184 0.9892847537994385
1403.4925452984899 0.9827144145965576
1403.5133781547552 0.981356143951416
1403.534211010667 0.9807294607162476
1403.5550438662242 0.9803076386451721
1403.5758767214083 0.9802022576332092
1403.5967095762285 0.980933666229248
1403.6175424306743 0.9815487861633301
1403.6383752847667 0.9838199019432068
1403.6592081384954 0.9911578297615051
1403.6800409918703 0.9950714707374573
1403.7008738448615 0.995431125164032
1403.7217066974993 0.9962207674980164
1403.7425395497833 0.9964964389801025
1403.7633724016841 0.9974300265312195
1403.7842052532314 0.9982421398162842
1403.8050381044147 0.9988431930541992
1403.8258709552354 0.9994717836380005
1403.8467038056922 1.0004531145095825
1403.867536655786 1.001211404800415
1403.8883695055158 1.0017259120941162
1403.9092023548828 1.002708077430725
1403.9300352038865 1.003615140914917
1403.950868052527 1.0043189525604248
1403.9717009008043 1.0053026676177979
1403.9925337487184 1.005653738975525
1404.0133665962696 1.0063661336898804
1404.0341994434673 1.0067986249923706
1404.0550322902825 1.0072134733200073
1404.075865136744 1.0076318979263306
1404.0966979828431 1.008147120475769
1404.1175308285785 1.0082447528839111
1404.1383636739613 1.008211612701416
1404.1591965189616 1.0083985328674316
1404.1800293636084 1.0082542896270752
1404.2008622079024 1.007926344871521
1404.2216950518134 1.007739782333374
1404.2425278953717 1.0069857835769653
1404.2633607385671 1.006885290145874
1404.2841935813997 1.00617253780365
1404.3050264238796 1.0058798789978027
1404.3258592659763 1.0050694942474365
1404.3466921077206 1.0044232606887817
1404.3675249491025 1.0037752389907837
1404.3883577901208 1.0032325983047485
1404.4091906307772 1.0025557279586792
1404.43002347107 1.0017880201339722
1404.4508563110007 1.0010616779327393
1404.4716891505789 1.0002206563949585
1404.4925219897837 0.9997880458831787
1404.5133548286162 0.9987218976020813
1404.5341876670961 0.9985594749450684
1404.5550205052134 0.9979984760284424
1404.5758533429678 0.9969819188117981
1404.5966861803697 0.9962097406387329
1404.6175190173888 0.995566725730896
1404.6383518540656 0.9957034587860107
1404.6591846903696 0.9955812096595764
1404.680017526301 0.9943488836288452
1404.7008503618897 0.8808913230895996
1404.7425160319494 0.9943211674690247
1404.76334886645 0.9943985939025879
1404.7841817005688 0.9942459464073181
1404.8050145343345 0.9942469596862793
1404.8258473677474 0.994235098361969
1404.846680200778 0.994552731513977
1404.867513033466 0.9955544471740723
1404.888345865781 0.9962466359138489
1404.9091786977235 0.9963635206222534
1404.9300115293238 0.9971194267272949
1404.9508443605512 0.9975333213806152
1404.9716771914157 0.9978281855583191
1404.9925100219177 0.9984930157661438
1405.0133428520571 0.9991728067398071
1405.0341756818339 0.9997149705886841
1405.055008511248 1.0004009008407593
1405.0758413402993 1.001110315322876
1405.096674168988 1.0018508434295654
1405.117506997314 1.0023061037063599
1405.1383398252772 1.0030368566513062
1405.1591726528777 1.0036128759384155
1405.1800054801154 1.004399061203003
1405.2008383069908 1.0049901008605957
1405.2216711335027 1.0057190656661987
1405.2425039596524 1.0059314966201782
1405.263336785439 1.0065269470214844
1405.2841696108626 1.0068179368972778
1405.3050024359236 1.0074994564056396
1405.3258352606217 1.0077743530273438
1405.3466680849567 1.0075879096984863
1405.367500908929 1.0076041221618652
1405.3883337325385 1.0078938007354736
1405.4091665557849 1.0074622631072998
1405.4299993786685 1.0073835849761963
1405.4508322011886 1.0070239305496216
1405.4716650233465 1.0069293975830078
1405.4924978451406 1.0065470933914185
1405.5133306665723 1.0058679580688477
1405.5341634876402 1.0052146911621094
1405.5549963083456 1.0045537948608398
1405.5758291286877 1.0039173364639282
1405.5966619486665 1.0030156373977661
1405.617494768282 1.002204418182373
1405.6383275875344 1.0016921758651733
1405.6591604064238 1.0007340908050537
1405.6799932249496 1.0001164674758911
1405.700826043112 0.9992032051086426
1405.7216588609115 0.9983780980110168
1405.7424916783473 0.9978379011154175
1405.7633244954197 0.9967886209487915
1405.784157312129 0.9963518977165222
1405.8049901284742 0.9955867528915405
1405.8258229444566 0.9951350092887878
1405.8466557600748 0.9940526485443115
1405.86748857533 0.989694356918335
1405.8883213902213 0.982825517654419
1405.909154204749 0.9810608625411987
1405.9299870189132 0.9804743528366089
1405.9508198327133 0.9801509380340576
1405.97165264615 0.9799376130104065
1405.9924854592227 0.9806433916091919
1406.0133182719317 0.9812033772468567
1406.034151084287 0.9829609394073486
1406.0549838962581 0.9902629852294922
1406.0758167078752 0.9941961765289307
1406.096649519129 0.9948011636734009
1406.1174823300178 0.9956598281860352
1406.1383151405532 0.9961149096488953
1406.1591479507044 0.9967130422592163
1406.1799807605016 0.997255802154541
1406.2008135699448 0.9985151886940002
1406.2216463790132 0.9542261362075806
1406.2841448040342 0.9999939799308777
1406.3049776116457 1.001274824142456
1406.3258104188928 1.0018023252487183
1406.3466432257756 1.0019090175628662
1406.3674760322938 1.0030136108398438
1406.3883088384475 1.0036842823028564
1406.4091416442368 1.004034161567688
1406.4299744496614 1.0046415328979492
1406.4508072547214 1.0044996738433838
1406.4716400594173 1.0049598217010498
1406.4924728637477 1.005069375038147
1406.513305667714 1.00551176071167
1406.534138471315 1.0053969621658325
1406.5549712745517 1.0062192678451538
1406.5758040774235 1.0048117637634277
1406.5966368799302 1.0054638385772705
1406.6174696820722 1.0050712823867798
1406.6383024838492 1.0050221681594849
1406.6591352852613 1.0045355558395386
1406.6799680863082 1.0038353204727173
1406.7008008869905 1.003112554550171
1406.7216336873075 1.0029864311218262
1406.7424664872597 1.0030927658081055
1406.7632992868469 1.001376748085022
1406.784132086069 1.0004143714904785
1406.8049648849255 1.000167727470398
1406.8257976834175 0.998723030090332
1406.8466304815438 0.9990136027336121
1406.8674632793054 0.9984006881713867
1406.8882960767116 0.9970444440841675
1406.9091288737425 0.9971079230308533
1406.9299616704088 0.9962266087532043
1406.9507944667093 0.9944220781326294
1406.971627262645 0.994085431098938
1406.992460058215 0.9936766624450684
1407.0132928534204 0.9943597912788391
1407.0341256482602 0.9918113350868225
1407.0549584427351 0.9925414323806763
1407.075791236845 0.9913032650947571
1407.0966240305895 0.9917334914207458
1407.117456823969 0.9911412000656128
1407.1382896169832 0.9900210499763489
1407.1591224096328 0.9912381768226624
1407.179955201917 0.9906719923019409
1407.2007879938365 0.9905989170074463
1407.2216207853908 0.9908902645111084
1407.2424535765804 0.9912047982215881
1407.2632863674053 0.9919322729110718
1407.284119157865 0.992745578289032
1407.3049519479566 0.9933226108551025
1407.325784737683 0.9930282831192017
1407.346617527049 0.9932847023010254
1407.36745031605 0.9942559003829956
1407.388283104687 0.9944890141487122
1407.4091158929598 0.9945293068885803
1407.429948680868 0.9953634738922119
1407.4507814684225 0.9954088926315308
1407.4716142556028 0.9967288374900818
1407.4924470424096 0.9980853199958801
1407.5132798288728 0.9987719058990479
1407.5341126149624 0.9985633492469788
1407.5549454006887 0.9988052845001221
1407.5757781860518 0.9993811845779419
1407.596610971052 0.9995696544647217
1407.6174437556895 1.0007036924362183
1407.6382765399649 1.0013877153396606
1407.6591093238771 1.0017938613891602
1407.6799421074281 1.0022401809692383
1407.700774890617 1.0016859769821167
1407.7216076734444 1.0022975206375122
1407.7424404559106 1.00223970413208
1407.763273238016 1.0025310516357422
1407.7841060197604 1.002135157585144
1407.804938801145 1.0029215812683105
1407.8257715821692 1.002845048904419
1407.8466043628343 1.0033804178237915
1407.86743714314 1.0017106533050537
1407.8882699230874 1.0026447772979736
1407.9091027026761 1.0018876791000366
1407.9299354819073 1.00077223777771
1407.9507682607816 0.9996798634529114
1407.9716010393083 0.9994003176689148
1407.9924338174694 0.99949049949646
1408.0132665952751 0.9980573654174805
1408.0340993727252 0.9977491497993469
1408.0549321498218 0.9964534640312195
1408.0757649265638 0.9961468577384949
1408.0965977029534 0.9950942397117615
1408.1174304789909 0.9952806234359741
1408.1382632546768 0.9939223527908325
1408.1590960300123 0.9938860535621643
1408.1799288049979 0.9921713471412659
1408.200761579635 0.9933396577835083
1408.2215943539238 0.9912003874778748
1408.2424271278664 0.9919686317443848
1408.263259901463 0.987923264503479
1408.2840926747153 0.980946958065033
1408.3049254476239 0.9786720275878906
1408.325758220191 0.977665364742279
1408.3465909924166 0.9777258634567261
1408.367423764313 0.9783111810684204
1408.3882565358515 0.97761070728302
1408.4090893070734 0.9790842533111572
1408.4299220779506 0.9808797240257263
1408.4507548484942 0.9875455498695374
1408.4715876187065 0.9924666881561279
1408.4924203885892 0.9935718178749084
1408.5132531581442 0.9930461645126343
1408.5340859273733 0.9945631623268127
1408.5549186962792 0.9950708150863647
1408.5757514648633 0.995707094669342
1408.5965842331289 0.9966152906417847
1408.6174170010777 0.997362494468689
1408.638249768713 0.9989883899688721
1408.6590825360367 1.000165343284607
1408.6799153030522 1.0011366605758667
1408.7007480697628 1.0016542673110962
1408.7215808361705 1.002811312675476
1408.74241360228 1.0033329725265503
1408.7632463680934 1.004562497138977
1408.7840791336157 1.005361557006836
1408.8049118988497 1.0058249235153198
1408.8257446638092 1.0066134929656982
1408.8465774284796 1.0072076320648193
1408.8674101928748 1.0072051286697388
1408.8882429569985 1.008151888847351
1408.909075720857 1.0084561109542847
1408.9299084844538 1.0087732076644897
1408.9507412477958 1.0089188814163208
1408.9715740108875 1.009064793586731
1408.9924067737352 1.009281873703003
1409.0132395363446 1.0087944269180298
1409.0340722987228 1.0088504552841187
1409.054905060876 1.0081528425216675
1409.0757378228113 1.0076344013214111
1409.096570584536 1.0073965787887573
1409.117403346058 1.007270336151123
1409.1382361073854 1.0066027641296387
1409.1590688685362 1.0058330297470093
1409.1799016294995 1.0053632259368896
1409.2007343902944 1.0047122240066528
1409.2215671509302 1.0034642219543457
1409.2423999114176 1.0033149719238281
1409.2632326717658 1.0027068853378296
1409.284065431987 1.0019447803497314
1409.304898192091 1.00175940990448
1409.325730952091 1.0015891790390015
1409.3465637119978 1.0009535551071167
1409.3673964718246 1.0004584789276123