1354.1375697056676 1.0007538795471191
1354.1584027726815 0.9977886080741882
1354.1792358404325 1.0007531642913818
1354.2000689088864 0.999418318271637
1354.2209019780373 0.9990244507789612
1354.2417350478802 1.0001369714736938
1354.2625681183783 0.9994860887527466
1354.2834011895363 0.9987332224845886
1354.304234261317 1.0005420446395874
1354.3250673337252 0.9986118078231812
1354.3459004067236 0.9998759627342224
1354.3667334803163 0.9998008012771606
1354.3875665544665 0.9991920590400696
1354.4083996291783 0.9996140003204346
1354.4292327044154 1.0003480911254883
1354.4500657801823 0.9981498718261719
1354.4708988564425 1.0010933876037598
1354.4917319331907 0.9989455342292786
1354.5125650104217 0.999553918838501
1354.5333980881007 0.9998246431350708
1354.5542311662323 0.9998070597648621
1354.575064244782 0.9985421299934387
1354.5958973237553 1.0012096166610718
1354.6167304031187 0.9977514743804932
1354.6375634828778 1.001473307609558
1354.6583965629998 0.9987897276878357
1354.6792296434908 0.9997372031211853
1354.7000627243183 0.9995751976966858
1354.7208958054791 1.0001839399337769
1354.741728886972 0.9990044236183167
1354.7625619687637 1.0007328987121582
1354.7833950508634 0.998953104019165
1354.804228133249 0.9999563694000244
1354.8250612159 0.9998326301574707
1354.8458942988143 0.9992988705635071
1354.8667273819924 0.9998087882995605
1354.8875604654033 1.0002167224884033
1354.9083935490567 0.9990708231925964
1354.9292266329232 0.9999401569366455
1354.9500597170131 1.0001933574676514
1354.9708928012967 0.9987080097198486
1354.9917258857852 1.0008713006973267
1355.0125589704492 0.9993599057197571
1355.0333920553005 0.9998143315315247
1355.0542251403103 1.000535488128662
1355.075058225491 0.998843789100647
1355.0958913108136 1.000171184539795
1355.116724396281 1.000137448310852
1355.137557481895 0.9987939596176147
1355.1583905676287 1.00071120262146
1355.179223653495 0.9994943737983704
1355.200056739466 0.999519407749176
1355.2208898255556 1.0004801750183105
1355.2417229117366 0.9992856383323669
1355.262555998023 0.9999537467956543
1355.2833890843879 1.0000524520874023
1355.3042221708454 0.999605119228363
1355.3250552573695 0.9997982978820801
1355.3458883439741 1.0003808736801147
1355.3667214306336 0.9990798234939575
1355.3875545173626 1.0005950927734375
1355.408387604135 0.9995958805084229
1355.4292206909563 0.9997100830078125
1355.4500537778306 1.0000938177108765
1355.4708868647433 0.9997126460075378
1355.4917199516792 0.9997634291648865
1355.5125530386435 1.0005064010620117
1355.5333861256418 0.9993754625320435
1355.554219212649 1.0001702308654785
1355.5750522996811 1.00056791305542
1355.5958853867135 0.9989565014839172
1355.6167184737621 1.001351237297058
1355.6375515608026 0.9987848401069641
1355.6583846478509 1.0004621744155884
1355.679217734883 0.9999486207962036
1355.700050821915 0.9999642372131348
1355.720883908924 1.0000170469284058
1355.7417169959247 1.0003700256347656
1355.7625500828944 0.9996826648712158
1355.7833831698397 1.000393271446228
1355.8042162567672 1.0000567436218262
1355.8250493436526 0.9995872378349304
1355.845882430514 1.0005817413330078
1355.8667155173368 0.999599039554596
1355.8875486041093 1.0001956224441528
1355.9083816908371 0.9999385476112366
1355.929214777528 1.0000778436660767
1355.9500478641585 0.9991798400878906
1355.970880950746 1.001204490661621
1355.991714037268 0.9992130994796753
1356.0125471237413 1.0005948543548584
1356.0333802101434 1.0000498294830322
1356.0542132964913 0.9997966885566711
1356.075046382763 0.9999533891677856
1356.095879468976 1.0001856088638306
1356.116712555107 0.9991812705993652
1356.1375456411743 1.0011558532714844
1356.1583787271554 0.9985719323158264
1356.179211813068 1.0010219812393188
1356.2000448988895 0.9992080926895142
1356.220877984638 1.0000152587890625
1356.241711070291 0.999539852142334
1356.262544155857 1.0003764629364014
1356.283377241343 0.9994838237762451
1356.304210326738 1.0003376007080078
1356.3250434120291 0.9998005032539368
1356.345876497225 0.9994536638259888
1356.3667095823328 1.0006908178329468
1356.3875426673317 0.9992432594299316
1356.408375752239 1.0002962350845337
1356.4292088370337 1.0000569820404053
1356.450041921733 0.9997670650482178
1356.470875006316 1.0000983476638794
1356.4917080908006 1.00068998336792
1356.512541175165 0.9989619255065918
1356.5333742594278 1.0010108947753906
1356.5542073435677 0.9998425841331482
1356.5750404276018 0.9991286396980286
1356.5958735115103 1.0016640424728394
1356.6167065953105 0.9983231425285339
1356.6583727625405 0.9995740056037903
1356.6792058459675 1.0000669956207275
1356.7000389292807 1.000303030014038
1356.7208720124588 0.9998552799224854
1356.7417050955198 0.9999449849128723
1356.762538178443 1.0002225637435913
1356.7833712612464 1.0002834796905518
1356.8042043439095 0.9999344348907471
1356.8250374264403 1.000387191772461
1356.8458705088485 1.0003571510314941
1356.8667035911212 0.9997608065605164
1356.887536673249 1.0005637407302856
1356.9083697552394 0.9995926022529602
1356.929202837102 0.9998044371604919
1356.9500359188148 1.001076340675354
1356.9708690003977 0.9993942975997925
1356.9917020818289 1.0012837648391724
1357.0125351631275 0.9999076724052429
1357.033368244272 1.0000630617141724
1357.054201325282 1.0007731914520264
1357.075034406136 0.9998860359191895
1357.095867486853 0.9998140931129456
1357.116700567412 1.0011005401611328
1357.1375336478325 0.9985459446907043
1357.1583667280925 1.001658320426941
1357.179199808212 0.9986536502838135
1357.200032888169 1.0012506246566772
1357.2208659679836 0.9992848634719849
1357.2416990476343 1.0008662939071655
1357.2625321271405 0.9993755221366882
1357.283365206481 1.0009347200393677
1357.304198285675 0.9997459650039673
1357.3250313647015 1.0000320672988892
1357.34586444358 1.0002552270889282
1357.3666975222895 1.0000724792480469
1357.3875306008485 0.9996935725212097
1357.408363679237 1.0009565353393555
1357.4291967574745 0.9991105794906616
1357.450029835539 1.0014113187789917
1357.4708629134402 0.9998764991760254
1357.4916959911877 1.000059723854065
1357.5125290687706 1.0007898807525635
1357.5333621461778 0.9999213814735413
1357.554195223429 0.9996753931045532
1357.575028300503 1.0009713172912598
1357.5958613774194 0.9987379908561707
1357.6166944541571 1.0014989376068115
1357.6375275307357 0.9993594884872437
1357.6583606071347 1.0007425546646118
1357.6791936833727 0.9996551275253296
1357.7000267594296 1.0006624460220337
1357.7208598353147 0.9999633431434631
1357.7416929110373 1.0005069971084595
1357.7625259865865 1.0001003742218018
1357.7833590619516 1.000654697418213
1357.8041921371425 0.9996205568313599
1357.825025212168 1.0008517503738403
1357.8458582870078 0.9989815354347229
1357.8666913616812 1.0016570091247559
1357.8875244361673 0.9987324476242065
1357.908357510486 1.0012937784194946
1357.9291905846262 1.0000200271606445
1357.950023658578 0.9997952580451965
1357.9708567323598 1.0005781650543213
1357.9916898059516 1.0000721216201782
1358.0125228793631 0.999455988407135
1358.0333559526034 1.000905156135559
1358.054189025652 0.9992325901985168
1358.0750220985283 1.001137137413025
1358.095855171212 0.9996288418769836
1358.116688243722 1.000144124031067
1358.1375213160381 1.0004435777664185
1358.15835438818 0.9998708963394165
1358.1791874601267 1.0004974603652954
1358.2000205318984 0.9999093413352966
1358.2208536034736 1.000188946723938
1358.2416866748729 0.999959409236908
1358.2625197460748 1.000328540802002
1358.283352817099 1.0002485513687134
1358.3041858879255 0.9999058246612549
1358.3250189585738 1.000650405883789
1358.3458520289557 0.9998948574066162
1358.3666850991465 1.000183343887329
1358.3875181692163 1.0005922317504883
1358.4083512391055 0.9995329976081848
1358.4291843087938 1.0012331008911133
1358.450017378301 0.9997794032096863
1358.4708504476062 1.0003581047058105
1358.4916835167294 1.0004842281341553
1358.5125165856498 1.0000615119934082
1358.5333496543874 1.0002386569976807
1358.554182722921 1.0001674890518188
1358.5750157912707 0.9997535943984985
1358.5958488594163 1.0006730556488037
1358.616681927377 0.9996039271354675
1358.6375149951323 1.0005642175674438
1358.6583480627019 1.0000559091567993
1358.6791811300654 1.0002036094665527
1358.7000141972426 0.9999710917472839
1358.7208472642124 1.0
1358.7416803309952 1.0002490282058716
1358.76251339757 0.9998732805252075
1358.7833464639568 0.9998601675033569
1358.804179530135 0.9995301961898804
1358.8250125961245 0.9997723698616028
1358.8458456619041 1.0003063678741455
1358.866678727494 0.99937504529953
1358.8875117928742 1.000509262084961
1358.9083448580636 0.9999399781227112
1358.929177923042 0.9995073676109314
1358.9500109878295 1.0004836320877075
1358.970844052405 0.9997444748878479
1358.9916771167887 1.0003116130828857
1359.0125101809597 0.9996248483657837
1359.0333432449381 1.0001486539840698
1359.054176308703 0.9998556971549988
1359.0750093722747 0.9998716115951538
1359.0958424356324 0.999902606010437
1359.1166754987962 0.9996569156646729
1359.1583416244987 1.0005027055740356
1359.1791746870372 0.9999394416809082
1359.2000077493801 1.0003584623336792
1359.2208408115068 0.9998714923858643
1359.2416738734373 1.0003790855407715
1359.2625069351511 0.9999095797538757
1359.2833399966678 1.0003365278244019
1359.3041730579669 1.0000635385513306
1359.3250061190683 1.0004851818084717
1359.3458391799616 0.9998283982276917
1359.3666722406363 1.0005507469177246
1359.3875053011122 0.9997346997261047
1359.4083383613693 1.0008082389831543
1359.4291714214264 0.9994855523109436
1359.450004481264 1.0007092952728271
1359.4708375408911 0.9997168183326721
1359.4916706003182 1.0006319284439087
1359.5125036595343 1.0001773834228516
1359.5333367185292 1.0001672506332397
1359.5541697773228 1.0004290342330933
1359.5750028358946 1.0000113248825073
1359.595835894264 0.999813437461853
1359.616668952411 1.0009284019470215
1359.6375020103553 0.999582052230835
1359.6583350680764 1.0006952285766602
1359.6791681255943 0.9994989633560181
1359.7000011828884 1.0004626512527466
1359.720834239978 0.9999293684959412
1359.7416672968438 1.000409722328186
1359.7625003535047 0.9996485710144043
1359.7833334099405 1.000713586807251
1359.804166466171 0.9998475909233093
1359.8249995221756 1.0004862546920776
1359.8458325779748 1.0000417232513428
1359.8666656335472 1.0002299547195435
1359.887498688913 1.0002084970474243
1359.908331744052 1.0001957416534424
1359.9291647989837 1.0002410411834717
1359.9499978536878 1.0000940561294556
1359.9708309081843 1.0001870393753052
1359.9916639624525 1.0001317262649536
1360.0124970165123 1.00041925907135
1360.0333300703428 0.9998088479042053
1360.0541631239646 1.0001754760742188
1360.0749961773568 1.0002872943878174
1360.0958292305395 1.0000501871109009
1360.116662283492 1.0004944801330566
1360.1374953362342 1.0002244710922241
1360.1583283887555 0.999890148639679
1360.179161441046 1.0005367994308472
1360.1999944931151 0.9999256134033203
1360.2208275449727 1.000354528427124
1360.2416605965982 0.9999512434005737
1360.2624936480117 1.0004853010177612
1360.2833266992025 0.9995090961456299
1360.3041597501608 1.0011885166168213
1360.3249928009056 0.9990767240524292
1360.3458258514172 1.0010606050491333
1360.3666589017146 0.9998025298118591
1360.3874919517782 1.000074863433838
1360.4083250016272 1.0004336833953857
1360.429158051242 1.000245451927185
1360.4499911006412 0.9999567270278931
1360.4708241498054 1.000876784324646
1360.4916571987535 0.9989721775054932
1360.512490247466 1.00064218044281
1360.5333232959624 0.9996258616447449
1360.5541563442218 1.0000464916229248
1360.5749893922643 0.9999240040779114
1360.59582244007 1.00054931640625
1360.6166554876577 0.9991011023521423
1360.6374885350078 1.0008108615875244
1360.6583215821397 0.9994780421257019
1360.679154629033 1.000500202178955
1360.6999876757077 0.9997477531433105
1360.7208207221433 1.0007483959197998
1360.7416537683594 0.9991887211799622
1360.7624868143357 1.0014170408248901
1360.7833198600918 0.9987703561782837
1360.8041529056077 1.0006262063980103
1360.8249859509028 0.9998428225517273
1360.8458189959567 0.9996644854545593
1360.8666520407894 1.0002342462539673
1360.8874850853806 1.0002765655517578
1360.9083181297497 0.9993219375610352
1360.9291511738863 1.0010489225387573
1360.9499842177802 0.9990788698196411
1360.9708172614512 1.0005199909210205
1360.9916503048787 0.999779224395752
1361.012483348083 0.999756395816803
1361.033316391043 1.0000011920928955
1361.0541494337788 1.0004132986068726
1361.0749824762695 0.9991089105606079
1361.0958155185358 1.0002784729003906
1361.1166485605565 0.9997501969337463
1361.1374816023515 0.9995386004447937
1361.1583146439004 0.9951602220535278
1361.1791476852234 0.9998283982276917
1361.1999807262991 0.9992949366569519
1361.2208137671482 1.0008658170700073
1361.2416468077497 0.9993114471435547
1361.2624798481238 1.0000231266021729
1361.2833128882594 1.0006617307662964
1361.304145928147 0.9989468455314636
1361.3249789678055 1.0006422996520996
1361.3458120072153 0.9999439120292664
1361.3666450463852 0.9990560412406921
1361.3874780853255 1.0008481740951538
1361.4083111240252 0.9990407228469849
1361.4291441624753 1.0000933408737183
1361.4499772006943 1.000421166419983
1361.4708102386617 0.9992567896842957
1361.4916432763969 1.000211477279663
1361.5124763138806 0.9998875856399536
1361.5333093511317 0.999964714050293
1361.5541423881302 0.9993823170661926
1361.5749754248955 1.0004597902297974
1361.5958084614074 0.9992856383323669
1361.6166414976854 1.000544786453247
1361.6583075694982 1.0000431537628174
1361.6791406050424 1.000380516052246
1361.6999736403309 1.0001527070999146
1361.720806675384 0.9992725849151611
1361.7416397101806 1.0014572143554688
1361.762472744731 0.9986637830734253
1361.783305779044 1.001128911972046
1361.8041388131098 1.0000171661376953
1361.8249718469178 0.9995296001434326
1361.8458048804878 1.0010844469070435
1361.866637913799 0.9995492100715637
1361.8874709468714 0.9996833801269531
1361.9083039796847 1.0011050701141357
1361.9291370122578 0.9992913603782654
1361.9499700445706 1.0009530782699585
1361.970803076643 0.9998416304588318
1361.9916361084543 1.0003740787506104
1362.0124691400242 0.9998655319213867
1362.0333021713423 1.0007508993148804
1362.0541352023977 0.9994003176689148
1362.0749682332005 1.0005685091018677
1362.0958012637602 1.000351071357727
1362.1166342940662 0.9992424249649048
1362.1374673241078 1.0010830163955688
1362.1583003539054 0.999782145023346
1362.1791333834376 0.9995318055152893
1362.1999664127245 1.0012935400009155
1362.2207994417456 0.9989854693412781
1362.2416324705202 1.000558853149414
1362.262465499028 1.000319004058838
1362.2832985272887 0.9992562532424927
1362.3041315552812 1.0012000799179077
1362.3249645830258 0.9996052384376526
1362.3457976105017 0.9994451999664307
1362.3666306377286 1.0012928247451782
1362.3874636646954 0.9988372325897217
1362.4082966913925 1.000759482383728
1362.4291297178384 0.9999886155128479
1362.4499627440136 1.0000735521316528
1362.4707957699368 1.0003546476364136
1362.4916287955882 0.9999858736991882
1362.5124618209868 0.9999804496765137
1362.533294846112 0.9999120235443115
1362.5541278709836 1.0007569789886475
1362.5749608955812 0.9987853765487671
1362.5957939199238 1.001449704170227
1362.6166269440012 0.9995086789131165
1362.637459967803 1.0000877380371094
1362.658292991348 1.0005680322647095
1362.6791260146163 0.9995490312576294
1362.6999590376274 0.9998630881309509
1362.72079206036 1.0011101961135864
1362.7416250828344 0.9984139204025269
1362.7624581050293 1.0018328428268433
1362.783291126965 0.9989378452301025
1362.80412414862 1.000237226486206
1362.8249571700142 1.000583529472351
1362.845790191127 0.9996266961097717
1362.8666232119779 0.9997720122337341
1362.8874562325457 1.0009822845458984
1362.9082892528506 0.9980174899101257
1362.9291222728814 1.0003904104232788
1362.949955292628 1.0000263452529907
1362.9707883121096 0.9998283982276917
1362.9916213313052 0.9997615218162537
1363.0124543502343 1.000655174255371
1363.0332873688767 0.9987598061561584
1363.0541203872513 1.0006768703460693
1363.074953405338 0.9996480345726013
1363.095786423155 0.9991947412490845
1363.1166194406828 1.0016063451766968
1363.1374524579403 0.9986760020256042
1363.1582854749167 1.0003831386566162
1363.1791184916017 1.000951886177063
1363.1999515080142 0.9985559582710266
1363.2207845241337 1.0013933181762695
1363.2416175399794 0.9995444416999817
1363.2624505555307 0.9992482662200928
1363.2832835708066 1.000778317451477
1363.3041165857867 0.9994726777076721
1363.3249496004903 0.9997230768203735
1363.3457826148963 1.0014373064041138
1363.3666156290242 0.9986390471458435
1363.387448642863 1.000937819480896
1363.4082816564026 0.9998846650123596
1363.4291146696512 0.9997532367706299
1363.4499476826188 1.0001929998397827
1363.4707806952945 1.0003712177276611
1363.491613707667 0.9992926120758057
1363.512446719756 1.0004832744598389
1363.5332797315405 1.0001221895217896
1363.5541127430397 0.9989016652107239
1363.5749457542327 1.0015569925308228
1363.595778765139 0.9988995790481567
1363.6166117757468 1.000038504600525
1363.6374447860467 1.000659704208374
1363.6582777960564 0.9955810308456421
1363.679110805756 1.0003576278686523
1363.6999438151638 1.000711441040039
1363.7207768242595 0.9984557628631592
1363.741609833062 1.0016801357269287
1363.7624428415504 0.998758852481842
1363.7832758497436 0.999843180179596
1363.8041088576208 1.0003432035446167
1363.8249418652008 0.9995666146278381
1363.8457748724732 0.999365508556366
1363.8666078794265 1.001144528388977
1363.8874408860795 0.9985177516937256
1363.908273892412 1.000839114189148
1363.9291068984423 0.9997467398643494
1363.9499399041495 0.9992641806602478
1363.9707729095526 0.9998341202735901
1363.9916059146306 1.0004080533981323
1364.0124389194027 0.9986000657081604
1364.0332719238568 1.0012098550796509
1364.054104927983 0.9991782307624817
1364.0749379317897 0.9990741014480591
1364.0957709352856 1.0010615587234497
1364.1166039384598 0.9984076619148254
1364.158269943828 1.0001264810562134
1364.1791029460198 0.999338686466217
1364.199935947895 1.000823974609375
1364.2207689494426 1.0001276731491089
1364.241601950651 0.9994791150093079
1364.2624349515395 1.0010631084442139
1364.2832679520864 0.9995251297950745
1364.3041009523008 0.9999732375144958
1364.3249339521906 1.0010263919830322
1364.3457669517456 0.9992615580558777
1364.3665999509535 1.0003888607025146
1364.3874329498333 1.0000888109207153
1364.4082659483638 0.9996928572654724
1364.4290989465637 0.9998801350593567
1364.449931944411 1.000892162322998
1364.470764941925 0.9984744787216187
1364.4915979390937 1.0013967752456665
1364.512430935906 0.9996013045310974
1364.5332639323801 0.9996879696846008
1364.5540969284948 1.0011935234069824
1364.5749299242684 0.9992955327033997
1364.5957629196791 1.0000789165496826
1364.616595914746 1.000821590423584
1364.6374289094567 0.9993018507957458
1364.6582619038004 1.0001928806304932
1364.679094897795 1.000646710395813
1364.699927891419 0.9987046718597412
1364.7207608846904 1.0016109943389893
1364.741593877588 0.9990453720092773
1364.7624268701295 1.0002895593643188
1364.7832598622936 1.0000545978546143
1364.8040928540984 1.0001568794250488
1364.8249258455219 0.9994195103645325
1364.8457588365825 1.001143217086792
1364.8665918272684 0.998485267162323
1364.8874248175673 1.0014655590057373
1364.9082578074979 0.9993887543678284
1364.9290907970376 1.0002732276916504
1364.949923786198 0.9998853206634521
1364.970756774964 1.0007951259613037
1364.9915897633598 0.9986319541931152
1365.012422751357 1.0012457370758057
1365.0332557389738 0.9991253614425659
1365.0540887261973 1.000753402709961
1365.0749217130162 0.9998379945755005
1365.0957546994475 0.9996615648269653
1365.1165876854702 1.0001801252365112
1365.1374206711007 1.0005940198898315
1365.1582536563274 0.999464213848114
1365.1790866411377 1.0004730224609375
1365.1999196255497 0.9998877048492432
1365.2207526095406 0.9996873736381531
1365.241585593128 1.0009592771530151
1365.2624185762897 0.9993780255317688
1365.2832515590435 0.9998303651809692
1365.304084541366 1.0006036758422852
1365.324917523275 0.9991728663444519
1365.3457505047584 1.0003421306610107
1365.3665834858027 0.9996305108070374
1365.3874164664257 1.0000674724578857
1365.4082494466047 1.000023365020752
1365.429082426357 1.0003418922424316
1365.4499154056593 0.9988895058631897
1365.470748384529 1.000844120979309
1365.4915813629536 0.9990453124046326
1365.5124143409198 1.0004682540893555
1365.5332473184442 0.9998940229415894
1365.5540802955047 1.000257134437561
1365.5749132721173 0.9996070265769958
1365.5957462482597 1.0007494688034058
1365.6165792239485 0.9992879033088684
1365.6374121991603 1.0004955530166626
1365.6582451739114 0.9998916387557983
1365.6790781481895 0.9996224045753479
1365.6999111219804 1.0004218816757202
1365.7207440953011 0.9996485114097595
1365.7415770681284 1.0000684261322021
1365.7624100404782 1.0001952648162842
1365.7832430123274 1.0000817775726318
1365.8040759836922 0.9996537566184998
1365.8249089545589 1.0008628368377686
1365.8457419249141 0.9990318417549133
1365.8665748947735 1.0013657808303833
1365.8874078641145 0.9992215037345886
1365.9082408329516 1.000647783279419
1365.9290738012621 0.9994835257530212
1365.949906769062 1.0003607273101807
1365.9707397363366 0.9992727041244507
1365.9915727030725 1.0012723207473755
1366.0124056692857 0.9988460540771484
1366.0332386349514 1.00088632106781
1366.0540716000862 0.9973312616348267
1366.0749045646655 0.9992070198059082
1366.0957375287053 0.9999289512634277
1366.116570492181 1.000388741493225
1366.1374034551084 0.9991748929023743
1366.158236417473 1.0005269050598145
1366.1790693792607 0.9994176626205444
1366.1999023404871 0.9997667074203491
1366.2207353011277 0.9998948574066162
1366.2415682611975 0.9989560842514038
1366.2624012206827 0.9996155500411987
1366.2832341795686 0.9997771978378296
1366.3040671378703 0.9990438222885132
1366.324900095564 1.000081181526184
1366.3457330526644 0.9989328384399414
1366.3665660091478 0.9992969632148743
1366.3873989650288 0.9996728301048279
1366.4082319202835 0.9993792176246643
1366.4290648749272 0.9996570944786072
1366.4498978289457 1.0003381967544556
1366.4707307823242 0.9991794228553772
1366.4915637350787 1.0003546476364136
1366.5123966871847 0.9994099140167236
1366.5332296386584 1.0002174377441406
1366.554062589485 0.9990066289901733
1366.5748955396512 1.0007600784301758
1366.5957284891729 0.9985789060592651
1366.616561438026 1.0008478164672852
1366.6582273337633 1.000678539276123
1366.6790602806202 1.0001240968704224
1366.699893226816 1.0003118515014648
1366.7207261723267 0.9999741911888123
1366.7415591171707 1.0010159015655518
1366.762392061325 0.9991975426673889
1366.7832250048082 1.0007190704345703
1366.804057947598 0.9998935461044312
1366.824890889714 0.99988853931427
1366.8457238311446 1.000611662864685
1366.8665567718797 0.9996277093887329
1366.8873897119388 1.0004422664642334
1366.908222651303 1.0002092123031616
1366.9290555899936 0.9998478889465332
1366.9498885279913 0.9999957084655762
1366.9707214653195 1.0001258850097656
1366.99155440197 0.9998599290847778
1367.0123873379378 1.0004175901412964
1367.033220273246 1.000261664390564
1367.054053207881 1.0000611543655396
1367.0748861418683 1.0001906156539917
1367.0957190752054 1.0001887083053589
1367.1165520078896 0.9999097585678101
1367.1373849399508 1.0006844997406006
1368.6373559524525 0.9999119639396667
1368.6581888999785 0.9995337128639221
1368.6790218480087 0.999725341796875
1368.6998547965507 0.9996854662895203
1368.7206877455833 0.9995712637901306
1368.7415206950843 1.0000909566879272
1368.7623536450615 0.9996261596679688
1368.7831865954831 0.9995571970939636
1368.8040195463575 0.9998467564582825
1368.824852497663 0.999272346496582
1368.845685449378 0.9999692440032959
1368.8665184015101 0.9994423389434814
1368.8873513540286 0.9998713731765747
1368.9081843069428 0.9998002648353577
1368.9290172602305 0.9993907809257507
1368.949850213871 0.9999363422393799
1368.9706831678736 0.9995527267456055
1368.9915161222082 0.9994734525680542
1369.0123490768829 0.9999709129333496
1369.0331820318788 0.9989030361175537
1369.054014987175 1.000657081604004
1369.0748479427816 0.9984186887741089
1369.0956808986691 1.0013096332550049
1369.1165138548479 0.9984508752822876
1369.1373468112986 1.0007123947143555
1369.1581797680014 0.999067485332489
1369.1790127249683 1.000298023223877
1369.1998456821696 0.9996339082717896
1369.2206786396173 1.0004469156265259
1369.2415115972922 0.9991642236709595
1369.2623445551767 1.0006084442138672
1369.2831775132822 0.9990702867507935
1369.304010471591 1.0005881786346436
1369.3248434300851 0.9995529055595398
1369.3456763887773 1.000175952911377
1369.36650934764 0.9998460412025452
1369.3873423066855 0.9997173547744751
1369.4081752658972 0.9999082684516907
1369.429008225258 0.9995552897453308
1369.449841184781 0.999812126159668
1369.47067414444 1.0002785921096802
1369.4915071042478 0.998975932598114
1369.5123400641787 1.0008729696273804
1369.5331730242463 0.9990186095237732
1369.554005984434 1.0010411739349365
1369.574838944727 0.9993075132369995
1369.5956719051385 1.0002843141555786
1369.6165048656433 0.9999794363975525
1369.6373378262558 1.000096321105957
1369.6581707869607 0.9999327063560486
1369.6790037477426 1.0005619525909424
1369.6998367086164 0.9990447759628296
1369.720669669567 1.001449704170227
1369.7415026305796 0.9987529516220093
1369.7623355916692 1.001401662826538
1369.7831685528113 0.9990271329879761
1369.804001514021 1.0007126331329346
1369.8248344752842 0.9995650053024292
1369.8456674365864 1.0003643035888672
1369.8665003979427 0.9997836351394653
1369.8873333593297 1.0000766515731812
1369.9081663207633 0.9998377561569214
1369.9289992822285 1.0007412433624268
1369.9498322437128 0.9986851215362549
1369.9706652052312 1.0012037754058838
1369.9914981667605 0.9990626573562622
1370.0123311283166 1.0005214214324951
1370.0331640898864 1.0000722408294678
1370.0539970514562 0.9995970129966736
1370.0748300130424 1.0008125305175781
1370.095662974632 0.9991758465766907
1370.116495936211 1.0002760887145996
1370.137328897797 0.9999563694000244
1370.1581618593661 0.9994200468063354
1370.178994820936 1.000441074371338
1370.199827782493 0.9995543956756592
1370.2206607440244 0.9998053312301636
1370.241493705547 1.000218391418457
1370.262326667039 0.9994051456451416
1370.2831596285162 1.0006369352340698
1370.3039925899668 0.9992091059684753
1370.3248255513777 1.0004931688308716
1370.3456585127667 0.9996730089187622
1370.3664914741207 0.9996686577796936
1370.3873244354277 1.00033700466156
1370.408157396705 0.9994576573371887
1370.4289903579304 1.0005712509155273
1370.449823319121 0.9995909333229065
1370.470656280265 0.9997919797897339
1370.4914892413499 1.0004633665084839
1370.5123222023938 0.9992273449897766
1370.5331551633842 1.0007884502410889
1370.553988124309 0.9993752241134644
1370.5748210851862 1.000008225440979
1370.5956540459936 1.0002812147140503
1370.6164870067494 0.999695897102356
1370.6373199674413 1.0002692937850952
1370.6581529280577 0.999022364616394
1370.6789858886164 0.9998823404312134
1370.6998188491057 0.9998087286949158
1370.7206518095136 0.9995728731155396
1370.7414847698587 1.000199794769287
1370.762317730119 0.9993391633033752
1370.783150690313 1.0006744861602783
1370.8039836504183 0.9992376565933228
1370.824816610454 1.0002135038375854
1370.8456495704079 1.0001975297927856
1370.8664825302687 0.9994114637374878
1370.8873154900548 1.000862956047058
1370.9081484497544 0.9994075894355774
1370.9289814093563 0.9998505115509033
1370.949814368879 1.0001407861709595
1370.9706473283009 0.9993780851364136
1370.9914802876403 1.0000793933868408
1371.0123132468864 0.9998875260353088
1371.0331462060271 0.9993643760681152
1371.0539791650815 1.0005614757537842
1371.0748121240379 0.9990828037261963
1371.0956450828858 1.0002620220184326
1371.1581439588404 1.000152826309204
1371.1789769172885 1.000117301940918
1371.199809875621 1.0003012418746948
1371.2206428338573 1.000168800354004
1371.2414757919857 1.0002962350845337
1371.2623087499949 1.0006672143936157
1371.283141707904 0.9993442296981812
1371.303974665702 1.0013943910598755
1371.3248076233776 0.9990394711494446
1371.34564058095 1.0016272068023682
1371.3664735383975 0.9997512102127075
1371.3873064957397 1.0004910230636597
1371.4081394529653 1.000440001487732
1371.4289724100631 0.9999169111251831
1371.4498053670527 1.0004302263259888
1371.4706383239218 1.000636100769043
1371.491471280661 0.9995960593223572
1371.5123042372886 1.001210331916809
1371.5331371937837 0.9995932579040527
1371.553970150165 1.000649333000183
1371.5748031064225 1.0001254081726074
1371.5956360625441 1.0006828308105469
1371.61646901855 0.9999818205833435
1371.6373019744287 1.000807523727417
1371.6581349301698 0.9997150897979736
1371.6789678857917 1.000622272491455
1371.6998008412745 1.0001217126846313
1371.7206337966363 1.00039803981781
1371.7414667518572 0.9996852874755859
1371.762299706956 1.0011705160140991
1371.7831326619219 0.999244213104248
1371.8039656167546 1.000885009765625
1371.8247985714422 1.0001431703567505
1371.8456315260048 0.9999464154243469
1371.8664644804217 1.0007716417312622
1371.8872974347119 0.9998245239257812
1371.9081303888645 1.0004316568374634
1371.928963342869 1.0004937648773193
1371.9497962967448 1.0000157356262207
1371.970629250481 1.0004222393035889
1371.9914622040671 1.00031578540802
1372.0122951575222 1.000002384185791
1372.0331281108254 1.0005580186843872
1372.0539610639967 1.000252604484558
1372.0747940170247 1.0001144409179688
1372.0956269698995 1.0006077289581299
1372.1164599226397 1.0002282857894897
1372.1372928752353 0.9998226165771484
1372.1581258276753 1.0008295774459839
1372.1789587799794 0.9997432231903076
1372.1997917321266 1.0001635551452637
1372.2206246841365 1.0003011226654053
1372.2414576359986 0.9998518824577332
1372.2622905877017 1.000179648399353
1372.2831235392662 1.0007370710372925
1372.303956490649 0.9992789626121521
1372.3247894418753 1.0011779069900513
1372.3456223929886 0.9995118975639343
1372.3664553439507 1.000579595565796
1372.3872882947508 1.000101923942566
1372.4081212454084 0.9999818205833435
1372.4289541959029 0.9993012547492981
1372.4497871462538 1.0010194778442383
1372.4706200964506 0.9990887641906738
1372.4914530464832 1.0007829666137695
1372.51228599637 0.9996906518936157
1372.533118946102 1.0002249479293823
1372.553951895667 0.9999316334724426
1372.5747848450858 1.0009002685546875
1372.5956177943374 0.9986022710800171
1372.6164507434414 1.0017063617706299
1372.6372836923874 0.9983797669410706
1372.6581166411645 1.000977873802185
1372.6789495897929 0.9998733997344971
1372.6997825382612 1.0000524520874023
1372.7206154865596 0.999724805355072
1372.7414484347078 1.001216173171997
1372.762281382695 0.9988624453544617
1372.7831143305107 1.0013446807861328
1372.8039472781745 0.9989065527915955
1372.824780225666 1.0001775026321411
1372.8456131730052 1.0001260042190552
1372.8664461201804 1.000051498413086
1372.8872790671826 0.9994431734085083
1372.9081120140306 1.000739336013794
1372.928944960714 0.9993942975997925
1372.9497779072226 1.0005258321762085
1372.970610853576 1.0000563859939575
1372.9914437997638 0.9997274875640869
1373.0122767457751 1.000123143196106
1373.03310969163 1.0005003213882446
1373.0539426373177 0.9989827871322632
1373.0747755828284 1.0012582540512085
1373.0956085281814 0.9988787770271301
1373.116441473356 1.0002142190933228
1373.137274418372 1.0003890991210938
1373.1581073632192 0.9991788864135742
1373.178940307887 0.9991838335990906
1373.199773252395 1.0000393390655518
1373.220606196733 0.9989123344421387
1373.2414391408906 1.0008302927017212
1373.2622720848874 0.9994105100631714
1373.2831050287125 0.9994668960571289
1373.3039379723566 1.0003596544265747
1373.3247709158384 1.0000786781311035
1373.345603859148 0.9991922974586487
1373.3664368022748 1.001044750213623
1373.3872697452387 0.9988968968391418
1373.4081026880287 0.9998366236686707
1373.4289356306354 1.0008512735366821
1373.449768573078 0.9988827109336853
1373.4706015153456 1.0007117986679077
1373.4914344574288 1.000350832939148
1373.512267399347 0.9992081522941589
1373.533100341079 1.0009877681732178
1373.5539332826456 0.999475359916687
1373.5747662240356 0.9991862773895264
1373.5955991652393 1.0013065338134766
1373.6580979878074 0.9999809861183167
1373.6789309283115 0.999676525592804
1373.6997638686373 1.0005407333374023
1373.7205968087742 1.0004987716674805
1373.7414297487426 0.9993516206741333
1373.7622626885313 1.0007317066192627
1373.7830956281307 0.9999639987945557
1373.8039285675602 0.9998898506164551
1373.8247615067996 1.0005804300308228
1373.845594445868 1.0003619194030762
1373.866427384756 0.9994757771492004
1373.8872603234524 1.0016766786575317
1373.9080932619777 0.9990313053131104
1373.9289262003208 1.0008163452148438
1373.949759138472 1.0007033348083496
1373.9705920764507 0.998431384563446
1373.9914250142463 1.0012681484222412
1374.012257951849 1.0001052618026733
1374.0330908892784 0.9994933605194092
1374.0539238265242 1.0015687942504883
1374.0747567635756 0.9993065595626831
1374.0955897004528 1.0003879070281982
1374.1164226371452 1.0013395547866821
1374.1372555736427 0.9988933801651001
1374.1580885099647 1.0007171630859375
1374.1789214461016 1.0002539157867432
1374.1997543820423 0.9994398951530457
1374.220587317807 1.000986933708191
1374.2414202533848 1.0002564191818237
1374.2622531887662 0.9997676610946655
1374.28308612397 1.0006014108657837
1374.3039190589868 1.0001521110534668
1374.3247519938056 0.9990907907485962
1374.3455849284464 1.0016919374465942
1374.366417862889 0.99900883436203
1374.387250797153 1.0004974603652954
1374.4080837312279 1.0012519359588623
1374.428916665113 0.998714804649353
1374.4497495987996 1.0012558698654175
1374.4705825323056 0.9996729493141174
1374.4914154656217 0.999525249004364
1374.5122483987373 1.000868797302246
1374.5330813316723 0.9997016787528992
1374.5539142644157 0.9998246431350708
1374.5747471969582 1.0014845132827759
1374.595580129319 0.9987513422966003
1374.6164130614877 1.0011354684829712
1374.637245993454 0.9996906518936157
1374.6580789252378 1.000038504600525
1374.6789118568186 0.9997106790542603
1374.6997447882168 1.0010712146759033
1374.7205777194208 0.9990111589431763
1374.7414106504314 1.0010229349136353
1374.7622435812375 1.000197410583496
1374.7830765118597 0.999576210975647
1374.803909442277 1.0007203817367554
1374.824742372509 1.0002201795578003
1374.8455753025462 0.9989314079284668
1374.8664082323776 1.001856803894043
1374.8872411620227 0.9979384541511536
1374.908074091472 1.0015389919281006
1374.9289070207144 0.9997632503509521
1374.9497399497702 0.9990243315696716
1374.970572878629 1.0008137226104736
1374.9914058072798 0.9998429417610168
1375.0122387357435 0.9995015263557434
1375.033071664009 1.0008620023727417
1375.0539045920657 0.9992954730987549
1375.0747375199342 1.0002931356430054
1375.0955704476032 1.000622034072876
1375.1164033750633 0.9994183778762817
1375.1372363023333 1.0004185438156128
1375.158069229404 1.0003801584243774
1375.178902156264 0.9991150498390198
1375.1997350829336 1.0002756118774414
1375.220568009402 1.0003910064697266
1375.2414009356596 0.9990151524543762
1375.2622338617252 1.0004891157150269
1375.2830667875894 1.0003221035003662
1375.3038997132376 0.9985623955726624
1375.3247326386936 1.0020811557769775
1375.34556556395 0.9982815384864807
1375.3663984889934 1.000529408454895
1375.3872314138437 1.0005950927734375
1375.4080643384893 0.9988330602645874
1375.4288972629215 1.0007705688476562
1375.449730187159 0.9996551871299744
1375.4705631111917 0.9998235702514648
1375.4913960350095 1.0008684396743774
1375.5122289586318 0.9993115067481995
1375.5330618820483 0.9999586343765259
1375.5538948052488 1.0007004737854004
1375.5747277282526 0.9989031553268433
1375.5955606510502 1.0004866123199463
1375.61639357363 0.9997851252555847
1375.6372264960125 1.0001275539398193
1375.6580594181873 0.9993082284927368
1375.6788923401439 1.0008937120437622
1375.6997252619024 0.9983648061752319
1375.7205581834512 1.0012398958206177
1375.7413911047818 0.9993036389350891
1375.7622240259122 0.9996716380119324
1375.7830569468329 1.0004401206970215
1375.8038898675331 0.999895453453064
1375.8247227880331 0.9991092681884766
1375.8455557083219 1.0016182661056519
1375.8663886283896 0.9972612857818604
1375.8872215482552 1.0013612508773804
1375.908054467909 0.9993497133255005
1375.9288873873404 0.9997133016586304
1375.949720306569 1.0003741979599
1375.9705532255841 0.9997143149375916
1375.991386144376 0.9994860887527466
1376.012219062964 1.000557541847229
1376.0330519813376 0.9991862773895264
1376.0538848994865 1.0002940893173218
1376.0747178174304 1.000015139579773
1376.0955507351587 0.999390184879303
1376.1580494870373 0.9996286630630493
1376.1788824039 1.0008292198181152
1376.1997153205355 1.0002548694610596
1376.2205482369627 0.999286413192749
1376.2413811531721 1.0012749433517456
1376.2622140691526 0.9998067021369934
1376.2830469849243 0.9996940493583679
1376.3038799004762 1.0014454126358032
1376.3247128157986 0.9986743330955505
1376.3455457309108 1.0013787746429443
1376.366378645802 0.9996626973152161
1376.3872115604618 1.0000804662704468
1376.4080444749104 1.0005345344543457
1376.428877389137 1.0000578165054321
1376.4497103031313 0.9995847940444946
1376.4705432169121 1.0012335777282715
1376.4913761304704 0.9991384744644165
1376.5122090437944 1.0005691051483154
1376.5330419569045 1.000316858291626
1376.5538748697895 0.99995356798172
1376.5747077824399 1.0003774166107178
1376.595540694875 1.0002866983413696
1376.6163736070832 0.9999510049819946
1376.6372065190553 1.0001462697982788
1376.6580394308105 1.0006753206253052
1376.6788723423383 0.999086320400238
1376.699705253628 1.0016593933105469
1376.7205381646993 0.999012291431427
1376.7413710755418 1.0004956722259521
1376.7622039861549 1.0002450942993164
1376.7830368965283 0.9996828436851501
1376.8038698066814 0.9996952414512634
1376.8247027166033 1.0012001991271973
1376.8455356262837 0.9985857605934143
1376.8663685357426 1.001888632774353
1376.887201444969 0.999043345451355
1376.9080343539524 1.000245451927185
1376.9288672627122 1.0003944635391235
1376.9497001712384 0.9998695850372314
1376.9705330795196 0.9993817210197449
1376.991365987576 1.001107931137085
1377.012198895397 0.9991661310195923
1377.0330318029714 1.0008741617202759
1377.0538647103192 0.9997137188911438
1377.0746976174298 0.999633252620697
1377.095530524303 1.000266432762146
1377.116363430927 0.9999439120292664
1377.1371963373226 0.9995222091674805
1377.1580292434783 1.00059974193573
1377.1788621493843 0.9998235702514648
1377.1996950550588 0.999212384223938
1377.2205279604927 1.000718355178833
1377.241360865674 0.9990791082382202
1377.2621937706233 0.9999772310256958
1377.283026675329 1.0005152225494385
1377.303859579781 0.9988229870796204
1377.3246924839984 1.0008543729782104
1377.345525387971 0.9993939995765686
1377.3663582916877 0.9999456405639648
1377.3871911951685 1.0003166198730469
1377.4080240984017 1.0000776052474976
1377.4288570013775 0.9994494915008545
1377.4496899041146 1.0010883808135986
1377.4705228066032 0.9988410472869873
1377.4913557088416 1.0009188652038574
1377.5121886108195 0.9998213052749634
1377.5330215125568 0.9999098181724548
1377.553854414042 0.9996533989906311
1377.5746873152748 1.0005698204040527
1377.5955202162443 0.9993016719818115
1377.6163531169698 1.0010799169540405
1377.6371860174304 0.9996175765991211
1377.6580189176457 0.9997000098228455
1377.678851817605 1.0005476474761963
1377.6996847173066 0.9994907975196838
1377.7205176167413 1.0000516176223755
1377.741350515927 1.0002168416976929
1377.7621834148536 0.9996861219406128
1377.7830163135097 0.9998302459716797
1377.8038492119151 1.0007972717285156
1377.8246821100586 0.9985514879226685
1377.84551500793 1.0013296604156494
1377.8663479055474 0.9989368319511414
1377.8871808029012 1.000268578529358
1377.9080136999894 0.9987764358520508
1377.9288465968018 1.0002633333206177
1377.949679493357 0.999301552772522
1377.970512389635 1.0008596181869507
1377.9913452856542 0.9986405968666077
1378.0121781814037 1.0008282661437988
1378.0330110768832 0.9974606037139893
1378.0538439720808 0.999672532081604
1378.0746768670163 0.9999040365219116
1378.0955097616786 1.0000180006027222
1378.1163426560665 0.9995236396789551
1378.1371755501693 1.0006659030914307
1378.158008444006 0.9994111061096191
1378.1788413375655 0.9998166561126709
1378.1996742308365 1.0005252361297607
1378.2205071238386 0.9993339776992798
1378.2413400165603 1.0002632141113281
1378.2621729089908 1.000268816947937
1378.2830058011486 0.9997752904891968
1378.3038386930234 1.0004231929779053
1378.3246715846033 1.0000553131103516
1378.3455044759078 0.999557614326477
1378.3663373669256 1.0002350807189941
1378.387170257655 0.9998471140861511
1378.4080031480855 0.9998397827148438
1378.428836038236 1.000706434249878
1378.4496689280954 0.9989246726036072
1378.4705018176517 1.000411033630371
1378.4913347069244 0.9994832277297974
1378.512167595902 1.0003324747085571
1378.5330004845835 0.9996386170387268
1378.5538333729571 1.0005320310592651
1378.574666261042 0.9979819655418396
1378.5954991488268 0.9976356625556946
1378.657997810358 1.000009536743164
1378.6788306969188 1.0004903078079224
1378.6996635831833 1.0001487731933594
1378.720496469139 1.000317096710205
1378.7413293547754 0.9998190402984619
1378.762162240111 1.000341534614563
1378.7829951251333 0.9999475479125977
1378.803828009842 0.9998164772987366
1378.824660894225 1.0003514289855957
1378.8454937783008 0.9999019503593445
1378.866326662058 0.9999756813049316
1378.8871595454848 1.0000077486038208
1378.9079924286 1.000468134880066
1378.9288253113914 0.9999081492424011
1378.9496581938583 1.0006269216537476
1378.9704910759879 0.9994174242019653
1378.9913239577993 1.0006929636001587
1379.0121568392801 0.9998595118522644
1379.0329897204194 1.0002151727676392
1379.0538226012347 0.9996955394744873
1379.074655481715 1.0002920627593994
1379.0954883618574 1.0000336170196533
1379.1163212416511 1.0002952814102173
1379.1371541211136 0.999789297580719
1379.157987000233 1.0004222393035889
1379.1788198789977 0.999773383140564
1379.1996527574256 1.0001509189605713
1379.220485635505 1.0000656843185425
1379.241318513223 1.0000087022781372
1379.262151390598 1.0002802610397339
1379.2829842676185 0.9993913173675537
1379.3038171442715 1.0006548166275024
1379.3246500205755 0.999678373336792
1379.3454828965178 1.0004403591156006
1379.3663157720966 0.9993330836296082
1379.3871486472997 1.0002474784851074
1379.4079815221435 0.9998124837875366
1379.4288143966176 1.000184416770935
1379.4496472707183 0.9998217225074768
1379.4704801444339 0.9999207854270935
1379.4913130177817 1.0002855062484741
1379.5121458907493 0.9999268054962158
1379.5329787633243 1.0001944303512573
1379.5538116355235 0.9997720122337341
1379.5746445073355 1.0006036758422852
1379.5954773787564 0.9993313550949097
1379.6163102497746 1.0004923343658447
1379.637143120407 0.9996933341026306
1379.6579759906401 1.000069499015808
1379.6788088604721 1.0001314878463745
1379.6996417298897 0.9992866516113281
1379.7204745989102 1.0004398822784424
1379.74130746752 0.999627947807312
1379.7621403357073 1.0004818439483643
1379.782973203488 0.9993867874145508
1379.8038060708495 1.0003827810287476
1379.8246389377782 0.9992886185646057
1379.8454718042917 1.0009422302246094
1379.866304670376 0.9993688464164734
1379.8871375360284 1.0002810955047607
1379.907970401235 0.999944269657135
1379.9288032660131 1.0000989437103271
1379.9496361303484 0.9999714493751526
1379.970468994228 1.0003634691238403
1379.991301857668 0.999130129814148
1380.0121347206552 1.000784993171692
1380.0329675831854 0.9990213513374329
1380.0538004452453 1.000857949256897
1380.0746333068512 0.9992772936820984
1380.0954661679887 1.0004545450210571
1380.1162990286443 0.9993295073509216
1380.1371318888343 1.0010985136032104
1380.157964748544 0.998734712600708
1380.1787976077699 1.0013877153396606
1380.1996304664976 0.9986818432807922
1380.2204633247432 1.000638723373413
1380.2412961824919 0.9999304413795471
1380.2621290397396 1.000164270401001
1380.2829618964722 0.9995949268341064
1380.3037947527052 0.9999002814292908
1380.3246276084242 1.0002189874649048
1380.3454604636145 0.9995785355567932
1380.3662933182911 1.0001492500305176
1380.3871261724403 0.9998144507408142
1380.407959026057 0.9995911717414856
1380.4287918791258 1.0000336170196533
1380.4496247316629 0.9990846514701843
1380.470457583653 1.000644326210022
1380.491290435091 0.998982310295105
1380.5121232859624 1.0003058910369873
1380.5329561362823 0.9997209310531616
1380.553788986035 1.0003124475479126
1380.5746218352065 0.9994014501571655
1380.5954546838109 1.000720739364624
1380.6162875318334 0.9990953207015991
1380.6371203792587 1.0006126165390015
1380.6579532261023 0.9993794560432434
1380.6787860723487 1.000107765197754
1380.6996189179927 1.00030517578125
1380.7204517630296 0.999511182308197
1380.7412846074437 1.0004743337631226
1380.7621174512503 0.9998272061347961
1380.7829502944346 1.0000150203704834
1380.8037831369813 0.999640166759491
1380.824615978906 1.000266432762146
1380.8454488201933 0.9997730255126953
1380.866281660829 1.000152826309204
1380.8871145008286 1.0000801086425781
1380.907947340177 0.9999811053276062
1380.92878017887 1.0000450611114502
1380.949613016904 1.0003838539123535
1380.9704458542647 0.9991458058357239
1380.9912786909683 1.0006052255630493
1381.0121115270013 0.9990346431732178
1381.0329443623507 1.0009081363677979
1381.0537771970328 0.9994828104972839
1381.0746100310364 1.0002988576889038
1381.095442864358 0.9991514682769775
1381.1579413602065 1.0011056661605835
1381.1787741907876 0.9993924498558044
1381.1996070206724 1.0014771223068237
1381.2204398498825 0.9996621012687683
1381.241272678408 1.0005464553833008
1381.2621055062425 1.000411033630371
1381.2829383334079 1.000078558921814
1381.3037711598984 1.0004316568374634
1381.3246039857183 1.0002456903457642
1381.345436810864 0.9999640583992004
1381.3662696353613 1.0004616975784302
1381.3871024592083 0.9997518658638
1381.4079352824037 1.0009703636169434
1381.428768104978 0.999567449092865
1381.4496009269321 1.0011945962905884
1381.4704337482792 0.9995664358139038
1381.4912665690329 1.0009671449661255