1354.1392285582715 1.0045138597488403
1354.1600624166813 0.9976970553398132
1354.1808962744271 0.9952285289764404
1354.2017301314838 0.9987653493881226
1354.222563987867 1.0047527551651
1354.2433978435529 0.9989769458770752
1354.2642316985482 0.9943510890007019
1354.2850655528596 0.9999738931655884
1354.305899406466 1.0040035247802734
1354.326733259385 0.9980253577232361
1354.3475671115957 0.9957572817802429
1354.3684009631172 0.9991487264633179
1354.3892348139293 1.0036700963974
1354.4100686640513 0.998362123966217
1354.4309025134646 0.9976941347122192
1354.4517363621885 0.9980902075767517
1354.4725702102048 1.001688838005066
1354.493404057524 1.0012319087982178
1354.5142379041572 0.9933507442474365
1354.5350717500967 0.9998794198036194
1354.5559055953333 1.003377079963684
1354.576739439889 0.9982858300209045
1354.5975732837467 0.9967584609985352
1354.6184071269172 1.0028434991836548
1354.6392409694133 0.9980769157409668
1354.6600748112173 0.9963818192481995
1354.6809086523515 0.9988091588020325
1354.7017424927985 1.001526117324829
1354.7225763325807 0.9984310269355774
1354.7434101716804 0.9988077878952026
1354.7642440101208 1.0029518604278564
1354.7850778478842 0.9999789595603943
1354.8059116849931 0.9955866932868958
1354.8267455214304 0.9985364675521851
1354.8475793572195 1.0025008916854858
1354.8684131923421 0.9961503744125366
1354.8892470268113 0.9998952150344849
1354.9100808606404 1.002896785736084
1354.9309146938115 0.9994518756866455
1354.9517485263475 0.9998423457145691
1354.972582358231 0.9994004368782043
1354.993416189485 0.9957573413848877
1355.0142500200923 0.9993574619293213
1355.0350838500754 1.0017791986465454
1355.0559176794166 1.0002027750015259
1355.0767515081393 0.9979017376899719
1355.0975853362256 1.0015678405761719
1355.118419163698 1.0006636381149292
1355.1392529905397 0.9975377917289734
1355.1600868167727 0.9980143308639526
1355.1809206423795 1.0011727809906006
1355.2017544673733 1.000251293182373
1355.2225882917655 0.9987117052078247
1355.2434221155393 1.0014477968215942
1355.2642559387166 0.9990829825401306
1355.2850897612802 0.9976624250411987
1355.3059235832523 0.9991427063941956
1355.326757404615 1.002226710319519
1355.3475912253907 0.9986323714256287
1355.3684250455617 1.0014796257019043
1355.3892588651502 0.9981085062026978
1355.4100926841384 1.0021257400512695
1355.4309265025481 0.9989302754402161
1355.451760320362 0.9970285892486572
1355.4725941376014 1.0005340576171875
1355.4934279542495 1.001116394996643
1355.5142617703268 1.0019869804382324
1355.5350955858166 1.0006667375564575
1355.55592940073 0.9983357787132263
1355.5767632150796 0.9987789988517761
1355.5975970288466 1.0017720460891724
1355.6184308420536 0.9976920485496521
1355.6392646546915 0.9971944093704224
1355.660098466753 1.001035451889038
1355.6809322782494 1.005652904510498
1355.7017660891925 0.9983823299407959
1355.7225998995639 0.9962337613105774
1355.7434337093857 0.9999626874923706
1355.7642675186394 1.0020546913146973
1355.7851013273464 0.9983086585998535
1355.8059351354882 0.9961420297622681
1355.8267689430868 1.0021846294403076
1355.8476027501233 1.0028407573699951
1355.8684365566198 0.9965041279792786
1355.8892703625575 0.9996554851531982
1355.910104167958 0.996723473072052
1355.9309379728022 1.0009974241256714
1355.9517717771123 1.0019972324371338
1355.9726055808692 0.9954074025154114
1355.9934393840845 1.001279354095459
1356.0142731867693 1.0033695697784424
1356.0351069889057 0.9971101880073547
1356.0559407905141 0.9948018789291382
1356.076774591576 1.002727746963501
1356.0976083921132 1.0022109746932983
1356.1184421921064 0.9973867535591125
1356.139275991577 0.9978917241096497
1356.1601097905063 1.0039743185043335
1356.1809435889154 0.997243344783783
1356.201777386786 0.9995524287223816
1356.2226111841383 0.9989302158355713
1356.243444980954 1.000429391860962
1356.264278777254 0.9991726875305176
1356.28511257302 1.0018621683120728
1356.305946368272 1.0037386417388916
1356.3267801629925 0.9957762360572815
1356.347613957201 1.0018399953842163
1356.3684477508796 1.0028945207595825
1356.389281544039 0.998602569103241
1356.4101153366903 0.9981114864349365
1356.4309491288143 1.004724383354187
1356.4517829204322 1.0001330375671387
1356.472616711525 0.9989750385284424
1356.4934505021133 0.9997143745422363
1356.514284292188 1.0010228157043457
1356.5351180817404 0.999474287033081
1356.5559518707812 1.0005223751068115
1356.5767856593213 1.0001654624938965
1356.5976194473417 0.9979711174964905
1356.6184532348632 1.0036941766738892
1356.6601208083723 0.9953098893165588
1356.680954594362 1.0004891157150269
1356.701788379856 1.0049359798431396
1356.722622164835 0.9989811182022095
1356.7434559493202 0.9952556490898132
1356.764289733292 1.0026384592056274
1356.7851235167714 1.0039756298065186
1356.8059572997388 0.9954102039337158
1356.8267910822153 0.9978354573249817
1356.8476248641814 1.0000801086425781
1356.8684586456582 1.002107858657837
1356.8892924266258 1.0002366304397583
1356.9101262071058 0.9997745752334595
1356.9309599870778 1.0003403425216675
1356.9517937665632 1.000654935836792
1356.9726275455423 0.9991658926010132
1356.9934613240362 1.0003467798233032
1357.014295102025 0.996665358543396
1357.03512887952 1.0021424293518066
1357.0559626565314 1.0021977424621582
1357.0767964330396 0.9995906949043274
1357.0976302090658 1.0031663179397583
1357.1184639846 0.9990940093994141
1357.1392977596333 1.00161874294281
1357.1601315341761 0.9980865120887756
1357.180965308239 1.0016106367111206
1357.2017990818026 0.9996002316474915
1357.2226328548875 1.0001481771469116
1357.243466627474 1.0027008056640625
1357.264300399583 1.0028377771377563
1357.2851341711946 0.9974340796470642
1357.3059679423297 0.9984867572784424
1357.326801712969 1.0020041465759277
1357.3476354831325 0.9999004602432251
1357.3684692528009 0.9992654323577881
1357.3893030219951 0.9986017942428589
1357.410136790695 1.005458116531372
1357.430970558922 0.9986533522605896
1357.451804326655 0.999226987361908
1357.4726380939162 1.0017383098602295
1357.4934718606848 0.9997292757034302
1357.5143056269824 0.9972783923149109
1357.5351393927883 1.002550721168518
1357.5559731581238 1.0024397373199463
1357.5768069229691 0.9960295557975769
1357.5976406873444 1.001029133796692
1357.6184744512307 1.0039340257644653
1357.639308214648 0.9974417686462402
1357.6601419775766 0.9984133839607239
1357.6809757400374 1.0018891096115112
1357.7018095020103 1.0008196830749512
1357.7226432635164 1.000159502029419
1357.7434770245352 0.9999069571495056
1357.764310785088 0.9998352527618408
1357.7851445451545 0.999178946018219
1357.8059783047556 0.9997753500938416
1357.826812063871 1.0030099153518677
1357.8476458225223 0.9971436262130737
1357.8684795806887 0.998299777507782
1357.889313338391 1.0060105323791504
1357.9101470956098 0.9999898672103882
1357.930980852365 0.9965973496437073
1357.9518146086375 0.9976033568382263
1357.9726483644472 1.005483865737915
1357.9934821197749 1.0004279613494873
1358.0143158746403 0.9980847239494324
1358.035149629024 0.9986206889152527
1358.055983382947 1.0020666122436523
1358.0768171363886 1.0037773847579956
1358.09765088936 0.9980538487434387
1358.1184846418707 0.9965523481369019
1358.139318393902 1.0019162893295288
1358.1601521454736 1.0070371627807617
1358.1809858965757 0.9983876347541809
1358.201819647199 0.9964596033096313
1358.2226533973637 0.999341607093811
1358.2434871470498 1.006890058517456
1358.2643208962684 0.9984158277511597
1358.2851546450288 0.9963584542274475
1358.305988393322 1.0014729499816895
1358.3268221411379 1.0048949718475342
1358.3476558885197 0.9997250437736511
1358.3684896354225 0.9965435266494751
1358.3893233818492 1.0022227764129639
1358.4101571277997 1.0005837678909302
1358.430990873285 1.0001604557037354
1358.4518246183145 0.9988784193992615
1358.472658362869 1.0019649267196655
1358.4934921069682 1.0010801553726196
1358.5143258506032 0.9984269738197327
1358.5351595937634 0.9984477162361145
1358.5559933364602 1.000382900238037
1358.5768270787028 0.9999480247497559
1358.5976608204714 0.9991726279258728
1358.6184945617872 0.9997678399085999
1358.6393283026298 1.0030531883239746
1358.6601620430195 1.0006599426269531
1358.6809957829369 0.9952537417411804
1358.7018295224016 1.0010641813278198
1358.7226632613945 1.0020077228546143
1358.7434969999354 0.9954794049263
1358.7643307380147 0.9997381567955017
1358.7851644756224 1.0009206533432007
1358.8059982127693 1.002337098121643
1358.826831949465 0.9988858103752136
1358.8476656856903 0.9990041851997375
1358.868499421465 1.0009536743164062
1358.8893331567795 0.9969030618667603
1358.9101668916237 0.9999173283576965
1358.9310006260184 1.0012956857681274
1358.9518343599436 1.0000219345092773
1358.972668093409 0.9987866878509521
1358.9935018264255 1.004613995552063
1359.0143355589835 0.9982215762138367
1359.0351692910722 0.997718095779419
1359.0560030227127 1.0006011724472046
1359.0768367538847 1.0027422904968262
1359.0976704845987 0.9966200590133667
1359.1185042148645 1.002737283706665
1359.1601716740138 0.996526300907135
1359.1810054029074 1.0024144649505615
1359.2018391313336 0.9983312487602234
1359.2226728593132 1.0006657838821411
1359.243506586826 0.9993515014648438
1359.2643403138823 1.0037145614624023
1359.285174040492 0.999011218547821
1359.306007766646 0.9969966411590576
1359.3268414923336 0.9992612600326538
1359.347675217576 1.001732587814331
1359.368508942352 0.9987671375274658
1359.3893426666832 0.9992740750312805
1359.4101763905487 1.0025863647460938
1359.4310101139695 1.0003533363342285
1359.4518438369255 0.9981948137283325
1359.4726775594368 0.999348521232605
1359.4935112814833 0.9987230896949768
1359.5143450030855 0.9984781742095947
1359.535178724224 1.0027881860733032
1359.5560124449178 1.0009565353393555
1359.5768461651478 0.9985665678977966
1359.597679884935 1.0024644136428833
1359.618513604258 1.0007352828979492
1359.6393473231378 0.9992169141769409
1359.6601810415543 0.9970067143440247
1359.6810147595281 1.0002145767211914
1359.7018484770388 1.0040454864501953
1359.722682194107 0.9995283484458923
1359.7435159107129 0.999484121799469
1359.7643496268763 1.0002479553222656
1359.7851833425773 1.002883791923523
1359.8060170578365 0.997580349445343
1359.8268507726339 0.9990959763526917
1359.8476844869892 1.002893090248108
1359.8685182008833 1.0014679431915283
1359.8893519143362 0.9973072409629822
1359.9101856273276 1.001371145248413
1359.9310193398778 1.000618815422058
1359.9518530519672 1.0007833242416382
1359.972686763616 0.9994186162948608
1359.993520474804 0.9968107342720032
1360.0143541855514 1.004652500152588
1360.0351878958388 1.0016635656356812
1360.0560216056858 1.000478982925415
1360.0768553150729 0.9961639642715454
1360.0976890240202 1.002448558807373
1360.1185227325177 1.0048863887786865
1360.1393564405553 0.9959099888801575
1360.1601901481538 0.9997733235359192
1360.181023855293 1.0043201446533203
1360.2018575619932 1.0002058744430542
1360.222691268234 0.9992310404777527
1360.2435249740363 1.0010582208633423
1360.2643586793795 0.9998795390129089
1360.2851923842845 1.0013911724090576
1360.306026088731 1.001080870628357
1360.3268597927395 1.0028557777404785
1360.3476934962894 0.9964979887008667
1360.3685271994013 1.0014718770980835
1360.3893609020554 1.0053621530532837
1360.410194604272 0.9965042471885681
1360.4310283060308 0.9982448816299438
1360.4518620073522 1.0043275356292725
1360.4726957082164 1.0022249221801758
1360.4935294086436 0.9963054060935974
1360.5143631086135 0.9991885423660278
1360.5351968081466 1.0035967826843262
1360.556030507223 0.9969329237937927
1360.5768642058626 1.0006829500198364
1360.5976979040458 1.000719428062439
1360.618531601793 0.998054027557373
1360.6393652990837 1.0026466846466064
1360.6601989959383 1.0004042387008667
1360.681032692337 0.995847761631012
1360.7018663883002 1.0000337362289429
1360.7227000838072 1.0030407905578613
1360.7435337788793 0.9996906518936157
1360.7643674735057 0.9976756572723389
1360.785201167677 1.0003279447555542
1360.806034861413 1.0039911270141602
1360.8268685546943 0.9963895082473755
1360.8477022475404 1.0007154941558838
1360.8685359399321 1.0005146265029907
1360.8893696318894 0.9997761249542236
1360.9102033233921 0.9985697865486145
1360.9310370144601 1.0015184879302979
1360.9518707050745 1.00319242477417
1360.9727043952546 0.9976770877838135
1360.993538084981 1.000978946685791
1361.0143717742735 1.003109335899353
1361.0352054631123 0.9991958141326904
1361.0560391515178 0.9989842772483826
1361.0768728394703 1.002040147781372
1361.097706526989 0.9997513890266418
1361.118540214055 1.0030204057693481
1361.139373900688 0.9980257153511047
1361.1602075868682 0.996428906917572
1361.1810412726159 1.0025079250335693
1361.201874957911 0.9999793767929077
1361.2227086427733 0.9994986057281494
1361.243542327194 1.0000702142715454
1361.2643760111623 1.000386357307434
1361.2852096946988 1.0012816190719604
1361.3060433777832 1.0011736154556274
1361.3268770604361 0.9980785250663757
1361.3477107426374 1.0015945434570312
1361.3685444244074 1.0012668371200562
1361.3893781057263 0.9972606897354126
1361.4102117866141 1.000885248184204
1361.4310454670645 1.0008819103240967
1361.4518791470828 0.997736394405365
1361.472712826638 1.0016443729400635
1361.4935465057624 1.0023189783096313
1361.5143801844367 0.9998998641967773
1361.5352138626806 0.9969338774681091
1361.5560475404743 1.002331256866455
1361.5768812178383 1.002219796180725
1361.5977148947522 0.9966689944267273
1361.6185485712367 0.9977519512176514
1361.6602159228771 1.000304937362671
1361.6810495980335 0.9978811144828796
1361.7018832727608 1.0002949237823486
1361.722716947049 1.001052737236023
1361.7435506208888 0.9995137453079224
1361.7643842942996 1.0008695125579834
1361.785217967262 1.0011169910430908
1361.8060516397964 0.9967136979103088
1361.8268853118827 1.0032275915145874
1361.8477189835405 1.001359462738037
1361.8685526547508 0.9971392750740051
1361.8893863255335 0.9984526038169861
1361.9102199958686 1.0044941902160645
1361.9310536657763 1.001142978668213
1361.951887335237 0.996286153793335
1361.9727210042704 0.9998895525932312
1361.993554672867 1.005664587020874
1362.014388341017 0.9991891980171204
1362.0352220087404 0.9980571866035461
1362.0560556760172 1.0019867420196533
1362.0768893428685 0.999099612236023
1362.097723009273 1.0037907361984253
1362.118556675252 0.9999879002571106
1362.1393903407854 0.997815728187561
1362.1602240058933 1.000373363494873
1362.1810576705554 1.003692865371704
1362.201891334793 1.0002918243408203
1362.2227249985954 0.9966742396354675
1362.2435586619529 1.0014560222625732
1362.2643923248756 1.0039550065994263
1362.2852259873741 0.9978228211402893
1362.306059649428 0.9978769421577454
1362.3268933110585 1.0014219284057617
1362.3477269722548 1.0041202306747437
1362.3685606330073 0.9971897602081299
1362.3893942933362 0.9997787475585938
1362.410227953222 1.0041207075119019
1362.4310616126847 0.9983974099159241
1362.4518952717044 0.998228132724762
1362.4727289303014 1.0011546611785889
1362.4935625884557 1.0001647472381592
1362.5143962461877 0.9995351433753967
1362.535229903478 1.0012054443359375
1362.5560635603458 1.0000756978988647
1362.5768972167823 1.0018712282180786
1362.5977308727772 0.9987552165985107
1362.6185645283506 1.0006500482559204
1362.6393981834833 0.9983936548233032
1362.6602318381947 1.0022586584091187
1362.681065492466 1.0012320280075073
1362.7018991463167 0.9998881816864014
1362.722732799727 0.999732494354248
1362.7435664527175 1.00053870677948
1362.7644001052681 1.003455638885498
1362.7852337573993 0.9979565143585205
1362.8060674090914 1.000360369682312
1362.826901060364 1.0018105506896973
1362.847734711198 0.9999935030937195
1362.8685683616136 1.0007951259613037
1362.8894020116006 1.0018658638000488
1362.9102356611497 0.9950803518295288
1362.9310693102811 1.0052534341812134
1362.9519029589746 1.00186288356781
1362.9727366072511 0.9982547163963318
1362.9935702550906 0.9990172386169434
1363.0144039025129 1.0033732652664185
1363.035237549499 1.0033032894134521
1363.0560711960688 0.996644139289856
1363.0769048422023 0.9987196326255798
1363.0977384879204 1.0049859285354614
1363.1185721332129 0.9987331032752991
1363.1394057780706 1.0000489950180054
1363.1602394225129 0.9997385144233704
1363.1810730665209 0.9989789128303528
1363.2019067101144 1.0021501779556274
1363.222740353274 0.9998100399971008
1363.2435739960197 1.0003453493118286
1363.2644076383324 0.9978040456771851
1363.2852412802317 1.0024458169937134
1363.3060749216984 1.0022510290145874
1363.3269085627526 0.9971304535865784
1363.3477422033748 0.9992144107818604
1363.3685758435847 1.002814531326294
1363.3894094833736 0.998991847038269
1363.410243122731 1.0013437271118164
1363.4310767616778 0.998028039932251
1363.4519104001943 1.000560998916626
1363.4727440383003 1.000153660774231
1363.4935776759767 1.0015826225280762
1363.5144113132437 1.0000594854354858
1363.5352449500815 0.99595707654953
1363.5560785865107 1.004308819770813
1363.5769122225115 1.002606749534607
1363.5977458581046 0.9974014759063721
1363.6185794932699 0.998689591884613
1363.639413128028 1.0033698081970215
1363.6602467623698 0.9979910254478455
1363.6810803962849 0.9982011914253235
1363.701914029794 0.9987372159957886
1363.7227476628775 1.003456711769104
1363.7435812955562 0.9988582730293274
1363.7644149278099 0.9990533590316772
1363.7852485596593 1.001793384552002
1363.806082191095 1.000480055809021
1363.8269158221074 0.9990105032920837
1363.8477494527165 0.9989079833030701
1363.8685830829036 1.0033833980560303
1363.8894167126882 1.0004249811172485
1363.9102503420518 0.9970198273658752
1363.931083971014 1.0015394687652588
1363.951917599556 1.0012516975402832
1363.9727512276975 1.000199794769287
1363.9935848554296 0.9999615550041199
1364.0144184827427 0.9977571368217468
1364.0352521096574 1.0026226043701172
1364.0560857361538 1.003235101699829
1364.0769193622532 0.9985650181770325
1364.0977529879353 0.9959957599639893
1364.1185866132212 1.0041463375091553
1364.1602538625664 0.9975030422210693
1364.1810874866267 0.9970932602882385
1364.201921110293 1.0058903694152832
1364.2227547335558 1.0020560026168823
1364.243588356406 0.9986573457717896
1364.264421978864 0.9993899464607239
1364.2852556009104 1.0022263526916504
1364.306089222566 1.0016416311264038
1364.3269228438114 0.9991152882575989
1364.347756464667 1.002109408378601
1364.3685900851142 0.996043860912323
1364.389423705173 1.0031442642211914
1364.4102573248244 1.0028828382492065
1364.4310909440887 0.996515154838562
1364.4519245629576 0.9957567453384399
1364.4727581814207 1.0069243907928467
1364.4935917994997 1.0013002157211304
1364.5144254171748 0.9935846328735352
1364.5352590344673 1.002145528793335
1364.5560926513574 1.00324547290802
1364.5769262678664 0.9980289340019226
1364.5977598839847 0.998009204864502
1364.6185934997034 1.0023325681686401
1364.6394271150436 1.000889539718628
1364.6602607299856 0.999242901802063
1364.6810943445512 0.9998353123664856
1364.7019279587203 1.0024030208587646
1364.7227615725142 0.9986076354980469
1364.7435951859143 1.001685380935669
1364.7644287989413 1.0015853643417358
1364.7852624115756 0.9974530339241028
1364.8060960238392 1.0026363134384155
1364.8269296357223 1.002787470817566
1364.8477632472166 0.9979292750358582
1364.868596858343 1.0002665519714355
1364.8894304690823 1.002626895904541
1364.9102640794556 1.001441478729248
1364.9310976894544 0.9977744221687317
1364.9519312990892 1.0023025274276733
1364.97276490836 1.0014212131500244
1364.9935985172317 0.9983466267585754
1365.014432125744 1.0005046129226685
1365.0352657338772 1.0022389888763428
1365.0560993416532 0.9992888569831848
1365.0769329490533 1.0001236200332642
1365.0977665560988 1.0020040273666382
1365.1186001627707 0.999739408493042
1365.1394337690908 0.9992431402206421
1365.1602673750504 0.9999444484710693
1365.1811009806413 1.0038020610809326
1365.2019345858841 0.9964174032211304
1365.2227681907614 1.0010673999786377
1365.2436017952937 1.0012123584747314
1365.2644353994735 1.001192331314087
1365.285269003292 0.9998047947883606
1365.306102606771 0.9971318244934082
1365.326936209892 1.004042625427246
1365.347769812677 1.0003035068511963
1365.3686034151071 0.9977518916130066
1365.3894370172052 0.9996179342269897
1365.4102706189522 1.003900170326233
1365.4311042203706 1.0004159212112427
1365.4519378214522 1.0015859603881836
1365.4727714221888 0.9964825510978699
1365.4936050226022 1.0019277334213257
1365.5144386226752 1.004022479057312
1365.5352722224295 0.998432993888855
1365.556105821847 0.9965139031410217
1365.5769394209503 1.0031719207763672
1365.5977730197217 1.0037446022033691
1365.6186066181835 0.9965651035308838
1365.6394402163276 0.999979555606842
1365.660273814147 1.0011111497879028
1365.6811074116642 1.0015469789505005
1365.7019410088615 0.9992362260818481
1365.7227746057613 1.000177025794983
1365.7436082023469 1.0018982887268066
1365.7644417986403 0.9984632730484009
1365.7852753946252 1.0004467964172363
1365.8061089903235 1.0027281045913696
1365.826942585729 0.9976860880851746
1365.847776180834 1.000244140625
1365.8686097756622 1.0028464794158936
1365.889443370196 0.9991384148597717
1365.9102769644596 0.9980650544166565
1365.9311105584454 1.0034254789352417
1365.951944152148 0.9998317956924438
1365.9727777455894 0.997506320476532
1365.993611338754 1.0014126300811768
1366.0144449316654 1.0046559572219849
1366.0352785243074 0.9955393075942993
1366.0561121167034 0.9991432428359985
1366.0769457088377 1.001787543296814
1366.0977793007341 0.9994191527366638
1366.1186128923875 1.0003572702407837
1366.139446483791 0.998199462890625
1366.1602800749697 1.0027812719345093
1366.1811136659073 0.9996280074119568
1366.2019472566292 1.0009090900421143
1366.2227808471296 0.9987323880195618
1366.243614437403 0.9991381168365479
1366.2644480274753 1.0016050338745117
1366.28528161733 1.0026171207427979
1366.3061152069931 0.9946860671043396
1366.3269487964499 1.000626564025879
1366.3477823857256 1.003797173500061
1366.3686159748054 0.9995949864387512
1366.3894495637153 0.9961188435554504
1366.4102831524508 0.9986576437950134
1366.431116741008 1.0060782432556152
1366.4519503294125 0.9973409175872803
1366.4727839176508 0.9979056119918823
1366.4936175057487 1.0008635520935059
1366.5144510937032 1.0013431310653687
1366.5352846815101 1.0007187128067017
1366.5561182691968 0.9991558790206909
1366.5769518567492 0.9979857206344604
1366.5977854441956 1.0008474588394165
1366.6186190315311 1.001254677772522
1366.6602862058926 0.9968273043632507
1366.6811197929328 1.0024391412734985
1366.701953379902 1.00404691696167
1366.7227869667888 0.9985651969909668
1366.7436205536203 0.9981909394264221
1366.764454140385 1.0008138418197632
1366.7852877271098 1.0028173923492432
1366.8061213137937 1.0002425909042358
1366.826954900434 0.9967535734176636
1366.8477884870592 1.0024771690368652
1366.8686220736577 1.0022938251495361
1366.8894556602572 1.000480055809021
1366.9102892468566 0.9999951720237732
1366.9311228334534 0.9965319037437439
1366.951956420076 1.003157377243042
1366.9727900067128 1.0021889209747314
1366.9936235933917 0.9984309077262878
1367.0144571801004 0.9964762330055237
1367.0352907668673 1.006138801574707
1367.0561243536795 1.0003581047058105
1367.0769579405653 0.9961927533149719
1367.0977915275207 1.0005385875701904
1367.1186251145439 1.0027803182601929
1367.1394587016607 0.9969566464424133
1368.63947675615 1.0020595788955688
1368.6603103237244 0.9966527819633484
1368.6811438905686 0.9957192540168762
1368.701977456671 1.0010883808135986
1368.722811022052 1.0000275373458862
1368.74364458669 0.9958445429801941
1368.7644781506044 0.9990084767341614
1368.7853117137859 0.9984515309333801
1368.8061452762242 0.9980427026748657
1368.8269788379398 0.9979645609855652
1368.847812398914 1.0014697313308716
1368.8686459591663 0.9962896704673767
1368.889479518679 0.9970273971557617
1368.9103130774727 1.0019828081130981
1368.9311466355387 0.9982163310050964
1368.9519801928689 0.993317186832428
1368.9728137494844 1.0031071901321411
1368.9936473053672 1.0009804964065552
1369.0144808605392 0.9945741891860962
1369.035314414992 1.003074049949646
1369.056147968718 0.9980159997940063
1369.0769815217388 0.9969624876976013
1369.0978150740473 0.9978241920471191
1369.1186486256347 1.0016103982925415
1369.139482176524 0.9990401268005371
1369.160315726697 0.9966757893562317
1369.1811492761767 1.0014690160751343
1369.201982824955 1.0017080307006836
1369.2228163730242 0.9942838549613953
1369.2436499204068 0.9968981146812439
1369.2644834670953 1.0025224685668945
1369.2853170130822 1.000998616218567
1369.3061505583896 0.9964492321014404
1369.3269841030005 0.9975390434265137
1369.3478176469368 1.0057318210601807
1369.3686511901815 0.9984143376350403
1369.3894847327565 0.9971615076065063
1369.4103182746549 0.9981569051742554
1369.4311518158686 0.9997473955154419
1369.45198535642 1.0021498203277588
1369.4728188962918 0.9983516931533813
1369.4936524355064 0.9985337853431702
1369.5144859740558 1.0018815994262695
1369.5353195119328 0.9987204670906067
1369.5561530491595 1.001388430595398
1369.5769865857185 0.9971132278442383
1369.597820121632 0.9991552233695984
1369.6186536568919 1.001295804977417
1369.639487191491 0.9982540011405945
1369.6603207254514 1.0000348091125488
1369.6811542587652 0.9995783567428589
1369.7019877914245 0.9989403486251831
1369.7228213234519 0.9997876286506653
1369.7436548548292 1.00039803981781
1369.7644883855783 0.9995501041412354
1369.7853219156818 0.997419536113739
1369.8061554451617 0.9999014139175415
1369.8269889740097 1.0026180744171143
1369.8478225022184 0.995568037033081
1369.868656029809 1.000101923942566
1369.8894895567744 1.0007022619247437
1369.9103230831058 1.0002232789993286
1369.9311566088254 0.9992100596427917
1369.9519901339152 1.0012855529785156
1369.9728236583971 0.9993655681610107
1369.9936571822525 0.9968225955963135
1370.014490705504 1.001620888710022
1370.0353242281424 1.002465844154358
1370.0561577501603 0.9955080151557922
1370.0769912715793 0.9993515610694885
1370.0978247923908 1.0047109127044678
1370.1186583125868 0.9995354413986206
1370.139491832189 0.9991990923881531
1370.1603253511785 0.9979879260063171
1370.1811588695778 1.0008491277694702
1370.201992387378 1.0004589557647705
1370.2228259045708 0.9997023940086365
1370.2436594211774 0.9980136752128601
1370.2644929371797 0.9996057748794556
1370.2853264525997 1.0048983097076416
1370.3061599674277 1.0020380020141602
1370.3269934816565 0.9932555556297302
1370.3478269953066 0.999042272567749
1370.3686605083699 1.0047191381454468
1370.3894940208374 0.9989169836044312
1370.410327532731 0.9942919611930847
1370.4311610440318 1.002031683921814
1370.451994554761 1.0060445070266724
1370.4728280649106 0.9962872862815857
1370.4936615744712 0.9978016018867493
1370.5144950834642 0.9998266100883484
1370.5353285918811 0.9983132481575012
1370.556162099713 1.000130534172058
1370.5769956069817 1.000848650932312
1370.5978291136676 0.9979833960533142
1370.6186626197923 1.000306248664856
1370.6394961253473 1.0018713474273682
1370.660329630323 0.9993850588798523
1370.6811631347414 0.9931671023368835
1370.7019966385928 1.0005426406860352
1370.722830141869 1.0041981935501099
1370.743663644591 0.9986123442649841
1370.7644971467398 0.9968054890632629
1370.7853306483362 1.0005697011947632
1370.8061641493719 1.0032691955566406
1370.8269976498373 0.9961960315704346
1370.847831149754 0.9985478520393372
1370.8686646491024 1.0010240077972412
1370.889498147904 1.0004574060440063
1370.9103316461496 1.000817894935608
1370.9311651438306 1.001545786857605
1370.9519986409673 0.9961808919906616
1370.972832137551 1.0004446506500244
1370.9936656335724 1.000945806503296
1371.0144991290533 0.9980555176734924
1371.0353326239733 0.99888014793396
1371.0561661183542 1.0028096437454224
1371.0769996121867 0.9999691843986511
1371.0978331054614 0.9975492358207703
1371.1603335820294 0.9969514608383179
1371.1811670731324 1.000049352645874
1371.2020005636823 1.0041967630386353
1371.2228340536994 1.000020146369934
1371.243667543175 0.9958348870277405
1371.2645010320998 1.0008535385131836
1371.2853345204942 1.0035134553909302
1371.3061680083492 0.9964619278907776
1371.3270014956558 1.0023131370544434
1371.3478349824343 1.0010863542556763
1371.368668468666 0.9985854625701904
1371.389501954371 0.9992242455482483
1371.4103354395406 1.0014443397521973
1371.4311689241651 0.9977083206176758
1371.4520024082653 0.9983225464820862
1371.4728358918323 1.0019694566726685
1371.4936693748562 1.0034523010253906
1371.5145028573581 0.9983263611793518
1371.5353363393183 0.9979063272476196
1371.5561698207578 1.0009018182754517
1371.577003301667 0.9974561929702759
1371.597836782037 1.0003745555877686
1371.6186702618877 0.9990754127502441
1371.6395037412103 1.0000602006912231
1371.6603372199952 1.0001311302185059
1371.6811706982635 1.0043623447418213
1371.7020041760047 0.9961961507797241
1371.7228376532107 0.9956983923912048
1371.743671129901 1.0037285089492798
1371.764504606057 1.0010758638381958
1371.785338081699 0.9961544871330261
1371.8061715568174 0.9991278648376465
1371.8270050314027 1.0048185586929321
1371.847838505476 1.0017168521881104
1371.8686719790173 0.9952128529548645
1371.8895054520476 0.998523473739624
1371.910338924557 1.0024892091751099
1371.9311723965363 0.998196542263031
1371.952005868006 0.9998636245727539
1371.9728393389564 1.0015004873275757
1371.9936728093785 1.0019606351852417
1372.0145062792922 1.0007271766662598
1372.0353397486788 0.9988725185394287
1372.056173217558 0.998414933681488
1372.0770066859207 1.0005607604980469
1372.097840153757 1.002405047416687
1372.118673621088 1.0004078149795532
1372.1395070879037 0.9978923201560974
1372.1603405541948 1.004623532295227
1372.1811740199817 1.0001826286315918
1372.2020074852549 0.998874306678772
1372.2228409500049 0.9984586834907532
1372.2436744142522 1.0015133619308472
1372.2645078779767 1.0043094158172607
1372.2853413411997 0.9978635311126709
1372.3061748039079 1.0004760026931763
1372.3270082660952 1.003389835357666
1372.3478417277852 0.9985489845275879
1372.3686751889645 0.9980423450469971
1372.3895086496248 1.0009509325027466
1372.410342109785 0.9977046251296997
1372.4311755694266 1.0039552450180054
1372.4520090285696 1.0000988245010376
1372.4728424872044 0.9981433153152466
1372.4936759453215 0.9990292191505432
1372.5145094029413 1.0030230283737183
1372.5353428600538 0.9985105395317078
1372.5561763166502 0.9932449460029602
1372.5770097727502 1.0053246021270752
1372.5978432283443 1.0037479400634766
1372.618676683423 0.995013952255249
1372.6395101380067 0.9984451532363892
1372.6603435920856 1.0053074359893799
1372.6811770456502 0.9998577237129211
1372.702010498721 0.994605541229248
1372.722843951278 1.0003626346588135
1372.743677403342 1.004798173904419
1372.7645108549025 0.9968627691268921
1372.785344305951 1.001311182975769
1372.806177756507 1.0013210773468018
1372.827011206561 0.9964203238487244
1372.8478446561037 1.002992033958435
1372.8686781051551 1.0018092393875122
1372.8895115537055 0.9972152709960938
1372.9103450017458 0.999981701374054
1372.9311784492954 1.0029999017715454
1372.9520118963453 1.0005170106887817
1372.9728453428854 0.993450403213501
1372.9936787889367 1.0029796361923218
1373.0145122344786 1.0050727128982544
1373.035345679532 0.996019721031189
1373.0561791240873 1.0000841617584229
1373.0770125681343 1.0028828382492065
1373.0978460116935 0.9984180927276611
1373.1186794547555 0.9975897073745728
1373.1395128973104 1.002488136291504
1373.160346339378 0.9968276023864746
1373.1811797809496 0.9984394311904907
1373.2020132220146 1.0034449100494385
1373.2228466625938 1.0034793615341187
1373.2436801026772 0.994098961353302
1373.2645135422556 1.000580072402954
1373.285346981348 1.0024899244308472
1373.3061804199465 0.9977640509605408
1373.32701385804 0.9969876408576965
1373.3478472956494 0.99979567527771
1373.3686807327545 1.0055058002471924
1373.389514169376 0.9970489144325256
1373.4103476055043 1.0001592636108398
1373.4311810411289 1.0004345178604126
1373.4520144762707 1.0005162954330444
1373.47284791092 0.999074399471283
1373.4936813450665 1.0004007816314697
1373.5145147787312 0.9972691535949707
1373.535348211904 1.001155138015747
1373.5561816445747 1.0018210411071777
1373.5770150767644 0.999843418598175
1373.5978485084527 0.9983336329460144
1373.6603488005933 0.9981076121330261
1373.6811822303293 1.0007208585739136
1373.7020156595754 0.9993454217910767
1373.7228490883222 1.0015372037887573
1373.7436825165892 0.998866081237793
1373.764515944367 0.9983177185058594
1373.7853493716457 1.0022119283676147
1373.806182798446 0.9989806413650513
1373.8270162247572 1.0004820823669434
1373.8478496505704 1.0010554790496826
1373.8686830759052 0.9993964433670044
1373.889516500753 1.000231146812439
1373.9103499251023 1.000954031944275
1373.9311833489746 0.9985920190811157
1373.9520167723595 0.9983192682266235
1373.9728501952477 1.0042752027511597
1373.9936836176587 1.00021231174469
1374.0145170395838 0.9971523284912109
1374.035350461012 1.0029878616333008
1374.0561838819642 1.0032305717468262
1374.0770173024312 0.9951711297035217
1374.0978507224017 0.9973674416542053
1374.1186841418973 1.0043057203292847
1374.1395175608973 1.0038323402404785
1374.1603509794224 0.9993411898612976
1374.1811843974624 0.9973941445350647
1374.2020178150083 1.0041507482528687
1374.2228512320794 1.0000801086425781
1374.2436846486667 1.0001105070114136
1374.2645180647596 0.996619462966919
1374.2853514803787 1.0
1374.3061848955142 1.0042023658752441
1374.3270183101565 1.001070499420166
1374.3478517243254 0.9974928498268127
1374.3686851380119 0.9998383522033691
1374.389518551205 1.0044214725494385
1374.4103519639255 0.996954083442688
1374.4311853761637 0.9960095882415771
1374.4520187879095 1.0009522438049316
1374.4728521991838 1.0047823190689087
1374.4936856099755 0.9956368207931519
1374.5145190202763 1.0009766817092896
1374.5353524301054 1.001319408416748
1374.5561858394533 0.9994014501571655
1374.5770192483099 0.9991006255149841
1374.5978526566962 1.0004640817642212
1374.618686064601 1.0001246929168701
1374.6395194720162 0.998130738735199
1374.6603528789603 1.0024185180664062
1374.681186285425 1.0005496740341187
1374.702019691399 0.997871458530426
1374.722853096904 1.0011775493621826
1374.7436865019295 1.0019093751907349
1374.764519906465 0.9983829259872437
1374.7853533105317 0.9996703267097473
1374.8061867141091 1.002943754196167
1374.8270201172177 1.0011839866638184
1374.8478535198478 0.997502863407135
1374.8686869219994 1.0009467601776123
1374.889520323663 1.0027350187301636
1374.9103537248584 0.9997750520706177
1374.9311871255657 1.0001438856124878
1374.9520205258052 1.0022186040878296
1374.9728539255675 0.9996811747550964
1374.9936873248523 1.000478982925415
1375.0145207236496 0.9994367957115173
1375.0353541219802 1.0012263059616089
1375.0561875198239 0.9992963671684265
1375.077020917201 1.004786491394043
1375.0978543141018 0.9970222115516663
1375.118687710516 0.9969863891601562
1375.1395211064641 1.0059915781021118
1375.1603545019364 1.0004969835281372
1375.1811878969231 0.996788501739502
1375.2020212914435 0.998620331287384
1375.2228546854894 1.0046144723892212
1375.2436880790592 1.000537395477295
1375.2645214721447 0.9976276159286499
1375.285354864765 0.9986333847045898
1375.3061882569066 1.0027307271957397
1375.3270216485828 0.9970941543579102
1375.3478550397795 1.0018537044525146
1375.368688430492 1.0011972188949585
1375.3895218207406 0.9960510730743408
1375.4103552105153 1.000869870185852
1375.4311885998063 1.0042364597320557
1375.4520219886342 0.9967537522315979
1375.4728553769883 0.9925387501716614
1375.4936887648696 1.0062352418899536
1375.5145221522678 1.0024610757827759
1375.5353555392032 0.99532151222229
1375.556188925666 0.9996563196182251
1375.5770223116465 1.0012311935424805
1375.5978556971647 0.9999297261238098
1375.6186890822107 0.9998757839202881
1375.6395224667751 0.9961376190185547
1375.6603558508782 0.9993098378181458
1375.681189234509 1.0014128684997559
1375.7020226176587 1.0021990537643433
1375.7228560003475 0.9988216757774353
1375.7436893825652 0.9962912201881409
1375.764522764302 1.003288984298706
1375.785356145578 1.001393437385559
1375.8061895263738 0.996435284614563
1375.8270229067093 1.0005130767822266
1375.8478562865748 1.0019886493682861
1375.8686896659704 1.0002342462539673
1375.889523044886 0.9976078271865845
1375.9103564233421 1.0012999773025513
1375.931189801329 0.9999955892562866
1375.9520231788367 0.9970894455909729
1375.9728565558858 1.0038741827011108
1375.9936899324657 0.9988718032836914
1376.0145233085668 0.9991398453712463
1376.0353566842098 1.0000911951065063
1376.0561900593843 1.0018351078033447
1376.0770234340814 0.9991589188575745
1376.0978568083196 0.9993022084236145
1376.1603569282208 0.9988433718681335
1376.1811903005898 1.0007328987121582
1376.202023672482 1.0012171268463135
1376.2228570439177 0.9982176423072815
1376.2436904148865 1.0010281801223755
1376.2645237853794 1.0005812644958496
1376.285357155416 1.0018525123596191
1376.3061905249865 0.9972981810569763
1376.3270238940916 1.0008379220962524
1376.347857262721 1.0032069683074951
1376.3686906308944 0.9999862313270569
1376.3895239985936 0.9971283674240112
1376.4103573658376 1.0012866258621216
1376.4311907326164 1.0021157264709473
1376.452024098921 1.0008080005645752
1376.4728574647713 0.998492419719696
1376.4936908301577 0.9989516139030457
1376.5145241950797 1.0032612085342407
1376.5353575595282 1.0040193796157837
1376.5561909235234 0.9969217777252197
1376.5770242870553 0.9947114586830139
1376.5978576501138 1.0077248811721802
1376.6186910127199 1.0037367343902588
1376.6395243748627 0.9931126832962036
1376.660357736534 0.9989873766899109
1376.6811910977522 1.0057930946350098
1376.702024458509 1.0024067163467407
1376.7228578187937 0.9952751994132996
1376.7436911786272 0.9992893934249878
1376.764524537999 1.0058106184005737
1376.7853578968998 0.999079167842865
1376.80619125535 0.9996718764305115
1376.8270246133395 1.0001227855682373
1376.8478579708687 1.0004223585128784
1376.8686913279278 1.001713514328003
1376.8895246845366 1.0035529136657715
1376.910358040686 0.9971388578414917
1376.9311913963659 0.9987422823905945
1376.9520247515968 1.0063462257385254
1376.9728581063684 1.0004091262817383
1376.9936914606715 0.9958351850509644
1377.0145248145263 1.0027213096618652
1377.0353581679226 1.0039587020874023
1377.0561915208514 0.9949162006378174
1377.0770248733322 1.0028399229049683
1377.0978582253556 1.0012692213058472
1377.1186915769117 1.0002869367599487
1377.139524928021 0.9979835748672485
1377.160358278674 1.00346839427948
1377.18119162887 0.9998994469642639
1377.2020249786008 0.996918797492981
1377.222858327885 1.003084421157837
1377.2436916767042 1.0008383989334106
1377.2645250250775 0.9971879720687866
1377.2853583729966 1.0006948709487915
1377.3061917204602 1.0032970905303955
1377.32702506746 0.9986147284507751
1377.3478584140155 0.9984624981880188
1377.3686917601171 1.0024967193603516
1377.3895251057552 1.0018788576126099
1377.4103584509503 0.9956957697868347
1377.4311917956925 1.0023376941680908
1377.452025139972 1.001301646232605
1377.472858483809 0.997492253780365
1377.4936918271942 1.001779317855835
1377.5145251701176 1.0005820989608765
1377.5353585125997 0.9981068968772888
1377.556191854631 1.0010838508605957
1377.5770251962015 1.0011428594589233
1377.5978585373318 0.9999926686286926
1377.6186918780118 0.9974528551101685
1377.6395252182426 1.0016670227050781
1377.6603585580137 1.0026649236679077
1377.681191897346 0.998757541179657
1377.7020252362297 0.9979674816131592
1377.722858574655 1.000786304473877
1377.743691912643 1.0028302669525146
1377.7645252501827 0.9986855983734131
1377.7853585872758 0.9989038705825806
1377.806191923912 1.0006946325302124
1377.827025260112 1.0009877681732178
1377.8478585958658 0.9997672438621521
1377.868691931164 0.9995532631874084
1377.889525266027 0.9990907311439514
1377.9103586004453 1.0029046535491943
1377.931191934409 0.9990097880363464
1377.9520252679395 0.9977805018424988
1377.972858601026 1.0000287294387817
1377.9936919336592 1.0020607709884644
1378.01452526586 0.9990813732147217
1378.0353585976184 0.9932275414466858
1378.0561919289353 1.0042260885238647
1378.0770252598006 1.002027988433838
1378.0978585902355 0.9976549744606018
1378.1186919202291 0.9976957440376282
1378.1395252497737 1.003844141960144
1378.1603585788885 0.9993702173233032
1378.1811919075644 0.9960193634033203
1378.2020252357916 1.0003182888031006
1378.2228585635914 1.0030250549316406
1378.2436918909532 0.9987514615058899
1378.2645252178684 0.9995652437210083
1378.285358544357 0.9992145895957947
1378.30619187041 1.0006399154663086
1378.3270251960273 1.0000133514404297
1378.3478585212 0.99847412109375
1378.3686918459487 0.9996680021286011
1378.3895251702634 0.9997344613075256
1378.4103584941354 1.0031057596206665
1378.4311918175847 0.998380184173584
1378.452025140602 0.9962980151176453
1378.472858463178 1.0016589164733887
1378.4936917853338 1.001071572303772
1378.5145251070596 0.9947113990783691
1378.5353584283553 1.0014253854751587
1378.556191749213 1.0013810396194458
1378.577025069652 0.998554527759552
1378.5978583896642 0.9936795234680176
1378.6603583471322 0.9999645352363586
1378.6811916654415 1.0013868808746338
1378.7020249833167 0.9998173713684082
1378.7228583007793 0.9993823170661926
1378.743691617809 1.0027613639831543
1378.7645249344273 1.0015722513198853
1378.7853582506248 0.998403787612915
1378.8061915664023 0.9997333884239197
1378.8270248817505 1.0036022663116455
1378.8478581966901 1.002945899963379
1378.8686915112128 0.9939507246017456
1378.8895248253182 1.0048147439956665
1378.9103581389982 1.0041310787200928
1378.9311914522732 0.9985029697418213
1378.952024765134 0.9998133778572083
1378.972858077572 1.0004366636276245
1378.9936913896076 1.0033985376358032
1379.0145247012326 1.001786470413208
1379.035358012437 0.997864842414856
1379.0561913232423 0.999761700630188
1379.0770246336394 1.0014218091964722
1379.0978579436296 1.0033206939697266
1379.1186912532035 0.9982650279998779
1379.1395245623826 0.9979100227355957
1379.1603578711577 1.0040189027786255
1379.18119117953 1.0012601613998413
1379.2020244874911 0.9983095526695251
1379.2228577950616 0.9975592494010925
1379.2436911022328 1.0017403364181519
1379.2645244089958 1.0006123781204224
1379.2853577153728 0.9975069761276245
1379.3061910213535 1.0001530647277832
1379.3270243269305 1.0005639791488647
1379.3478576321243 0.9977399706840515
1379.368690936927 1.0037606954574585
1379.3895242413607 0.9977167248725891
1379.4103575453933 0.996498167514801
1379.4311908490297 1.001775860786438
1379.4520241522805 1.004135251045227
1379.4728574551366 0.9995201826095581
1379.4936907576205 0.9945541024208069
1379.5145240597228 1.0055309534072876
1379.535357361446 1.0030608177185059
1379.5561906627809 0.9958119988441467
1379.5770239637498 0.999819278717041
1379.597857264344 1.003690481185913
1379.6186905645557 0.9976117014884949
1379.6395238644066 1.0020042657852173
1379.6603571638882 0.9989249110221863
1379.6811904630028 0.9998394250869751
1379.702023761742 0.9997678399085999
1379.722857060128 1.0038212537765503
1379.743690358153 0.9980277419090271
1379.7645236558083 0.9959663152694702
1379.7853569531171 1.0042208433151245
1379.8061902500704 1.0012731552124023
1379.8270235466716 0.997496485710144
1379.847856842912 0.9992877840995789
1379.8686901388146 1.0031352043151855
1379.889523434371 0.9991070628166199
1379.9103567295747 0.9984830021858215
1379.9311900244475 1.0021432638168335
1379.9520233189821 1.000375747680664
1379.9728566131814 0.9952195286750793
1379.9936899070374 1.0033200979232788
1380.0145232005734 1.0027955770492554
1380.0353564937823 0.9967488646507263
1380.056189786667 0.9997730255126953
1380.0770230792198 1.0019196271896362
1380.0978563714643 0.9985087513923645
1380.118689663394 0.9983968734741211
1380.1395229550017 1.0013117790222168
1380.1603562463101 1.0007095336914062
1380.181189537314 0.9982582330703735
1380.2020228280053 1.0025476217269897
1380.2228561184083 1.0008260011672974
1380.243689408517 0.9976655840873718
1380.2645226983348 0.9978560209274292
1380.2853559878552 1.00208580493927
1380.3061892771027 1.001853346824646
1380.3270225660706 0.9944354295730591
1380.3478558547638 1.0010913610458374
1380.3686891431762 1.0042743682861328
1380.3895224313324 0.9994269013404846
1380.4103557192263 0.9956564903259277
1380.431189006853 1.000958800315857
1380.4520222942376 1.0012482404708862
1380.4728555813742 1.001718282699585
1380.4936888682678 0.9968398809432983
1380.514522154914 0.999340295791626
1380.5353554413375 1.002095341682434
1380.5561887275344 1.001230239868164
1380.5770220134993 0.9976695775985718
1380.597855299259 0.9954609274864197
1380.6186885848078 1.0051078796386719
1380.6395218701532 1.0020934343338013
1380.66035515529 0.9973218441009521
1380.6811884402457 0.9964954853057861
1380.7020217250156 1.004259467124939
1380.722855009607 1.0014158487319946
1380.7436882940167 0.9964582920074463
1380.764521578271 0.9992455244064331
1380.7853548623675 1.0045870542526245
1380.806188146313 0.9995285272598267
1380.8270214301056 0.9987993240356445
1380.8478547137724 1.0021146535873413
1380.8686879973116 0.9983475804328918
1380.8895212807204 0.9996534585952759
1380.9103545640278 1.002444863319397
1380.9311878472317 1.000396966934204
1380.9520211303404 0.9989067912101746
1380.9728544133532 1.0029029846191406
1380.9936876962984 1.0008020401000977
1381.0145209791747 0.9967069625854492
1381.0353542619919 1.0014845132827759
1381.0561875447488 1.0016499757766724
1381.0770208274753 0.9970774054527283
1381.0978541101704 1.0000818967819214
1381.1603539581574 0.9966368675231934
1381.1811872408261 1.0040794610977173
1381.2020205235035 0.9984893798828125
1381.222853806219 0.9992721676826477
1381.2436870889733 1.001341462135315
1381.2645203717761 1.0008457899093628
1381.2853536546281 0.9993537664413452
1381.3061869375583 1.0017826557159424
1381.3270202205679 1.001652717590332
1381.3478535036552 0.9964757561683655
1381.368686786851 0.9999356269836426
1381.389520070154 1.0051014423370361
1381.4103533535738 1.0012667179107666
1381.4311866371183 0.994043231010437
1381.4520199207873 1.004652976989746
1381.4728532046076 1.0033376216888428
1381.493686488577 0.9992377758026123