1325.3256096328246 0.996029257774353
1325.3464430473905 0.996029794216156
1325.367276462561 0.9958316087722778
1325.3881098783047 0.9959493279457092
1325.4089432946212 0.9954307079315186
1325.4297767115079 0.9956701397895813
1325.4506101289328 0.9952869415283203
1325.4714435469032 0.9955734610557556
1325.4922769653854 0.9954736828804016
1325.5131103843762 0.9954273104667664
1325.5339438038718 0.9955293536186218
1325.5547772238388 0.9959978461265564
1325.5756106442734 0.9961833953857422
1325.5964440651715 0.9955607056617737
1325.6172774864992 0.9955211281776428
1325.638110908253 0.9955226182937622
1325.658944330429 0.995632529258728
1325.6797777529937 0.996095597743988
1325.7006111759533 0.9955843687057495
1325.7214445992747 0.9956811666488647
1325.742278022955 0.9963410496711731
1325.7631114469905 0.9963642954826355
1325.7839448713491 0.9958590865135193
1325.8047782960282 0.9966743588447571
1325.8256117210249 0.9958495497703552
1325.8464451463076 0.9963782429695129
1325.867278571874 0.9961110949516296
1325.8881119977225 0.9965124726295471
1325.908945423822 0.9962688088417053
1325.929778850171 0.9967588186264038
1325.9506122767689 0.9967871308326721
1325.9714457035845 0.9961873888969421
1325.9922791306274 0.9972656965255737
1326.0131125578675 0.9974064230918884
1326.0339459853049 0.9972510933876038
1326.0547794129398 0.9968895316123962
1326.0756128407425 0.9977521300315857
1326.0964462687239 0.9976337552070618
1326.1172796968544 0.9980098605155945
1326.1381131251358 0.9979439377784729
1326.1589465535692 0.9985107779502869
1326.1797799821259 0.9984495043754578
1326.2006134108076 0.9980484843254089
1326.2214468396166 0.9987079501152039
1326.2422802685253 0.9987913370132446
1326.2631136975353 0.9989498853683472
1326.2839471266498 0.9985856413841248
1326.3047805560498 0.9987017512321472
1326.3256139855084 0.9990214109420776
1326.3464474148664 0.9993273615837097
1326.3672808442798 0.9994586110115051
1326.3881142737632 0.999804675579071
1326.4089477032896 0.9997069239616394
1326.429781132863 0.9998476505279541
1326.4506145624866 0.9999458193778992
1326.4714479921356 1.0002107620239258
1326.4922814218132 1.000291109085083
1326.5131148515238 1.0002079010009766
1326.5339482812424 1.0003741979599
1326.5547817109832 1.0006966590881348
1326.575615140721 1.0008569955825806
1326.5964485704612 1.0008105039596558
1326.617282000208 1.0011723041534424
1326.6381154299365 1.0008556842803955
1326.6589488596524 1.0011522769927979
1326.6797822893607 1.001097321510315
1326.7006157190367 1.0017949342727661
1326.7214491486864 1.0015450716018677
1326.742282578315 1.0013195276260376
1326.7631160078988 1.0018842220306396
1326.783949437453 1.001550316810608
1326.804782866954 1.002066731452942
1326.8256162964076 1.0021382570266724
1326.8464497258199 1.0022379159927368
1326.867283155167 1.002028226852417
1326.8881165844655 1.0027310848236084
1326.9089500136918 1.00249183177948
1326.9297834428523 1.0029044151306152
1326.9506168719433 1.002767562866211
1326.9714503009716 1.0030142068862915
1326.9922837299137 1.0031336545944214
1327.0131171587868 1.0033657550811768
1327.0339505875668 1.0036005973815918
1327.054784016262 1.0033639669418335
1327.0756174448782 1.0036317110061646
1327.0964508733928 1.003571629524231
1327.1172843018226 1.003623604774475
1327.1381177301455 1.0038819313049316
1327.1589511583682 1.0036407709121704
1327.179784586498 1.0038480758666992
1327.200618014512 1.0041718482971191
1327.221451442418 1.0043879747390747
1327.242284870223 1.0045559406280518
1327.2631182979053 1.0054025650024414
1327.2839517254815 1.0051085948944092
1327.3047851529295 1.0053492784500122
1327.3256185802572 1.0053930282592773
1327.3464520074722 1.0055359601974487
1327.3672854345516 1.0053457021713257
1327.3881188615042 1.0055863857269287
1327.4089522883369 1.0057933330535889
1327.429785715028 1.0058971643447876
1327.4506191415853 1.0055304765701294
1327.4714525680172 1.0061581134796143
1327.4922859943008 1.0066804885864258
1327.5131194204544 1.0058434009552002
1327.5339528464563 1.006109356880188
1327.554786272315 1.0063319206237793
1327.5756196980376 1.0061181783676147
1327.596453123603 1.006485104560852
1327.617286549019 1.0064946413040161
1327.6381199742937 1.0067903995513916
1327.658953399406 1.0066688060760498
1327.6797868243739 1.0064051151275635
1327.7006202491752 1.0069752931594849
1327.721453673819 1.0063295364379883
1327.7422870983135 1.0066725015640259
1327.7631205226367 1.0067559480667114
1327.7839539467973 1.0067700147628784
1327.8047873708038 1.0066187381744385
1327.8256207946347 1.0068888664245605
1327.867287641803 1.006295919418335
1327.888121065128 1.0065526962280273
1327.9089544882913 1.0064332485198975
1327.929787911272 1.0061544179916382
1327.9506213340783 1.006367802619934
1327.971454756719 1.0060733556747437
1327.9922881791729 1.0057822465896606
1328.0131216014584 1.0061324834823608
1328.0339550235544 1.005650520324707
1328.0547884454697 1.0057687759399414
1328.0756218672127 1.005563735961914
1328.0964552887626 1.0054261684417725
1328.1172887101282 1.0056089162826538
1328.1381221313184 1.0050216913223267
1328.1589555523115 1.0048900842666626
1328.1797889731163 1.004981279373169
1328.2006223937424 1.004987359046936
1328.2214558141682 1.0049071311950684
1328.2422892344127 1.004482388496399
1328.263122654455 1.004267930984497
1328.2839560743137 1.0041189193725586
1328.304789493968 1.0041059255599976
1328.3256229134265 1.004276990890503
1328.3464563326986 1.0040836334228516
1328.367289751763 1.00352942943573
1328.3881231706291 1.0035275220870972
1328.4089565893055 1.0036060810089111
1328.4297900077715 1.0035006999969482
1328.4506234260361 1.0033683776855469
1328.4714568441084 1.0030111074447632
1328.4922902619671 1.002539038658142
1328.513123679632 1.0022825002670288
1328.5339570970812 1.0024577379226685
1328.5547905143248 1.0018113851547241
1328.5756239313714 1.0019385814666748
1328.5964573482004 1.0012599229812622
1328.6172907648208 1.001693844795227
1328.638124181242 1.0014228820800781
1328.6589575974426 1.0013047456741333
1328.6797910134421 1.001389503479004
1328.70062442922 1.0010099411010742
1328.721457844785 1.0010557174682617
1328.7422912601464 1.0004018545150757
1328.7631246752837 1.0007965564727783
1328.7839580902164 1.0000041723251343
1328.804791504923 1.000111699104309
1328.825624919413 1.0001206398010254
1328.8464583336859 0.9996238946914673
1328.8672917477506 0.9999610781669617
1328.8881251615867 0.9992097020149231
1328.9089585752135 0.9988078474998474
1328.92979198861 0.9985818266868591
1328.950625401796 0.9989277720451355
1328.9714588147503 0.9985960721969604
1328.9922922274825 0.9982929825782776
1329.0131256400016 0.9982312917709351
1329.0339590522872 0.9977629780769348
1329.0547924643488 0.9979732036590576
1329.0756258761955 0.9980217218399048
1329.0964592878067 0.9975921511650085
1329.117292699202 0.9974194765090942
1329.1381261103604 0.9971258044242859
1329.1589595212913 0.9969744682312012
1329.1797929320046 0.996782660484314
1329.2006263424787 0.9965689778327942
1329.221459752724 0.9963168501853943
1329.24229316275 0.9964525103569031
1329.2631265725352 0.9967277646064758
1329.2839599820993 0.9963642358779907
1329.304793391422 0.996181070804596
1329.3256268005127 0.9960520267486572
1329.346460209381 0.996283769607544
1329.3672936180055 0.9964749217033386
1329.3881270263967 0.996258556842804
1329.4089604345634 0.9963744282722473
1329.4297938424852 0.9958136677742004
1329.4506272501817 0.9958856105804443
1329.4714606576322 0.995535671710968
1329.4922940648464 0.9958203434944153
1329.5131274718333 0.995895504951477
1329.5339608785728 0.9961541295051575
1329.5547942850744 0.9959991574287415
1329.5756276913476 0.9959943890571594
1329.5964610973717 0.9958752393722534
1329.6172945031662 0.9959360361099243
1329.6381279087109 0.9956470727920532
1329.658961314025 0.9959682822227478
1329.6797947190882 0.9961267113685608
1329.7006281239096 0.9962860345840454
1329.7214615285106 0.9963096976280212
1329.742294932858 0.9962862730026245
1329.7631283369526 0.9963522553443909
1329.7839617408135 0.9962120652198792
1329.804795144421 0.9960182905197144
1329.825628547784 0.9962546825408936
1329.8464619509123 0.9962595701217651
1329.8672953537853 0.9962574243545532
1329.8881287564232 0.9966963529586792
1329.9089621588046 0.9963476657867432
1329.9297955609397 0.9962689876556396
1329.9506289628375 0.9967659115791321
1329.9714623644782 0.9970046877861023
1329.9922957658814 0.9959568977355957
1330.0131291670261 0.9963354468345642
1330.033962567922 0.9966987371444702
1330.054795968579 0.9969167113304138
1330.0756293689765 0.9966868162155151
1330.0964627691342 0.9969865083694458
1330.1172961690315 0.9971551299095154
1330.138129568678 0.9973192811012268
1330.1589629680836 0.9974167943000793
1330.1797963672277 0.9976102113723755
1330.2006297661194 0.9978422522544861
1330.2214631647691 0.9978041648864746
1330.2422965631563 0.9975783824920654
1330.2631299613004 0.997673511505127
1330.2839633591807 0.9981934428215027
1330.3047967568073 0.9981196522712708
1330.3256301541896 0.9981731176376343
1330.36729694817 0.9986767172813416
1330.388130344787 0.9985398650169373
1330.4089637411385 0.9989555478096008
1330.4297971372441 0.9989301562309265
1330.4506305330829 0.9993093609809875
1330.471463928665 0.9992855191230774
1330.4922973239993 0.9995757341384888
1330.5131307190666 1.0001368522644043
1330.5339641138853 0.9997922778129578
1330.554797508436 0.9999527335166931
1330.5756309027279 1.000139594078064
1330.5964642967706 1.0004481077194214
1330.617297690544 1.0001959800720215
1330.6381310840682 1.000367522239685
1330.6589644773217 1.0005091428756714
1330.6797978703148 1.0006906986236572
1330.700631263057 1.000659704208374
1330.721464655528 1.001035451889038
1330.7422980477377 1.000523567199707
1330.7631314396954 1.0009256601333618
1330.783964831381 1.0008571147918701
1330.8047982228138 1.001030445098877
1330.8256316139739 1.0012273788452148
1330.8464650048709 1.0008854866027832
1330.8672983955141 1.0013914108276367
1330.8881317858834 1.0016403198242188
1330.9089651759884 1.0009560585021973
1330.929798565839 1.00130033493042
1330.9506319554148 1.0017677545547485
1330.9714653447352 1.0013281106948853
1330.9922987337802 1.0015771389007568
1331.0131321225592 1.0015530586242676
1331.033965511082 1.0015758275985718
1331.054798899328 1.0013811588287354
1331.0756322873176 1.001807451248169
1331.0964656750298 1.0015405416488647
1331.1172990624746 1.0016239881515503
1331.138132449661 1.001503825187683
1331.15896583657 1.0014413595199585
1331.1797992232202 1.0016144514083862
1331.2006326095916 1.0011510848999023
1331.2214659956937 1.0013493299484253
1331.2422993815367 1.0014164447784424
1331.2631327670997 1.0012792348861694
1331.2839661524026 1.00118887424469
1331.3047995374252 1.0013748407363892
1331.3256329221772 1.0015859603881836
1331.3464663066682 1.000789999961853
1331.3672996908776 1.0008593797683716
1331.3881330748154 1.0010466575622559
1331.4089664584912 1.0012105703353882
1331.429799841885 1.0006154775619507
1331.4506332250162 1.000983715057373
1331.4714666078644 1.000861406326294
1331.4922999904393 1.0005195140838623
1331.5131333727506 1.0005170106887817
1331.5339667547785 1.0006495714187622
1331.5548001365419 1.0003691911697388
1331.5756335180208 1.0004774332046509
1331.596466899225 1.0002772808074951
1331.6173002801643 1.0002168416976929
1331.638133660818 0.9999323487281799
1331.6589670411963 0.999613344669342
1331.6798004213085 0.9997257590293884
1331.7006338011347 0.9993623495101929
1331.7214671806937 0.9993486404418945
1331.742300559966 0.9994655847549438
1331.763133938971 0.9996379017829895
1331.7839673176886 0.9994197487831116
1331.8048006961283 0.9994538426399231
1331.8256340743 0.9990049600601196
1331.8464674521833 0.9986859560012817
1331.8673008297876 0.9986571669578552
1331.888134207123 0.998674213886261
1331.9089675841687 0.9982272982597351
1331.9298009609452 0.9981831908226013
1331.9506343374314 0.9983394742012024
1331.9714677136374 0.9977720379829407
1331.9923010895727 0.997881293296814
1332.0131344652173 0.9971969723701477
1332.0339678405903 0.9975942373275757
1332.0548012156721 0.9974262714385986
1332.0756345904717 0.9974614381790161
1332.0964679649994 0.9973490834236145
1332.1173013392347 0.997370183467865
1332.1381347131871 0.9970853924751282
1332.1589680868667 0.9970723390579224
1332.1798014602525 0.9966667890548706
1332.2006348333648 0.9967556595802307
1332.2214682061833 0.9969215989112854
1332.2423015787272 0.9965590834617615
1332.2631349509763 0.9961503148078918
1332.2839683229408 0.9964034557342529
1332.3048016946298 0.9962944984436035
1332.325635066023 0.9958612322807312
1332.346468437131 0.9961217045783997
1332.3673018079621 0.9960464835166931
1332.3881351784971 0.9959993958473206
1332.408968548755 0.9958750009536743
1332.4298019187156 0.9958632588386536
1332.4506352883993 0.9962079524993896
1332.4714686577847 0.9961166381835938
1332.4923020268823 0.9957714676856995
1332.513135395701 0.9957085847854614
1332.5339687642213 0.9959968328475952
1332.5548021324626 0.9956619143486023
1332.5756355004044 0.9956512451171875
1332.596468868056 0.9955395460128784
1332.617302235428 0.9960162043571472
1332.6381356024995 0.9955979585647583
1332.6589689692803 0.9961010217666626
1332.67980233578 0.9960899353027344
1332.7006357019786 0.9963997006416321
1332.7214690678952 0.9960610270500183
1332.7423024335098 0.9964470863342285
1332.7631357988423 0.9963979721069336
1332.7839691638715 0.996205747127533
1332.804802528608 0.9960839152336121
1332.8256358930612 0.9961403012275696
1332.867302621066 0.9960780143737793
1332.888135984637 0.9965457916259766
1332.9089693479034 0.9968019723892212
1332.9298027108846 0.9968145489692688
1332.95063607356 0.9968690276145935
1332.9714694359502 0.9967039227485657
1332.992302798034 0.9970670938491821
1333.0131361598214 0.9969298839569092
1333.0339695213218 0.9971176385879517
1333.054802882515 0.9974368810653687
1333.0756362434113 0.9972294569015503
1333.0964696040191 0.9981302618980408
1333.1173029643187 0.9975975751876831
1333.1381363243297 0.9985085725784302
1333.158969684032 0.9981673955917358
1333.1798030434447 0.9981757998466492
1333.2006364025478 0.9981389045715332
1333.2214697613508 0.9987986087799072
1333.2423031198632 0.998864471912384
1333.263136478065 0.9989379048347473
1333.2839698359792 0.9987338185310364
1333.3048031936003 0.9994020462036133
1333.3256365508976 0.9993725419044495
1333.3464699079025 0.9993634819984436
1333.3673032645947 0.9996992945671082
1333.388136620984 0.9994480013847351
1333.4089699770798 0.9998623728752136
1333.4298033328616 1.0001949071884155
1333.4506366883493 1.000015139579773
1333.471470043522 1.0000189542770386
1333.49230339839 1.000087857246399
1333.5131367529627 1.0003983974456787
1333.5339701072194 0.9999150037765503
1333.55480346117 1.0005991458892822
1333.5756368148238 1.000421166419983
1333.5964701681605 1.0008820295333862
1333.6173035212 1.0007182359695435
1333.6381368739214 1.0010594129562378
1333.6589702263445 1.0014090538024902
1333.679803578449 1.0008386373519897
1333.7006369302444 1.00108802318573
1333.7214702817405 1.0010424852371216
1333.7423036329164 1.0010849237442017
1333.7631369837916 1.0015864372253418
1333.7839703343461 1.0014272928237915
1333.8048036845896 1.001508355140686
1333.8256370345312 1.002016305923462
1333.8464703841505 1.0019035339355469
1333.8673037334675 1.0019149780273438
1333.888137082461 1.002323031425476
1333.9089704311514 1.0022473335266113
1333.9298037795177 1.0025385618209839
1333.9506371275695 1.0025051832199097
1333.9714704753164 1.0030643939971924
1333.9923038227378 1.0030364990234375
1334.0131371698435 1.0028530359268188
1334.033970516643 1.0031297206878662
1334.0548038631155 1.003033995628357
1334.0756372092808 1.0033146142959595
1334.0964705551185 1.0030484199523926
1334.1173039006376 1.003517985343933
1334.1381372458482 1.0039093494415283
1334.1589705907293 1.0035771131515503
1334.1798039353007 1.003832459449768
1334.200637279542 1.0039973258972168
1334.2214706234624 1.0041873455047607
1334.2423039670716 1.0044991970062256
1334.263137310349 1.004202127456665
1334.283970653314 1.004597783088684
1334.3048039959463 1.004504919052124
1334.3256373382649 1.004913330078125
1334.3464706802497 1.004794716835022
1334.3673040219098 1.0051829814910889
1334.3881373632548 1.0049926042556763
1334.4089707042644 1.005411982536316
1334.4298040449582 1.0052528381347656
1334.4506373853148 1.00565767288208
1334.4714707253443 1.0053728818893433
1334.4923040650556 1.005963921546936
1334.5131374044288 1.0057569742202759
1334.5339707434828 1.0062181949615479
1334.554804082197 1.0059529542922974
1334.5756374205812 1.0058839321136475
1334.5964707586445 1.0059486627578735
1334.6173040963663 1.0060396194458008
1334.638137433766 1.006240963935852
1334.6589707708229 1.005958914756775
1334.6798041075463 1.0064271688461304
1334.700637443946 1.006130576133728
1334.721470780001 1.0064620971679688
1334.742304115731 1.006417989730835
1334.7631374511147 1.0067805051803589
1334.7839707861722 1.0063016414642334
1334.8048041208822 1.0062689781188965
1334.8256374552543 1.00604248046875
1334.8464707892977 1.0062801837921143
1334.8673041229918 1.0062611103057861
1334.888137456346 1.006192922592163
1334.9089707893693 1.0059291124343872
1334.929804122041 1.006366491317749
1334.950637454381 1.0058674812316895
1334.971470786368 1.0055642127990723
1334.9923041180211 1.0013625621795654
1335.01313744932 1.0046738386154175
1335.0339707802736 1.0055668354034424
1335.0548041108914 1.0054335594177246
1335.0756374411528 1.004711627960205
1335.0964707710762 1.005072832107544
1335.1173041006416 1.0049011707305908
1335.138137429858 1.004664659500122
1335.1589707587348 1.0049047470092773
1335.1798040872507 1.0046855211257935
1335.2006374154246 1.0047045946121216
1335.2214707432365 1.0041003227233887
1335.2423040707051 1.0041297674179077
1335.26313739781 1.0045115947723389
1335.2839707245596 1.0038927793502808
1335.3048040509636 1.0036163330078125
1335.3256373770007 1.0038219690322876
1335.3673040280112 1.0034793615341187
1335.3881373529725 1.003538966178894
1335.4089706775835 1.0035749673843384
1335.4298040018234 1.0031356811523438
1335.4506373257107 1.0029470920562744
1335.4714706492248 1.002517580986023
1335.4923039723747 1.0029864311218262
1335.5131372951694 1.0025804042816162
1335.5339706175876 1.0022764205932617
1335.5548039396485 1.0021299123764038
1335.5756372613307 1.00172758102417
1335.596470582644 1.0018662214279175
1335.6173039035964 1.00142502784729
1335.6381372241676 1.0015456676483154
1335.658970544376 1.001405954360962
1335.6798038642007 1.0008939504623413
1335.70063718366 1.0013331174850464
1335.7214705027338 1.0005992650985718
1335.7423038214301 1.0006333589553833
1335.7631371397579 1.000705361366272
1335.7839704576963 1.0006014108657837
1335.8048037752637 1.0006183385849
1335.8256370924394 1.0001033544540405
1335.8464704092316 0.9997932314872742
1335.8673037256494 0.9996500611305237
1335.8881370416714 1.0000230073928833
1335.908970357316 0.9988477826118469
1335.9298036725625 0.999072790145874
1335.9506369874287 0.9988802671432495
1335.9714703018942 0.9988229870796204
1335.9923036159673 0.9986215233802795
1336.0131369296564 0.9985379576683044
1336.03397024294 0.9986903667449951
1336.0548035558368 0.9984157681465149
1336.0756368683258 0.9980509281158447
1336.0964701804144 0.9976093769073486
1336.1173034921123 0.9974249005317688
1336.1381368033974 0.9972885251045227
1336.158970114288 0.9967296123504639
1336.179803424763 0.9968386292457581
1336.2006367348404 0.9969345927238464
1336.2214700444986 0.9970121383666992
1336.2423033537461 0.9963169097900391
1336.2631366625913 0.996662437915802
1336.2839699710119 0.9964783191680908
1336.3048032790268 0.9960245490074158
1336.3256365866143 0.99620121717453
1336.3464698937823 0.9964749217033386
1336.367303200539 0.99616938829422
1336.3881365068626 0.995988667011261
1336.4089698127711 0.9957590699195862
1336.429803118243 0.9961181282997131
1336.450636423296 0.9960016012191772
1336.4714697279078 0.9958245754241943
1336.4923030320872 0.9959685206413269
1336.5131363358416 0.9958943128585815
1336.5339696391495 0.9956461787223816
1336.5548029420277 0.995640754699707
1336.5756362444552 0.9960305690765381
1336.5964695464393 0.9952988028526306
1336.6173028479875 0.9955537915229797
1336.638136149078 0.9952867031097412
1336.6589694497281 0.9956763982772827
1336.6798027499162 0.9953833818435669
1336.7006360496596 0.9939501881599426
1336.7214693489354 0.9956750273704529
1336.7423026477516 0.996147096157074
1336.7631359461152 0.9954770803451538
1336.7839692440043 0.9957613945007324
1336.8048025414362 0.9957965016365051
1336.8256358383876 0.9958943724632263
1336.8464691348668 0.9954688549041748
1336.8673024308803 0.9958578944206238
1336.8881357264056 0.9961246848106384
1336.9089690214598 0.995941162109375
1336.9298023160202 0.9961600303649902
1336.9506356101037 0.9962276816368103
1336.9714689036873 0.9962350726127625
1336.9923021967777 0.9961881637573242
1337.0131354893822 0.9965641498565674
1337.0339687814778 0.9967285394668579
1337.0548020730807 0.9962764382362366
1337.0756353641682 0.9968724250793457
1337.0964686547566 0.9965211153030396
1337.1173019448224 0.9966935515403748
1337.1381352343726 0.9967364072799683
1337.1589685234133 0.9970025420188904
1337.1798018119207 0.9966976642608643
1337.200635099912 0.9972684383392334
1337.2214683873626 0.9973527789115906
1337.2423016742794 0.9974426627159119
1337.2631349606677 0.9978775382041931
1337.2839682465044 0.99771648645401
1337.304801531805 0.9978442192077637
1337.325634816546 0.9976478815078735
1337.3464681007424 0.9977760910987854
1337.3673013843704 0.9982414245605469
1337.388134667436 0.9980902075767517
1337.4089679499446 0.9979467988014221
1337.429801231883 0.9984509348869324
1337.4506345132536 0.9981173872947693
1337.4714677940237 0.9982923865318298
1337.4923010742084 0.9984885454177856
1337.5131343538135 0.9994574189186096
1337.5339676328128 0.9993276000022888
1337.5548009112229 0.9990288019180298
1337.5756341890178 0.9987564086914062
1337.5964674662125 0.9989392757415771
1337.6173007427826 0.9992073774337769
1337.638134018742 0.9998660087585449
1337.6589672940654 0.9999334812164307
1337.6798005687579 0.9994040131568909
1337.7006338428234 0.9999982714653015
1337.7214671162367 0.9999181628227234
1337.7423003890121 1.000126838684082
1337.763133661124 1.0004206895828247
1337.7839669325763 1.0001534223556519
1337.8048002033734 1.000408411026001
1337.825633473489 1.0007315874099731
1337.8673000116926 1.001050353050232
1337.8881332797685 1.0007810592651367
1337.9089665471383 1.000913143157959
1337.929799813807 1.0016366243362427
1337.9506330797772 1.0012151002883911
1337.9714663450231 1.0014830827713013
1337.9922996095586 1.0015660524368286
1338.0131328733576 1.001235008239746
1338.0339661364328 1.001470685005188
1338.054799398759 1.0012948513031006
1338.0756326603396 1.001518726348877
1338.096465921178 1.0016907453536987
1338.1172991812487 1.0017144680023193
1338.1381324405654 1.0017707347869873
1338.1589656991023 1.001965045928955
1338.1797989568731 1.0017274618148804
1338.2006322138525 1.0015020370483398
1338.2214654700451 1.0017070770263672
1338.242298725455 1.0017932653427124
1338.2631319800576 1.00162672996521
1338.2839652338675 1.0015888214111328
1338.304798486861 1.001392126083374
1338.3256317390535 1.0014158487319946
1338.3464649904208 1.0019341707229614
1338.3672982409698 1.0016690492630005
1338.388131490707 1.0011595487594604
1338.4089647396113 1.0014722347259521
1338.4297979876992 1.0015031099319458
1338.4506312349502 1.001368761062622
1338.4714644813837 1.0016087293624878
1338.49229772698 1.0011214017868042
1339.6797919406408 0.9967105388641357
1339.7006251747682 0.9968646764755249
1339.7214584093824 0.996134340763092
1339.7422916444623 0.9968080520629883
1339.763124880026 0.9963658452033997
1339.78395811605 0.9965265393257141
1339.8047913525397 0.9966033697128296
1339.8256245895002 0.9968896508216858
1339.8464578269056 0.9968324303627014
1339.867291064769 0.9967412352561951
1339.8881243030633 0.9970025420188904
1339.9089575418006 0.9967522025108337
1339.9297907809528 0.9968501329421997
1339.950624020521 0.9972292184829712
1339.9714572605055 0.9972715973854065
1339.992290500878 0.9971667528152466
1340.0131237416483 0.9967365860939026
1340.0339569827863 0.997481107711792
1340.0547902243018 0.9976950883865356
1340.075623466165 0.997848629951477
1340.0964567083756 0.9980981945991516
1340.1172899509331 0.9980602264404297
1340.1381231938074 0.997367262840271
1340.1589564370074 0.9981882572174072
1340.1797896805035 0.998153030872345
1340.2006229243048 0.9982748627662659
1340.2214561683813 0.9987145662307739
1340.2422894127328 0.9983596801757812
1340.263122657359 0.9985849261283875
1340.2839559022298 0.9986069202423096
1340.3047891473557 0.9989078640937805
1340.3256223927067 0.99903804063797
1340.3464556382933 0.999087929725647
1340.3672888840856 0.9994370937347412
1340.3881221300944 0.9994819760322571
1340.4089553762908 0.9999086260795593
1340.4297886226855 1.0000016689300537
1340.4506218692493 1.0
1340.4714551159839 1.0002292394638062
1340.4922883628903 1.0003145933151245
1340.5131216099408 1.000377893447876
1340.5339548571465 0.9997230172157288
1340.5547881044795 1.0006680488586426
1340.5756213519517 1.00051748752594
1340.5964545995355 1.0001808404922485
1340.6172878472435 1.0008214712142944
1340.6381210950478 1.0010294914245605
1340.6589543429511 1.0011235475540161
1340.6797875909567 1.0015159845352173
1340.7006208390378 1.0009821653366089
1340.7214540872067 1.0014383792877197
1340.7422873354371 1.0013643503189087
1340.7631205837329 1.0015722513198853
1340.7839538320975 1.0016604661941528
1340.8047870805042 1.0019863843917847
1340.825620328967 1.0016679763793945
1340.8464535774604 1.002185583114624
1340.867286825998 1.0022093057632446
1340.8881200745545 1.001899003982544
1340.9089533231447 1.0022002458572388
1340.9297865717424 1.002244234085083
1340.9506198203621 1.0020145177841187
1340.9714530689794 1.0026017427444458
1340.9922863175989 1.0025525093078613
1341.0131195662252 1.002944827079773
1341.033952814834 1.0029680728912354
1341.05478606344 1.0023621320724487
1341.075619312019 1.003273367881775
1341.0964525605866 1.0030810832977295
1341.117285809118 1.0036582946777344
1341.1381190576285 1.003727674484253
1341.1589523060945 1.0038368701934814
1341.179785554522 1.003872036933899
1341.200618802916 1.0043238401412964
1341.221452051253 1.0041760206222534
1341.2422852995494 1.0039385557174683
1341.2631185477812 1.0040122270584106
1341.2839517959646 1.0044916868209839
1341.304785044076 1.0043246746063232
1341.3256182921318 1.0046274662017822
1341.3464515401088 1.0045480728149414
1341.367284788023 1.0047768354415894
1341.3881180358517 1.0050173997879028
1341.4089512836008 1.0048315525054932
1341.429784531278 1.0054322481155396
1341.45061777886 1.0055299997329712
1341.4714510263634 1.005211591720581
1341.4922842737656 1.0055394172668457
1341.5131175210831 1.00579833984375
1341.5339507682936 1.0056796073913574
1341.5547840154138 1.0060863494873047
1341.5756172624212 1.0060173273086548
1341.5964505093232 1.0060079097747803
1341.6172837561269 1.0068011283874512
1341.6381170028098 1.0067014694213867
1341.6589502493896 1.0060012340545654
1341.6797834958436 1.006460189819336
1341.700616742189 1.00446617603302
1341.721449988404 1.006926417350769
1341.742283234506 1.0065598487854004
1341.7631164804727 1.0070598125457764
1341.783949726322 1.007130742073059
1341.8047829720313 1.0070303678512573
1341.8256162176087 1.0071579217910767
1341.8464494630623 1.0067543983459473
1341.86728270837 1.006773591041565
1341.888115953549 1.0068014860153198
1341.908949198578 1.007286548614502
1341.929782443475 1.0064563751220703
1341.9506156882182 1.006385326385498
1341.9714489328146 1.0064769983291626
1341.9922821772739 1.0068131685256958
1342.0131154215833 1.0069688558578491
1342.0339486657313 1.0067976713180542
1342.054781909726 1.0064973831176758
1342.075615153576 1.005605936050415
1342.096448397259 1.0059136152267456
1342.1172816407939 1.0064194202423096
1342.1381148841592 1.0061728954315186
1342.1589481273725 1.0060522556304932
1342.2214478560077 1.0059224367141724
1342.2422810985495 1.0057474374771118
1342.2631143409321 1.005573034286499
1342.283947583134 1.0057109594345093
1342.304780825174 1.0054415464401245
1342.3256140670303 1.0050710439682007
1342.346447308722 1.005305528640747
1342.3672805502274 1.0050331354141235
1342.3881137915653 1.0050448179244995
1342.4089470327144 1.004225254058838
1342.4297802736835 1.0041258335113525
1342.4506135144813 1.004739761352539
1342.4714467550864 1.0047547817230225
1342.4922799955177 1.0041141510009766
1342.513113235754 1.0036343336105347
1342.533946475814 1.0041064023971558
1342.5547797156764 1.0036026239395142
1342.5756129553606 1.0033191442489624
1342.5964461948452 1.0039085149765015
1342.617279434139 1.0027806758880615
1342.6381126732506 1.0024687051773071
1342.6589459121697 1.0030245780944824
1342.6797791508843 1.0025346279144287
1342.7006123894141 1.0026997327804565
1342.721445627738 1.0022839307785034
1342.7422788658646 1.0020179748535156
1342.7631121038028 1.0026068687438965
1342.7839453415322 1.0017050504684448
1342.8047785790716 1.001734733581543
1342.8256118164 1.001772403717041
1342.8464450535362 1.001169204711914
1342.8672782904596 1.0013127326965332
1342.8881115271893 1.000892162322998
1342.9089447637043 1.000714898109436
1342.9297780000134 1.0007556676864624
1342.9506112361264 1.00033438205719
1342.9714444720219 0.9999629259109497
1342.992277707719 1.000038504600525
1343.0131109431973 0.999771237373352
1343.0339441784756 0.9999568462371826
1343.0547774135334 0.9996497631072998
1343.0756106483898 0.9997005462646484
1343.096443883024 0.9993434548377991
1343.1172771174442 0.9993061423301697
1343.1381103516617 0.9990171790122986
1343.1589435856638 0.9984697103500366
1343.1797768194408 0.9982789158821106
1343.2006100530018 0.9987765550613403
1343.2214432863561 0.9978842735290527
1343.2422765194826 0.9978675246238708
1343.2631097524006 0.9984586238861084
1343.2839429850899 0.9978495240211487
1343.3047762175697 0.9973573088645935
1343.3256094498186 0.9974210858345032
1343.3464426818566 0.9975299835205078
1343.367275913663 0.997268795967102
1343.3881091452567 0.9975950717926025
1343.4089423766177 0.9970998764038086
1343.429775607765 0.9967437386512756
1343.4506088386775 0.9968083500862122
1343.4714420693654 0.9967299103736877
1343.4922752998375 0.996871292591095
1343.5131085300732 0.9968732595443726
1343.5339417600921 0.996992826461792
1343.5547749898737 0.9953028559684753
1343.5756082194373 0.9969516396522522
1343.5964414487623 0.9967383742332458
1343.617274677868 0.9968391060829163
1343.638107906734 0.996781587600708
1343.6589411353793 0.9968987107276917
1343.67977436379 0.9966250061988831
1343.7006075919785 0.9965450763702393
1343.7214408199193 0.9968245625495911
1343.7422740476277 0.9966163635253906
1343.763107275113 0.9960938096046448
1343.7839405023547 0.9968773126602173
1343.804773729372 0.9970816969871521
1343.8256069561446 0.9967861771583557
1343.846440182692 0.997109591960907
1343.8672734089937 0.9969834089279175
1343.888106635069 0.9971701502799988
1343.9089398608976 0.9976697564125061
1343.9297730864987 0.9975064396858215
1343.9506063118524 0.997308611869812
1343.9714395369676 0.9972414970397949
1343.992272761854 0.9974059462547302
1344.0131059865014 0.9971999526023865
1344.033939210899 0.9975101351737976
1344.0547724350567 0.997824490070343
1344.0756056589832 0.9977506399154663
1344.096438882659 0.9976588487625122
1344.117272106103 0.9978174567222595
1344.138105329295 0.9979696869850159
1344.158938552255 0.9979375600814819
1344.1797717749616 0.9983120560646057
1344.200604997435 0.9981006383895874
1344.2214382196546 0.9980784058570862
1344.2422714416402 0.9980630278587341
1344.263104663371 0.9961005449295044
1344.2839378848666 0.9983654618263245
1344.304771106107 0.9985154271125793
1344.325604327111 0.9988871812820435
1344.3464375478593 0.9989224076271057
1344.3672707683604 0.9986194372177124
1344.3881039886244 0.999300479888916
1344.408937208631 0.9994370341300964
1344.4297704283997 0.9992654919624329
1344.45060364791 0.9993116855621338
1344.4714368671812 0.9996331930160522
1344.4922700861935 0.9997929334640503
1344.513103304966 0.9995623230934143
1344.5339365234793 0.9993786215782166
1344.554769741752 1.0000205039978027
1344.5756029597637 1.0003377199172974
1344.5964361775343 1.000813364982605
1344.6172693950439 1.0004723072052002
1344.6381026123015 1.000590443611145
1344.6589358293168 1.000868320465088
1344.7214354788257 1.0014299154281616
1344.7422686948287 1.0014926195144653
1344.7631019105677 1.0013710260391235
1344.7839351260623 1.0016497373580933
1344.804768341292 1.0017201900482178
1344.8256015562768 1.001761794090271
1344.846434770996 1.0017852783203125
1344.8672679854697 1.0025075674057007
1344.8881011996768 1.001874566078186
1344.9089344136378 1.002463698387146
1344.929767627332 1.00185227394104
1344.9506008407789 1.002089262008667
1344.9714340539585 1.0020437240600586
1344.9922672668902 1.002134919166565
1345.0131004795537 1.0021860599517822
1345.0339336919587 1.0026429891586304
1345.054766904115 1.0026400089263916
1345.0756001160019 1.0028313398361206
1345.0964333276395 1.0024302005767822
1345.1172665390072 1.0024741888046265
1345.138099750125 1.0024389028549194
1345.1589329609722 1.002528190612793
1345.1797661715686 1.0025681257247925
1345.200599381894 1.0026687383651733
1345.221432591968 1.002733588218689
1345.2422658017704 1.0028067827224731
1345.2630990113205 1.0025584697723389
1345.283932220598 1.0022995471954346
1345.304765429623 1.0028523206710815
1345.3255986383754 1.0024899244308472
1345.3464318468743 1.0024778842926025
1345.3672650550998 1.0021953582763672
1345.388098263061 1.0023056268692017
1345.408931470768 1.0024510622024536
1345.4297646782106 1.002652645111084
1345.4505978853786 1.0021812915802002
1345.4714310922807 1.0022307634353638
1345.4922642989281 1.0023529529571533
1345.5130975052996 1.0019912719726562
1345.5339307114148 1.0022302865982056
1345.554763917254 1.0022119283676147
1345.5755971228364 1.00188410282135
1345.5964303281419 1.001646637916565
1345.61726353319 1.0016847848892212
1345.6380967379607 1.0014346837997437
1345.6589299424736 1.0013331174850464
1345.6797631467082 1.0011091232299805
1345.7005963506845 1.001164436340332
1345.721429554382 1.001003623008728
1345.7422627578208 1.0008116960525513
1345.76309596098 1.0013614892959595
1345.7839291638795 1.0006239414215088
1345.8047623664993 1.0008022785186768
1345.8255955688592 1.0004633665084839
1345.8464287709382 1.0000691413879395
1345.8672619727463 1.0001857280731201
1345.8880951742938 1.0002704858779907
1345.9089283755693 1.0001327991485596
1345.929761576564 0.9998108744621277
1345.9505947772864 0.9994344711303711
1345.9714279777465 1.0002812147140503
1345.9922611779243 0.9992940425872803
1346.0130943778393 0.9991896748542786
1346.033927577471 0.9991817474365234
1346.0547607768397 0.9989001154899597
1346.0755939759242 0.9985830187797546
1346.096427174745 0.9987152218818665
1346.1172603732819 0.9991823434829712
1346.138093571554 0.9984022378921509
1346.1589267695413 0.9981470704078674
1346.1797599672634 0.9982502460479736
1346.2005931647004 0.9980752468109131
1346.2214263618719 0.9978262186050415
1346.242259558757 0.9978688359260559
1346.263092755376 0.9973993301391602
1346.2839259517086 0.997329592704773
1346.3047591477643 0.9973286390304565
1346.3255923435531 0.9973610043525696
1346.3464255390645 0.9971898198127747
1346.367258734288 0.9971750974655151
1346.3880919292437 0.9968351125717163
1346.4089251239113 0.9972323179244995
1346.4297583183102 0.9969671368598938
1346.4505915124203 0.9964250326156616
1346.4714247062511 0.9967847466468811
1346.4922578998128 0.9973896741867065
1346.5130910930848 0.996474027633667
1346.5339242860869 0.9966413974761963
1346.5547574787986 0.9965965151786804
1346.5755906712398 0.9963842630386353
1346.59642386339 0.9969762563705444
1346.6172570552692 0.9964439868927002
1346.638090246857 0.9960998892784119
1346.6589234381731 0.9966694116592407
1346.679756629197 0.9951909780502319
1346.7005898199486 0.9961502552032471
1346.7214230104078 0.9962292909622192
1346.742256200594 0.9958366751670837
1346.7630893904875 0.9959415793418884
1346.7839225801067 0.9963400959968567
1346.8047557694326 0.9964529275894165
1346.8255889584843 0.9964930415153503
1346.8464221472418 0.9958022236824036
1346.8672553357244 0.9966244697570801
1346.8880885239118 0.9967386722564697
1346.9089217118244 0.9962629675865173
1346.9297548994414 0.9963206052780151
1346.9505880867823 0.9972217082977295
1346.9714212738272 0.9964190125465393
1346.9922544605954 0.9966982007026672
1347.013087647067 0.9967017769813538
1347.0339208332516 0.9965910911560059
1347.054754019162 0.9962623119354248
1347.0755872047844 0.9971666932106018
1347.0964203901055 0.997435450553894
1347.1172535751489 0.997236967086792
1347.1380867598932 0.997226893901825
1347.1589199443486 0.9975511431694031
1347.221419495998 0.9977355003356934
1347.2422526792943 0.997589647769928
1347.26308586231 0.9979706406593323
1347.2839190450352 0.998564600944519
1347.3047522274585 0.998316764831543
1347.325585409591 0.9987688660621643
1347.3464185914415 0.998661458492279
1347.36725177299 0.9782393574714661
1347.3880849542556 0.9961622357368469
1347.4089181352185 0.9990282654762268
1347.429751315898 0.9984567761421204
1347.4505844962746 0.998010516166687
1347.4714176763673 0.9973381161689758
1347.4922508561551 0.9972844123840332
1347.5130840356592 0.9981716275215149
1347.533917214858 0.9994240999221802
1347.5547503937717 0.9979454278945923
1347.57558357238 0.9997833967208862
1347.5964167507027 0.9985175728797913
1347.6172499287188 0.999642014503479
1347.6380831064482 1.000261664390564
1347.658916283871 0.9996525049209595
1347.6797494610066 0.998988926410675
1347.700582637834 1.0000756978988647
1347.7214158143738 0.9989839196205139
1347.7422489906053 0.9889630079269409
1347.763082166548 0.9970279932022095
1347.7839153421817 0.9991471171379089
1347.8047485175257 0.9981352686882019
1347.82558169256 1.000430941581726
1347.8464148673042 1.0004459619522095
1347.8672480417379 1.0006217956542969
1347.8880812158804 1.000834584236145
1347.9089143897115 1.0003658533096313
1347.929747563251 0.999563455581665
1347.9505807364787 1.0011297464370728
1347.971413909414 1.0006922483444214
1347.992247082036 1.0009347200393677
1348.0130802543647 0.993481457233429
1348.0339134263802 0.9912694692611694
1348.0547465981015 0.9908462166786194
1348.0755797695083 0.996341347694397
1348.09641294061 0.9970201253890991
1348.1172461114165 1.0016995668411255
1348.1380792819175 1.002000093460083
1348.1589124521024 1.000290870666504
1348.1797456219908 1.001204490661621
1348.2005787915623 1.0015783309936523
1348.2214119608363 0.9987730979919434
1348.2422451297925 0.9999645352363586
1348.2630782984506 0.9998950362205505
1348.2839114667902 0.985967218875885
1348.3047446348203 0.9816073179244995
1348.3255778025512 1.001437783241272
1348.346410969972 1.0014327764511108
1348.3672441370727 1.002100944519043
1348.3880773038622 1.0031933784484863
1348.4089104703505 1.0033388137817383
1348.429743636527 1.0026140213012695
1348.4505768023814 0.9783696532249451
1348.471409967933 0.984474241733551
1348.4922431331613 1.003677487373352
1348.5130762980862 1.0037881135940552
1348.5339094626866 0.9969843626022339
1348.5547426269825 1.0011149644851685
1348.5755757909535 1.0034353733062744
1348.5964089546087 1.0013560056686401
1348.617242117958 1.0038635730743408
1348.6380752809905 1.0029511451721191
1348.6589084436962 0.9988667964935303
1348.679741606094 0.9957313537597656
1348.7005747681637 0.9931540489196777
1348.721407929925 0.999792754650116
1348.7422410913566 1.002232551574707
1348.7630742524789 0.9907888770103455
1348.7839074132708 0.963550329208374
1348.804740573752 0.9959493279457092
1348.8255737339018 1.0009821653366089
1348.8464068937399 1.0025274753570557
1348.8672400532455 1.0025848150253296
1348.888073212438 0.9968011975288391
1348.9089063712968 1.0019114017486572
1348.9297395298418 1.0046354532241821
1348.9505726880518 1.0049511194229126
1348.9714058459463 1.0042895078659058
1348.9922390035051 0.9985795617103577
1349.0130721607477 1.0024720430374146
1349.0339053176529 1.002681016921997
1349.0547384742401 1.003743290901184
1349.0755716304893 0.9995692372322083
1349.0964047864195 1.0042115449905396
1349.1172379420102 1.0038937330245972
1349.1380710972805 1.004146933555603
1349.1589042522098 0.9857696890830994
1349.1797374068176 0.9445436000823975
1349.2005705610834 1.0007891654968262
1349.2214037150263 1.0043367147445679
1349.2422368686255 1.001112699508667
1349.2630700219006 0.9655581116676331
1349.283903174831 0.9692710638046265
1349.3047363274354 1.0009583234786987
1349.3255694796937 1.0050828456878662
1349.3464026316249 1.0050381422042847
1349.3672357832081 1.0050173997879028
1349.3880689344633 1.0049391984939575
1349.408902085369 1.004664421081543
1349.4297352359447 1.0051233768463135
1349.4505683861696 1.0047845840454102
1349.4714015360635 1.004550814628601
1349.4922346856047 1.0039403438568115
1349.5130678348125 1.004512071609497
1349.5339009836669 1.0039438009262085
1349.554734132187 1.0042307376861572
1349.5755672803507 1.004002332687378
1349.5964004281786 1.003550410270691
1349.6172335756494 1.0039457082748413
1349.6380667227822 1.0036664009094238
1349.658899869556 1.0028311014175415
1349.721399307796 1.0027196407318115
1349.7422324531658 1.00299870967865
1349.763065598192 1.0029464960098267
1349.7838987428543 1.0029445886611938
1349.804731887171 1.0027246475219727
1349.8255650311219 1.0020893812179565
1349.8463981747261 1.0025418996810913
1349.8672313179618 1.0022404193878174
1349.8880644608485 1.0018638372421265
1349.9088976033652 1.0019317865371704
1349.929730745531 1.0014803409576416
1349.9505638873247 1.0013041496276855
1349.9713970287648 1.0010511875152588
1349.9922301698311 1.0007810592651367
1350.013063310542 1.0007473230361938
1350.0338964508767 1.0005075931549072
1350.0547295908539 1.0004711151123047
1350.0755627304525 1.0005671977996826
1350.0963958696914 0.9998536705970764
1350.1172290085594 0.9997986555099487
1350.1380621470453 1.0001020431518555
1350.158895285158 0.9998664259910583
1350.1797284229062 0.998867928981781
1350.2005615602686 0.9991819262504578
1350.2213946972643 0.999120831489563
1350.242227833872 0.9988455176353455
1350.2630609701098 0.9990915656089783
1350.2838941059674 0.9988675117492676
1350.3047272414328 0.9984748363494873
1350.3255603765247 0.9985818266868591
1350.3463935112222 0.9981620907783508
1350.3672266455433 0.9981174468994141
1350.388059779467 0.9978976845741272
1350.4088929130114 0.9980058073997498
1350.4297260461558 0.9975193738937378
1350.4505591789184 0.9979792237281799
1350.4713923112777 0.9975056648254395
1350.492225443252 0.9971719980239868
1350.5130585748202 0.9974496364593506
1350.5338917060003 0.9975388050079346
1350.554724836771 0.9973831176757812
1350.5755579671504 0.9967767000198364
1350.5963910971172 0.9967502355575562
1350.6172242266896 0.9969384670257568
1350.6380573558456 0.9963364601135254
1350.658890484604 0.9971209168434143
1350.6797236129428 0.9968942403793335
1350.7005567408803 0.9968937039375305
1350.721389868395 0.9970341920852661
1350.7422229955043 0.9971715211868286
1350.7630561221868 0.9971809983253479
1350.7838892484608 0.9966618418693542
1350.804722374314 0.9966345429420471
1350.8255554997345 0.9969645738601685
1350.8463886247303 0.9964087009429932
1350.8672217493095 0.9967679977416992
1350.88805487345 0.996721088886261
1350.9088879971698 0.9971142411231995
1350.9297211204466 0.9971507787704468
1350.9505542432983 0.9969536662101746
1350.9713873657126 0.9967069625854492
1350.9922204876773 0.996949315071106
1351.0130536092101 0.9971656799316406
1351.0338867302887 0.9976866841316223
1351.0547198509307 0.9968401193618774
1351.0755529711134 0.996740460395813
1351.0963860908548 0.9970855712890625
1351.1172192101324 0.9967713356018066
1351.1380523289633 0.9969801902770996
1351.158885447325 0.9976897835731506
1351.1797185652351 0.997211754322052
1351.2005516826707 0.9975122213363647
1351.2213847996488 0.9977142810821533
1351.2422179161472 0.9980960488319397
1351.2630510321826 0.9972031116485596
1351.283884147732 0.9976611733436584
1351.3047172628128 0.9976053237915039
1351.325550377402 0.9978556036949158
1351.3463834915162 0.9981441497802734
1351.3672166051326 0.9983793497085571
1351.3880497182677 0.9971974492073059
1351.4088828309086 0.9984049797058105
1351.429715943056 0.9980005621910095
1351.4505490547106 0.9986287355422974
1351.4713821658377 0.9985398054122925
1351.492215276467 0.9986429810523987
1351.5130483865744 0.9986035823822021
1351.533881496177 0.9981881976127625
1351.5547146052506 0.9987749457359314
1351.5755477138118 0.9989607930183411
1351.5963808218362 0.999518871307373
1351.6172139293406 0.9990450739860535
1351.6380470363001 0.9993702173233032
1351.6588801427315 0.999076247215271
1351.6797132486101 0.9997822642326355
1351.700546353952 0.9996462464332581
1351.7213794587326 0.999743640422821
1351.7422125629678 1.0003501176834106
1351.7630456666334 0.9997338652610779
1351.783878769744 0.999386191368103
1351.8047118722757 1.0006707906723022
1351.8255449742435 1.0000230073928833
1351.8463780756229 1.000062108039856
1351.8672111764286 1.0010576248168945
1351.888044276646 1.0010923147201538
1351.9088773762599 1.0007541179656982
1351.929710475285 1.0003935098648071
1351.950543573696 1.0007853507995605
1351.971376671508 1.0004733800888062
1351.9922097686956 1.0011600255966187
1352.013042865273 1.0007508993148804
1352.0338759612148 1.001288890838623
1352.0547090565353 1.0011414289474487
1352.075542151209 1.0017640590667725
1352.0963752452494 1.0014935731887817
1352.1172083386314 1.0018649101257324
1352.1380414313685 1.001401424407959
1352.1588745234346 1.0015431642532349
1352.2213737956272 1.0021395683288574
1352.2422068849885 1.0019240379333496
1352.263039973668 1.0023753643035889
1352.2838730616388 1.0017566680908203
1352.3047061489146 1.0016323328018188
1352.3255392354793 1.0021257400512695
1352.3463723213158 1.001792311668396
1352.3672054064384 1.002139687538147
1352.3880384908198 1.0021605491638184
1352.408871574474 1.0019168853759766
1352.4297046573747 1.0017528533935547
1352.4505377395353 1.001686930656433
1352.4713708209295 1.002722978591919
1352.492203901571 1.0017627477645874
1352.5130369814337 1.0018852949142456
1352.5338700605319 1.0016762018203735
1352.5547031388396 1.0014373064041138
1352.5755362163711 1.001722812652588
1352.5963692931011 1.0018298625946045
1352.6172023690444 1.0017765760421753
1352.638035444177 1.0014448165893555
1352.658868518513 1.0010796785354614
1352.679701592039 1.0008819103240967
1352.7005346647418 1.0005089044570923
1352.7213677366374 1.0007984638214111
1352.7422008077037 1.0008459091186523
1352.7630338779586 1.000852108001709
1352.7838669473808 1.0006166696548462
1352.8047000159893 1.000745415687561
1352.825533083764 1.0003268718719482
1352.8463661507267 1.0000636577606201
1352.867199216859 1.0004328489303589
1352.8880322821838 1.0006088018417358
1352.9088653466852 1.0002098083496094
1352.9296984103883 1.0001134872436523
1352.9505314732896 0.9996477365493774
1352.971364535387 0.9997004270553589
1352.99219759671 0.9997808933258057
1353.0130306572491 0.9995807409286499
1353.0338637170366 0.999498188495636
1353.054696776067 0.999433159828186
1353.0755298343754 0.9994435906410217
1353.09636289196 0.9988099336624146
1353.1171959488602 0.9989246129989624
1353.1380290050772 0.9987694025039673
1353.158862060654 0.9985899925231934