1410.9303560594476 0.9997663497924805
1410.9511893404701 0.9995282292366028
1410.972022621234 0.998586893081665
1410.992855901699 0.9988254308700562
1411.0136891818572 0.9994518756866455
1411.03452246169 0.9993879199028015
1411.055355741181 0.9996830821037292
1411.0761890203144 0.9996784329414368
1411.097022299074 0.9995278716087341
1411.117855577447 0.9995673298835754
1411.138688855419 0.9994219541549683
1411.1595221329778 0.9992974400520325
1411.1803554101111 0.9993621110916138
1411.201188686808 0.999535322189331
1411.2220219630676 0.9992887377738953
1411.24285523886 0.999327540397644
1411.263688514186 0.9994819760322571
1411.2845217890365 0.9995806813240051
1411.3053550634036 0.9990867972373962
1411.3261883372793 0.9995113611221313
1411.3470216106562 0.9989829063415527
1411.3678548835273 0.9991531372070312
1411.388688155887 0.9992815256118774
1411.4095214277281 0.9993459582328796
1411.4303546990463 0.9993410110473633
1411.4511879698453 0.998928964138031
1411.4720212401005 0.9997774362564087
1411.492854509818 0.9999134540557861
1411.5136877789928 0.9995593428611755
1411.5345210476212 0.9994736909866333
1411.555354315699 0.9996026754379272
1411.5761875832238 0.9998859167098999
1411.5970208501917 0.9999766945838928
1411.6178541166 0.9998044967651367
1411.6386873824458 0.9998864531517029
1411.659520647727 0.9999300837516785
1411.680353912441 0.9997096657752991
1411.7011871765853 0.9997228384017944
1411.722020440169 0.999788761138916
1411.742853703169 0.9998269081115723
1411.7636869655948 0.9996092319488525
1411.7845202274445 0.9997477531433105
1411.8053534887165 0.999761164188385
1411.82618674941 0.9997240900993347
1411.8470200095237 0.9996668100357056
1411.8678532690567 0.9997353553771973
1411.8886865280085 0.9998352527618408
1411.9095197863774 1.000000238418579
1411.930353044164 1.0001227855682373
1411.9511863013765 1.0001671314239502
1411.972019557995 0.9997134208679199
1411.9928528140297 0.999869167804718
1412.013686069479 0.9998519420623779
1412.0345193243443 0.9995009303092957
1412.0553525786238 0.9998798370361328
1412.0761858323185 1.0000224113464355
1412.0970190854275 1.0000571012496948
1412.1178523379517 1.0000298023223877
1412.138685589901 0.9997205138206482
1412.1595188412448 1.000005841255188
1412.180352092024 0.9996480941772461
1412.2011853422082 0.9997089505195618
1412.2220185918084 1.000124216079712
1412.2428518408244 1.0002880096435547
1412.2636850892566 0.9987000226974487
1412.2845183371055 0.9990962743759155
1412.305351584371 1.0000706911087036
1412.3261848310547 0.9995968341827393
1412.3470180771553 0.9996668696403503
1412.367851322675 1.0003894567489624
1412.3886845676234 1.0000590085983276
1412.4095178119808 0.9995073676109314
1412.4303510557586 0.9999033808708191
1412.4511842989564 0.9999133348464966
1412.472017541576 0.9994668960571289
1412.4928507836169 0.9998816251754761
1412.51368402508 1.0001251697540283
1412.534517265966 0.9997584819793701
1412.5553505062758 0.9999790787696838
1412.5761837460097 0.9999793171882629
1412.5970169851787 0.9995706677436829
1412.617850223763 0.9994018077850342
1412.638683461774 1.0000125169754028
1412.659516699212 0.99970942735672
1412.6803499360772 0.9998610615730286
1412.7011831723712 1.0000879764556885
1412.7220164080943 0.9999003410339355
1412.7428496432474 0.9998570084571838
1412.7636828778311 0.9996740818023682
1412.7845161118457 1.000133752822876
1412.8053493453028 0.9999921321868896
1412.8261825781826 1.0000157356262207
1412.847015810496 0.9998133182525635
1412.8678490422437 0.9999997615814209
1412.8886822734266 1.0001722574234009
1412.9095155040452 1.000008463859558
1412.9303487341008 0.999771773815155
1412.9511819635934 1.0001447200775146
1412.9720151925242 0.9999744892120361
1412.9928484208938 0.9999325275421143
1413.0136816487034 0.9999097585678101
1413.0345148759627 0.9997000098228455
1413.0553481026534 0.9998582601547241
1413.076181328786 0.9999199509620667
1413.0970145543613 1.0001558065414429
1413.11784777938 1.000293493270874
1413.1386810038425 0.9999141097068787
1413.1595142277504 1.000063419342041
1413.1803474511034 0.999647855758667
1413.201180673913 1.0000396966934204
1413.2220138961598 0.9998818635940552
1413.2428471178541 1.0002021789550781
1413.2845135595894 1.0001033544540405
1413.3053467796317 1.0001511573791504
1413.3261799991246 1.0002473592758179
1413.3470132180692 1.0000933408737183
1413.3678464364662 1.0004537105560303
1413.3886796543152 1.0006309747695923
1413.4095128716187 1.0003111362457275
1413.4303460883862 1.000693440437317
1413.451179304598 1.0003255605697632
1413.4720125202664 1.0002827644348145
1413.4928457353903 1.0004286766052246
1413.513678949972 1.0002769231796265
1413.534512164011 1.0000708103179932
1413.5553453775085 1.0003750324249268
1413.5761785904654 0.9999964237213135
1413.5970118028915 1.0005029439926147
1413.6178450147681 0.9996499419212341
1413.638678226106 1.0000391006469727
1413.6595114369054 0.9997780919075012
1413.6803446471672 1.0004010200500488
1413.701177856892 1.0001202821731567
1413.7220110660805 1.0001940727233887
1413.7428442747332 0.9999409317970276
1413.7636774828509 1.000364065170288
1413.7845106904442 1.0001550912857056
1413.8053438974935 1.0002802610397339
1413.8261771040097 0.9998640418052673
1413.847010309993 0.9998905658721924
1413.8678435154447 0.9999992251396179
1413.8886767203646 1.0002464056015015
1413.909509924754 1.0003817081451416
1413.9720095347527 1.000131607055664
1413.9928427370244 0.9998882412910461
1414.0136759387685 0.9997806549072266
1414.0345091399854 0.999924898147583
1414.055342340675 1.0003602504730225
1414.076175540839 1.0004398822784424
1414.0970087404764 1.000100016593933
1414.1178419395897 0.9999963045120239
1414.138675138178 1.0000725984573364
1414.159508336252 1.0002093315124512
1414.1803415337931 1.0002470016479492
1414.2011747308109 1.0000619888305664
1414.222007927306 1.0000168085098267
1414.2428411232797 1.0003221035003662
1414.2636743187315 1.0000375509262085
1414.284507513663 0.999927282333374
1414.3053407080736 0.9998542666435242
1414.3261739019645 1.0001450777053833
1414.347007095346 0.9994339346885681
1414.3678402881985 1.0000666379928589
1414.3886734805328 1.0000284910202026
1414.4095066723492 0.9995405077934265
1414.430339863648 0.999982476234436
1414.4511730544298 0.9996647238731384
1414.4720062446956 0.9999123811721802
1414.492839434445 0.9996510744094849
1414.5136726236885 1.000614881515503
1414.5345058124076 1.0002025365829468
1414.5553390006116 1.000100016593933
1414.5761721883016 1.0002117156982422
1414.5970053754777 0.9999439716339111
1414.6178385621408 1.0003564357757568
1414.6386717482908 1.0001020431518555
1414.6595049339282 0.9997511506080627
1414.6803381190637 1.0001875162124634
1414.701171303678 0.9999518990516663
1414.7220044877806 0.9996599555015564
1414.7428376713726 1.0001555681228638
1414.7636708544544 0.9998505115509033
1414.7845040370262 0.9998160600662231
1414.8053372190884 0.99985671043396
1414.8261704006416 0.999968945980072
1414.847003581696 1.0000146627426147
1414.8678367622324 1.0000768899917603
1414.8886699422603 0.9996652007102966
1414.909503121781 1.0001170635223389
1414.9303363007944 0.9997125267982483
1414.9511694793011 0.9999621510505676
1414.9720026573016 0.9999022483825684
1414.9928358347954 1.0001691579818726
1415.013669011794 0.999721348285675
1415.0345021882772 1.0000526905059814
1415.0553353642554 0.9992879629135132
1415.0761685397288 0.9999419450759888
1415.0970017146983 0.999924898147583
1415.1178348891638 0.9999016523361206
1415.1386680631258 0.9996222257614136
1415.1595012365842 0.9997503757476807
1415.1803344095501 0.9999763369560242
1415.2011675820036 1.0001912117004395
1415.2220007539543 1.0003547668457031
1415.2428339254038 0.9996199607849121
1415.263667096351 0.9998961687088013
1415.2845002667975 1.000144362449646
1415.3053334367426 1.0003248453140259
1415.3261666061971 1.0000159740447998
1415.346999775142 1.0000286102294922
1415.367832943586 0.9998415112495422
1415.388666111531 1.000464916229248
1415.409499278976 1.0000194311141968
1415.4303324459222 1.0006567239761353
1415.4511656123696 1.0001471042633057
1415.4719987783185 1.000165343284607
1415.492831943779 1.0001177787780762
1415.5136651087316 0.9999266862869263
1415.5344982731865 1.0001710653305054
1415.5553314371439 0.9997806549072266
1415.5761646006044 0.9998966455459595
1415.596997763568 0.9998764395713806
1415.617830926035 1.0000487565994263
1415.638664088006 1.0000121593475342
1415.6594972494902 1.0002903938293457
1415.680330410469 0.9999337792396545
1415.7011635709525 1.0001803636550903
1415.7219967309402 1.0001521110534668
1415.7428298904333 1.0002049207687378
1415.7636630494312 0.999988317489624
1415.7844962079448 1.000081181526184
1415.8053293659543 1.0004111528396606
1415.826162523469 0.9997432827949524
1415.8469956804909 1.0002474784851074
1415.8678288370186 1.000126600265503
1415.8886619930527 0.9999492168426514
1415.909495148594 1.000128984451294
1415.930328303642 1.0001204013824463
1415.9511614582077 0.9999103546142578
1415.9719946122707 1.0000674724578857
1415.9928277658414 1.0002151727676392
1416.01366091892 1.0002208948135376
1416.0344940715067 1.000288486480713
1416.055327223602 0.9997016191482544
1416.0761603752055 0.9998781681060791
1416.096993526318 1.000257968902588
1416.1178266769496 0.9998963475227356
1416.1386598270801 0.9997405409812927
1416.15949297672 0.9998775720596313
1416.1803261258692 1.0001888275146484
1416.2011592745284 1.0000617504119873
1416.2219924226974 1.0000550746917725
1416.2428255703765 0.9997482299804688
1416.263658717576 1.0000611543655396
1416.2844918642757 0.9998887181282043
1416.305325010486 0.9999971389770508
1416.3261581562074 1.0000026226043701
1416.3469913014394 1.000223159790039
1416.367824446183 0.9999023079872131
1416.388657590447 1.0003583431243896
1416.4094907342133 0.9997869729995728
1416.4303238774912 0.9997546076774597
1416.45115702028 0.9998617172241211
1416.4719901625817 0.9999671578407288
1416.4928233043947 1.0002306699752808
1416.5136564457305 0.9998921751976013
1416.5344895865587 0.9999339580535889
1416.5553227269186 1.0002199411392212
1416.576155866782 0.9997135996818542
1416.596989006158 0.9998968839645386
1416.6178221450466 0.9999933242797852
1416.6386552834485 0.9998074173927307
1416.6594884213634 1.000119924545288
1416.6803215588018 0.9998588562011719
1416.7011546957438 1.000199794769287
1416.721987832199 0.9999526143074036
1416.742820968168 0.9999784827232361
1416.7636541036507 0.9997263550758362
1416.7844872386477 0.9995130300521851
1416.8053203731583 0.9999035000801086
1416.8261535071833 0.9997311234474182
1416.8469866407327 1.000061273574829
1416.867819773786 1.0001248121261597
1416.8886529063543 0.9996124505996704
1416.9094860384369 1.0000592470169067
1416.9719854317837 0.9998460412025452
1416.9928185619256 0.9998194575309753
1417.0136516915827 0.9986263513565063
1417.0344848207549 0.9997075796127319
1417.0553179494425 1.000003695487976
1417.0761510776451 0.9997057318687439
1417.0969842053637 0.9994954466819763
1417.1178173326075 0.9992225170135498
1417.1386504593565 0.9992194175720215
1417.159483585622 0.99983811378479
1417.1803167114022 0.9992600083351135
1417.201149836699 0.9999141693115234
1417.221982961511 0.9997952580451965
1417.2428160858396 0.9999604821205139
1417.263649209694 0.9996423721313477
1417.284482333054 0.9996165037155151
1417.305315455931 0.9999504685401917
1417.3261485783235 1.0001753568649292
1417.3469817002324 0.9998759627342224
1417.3678148216577 0.9996206760406494
1417.3886479426092 0.999480128288269
1417.409481063067 1.0000542402267456
1417.4303141830417 0.9998271465301514
1417.4511473025323 0.9995089769363403
1417.47198042154 0.999899685382843
1417.4928135400637 1.000054121017456
1417.5136466581043 0.9998232126235962
1417.5344797756718 1.000066876411438
1417.5553128927456 0.999983012676239
1417.5761460093363 0.9997338056564331
1417.5969791254438 0.99989253282547
1417.6178122410681 0.9999673366546631
1417.638645356209 1.0002505779266357
1417.6594784708768 0.999677300453186
1417.6803115850516 1.0000983476638794
1417.7011446987433 0.999822735786438
1417.721977811952 0.9997482299804688
1417.7428109246773 1.0001846551895142
1417.7636440369197 0.9998400807380676
1417.7844771486891 1.0003677606582642
1417.8053102599652 1.0000369548797607
1417.8261433707587 1.0003025531768799
1417.8469764810686 1.0000497102737427
1417.8678095908958 1.0001040697097778
1417.88864270024 1.0003222227096558
1417.9094758091012 0.9999737739562988
1417.930308917489 0.9998193979263306
1417.9511420253843 1.0000261068344116
1417.971975132796 1.0000158548355103
1417.9928082397253 0.9999592304229736
1418.0136413461707 0.999626874923706
1418.034474452134 1.0005884170532227
1418.0553075576238 0.9999996423721313
1418.07614066262 1.0000698566436768
1418.0969737671337 0.9998483657836914
1418.1178068711642 1.0001055002212524
1418.1386399747114 1.0000020265579224
1418.1594730777856 0.9997297525405884
1418.1803061803664 1.0000840425491333
1418.2011392824638 1.000033974647522
1418.2219723840783 0.9999658465385437
1418.2428054852091 0.9996123909950256
1418.263638585857 1.000056505203247
1418.284471686021 0.9999396800994873
1418.3053047857022 0.9998971819877625
1418.3261378849097 1.0000256299972534
1418.3469709836236 1.00014066696167
1418.367804081854 1.0000616312026978
1418.388637179601 1.0000520944595337
1418.4094702768643 1.0000237226486206
1418.430303373654 0.9998524785041809
1418.4511364699497 0.9999687671661377
1418.4719695657618 1.0002847909927368
1421.2427669593512 1.0179423093795776
1421.2635999895035 1.0171676874160767
1421.2844330191667 1.0164064168930054
1421.305266048352 1.0161051750183105
1421.3260990770395 1.0156244039535522
1421.3469321052398 1.0149465799331665
1421.367765132954 1.0153231620788574
1421.3885981601823 1.01393723487854
1421.4094311869258 1.0137912034988403
1421.430264213195 1.0126131772994995
1421.4510972389705 1.0116584300994873
1421.471930264264 1.0118451118469238
1421.492763289076 1.011317491531372
1421.5135963134067 1.0106168985366821
1421.5344293372682 1.0099133253097534
1421.5552623606416 1.0094820261001587
1421.5760953835368 1.0089616775512695
1421.5969284059565 1.0087625980377197
1421.6177614279109 1.0080842971801758
1421.6385944493816 1.0079433917999268
1421.6594274703805 1.00813627243042
1421.6802604909083 1.0074506998062134
1421.7010935109674 1.0079286098480225
1421.7219265305691 1.0070395469665527
1421.7427595496943 1.0074719190597534
1421.7635925683564 1.0071531534194946
1421.7844255865562 1.006555199623108
1421.805258604296 1.0067206621170044
1421.826091621588 1.0066161155700684
1421.846924638414 1.0062059164047241
1421.8677576547873 1.0060056447982788
1421.8885906707092 1.0060068368911743
1421.9094236861833 1.0056859254837036
1421.9302567012219 1.0056562423706055
1421.9510897158075 1.0054925680160522
1421.9719227299538 1.0055145025253296
1421.9927557436633 1.00472891330719
1422.01358875694 1.0050935745239258
1422.0344217697964 1.005141019821167
1422.0552547822176 1.0047913789749146
1422.0760877942164 1.0049901008605957
1422.0969208057968 1.0046566724777222
1422.1177538169736 1.0044742822647095
1422.1385868277312 1.004163384437561
1422.1594198380835 1.0040732622146606
1422.1802528480366 1.0044151544570923
1422.2010858575945 1.0042786598205566
1422.2219188667636 1.0040366649627686
1422.2427518755594 1.003974437713623
1422.2635848839673 1.0039310455322266
1422.284417892004 1.0037294626235962
1422.3052508996761 1.0040676593780518
1422.3260839070008 1.0043467283248901
1422.3469169139648 1.0038068294525146
1422.367749920586 1.0042721033096313
1422.3885829268727 1.0037540197372437
1422.4094159328329 1.0041524171829224
1422.4302489384856 1.0037394762039185
1422.4510819438203 1.003409743309021
1422.4719149488565 1.0041996240615845
1422.4927479536045 1.0038354396820068
1422.5135809580747 1.0032926797866821
1422.5344139622891 1.004392147064209
1422.5552469662393 1.0040282011032104
1422.5760799699474 1.0034972429275513
1422.5969129734267 1.003535509109497
1422.6177459767007 1.0038011074066162
1422.6385789797637 1.0039541721343994
1422.6594119826414 1.0045340061187744
1422.6802449853483 1.0050239562988281
1422.7010779879024 1.0051182508468628
1422.7219109903199 1.0048139095306396
1422.7427439926294 1.005488395690918
1422.76357699483 1.006097674369812
1422.7844099969514 1.006277084350586
1422.8052429990148 1.0065008401870728
1422.826076001052 1.0073188543319702
1422.8469090030649 1.0075652599334717
1422.8677420050885 1.0083039999008179
1422.8885750071474 1.0091910362243652
1422.9094080092768 1.0103063583374023
1422.971907016279 1.0104999542236328
1422.9927400189256 1.0111337900161743
1423.0135730217903 1.0113558769226074
1423.0344060248856 1.0124667882919312
1423.0552390282571 1.0136057138442993
1423.0760720319383 1.014252781867981
1423.096905035968 1.0137836933135986
1423.1177380403822 1.01492178440094
1423.1385710452298 1.0158612728118896
1423.159404050532 1.0165878534317017
1423.1802370563387 1.0168771743774414
1423.2010700627022 1.0171897411346436
1423.2219030696458 1.0167741775512695
1423.2427360772222 1.019171953201294
1423.263569085476 1.0184259414672852
1423.284402094452 1.0185134410858154
1423.3052351042052 1.0184377431869507
1423.3260681147608 1.0211584568023682
1423.3469011261739 1.021008014678955
1423.3677341384896 1.0219179391860962
1423.3885671517519 1.0215039253234863
1423.4094001660146 1.0226144790649414
1423.4302331813005 1.0225751399993896
1423.4510661976606 1.0240691900253296
1423.4718992151347 1.0230097770690918
1423.4927322337703 1.0226168632507324
1424.5760506195884 1.0000278949737549
1424.5968836760744 1.000211238861084
1424.6177167323056 0.9999619126319885
1424.6385497882725 1.0001460313796997
1424.659382843954 0.9999171495437622
1424.6802158993428 1.0001474618911743
1424.7010489544016 1.0000211000442505
1424.7218820091225 0.9997486472129822
1424.7427150634915 0.9998728036880493
1424.7635481175034 0.9998646974563599
1424.7843811711239 0.99994957447052
1424.805214224351 0.9996963739395142
1424.8260472771717 0.9998278617858887
1424.846880329585 1.0001554489135742
1424.8677133815602 0.9999168515205383
1424.888546433097 0.9996185898780823
1424.9093794841856 0.9997012615203857
1424.9302125348179 0.9996942281723022
1424.9510455849945 0.9995459318161011
1424.9718786346882 1.0001728534698486
1424.9927116839017 0.9996618628501892
1425.013544732628 1.0000022649765015
1425.0343777808707 0.9999637007713318
1425.055210828604 0.9999924898147583
1425.076043875832 0.9999756813049316
1425.0968769225499 0.9991849660873413
1425.1177099687623 0.999598503112793
1425.1385430144448 0.999886155128479
1425.1593760596036 0.9996356964111328
1425.1802091042346 1.0000768899917603
1425.2010421483337 1.000205159187317
1425.221875191908 0.9998107552528381
1425.2427082349345 0.9994872808456421
1425.2635412774202 1.0000054836273193
1425.284374319372 0.9998026490211487
1425.3052073607682 1.0005296468734741
1425.3260404016157 1.0001741647720337
1425.3468734419134 0.9998847246170044
1425.3677064816588 0.9996706247329712
1425.3885395208601 0.9995736479759216
1425.409372559496 0.9995953440666199
1425.430205597575 1.0001611709594727
1425.451038635096 0.9997824430465698
1425.4718716720677 1.0001254081726074
1425.4927047084689 0.9994387030601501
1425.513537744309 1.000165343284607
1425.5343707795869 0.9999639987945557
1425.555203814302 0.999900758266449
1425.5760368484641 0.9996674060821533
1425.596869882052 1.0001264810562134
1425.617702915076 0.9998142123222351
1425.6385359475453 0.9999046921730042
1425.6593689794395 1.0000954866409302
1425.6802020107689 0.9997878670692444
1425.701035041533 1.0000625848770142
1425.721868071732 1.0001487731933594
1425.7427011013756 1.0001564025878906
1425.763534130444 0.9995709657669067
1425.7843671589474 0.9999631643295288
1425.805200186896 0.9997033476829529
1425.8260332142695 0.9997906684875488
1425.846866241079 1.0001955032348633
1425.867699267324 1.0000910758972168
1425.888532293005 0.9999426007270813
1425.9093653181326 1.000015139579773
1425.9301983426872 0.9997894167900085
1425.951031366679 0.9997861385345459
1425.9718643901185 0.9998272657394409
1425.9926974129862 1.000180721282959
1426.0135304352928 1.0003957748413086
1426.0343634570386 0.9998859763145447
1426.0551964782242 0.9998491406440735
1426.0760294988604 1.000085711479187
1426.096862518927 1.0001477003097534
1426.1176955384358 0.9999700784683228
1426.1385285573967 1.0004876852035522
1426.1593615757902 1.000196099281311
1426.1801945936274 0.9997031092643738
1426.2010276109086 1.0000916719436646
1426.221860627635 1.0002622604370117
1426.2426936438167 1.000260829925537
1426.2635266594343 0.9996916651725769
1426.2843596744995 1.0001391172409058
1426.305192689022 1.0001453161239624
1426.3260257029829 1.0000790357589722
1426.346858716393 1.0001906156539917
1426.3676917292528 1.0001014471054077
1426.3885247415735 1.000525712966919
1426.4093577533354 1.0000152587890625
1426.4301907645493 1.0001590251922607
1426.4510237752163 1.0001078844070435
1426.4718567853467 1.0001670122146606
1426.4926897949215 1.0001369714736938
1426.5135228039517 0.999817430973053
1426.5343558124373 0.9999600052833557
1426.55518882038 1.0002161264419556
1426.57602182779 1.000064730644226
1426.596854834648 1.0002843141555786
1426.6176878409653 1.000118613243103
1426.6385208467523 1.0000089406967163
1426.6593538519894 0.9999966025352478
1426.6801868566881 1.0002639293670654
1426.7010198608486 1.0004318952560425
1426.7218528644823 1.000245451927185
1426.7426858675694 1.0000429153442383
1426.7635188701206 1.0002071857452393
1426.7843518721372 1.0001755952835083
1426.8051848736293 1.0001049041748047
1426.826017874578 1.0000399351119995
1426.8468508749943 0.9996576309204102
1426.8676838748886 1.0002411603927612
1426.8885168742413 1.0001437664031982
1426.909349873064 1.000268816947937
1426.9301828713567 1.0002403259277344
1426.9510158691207 1.0005486011505127
1426.9718488663666 0.9999874234199524
1426.9926818630745 1.0005048513412476
1427.013514859256 1.0004299879074097
1427.0343478549214 1.0000499486923218
1427.055180850051 0.9998975992202759
1427.0760138446565 1.000037670135498
1427.0968468387377 1.0001773834228516
1427.117679832296 1.0003951787948608
1427.1385128253416 1.0003228187561035
1427.1593458178554 1.0001775026321411
1427.180178809848 1.0004682540893555
1427.2010118013304 0.9998977184295654
1427.2218447922075 1.0003011226654053
1427.2426777825744 0.9998326301574707
1427.2635107724907 0.999625563621521
1427.2843437618985 1.000174880027771
1427.3051767507798 1.0000219345092773
1427.3260097391449 0.9998922944068909
1427.3468427269934 1.0003867149353027
1427.3676757143373 0.9997288584709167
1427.3885087011568 1.0003122091293335
1427.409341687462 1.000015377998352
1427.4301746732547 1.0001213550567627
1427.4510076585439 1.000344157218933
1427.471840643312 1.00053071975708
1427.4926736275681 0.9999758005142212
1427.513506611314 1.0004833936691284
1427.5343395945597 1.0000355243682861
1427.5551725772857 0.9999863505363464
1427.6176715224235 1.000107765197754
1427.6385045031177 1.000016450881958
1427.6593374833053 1.0002846717834473
1427.6801704629875 1.0001877546310425
1427.7010034421737 1.0003645420074463
1427.7218364208452 1.0003118515014648
1427.742669399013 1.0003000497817993
1427.7635023766868 1.000440001487732
1427.7843353538472 1.0002727508544922
1427.8051683305057 1.000087022781372
1427.8260013066615 1.0000886917114258
1427.8468342823262 1.0000121593475342
1427.8676672574802 1.0003639459609985
1427.8885002321333 0.9999861121177673
1427.909333206287 1.0004303455352783
1427.9301661799514 0.9998748302459717
1427.9509991531063 0.9998143315315247
1427.9718321257637 0.9998690485954285
1427.992665097933 1.0000578165054321
1428.0134980695948 1.0000414848327637
1428.0343310407602 0.9998103976249695
1428.0551640114288 1.0001311302185059
1428.0759969816122 1.0001652240753174
1428.0968299512901 1.0002214908599854
1428.117662920473 0.9998167753219604
1428.138495889172 0.9997925162315369
1428.1593288573667 1.000533103942871
1428.1801618250684 1.0002973079681396
1428.200994792277 1.0000853538513184
1428.2218277590032 1.0002690553665161
1428.2426607252276 1.0002617835998535
1428.26349369096 1.0002527236938477
1428.2843266562118 1.0002660751342773
1428.3051596209627 1.0003256797790527
1428.3259925852235 0.999771237373352
1428.346825548995 1.000545859336853
1428.3676585122864 1.0002280473709106
1428.3884914750793 1.000393271446228
1428.4093244373842 1.0001734495162964
1428.4301573992004 1.0001252889633179
1428.450990360539 1.0002399682998657
1428.471823321381 1.000362753868103
1428.4926562817357 1.0002214908599854
1428.5134892416045 1.0002732276916504
1428.5343222009972 1.0000543594360352
1428.5551551598937 1.00044846534729
1428.575988118306 0.9997718334197998
1428.5968210762326 1.0002412796020508
1428.6176540336855 1.0001871585845947
1428.6384869906444 1.0001078844070435
1428.6593199471192 1.0006022453308105
1428.6801529031213 0.9999594688415527
1428.7009858586305 1.0002937316894531
1428.721818813657 1.0002825260162354
1428.7426517682113 0.9999858736991882
1428.7634847222741 1.0005136728286743
1428.7843176758554 1.0000241994857788
1428.8051506289557 1.0002261400222778
1428.8259835815757 1.0001912117004395
1428.8468165337247 1.0001777410507202
1428.867649485384 0.9999856948852539
1428.888482436564 0.9999715685844421
1428.909315387274 1.000197172164917
1428.9301483374954 1.0003793239593506
1428.9509812872386 0.9999256134033203
1428.9718142365127 1.00057852268219
1428.9926471852996 1.000260353088379
1429.0134801336087 1.000243902206421
1429.03431308144 1.0001089572906494
1429.0551460288045 1.0001670122146606
1429.0759789756828 0.9999867081642151
1429.096811922084 1.000279188156128
1429.1176448680194 1.0000033378601074
1429.1384778134693 1.0003387928009033
1429.1593107584433 0.9998617172241211
1429.1801437029426 1.0002126693725586
1429.2009766469766 1.0001206398010254
1429.2218095905262 0.9998763799667358
1429.2426425336018 1.0003573894500732
1429.2634754762028 1.0001431703567505
1429.2843084183453 1.0001691579818726
1429.305141360004 1.000457525253296
1429.3259743011852 1.0003416538238525
1429.3468072419032 1.0002654790878296
1429.3676401821388 1.000177264213562
1429.388473121902 1.0004249811172485
1429.4093060612029 1.0001144409179688
1429.4301390000223 1.0004584789276123
1429.45097193837 0.9999909400939941
1429.4718048762463 1.0002200603485107
1429.4926378136618 0.9999284148216248
1429.513470750596 1.0001261234283447
1429.53430368706 0.9999747276306152
1429.555136623054 1.0002424716949463
1429.575969558587 1.0002399682998657
1429.5968024936408 1.0002371072769165
1429.6176354282252 1.0002014636993408
1429.6384683623496 1.0005111694335938
1429.6593012959952 1.000492811203003
1429.6801342291722 1.0000689029693604
1429.7009671618798 1.0001180171966553
1429.7218000941293 1.0005323886871338
1429.742633025901 1.0001530647277832
1429.7634659572036 1.0001848936080933
1429.7842988880393 1.0001294612884521
1429.8051318184173 1.000234603881836
1429.8259647483173 1.000081181526184
1429.8467976777508 1.0000805854797363
1429.8676306067266 0.9999987483024597
1429.888463535226 1.0004794597625732
1429.909296463259 1.0001459121704102
1429.9301293908254 1.00017249584198
1429.9509623179356 0.9999310970306396
1429.9717952445696 0.9999392032623291
1429.9926281707383 1.000159502029419
1430.013461096451 0.9997729659080505
1430.0342940216883 0.9999977946281433
1430.0551269464604 0.9995942115783691
1430.0759598707775 1.0003366470336914
1430.0967927946194 0.9999778866767883
1430.1176257179966 0.9999299645423889
1430.1384586409195 0.9998735785484314
1430.1592915633676 1.0000784397125244
1430.1801244853518 0.9999592900276184
1430.2009574068716 0.9998608827590942
1430.2217903279377 0.9999768733978271
1430.24262324853 1.000383973121643
1430.2634561686586 0.9997881650924683
1430.2842890883242 0.9997746348381042
1430.3051220075358 0.999955952167511
1430.3259549262746 0.9997453689575195
1430.3467878445506 1.0003275871276855
1430.3676207623732 0.9997567534446716
1430.3884536797234 0.9996678233146667
1430.409286596611 0.9995954036712646
1430.4301195130458 0.9990627765655518
1430.4509524290088 0.999891996383667
1430.4717853445095 0.999369204044342
1430.492618259558 0.9996472597122192
1430.5134511741346 0.9992525577545166
1430.5342840882495 0.999910295009613
1430.5551170019023 0.9995073080062866
1430.6176157401028 1.0002297163009644
1430.6384486519205 1.0000289678573608
1430.6592815632666 0.9999680519104004
1430.680114474152 1.0003551244735718
1430.7009473845767 1.000112533569336
1430.7217802945504 0.9999561905860901
1430.7426132040534 1.0002013444900513
1430.7634461130958 0.9999215006828308
1430.7842790216878 1.0001481771469116
1430.8051119298095 1.0001728534698486
1430.8259448374704 0.9999923706054688
1430.8467777446715 0.9997931122779846
1430.8676106514224 1.0002880096435547
1430.888443557703 1.000104308128357
1430.909276463524 0.9999881386756897
1430.930109368895 1.000183343887329
1430.950942273796 0.9999088644981384
1430.9717751782375 1.000298023223877
1430.9926080822293 1.000240445137024
1431.0134409857515 0.999733567237854
1431.0342738888141 1.0001137256622314
1431.0551067914273 1.000181794166565
1431.075939693571 0.9999521970748901
1431.0967725952555 0.9998920559883118
1431.1176054964806 0.9999248385429382
1431.1384383972566 1.000215768814087
1431.1592712975635 1.0001167058944702
1431.180104197411 1.0001815557479858
1431.2009370968099 1.0002295970916748
1431.2217699957396 1.0000932216644287
1431.2426028942102 0.9998825192451477
1431.263435792232 1.0002464056015015
1431.284268689785 0.9996331930160522
1431.3051015868791 0.999869167804718
1431.3259344835244 0.999875545501709
1431.3467673797009 0.9997957944869995
1431.367600275419 0.9997086524963379
1431.3884331706781 0.9997891187667847
1431.4092660654885 0.9999236464500427
1431.4300989598303 0.9996575713157654
1431.4509318537137 0.9995320439338684
1431.4717647471382 0.9999231696128845
1431.4925976401144 0.9995758533477783
1431.513430532622 0.9996724128723145
1431.534263424671 0.9999129772186279
1431.5550963162716 0.9996321201324463
1431.5759292074035 0.9999033808708191
1431.596762098077 0.9999802112579346
1431.617594988302 0.999770998954773
1431.6384278780586 1.0002822875976562
1431.6592607673565 0.9998588562011719
1431.6800936562063 0.9999257326126099
1431.700926544587 0.9999501705169678
1431.7217594325098 0.9995704293251038
1431.742592319984 0.9995525479316711
1431.7634252069893 1.0000228881835938
1431.7842580935364 0.9995349645614624
1431.8050909796248 1.0000231266021729
1431.8259238652647 0.9995530843734741
1431.8467567504363 0.9997674226760864
1431.8675896351488 0.9998195171356201
1431.888422519413 1.0000470876693726
1431.9092554032086 0.9996500015258789
1431.9300882865452 0.9999474287033081
1431.9509211694335 0.9998652338981628
1431.9717540518532 1.0001071691513062
1431.9925869338138 0.9997202754020691
1432.0134198153255 0.9998167753219604
1432.0342526963686 1.000157117843628
1432.0550855769527 0.999950110912323
1432.0759184570782 0.9999903440475464
1432.0967513367543 0.9996123313903809
1432.1175842159616 0.9997677803039551
1432.13841709471 0.9998670220375061
1432.1592499730086 0.9998330473899841
1432.180082850839 1.0001739263534546
1432.200915728209 0.9996024966239929
1432.2217486051306 1.0000020265579224
1432.242581481583 0.9998675584793091
1432.2634143575754 1.0000331401824951
1432.2842472331188 1.0000660419464111
1432.3050801081927 1.0000077486038208
1432.3259129828064 0.9992974400520325
1432.3467458569708 0.9997039437294006
1432.3675787306659 0.9996833801269531
1432.3884116039 1.0002992153167725
1432.4092444766752 0.9996593594551086
1432.4300773490002 0.999821662902832
1432.4509102208547 1.000117540359497
1432.4717430922494 0.9997629523277283
1432.492575963194 0.9998453259468079
1432.5134088336677 0.9998573660850525
1432.5342417036813 1.000038981437683
1432.5550745732444 1.0000331401824951
1432.5759074423365 0.9995182752609253
1432.5967403109685 1.0000741481781006
1432.6175731791493 0.9995930194854736
1432.6384060468588 0.999801754951477
1432.6592389141078 0.9991170763969421
1432.680071780905 0.9997779130935669
1432.7009046472315 0.9996964931488037
1432.7217375130963 0.9999613165855408
1432.7425703785098 0.9994490742683411
1432.7634032434516 0.9998091459274292
1432.7842361079315 1.0001589059829712
1432.80506897195 0.9996095895767212
1432.8259018355159 0.9997344613075256
1432.84673469861 0.9995595812797546
1432.867567561242 0.9998139142990112
1432.8884004234212 0.9995809197425842
1432.9092332851278 0.999519407749176
1432.9300661463724 0.9992333650588989
1432.9508990071633 0.9996923208236694
1432.9717318674818 0.9996923208236694
1432.9925647273374 0.9994010329246521
1433.013397586739 0.9995213150978088
1433.0342304456676 0.9993453025817871
1433.0550633041332 0.9994843006134033
1433.075896162144 0.9993589520454407
1433.0967290196818 0.9994600415229797
1433.1175618767556 0.9996725916862488
1433.1383947333745 0.9992642998695374
1433.1592275895196 0.9997841119766235
1433.1800604452003 0.9996466040611267
1433.2008933004258 0.9995331764221191
1433.2217261551768 0.9994862079620361
1433.2425590094626 0.999247133731842
1433.2633918632935 0.9993632435798645
1433.2842247166489 0.9996468424797058
1433.3050575695383 0.9996691942214966
1433.3258904219726 0.9994887113571167
1433.3467232739308 0.9999541640281677
1433.3675561254227 0.9996261596679688
1433.3883889764584 0.9998674392700195
1433.4092218270177 0.9993089437484741
1433.43005467711 0.9996122121810913
1433.4508875267459 0.9992407560348511
1433.4717203759046 0.9996396899223328
1433.4925532245957 0.9993365406990051
1433.5133860728297 0.9991407990455627
1433.5342189205858 0.9992708563804626
1433.555051767874 0.9993295669555664
1433.6175503069396 1.000078797340393
1433.6383831523542 0.999793529510498
1433.65921599731 0.9997557997703552
1433.6800488417866 1.0000667572021484
1433.7008816857938 1.0001894235610962
1433.7217145293414 0.9999912977218628
1433.7425473724093 1.0002347230911255
1433.763380215007 1.000238299369812
1433.7842130571444 1.0002254247665405
1433.8050458988016 1.0003066062927246
1433.8258787399877 0.9995381832122803
1433.8467115807132 1.000081181526184
1433.8675444209575 1.0000786781311035
1433.88837726073 0.9998502731323242
1433.9092101000413 0.9995039105415344
1433.9300429388707 0.9995836615562439
1433.9508757772278 1.0000346899032593
1433.9717086151227 0.9996057748794556
1433.992541452535 1.0000174045562744
1434.0133742894743 0.9999439716339111
1434.0342071259506 0.9999525547027588
1434.0550399619437 1.0000462532043457
1434.0758727974633 1.0001522302627563
1434.0967056325192 0.9998739361763
1434.1175384670908 0.9996615648269653
1434.1383713011883 0.9994544982910156
1434.1592041348213 0.9996647834777832
1434.1800369679693 0.99961918592453
1434.2008698006553 0.9997783899307251
1434.221702632875 1.0000392198562622
1434.2425354645973 0.999758243560791
1434.2633682958442 1.0000394582748413
1434.2842011266246 0.9996721148490906
1434.3050339569197 0.9998583197593689
1434.3258667867378 0.999650776386261
1434.3466996160892 1.000011920928955
1434.3675324449541 0.9998747110366821
1434.3883652733416 1.0000883340835571
1434.4091981012616 0.9996030330657959
1434.4300309286946 0.9994485378265381
1434.4508637556492 0.9999600648880005
1434.471696582136 0.9999313354492188
1434.4925294081347 1.0000512599945068
1434.5133622336546 0.9999855160713196
1434.534195058706 0.9998757839202881
1434.5550278832688 0.9999564290046692
1434.5758607073517 0.999977707862854
1434.596693530966 0.9997220635414124
1434.6175263540906 1.0001415014266968
1434.638359176735 0.9998844861984253
1434.6591919989103 0.9999457597732544
1434.6800248205955 0.9998369812965393
1434.7008576417998 0.9999316334724426
1434.721690462534 0.9997247457504272
1434.7425232827782 0.9999832510948181
1434.7633561025407 0.9999957084655762
1434.784188921833 1.000096082687378
1434.8050217406342 0.9998509883880615
1434.825854558954 0.9997141361236572
1434.8466873768027 0.9998610019683838
1434.8675201941603 0.9993446469306946
1434.888353011036 0.9996439814567566
1434.9091858274405 0.9996439218521118
1434.9300186433532 0.9999901056289673
1434.9508514587844 0.9999796748161316
1434.971684273744 0.9999911189079285
1434.9925170882116 1.0001788139343262
1435.0133499021977 0.9997679591178894
1435.034182715712 1.0002528429031372
1435.0550155287344 1.000104546546936
1435.0758483412753 0.9999296069145203
1435.096681153345 0.9999549388885498
1435.1175139649224 0.9997994899749756
1435.1383467760288 0.999693751335144
1435.159179586644 0.9999359846115112
1435.1800123967778 0.9998517036437988
1435.2008452064408 0.9998988509178162
1435.2216780156132 0.9997972846031189
1435.2425108243046 0.9999560713768005
1435.2633436325261 0.9999200105667114
1435.2841764402579 0.9998227953910828
1435.3050092475096 1.000089168548584
1435.325842054292 0.999854326248169
1435.346674860586 1.0001174211502075
1435.3675076664015 1.0003547668457031
1435.3883404717487 1.0000134706497192
1435.4091732766092 1.0002442598342896
1435.4300060809926 0.9997158646583557
1435.4508388849094 0.9998294711112976
1435.4716716883415 1.0000150203704834
1435.4925044912986 0.9998560547828674
1435.5133372937914 0.9997106194496155
1435.534170095802 0.999652624130249
1435.55500289734 0.9998210668563843
1435.5758356984165 1.0000211000442505
1435.5966684990137 0.9999572038650513
1435.6175012991416 1.0001660585403442
1435.6383340988116 0.9998090863227844
1435.6591668980057 1.0001389980316162
1435.6799996967347 0.9993168711662292
1435.7008324950098 0.9996955394744873
1435.7216652928137 0.9996708631515503
1435.7424980901574 0.9998593926429749
1435.763330887052 0.999573290348053
1435.7841636834812 0.9995396733283997
1435.8049964794557 0.9996241927146912
1435.8258292749877 0.9999529719352722
1435.8466620700603 0.9996024370193481
1435.8674948646956 0.9995911717414856
1435.888327658876 0.9995697140693665
1435.909160452615 0.9997467398643494
1435.9299932459246 0.9995648264884949
1435.9508260387888 0.9994931221008301
1435.9716588312208 0.9992068409919739
1435.9924916232337 0.9994747638702393
1436.0133244148117 0.9994663000106812
1436.034157205969 0.9993672966957092
1436.0549899967193 0.9994992017745972
1436.0758227870476 0.9997623562812805
1436.0966555769683 0.9997783303260803
1436.1174883664971 0.9995290637016296
1436.1383211556188 0.9993689060211182
1436.159153944349 0.9995454549789429
1436.1799867327047 0.9995566010475159
1436.2008195206715 0.999767005443573
1436.2216523082766 0.9994044899940491
1436.2424850955067 0.9993112683296204
1436.26331788238 0.9996492862701416
1436.2841506689147 1.000693917274475
1436.3049834550986 1.0000241994857788
1436.3258162409518 1.0001064538955688
1436.3466490264934 1.0003427267074585
1436.3674818117138 1.0004736185073853
1436.3883145966338 1.0010002851486206
1436.4091473812748 1.000545859336853
1436.429980165629 1.000737190246582
1436.4508129497299 1.0009268522262573
1436.47164573357 1.0010839700698853
1436.492478517175 1.0010098218917847
1436.5133113005595 1.0009958744049072
1436.5341440837499 1.0010093450546265
1436.5549768667436 1.0013654232025146
1436.6174752148008 1.0025352239608765
1436.63830799724 1.0034071207046509
1436.6591407796047 1.0032408237457275
1436.679973561899 1.0035126209259033
1436.7008063441685 1.0039142370224
1436.7216391264199 1.004966378211975
1436.742471908692 1.0048432350158691
1436.7633046910246 1.0052525997161865
1436.7841374734294 1.0058646202087402
1436.80497025595 1.006449580192566
1436.8258030386312 1.0075129270553589