1381.722688037767 1.0002121925354004
1381.7435213298918 1.0007805824279785
1381.7643546222293 1.000219464302063
1381.7851879147706 1.0006132125854492
1381.8060212075015 1.000130534172058
1381.8268545004369 0.9994711875915527
1381.8476877935586 1.000789999961853
1381.8685210868596 0.9989302158355713
1381.8893543803283 1.0007191896438599
1381.9101876739444 0.9996861219406128
1381.9310209677142 0.9999825954437256
1381.9518542616136 0.9994150996208191
1381.9726875556164 1.000498652458191
1381.9935208497259 0.9994956851005554
1382.0143541439131 1.00075364112854
1382.0351874381583 0.9997265338897705
1382.0560207324413 1.0005195140838623
1382.0768540267293 1.0001327991485596
1382.0976873210202 1.0001282691955566
1382.1185206152804 1.0004613399505615
1382.1393539094754 0.9997866153717041
1382.1601872036008 1.0000337362289429
1382.1810204976211 1.0004417896270752
1382.2018537915114 0.9984110593795776
1382.2226870852355 1.0006004571914673
1382.2435203787882 0.9997053742408752
1382.2643536721334 0.9994527697563171
1382.2851869652463 1.0014694929122925
1382.3060202580916 0.9993016719818115
1382.326853550665 1.0007437467575073
1382.3476868429318 1.0003372430801392
1382.3685201348692 1.0000518560409546
1382.3893534264434 0.9995911121368408
1382.4101867176532 0.9987695217132568
1382.4310200084667 0.9994183778762817
1382.451853298863 1.0003421306610107
1382.4726865888124 1.0002646446228027
1382.4935198783166 0.9999192953109741
1382.5143531673473 0.9996227025985718
1382.6601861759607 0.7571492195129395
1382.6810194606628 0.5299085378646851
1382.7018527447697 0.4171140491962433
1382.7226860282613 0.32004886865615845
1382.7435193111494 0.6914137601852417
1382.7643525934159 0.8085447549819946
1382.7851858750432 0.8507468104362488
1382.8060191560453 0.7798316478729248
1382.8268524364057 0.9148595929145813
1382.8476857161193 0.910208523273468
1382.8685189951802 0.8932396769523621
1382.8893522735757 0.7786989212036133
1382.9101855513204 0.8446195125579834
1382.9310188284012 0.8706626892089844
1382.9518521048055 0.89293372631073
1382.9726853805505 0.8730977177619934
1382.9935186556238 0.8872281312942505
1383.0143519300236 0.7186524868011475
1383.0351852037386 0.6523406505584717
1383.0560184767876 0.8256094455718994
1383.076851749159 0.9214734435081482
1383.0976850208526 0.9221552610397339
1383.118518291868 0.8988812565803528
1383.1393515621946 0.9268473982810974
1383.1601848318528 0.901348352432251
1383.1810181008325 0.9267078042030334
1383.2018513691344 0.9451197385787964
1383.2226846367591 0.8709622025489807
1383.2435179036966 0.8979402780532837
1383.264351169968 0.9570949077606201
1383.2851844355646 0.9465166330337524
1383.306017700477 0.9061866402626038
1383.3268509647269 0.8946718573570251
1383.3476842283048 0.8881833553314209
1383.368517491213 0.9142003059387207
1383.3893507534422 0.9489710927009583
1383.4101840150138 0.9252577424049377
1383.4310172759203 0.9273445010185242
1383.4518505361623 0.8923158645629883
1383.4726837957317 0.9256640076637268
1383.4935170546505 0.9189720749855042
1383.51435031291 0.9103108644485474
1383.5351835705126 0.917942464351654
1383.5560168274496 0.9420642256736755
1383.5768500837435 0.9210008978843689
1383.5976833393847 0.9182882308959961
1383.618516594377 0.9493623375892639
1383.7018496078736 0.9995410442352295
1383.7226828596445 0.9996200203895569
1383.743516110767 0.9989115595817566
1383.7643493612632 0.9991669654846191
1383.7851826111241 1.0012881755828857
1383.806015860353 0.9979702234268188
1383.8268491089407 1.001480221748352
1383.8476823569094 0.9992496371269226
1383.8685156042511 0.9993111491203308
1383.8893488509677 1.001580834388733
1383.9101820970513 0.9983413219451904
1383.9310153425229 1.0008188486099243
1383.951848587375 0.9992484450340271
1383.9726818316092 0.9999570846557617
1383.9935150752174 1.0005921125411987
1384.0143483182217 0.9997735619544983
1384.0351815606132 1.0008761882781982
1384.0560148023944 0.9989988803863525
1384.0768480435563 1.0003489255905151
1384.097681284121 0.9992274641990662
1384.1185145240804 1.0005767345428467
1384.1393477634358 0.9993143677711487
1384.1601810021893 1.0006732940673828
1384.181014240332 0.9987046122550964
1384.2018474778863 1.0014679431915283
1384.222680714843 0.998382568359375
1384.2435139512045 1.0002301931381226
1384.2643471869617 0.9995984435081482
1384.326846890715 0.9997599124908447
1384.3476801241113 1.0010662078857422
1384.3685133569318 1.0007638931274414
1384.3893465891672 0.9993135929107666
1384.4101798208192 1.0011451244354248
1384.4310130518895 1.0003199577331543
1384.451846282369 0.9995079636573792
1384.4726795122792 1.0006402730941772
1384.4935127416118 0.9988166093826294
1384.514345970368 1.0013293027877808
1384.535179198539 0.999289333820343
1384.5560124261465 0.999353289604187
1384.5768456531814 1.0006976127624512
1384.5976788796454 0.9992101788520813
1384.6185121055296 0.9999648332595825
1384.6393453308553 0.9992406964302063
1384.6601785556136 1.0010327100753784
1384.681011779806 0.9991557002067566
1384.7018450034334 0.9998493194580078
1384.7226782264875 1.000249981880188
1384.7435114489888 1.0002012252807617
1384.7643446709292 0.9992218613624573
1384.7851778923093 1.0004081726074219
1384.8060111131206 0.9997057914733887
1384.8268443333843 0.9998484253883362
1384.847677553091 0.9996640682220459
1384.8685107722422 1.0001741647720337
1384.8893439908288 1.000056505203247
1384.910177208872 0.9999954700469971
1384.931010426363 0.9995331168174744
1384.9518436433027 0.9999043941497803
1384.9726768596918 1.0001065731048584
1384.9935100755217 1.0000388622283936
1385.014343290814 1.0001463890075684
1385.0351765055584 0.9999077916145325
1385.0560097197565 1.0005658864974976
1385.0768429334096 0.99957275390625
1385.097676146508 1.0010840892791748
1385.1185093590734 0.9998569488525391
1385.139342571096 1.000280737876892
1385.1601757825772 1.0003886222839355
1385.1810089935077 0.9998388290405273
1385.2018422039087 1.0002647638320923
1385.2226754137705 0.9994359016418457
1385.2435086230946 1.0002690553665161
1385.2643418318814 0.9998458623886108
1385.2851750401219 1.0001920461654663
1385.3060082478369 0.9997562766075134
1385.3268414550175 1.0011892318725586
1385.347674661664 0.9987901449203491
1385.3685078677684 1.001270055770874
1385.3893410733501 0.9995942711830139
1385.4101742784005 1.0000929832458496
1385.4310074829202 1.0008059740066528
1385.4518406869004 0.9999706745147705
1385.4726738903614 1.000352382659912
1385.493507093294 1.0001975297927856
1385.5143402956992 1.000112771987915
1385.535173497578 0.9996119141578674
1385.5560066989203 1.0005619525909424
1385.5768398997473 0.9995157718658447
1385.5976731000496 1.00016450881958
1385.6185062998281 0.9993038177490234
1385.6393394990737 1.0007741451263428
1385.6601726978063 0.999353289604187
1385.6810058960175 1.0005711317062378
1385.701839093707 0.9993153810501099
1385.7226722908765 0.9998647570610046
1385.7435054875157 0.9999861717224121
1385.7643386836462 0.9999158382415771
1385.7851718792579 0.999598503112793
1385.8060050743513 1.000206470489502
1385.826838268928 0.9998800754547119
1385.8476714629776 0.999402642250061
1385.8685046565215 0.9903870820999146
1385.9518374255376 1.0006932020187378
1385.9726706165097 1.000551700592041
1385.9935038069696 1.0004037618637085
1386.0143369969173 1.0004549026489258
1386.035170186344 1.0001235008239746
1386.0560033752697 1.0000200271606445
1386.0768365636848 1.00160551071167
1386.0976697515907 0.9993236064910889
1386.118502938987 1.0006039142608643
1386.1393361258645 1.0006791353225708
1386.160169312244 0.9997779130935669
1386.181002498116 1.000585675239563
1386.2018356834806 0.9998230338096619
1386.2226688683288 1.0006860494613647
1386.2435020526812 0.9992004632949829
1386.2643352365274 1.0014983415603638
1386.285168419869 0.9991007447242737
1386.306001602706 1.001214623451233
1386.3268347850283 0.999579906463623
1386.3476679668574 1.0005066394805908
1386.3685011481832 0.9999940395355225
1386.3893343290063 1.0005276203155518
1386.410167509327 1.000404715538025
1386.4310006891365 0.9999523758888245
1386.4518338684538 1.0005754232406616
1386.472667047271 0.9998564124107361
1386.4935002255877 1.0011950731277466
1386.514333403404 1.0004653930664062
1386.535166580711 1.0004284381866455
1386.5559997575288 1.000800371170044
1386.576832933848 1.0002756118774414
1386.5976661096688 1.0003938674926758
1386.6184992849821 1.0013374090194702
1386.6393324598075 0.9988430738449097
1386.6601656341365 1.0018916130065918
1386.6809988079683 1.0000925064086914
1386.7018319813044 0.999718189239502
1386.7226651541343 1.0016493797302246
1386.743498326479 0.9984119534492493
1386.7643314983288 1.0018906593322754
1386.785164669684 0.998705267906189
1386.805997840545 1.001654028892517
1386.8268310109122 0.9999850392341614
1386.8476641807758 1.0004379749298096
1386.8684973501565 0.9995840191841125
1386.8893305190445 1.0005055665969849
1386.91016368744 0.999858558177948
1386.9309968554371 1.0007243156433105
1386.951830022923 0.9998260736465454
1386.9726631898454 1.0007011890411377
1386.9934963562766 1.000419020652771
1387.0143295222178 0.9994775056838989
1387.0351626876682 1.001492977142334
1387.0559958526194 1.0004923343658447
1387.0768290170909 0.9990376234054565
1387.0976621810732 1.0018465518951416
1387.1184953445666 0.9991093873977661
1387.139328507562 1.0011601448059082
1387.1601616700787 0.9999579191207886
1387.1809948321081 1.0000741481781006
1387.2018279936499 1.0005139112472534
1387.2226611547044 1.0001201629638672
1387.2434943152723 1.0005402565002441
1387.2643274753434 0.9997428059577942
1387.2851606349388 1.0006622076034546
1387.305993794048 1.0003770589828491
1387.3268269526718 0.9992466568946838
1387.3476601108005 1.0014455318450928
1387.3684932684544 0.9992067217826843
1387.3893264256233 1.0004545450210571
1387.410159582308 1.0000861883163452
1387.4309927385088 1.0002071857452393
1387.451825894216 1.0003782510757446
1387.4726590494495 0.9999313950538635
1387.4934922042003 0.9996598362922668
1387.5143253584679 1.0004459619522095
1387.5351585122532 0.9996592998504639
1387.555991665556 1.0002459287643433
1387.5768248183674 1.0009158849716187
1387.597657970707 0.9993706941604614
1387.6184911225646 1.001088261604309
1387.6393242739416 1.0002366304397583
1387.6601574248275 0.9999449253082275
1387.6809905752432 1.0012235641479492
1387.7018237251782 0.9995731115341187
1387.722656874634 1.0003410577774048
1387.743490023609 0.9099394679069519
1387.785156320112 1.0017712116241455
1387.80598946765 0.9992854595184326
1387.8268226147093 1.0006732940673828
1387.84765576129 1.000362753868103
1387.868488907393 0.9993388056755066
1387.8893220530076 1.0013360977172852
1387.910155198155 0.9993070363998413
1387.9309883428245 1.00197172164917
1387.9518214870175 0.999549150466919
1387.972654630733 1.0007177591323853
1387.9934877739624 1.0005828142166138
1388.0143209167252 1.0004748106002808
1388.0351540590118 1.0000680685043335
1388.0559872008225 1.000982642173767
1388.0768203421578 0.9999253153800964
1388.0976534830174 1.0008546113967896
1388.1184866233923 0.9996488690376282
1388.139319763302 1.0004853010177612
1388.1601529027369 1.0013049840927124
1388.180986041698 0.9991721510887146
1388.2018191801842 1.0009797811508179
1388.2226523181864 1.0001204013824463
1388.2434854557252 0.999848484992981
1388.2643185927905 1.0009313821792603
1388.2851517293823 0.9997638463973999
1388.3059848655014 1.000446081161499
1388.3268180011376 1.0002412796020508
1388.3476511363106 0.9991669058799744
1388.3684842710122 1.0018149614334106
1388.3893174052412 0.9993919730186462
1388.4101505389983 1.00041663646698
1388.4309836722837 0.9997530579566956
1388.4518168050877 1.000072956085205
1388.4726499374303 1.0006011724472046
1388.4934830693019 0.9994216561317444
1388.514316200703 1.0003234148025513
1388.5351493316336 1.000720739364624
1388.5559824620834 0.9996773600578308
1388.5768155920732 1.000611424446106
1388.597648721593 1.0006320476531982
1388.618481850643 1.000506043434143
1388.6393149792236 1.00034761428833
1388.660148107335 1.0004961490631104
1388.680981234967 1.0004298686981201
1388.7018143621406 1.0010206699371338
1388.7226474888453 0.9997496604919434
1388.7434806150814 0.999946653842926
1388.7643137408495 1.0008927583694458
1388.7851468661393 1.0001765489578247
1388.805979990971 0.9999722242355347
1388.8268131153357 0.9998742938041687
1388.8476462392325 1.0004411935806274
1388.8684793626624 1.0003795623779297
1388.8893124856252 0.9995501637458801
1388.9101456081112 1.0010415315628052
1388.9309787301402 0.9995866417884827
1388.9518118517033 1.0007277727127075
1388.9726449727996 0.9990469217300415
1388.9934780934207 1.0008076429367065
1389.0143112135954 0.9998002648353577
1389.0351443332845 0.9992898106575012
1389.0559774525184 1.0002968311309814
1389.0768105712868 1.0001170635223389
1389.0976436895905 1.0002304315567017
1389.118476807429 1.000482201576233
1389.1393099247935 0.9979813098907471
1389.1601430417033 1.0002436637878418
1389.1809761581485 1.0011588335037231
1389.20180927413 0.9997847676277161
1389.2226423896475 1.001099705696106
1389.2434755047013 1.0001775026321411
1389.2643086192818 0.9989902973175049
1389.285141733409 1.0017387866973877
1389.305974847073 0.9995448589324951
1389.3268079602744 1.0003817081451416
1389.3476410730389 1.0002458095550537
1389.3684741853378 0.9997815489768982
1389.3893072971414 1.001023530960083
1389.4101404084934 0.9997119307518005
1389.430973519383 1.0001702308654785
1389.4518066298112 1.0008074045181274
1389.4726397397778 0.9989170432090759
1389.4934728492728 1.0009890794754028
1389.5143059583174 0.9993112087249756
1389.5351390669002 1.001023530960083
1389.5559721750228 1.0001319646835327
1389.5768052826843 1.0001012086868286
1389.5976383898858 1.0005072355270386
1389.6184714966168 1.0005033016204834
1389.6393046028982 1.0000357627868652
1389.6601377087195 1.0009915828704834
1389.6809708140815 0.9993447065353394
1389.7018039189834 1.0006765127182007
1389.7226370234168 1.000333309173584
1389.743470127401 1.0002152919769287
1389.764303230926 1.0005874633789062
1389.7851363339926 1.0000100135803223
1389.8059694366004 1.0003777742385864
1389.8268025387504 1.0010159015655518
1389.8476356404317 0.999122142791748
1389.8684687416658 1.0007528066635132
1389.8893018424415 0.9997251033782959
1389.9101349427604 1.0000282526016235
1389.930968042621 1.0009809732437134
1389.9518011420255 0.99973064661026
1389.9726342409726 1.000353455543518
1389.9934673394528 0.9995416402816772
1390.0143004374863 0.9999505281448364
1390.035133535064 1.000274896621704
1390.0559666321853 0.9993217587471008
1390.0767997288503 1.0005996227264404
1390.0976328250501 1.0003283023834229
1390.1184659208038 1.000230312347412
1390.1392990161025 0.9995673298835754
1390.1601321109458 1.0010240077972412
1390.1809652053341 0.9993582963943481
1390.2017982992677 1.0005958080291748
1390.2226313927365 0.9992513060569763
1390.243464485761 0.9181307554244995
1390.2851306704476 1.000029444694519
1390.3059637621104 1.0008153915405273
1390.326796853319 1.000571846961975
1390.347629944075 1.0002121925354004
1390.3684630343673 1.0005364418029785
1390.3892961242163 0.9993425011634827
1390.4101292136131 1.0019441843032837
1390.430962302557 0.9982792139053345
1390.4517953910486 1.001569390296936
1390.4726284790877 1.0005874633789062
1390.4934615666655 0.9993951320648193
1390.5142946538008 1.0013573169708252
1390.5351277404852 0.9989384412765503
1390.5559608267176 1.0009640455245972
1390.5767939124996 0.9999671578407288
1390.5976269978203 0.9998553991317749
1390.6184600827105 1.0007200241088867
1390.6392931671298 1.0003124475479126
1390.6601262511092 1.0000022649765015
1390.6809593346386 1.0008174180984497
1390.7017924177178 0.9996841549873352
1390.7226255003477 1.0007888078689575
1390.7434585825179 0.9997344613075256
1390.7642916642494 1.00050950050354
1390.7851247455317 1.0011086463928223
1390.805957826365 0.9997111558914185
1390.8267909067501 1.0008039474487305
1390.847623986687 1.0012625455856323
1390.8684570661758 0.9992273449897766
1390.8892901452066 1.0015586614608765
1390.9101232237997 0.9994083046913147
1390.930956301946 1.0003856420516968
1390.9517893796447 1.0010695457458496
1390.972622456897 0.9990090727806091
1390.9934555336924 1.000789999961853
1391.0142886100514 0.999734103679657
1391.0351216859642 0.9997691512107849
1391.0559547614312 1.0001530647277832
1391.0767878364525 0.9996373057365417
1391.0976209110283 1.0008375644683838
1391.118453985159 0.9990351796150208
1391.1392870588447 1.0008732080459595
1391.1601201320764 0.9995967149734497
1391.1809532048728 1.0003511905670166
1391.2017862772257 0.9999616742134094
1391.2226193491347 1.0000141859054565
1391.2434524205996 1.00050950050354
1391.2642854916216 0.999830424785614
1391.2851185621903 0.9997144341468811
1391.3059516323265 1.0007483959197998
1391.3267847020197 0.9999061226844788
1391.3476177712712 0.9997135400772095
1391.3684508400806 1.00142240524292
1391.3892839084479 0.9996063709259033
1391.4101169763744 1.0005900859832764
1391.4309500438494 1.000258445739746
1391.4517831108938 0.9999483227729797
1391.4726161774975 1.000707745552063
1391.493449243661 1.0003665685653687
1391.5142823093845 0.9992313385009766
1391.5351153746685 1.0010031461715698
1391.5559484395033 0.9985804557800293
1391.576781503909 1.0005728006362915
1391.597614567876 1.0003215074539185
1391.6184476314045 0.9995042085647583
1391.6392806944955 1.0013182163238525
1391.660113757148 0.9990791082382202
1391.6809468193637 1.0006364583969116
1391.7017798811319 1.0002069473266602
1391.7226129424735 0.9998569488525391
1391.743446003379 1.0002493858337402
1391.7642790638483 0.9997928738594055
1391.7851121238816 0.9997543096542358
1391.8059451834804 1.0006461143493652
1391.8267782426335 0.9993935227394104
1391.8476113013621 1.001225471496582
1391.8684443596565 0.99936443567276
1391.8892774175172 1.0014439821243286
1391.910110474944 0.9993440508842468
1391.9309435319383 1.000698208808899
1391.9517765884996 1.0003398656845093
1391.9726096446284 1.0004607439041138
1391.9934427003159 0.9996265172958374
1392.0142757555811 1.0010943412780762
1392.0351088104157 0.9990649223327637
1392.0559418648193 1.0007455348968506
1392.076774918793 0.9993409514427185
1392.0976079723364 0.9997217059135437
1392.1184410254507 1.0007432699203491
1392.1392740781362 0.9993019700050354
1392.1601071303828 0.9999063611030579
1392.1809401822118 1.0001283884048462
1392.2017732336126 1.0002063512802124
1392.2226062845868 1.0002601146697998
1392.243439335134 0.9997314214706421
1392.2642723852452 0.9991381168365479
1392.2851054349405 0.9978891015052795
1392.305938484211 0.9999960660934448
1392.3267715330564 1.000138282775879
1392.347604581478 1.0003916025161743
1392.3684376294757 0.9992818236351013
1392.3892706770507 1.0005464553833008
1392.4101037242026 0.9992390871047974
1392.4309367709232 1.0011835098266602
1392.451769817232 0.9998688697814941
1392.4726028631196 0.9999964237213135
1392.4934359085871 1.0000430345535278
1392.5142689536347 1.0003821849822998
1392.5351019982634 0.9988674521446228
1392.5559350424735 1.001028299331665
1392.576768086256 0.9997264742851257
1392.5976011296307 0.9998693466186523
1392.6184341725893 1.0005412101745605
1392.6392672151312 0.9992079734802246
1392.6601002572586 1.000576138496399
1392.6809332989712 0.9985213279724121
1392.7017663402694 1.000247836112976
1392.7225993811549 1.0002142190933228
1392.7434324216174 0.9072542786598206
1392.7850985013279 1.0004563331604004
1392.8059315405676 1.0001250505447388
1392.8267645793978 0.9990491271018982
1392.8475976178186 1.000858187675476
1392.868430655832 0.9995339512825012
1392.889263693438 1.0010215044021606
1392.9100967306279 0.9993079304695129
1392.930929767422 1.001000165939331
1392.9517628038118 0.9998914003372192
1392.9725958397976 1.0009093284606934
1392.993428875381 0.9995022416114807
1393.014261910562 1.000659465789795
1393.0350949453323 1.0007615089416504
1393.0559279797126 0.9997738003730774
1393.0767610136936 1.0007702112197876
1393.097594047277 1.0005569458007812
1393.1184270804629 0.9996048808097839
1393.1392601133007 1.0008975267410278
1393.1600931457378 0.9992393255233765
1393.180926177739 1.0005390644073486
1393.201759209337 1.000283122062683
1393.2225922405537 0.9991412162780762
1393.2434252713797 1.0008037090301514
1393.2642583018167 0.9989334940910339
1393.285091331865 1.0011636018753052
1393.305924361527 0.9999830722808838
1393.3267573908029 0.9999243021011353
1393.347590419695 1.0003610849380493
1393.3684234481937 1.0004775524139404
1393.3892564763207 1.000344157218933
1393.4100895040676 1.000476598739624
1393.4309225314353 1.0002192258834839
1393.4517555584257 1.0006966590881348
1393.4725885850398 1.0003589391708374
1393.4934216112797 1.0000749826431274
1393.5142546371467 1.0003589391708374
1393.5350876626321 0.9996622204780579
1393.5559206877576 1.000261664390564
1393.576753712515 1.000010371208191
1393.5975867369061 1.0000325441360474
1393.6184197609323 1.0003817081451416
1393.6392527845958 0.999661922454834
1393.6600858078978 0.9996922016143799
1393.6809188308407 1.000815749168396
1393.7017518534162 0.9985433220863342
1393.7225848756461 1.001403570175171
1393.7434178975227 0.9992731809616089
1393.7642509190478 0.9997430443763733
1393.7850839402238 1.0002484321594238
1393.8059169610524 0.9990476965904236
1393.8267499815363 1.0011813640594482
1393.847583001677 0.9990413784980774
1393.8684160214675 1.0009092092514038
1393.88924904093 0.9993721842765808
1393.9100820600572 1.0008803606033325
1393.930915078851 0.9999580979347229
1393.9517480973147 0.9999472498893738
1393.9725811154499 1.0003300905227661
1393.9934141332603 1.0001126527786255
1394.014247150748 1.0001354217529297
1394.0350801679162 1.0000473260879517
1394.0559131847576 1.0002952814102173
1394.0767462012957 0.9996857643127441
1394.097579217523 0.9999459981918335
1394.1184122334425 1.0003299713134766
1394.139245249058 1.000010371208191
1394.1600782643725 1.000088095664978
1394.1809112793894 0.9991589784622192
1394.2017442941128 1.0009937286376953
1394.2225773085352 0.9997655153274536
1394.243410322681 1.0000519752502441
1394.264243336544 1.0005381107330322
1394.2850763501278 0.9992432594299316
1394.3059093634365 1.001468300819397
1394.3267423764746 0.9992554783821106
1394.3475753892455 1.0002418756484985
1394.3684084017546 1.0011920928955078
1394.3892414139955 0.9987825751304626
1394.410074425993 1.0017352104187012
1394.4309074377418 0.9992086887359619
1394.4517404492467 1.0010697841644287
1394.4725734605133 0.999167799949646
1394.4934064715455 1.0003432035446167
1394.5142394823495 1.0005347728729248
1394.53507249293 1.0001128911972046
1394.5559055032934 0.9996046423912048
1394.5767385134343 1.000903606414795
1394.5975715233794 0.999549925327301
1394.618404533124 1.0010451078414917
1394.639237542675 0.9997683763504028
1394.6600705520375 0.9998347759246826
1394.6809035612193 1.0007165670394897
1394.7017365702259 0.9993118643760681
1394.722569579065 0.9981048703193665
1394.7434025877433 1.0003105401992798
1394.7642355962573 0.999381422996521
1394.7850686046352 0.999261736869812
1394.8059016128736 0.999947190284729
1394.826734620981 0.9989740252494812
1394.8475676289647 1.0007288455963135
1394.868400636833 0.9984613060951233
1394.8892336445945 1.000457525253296
1394.9100666522563 1.0001533031463623
1394.9308996598284 0.9989488124847412
1394.9517326673183 1.0016484260559082
1394.9725656747262 0.9982807040214539
1394.99339868208 1.001543641090393
1395.0142316893798 0.9976181983947754
1395.0350646966342 1.0019886493682861
1395.0558977038536 0.9989928603172302
1395.076730711047 1.000207543373108
1395.0975637182248 0.9995805025100708
1395.1183967253962 0.9997217059135437
1395.1392297325622 0.9999664425849915
1395.1600627397524 1.0006048679351807
1395.1808957469666 0.9995829463005066
1395.2017287542158 1.0004000663757324
1395.2225617615097 0.9996024370193481
1395.2433947688592 0.8828983306884766
1395.2850607837647 0.9995325207710266
1395.305893791341 0.9999733567237854
1395.3267267990138 1.0003132820129395
1395.347559806782 0.9997149705886841
1395.3683928146766 1.000044345855713
1395.3892258226954 1.0004394054412842
1395.4100588308488 0.9995596408843994
1395.4308918391455 1.000264048576355
1395.5975559115668 1.0004314184188843
1395.6183889214678 0.9999328851699829
1395.6392219315692 1.0005697011947632
1395.660054941894 0.9998817443847656
1395.6808879524192 1.00070321559906
1395.701720963129 1.0002996921539307
1395.7225539740393 0.9999948143959045
1395.743386985147 1.0006356239318848
1395.764219996438 0.9996033906936646
1395.785053007927 1.000278353691101
1395.8058860195972 1.0002034902572632
1395.826719031441 0.9998450875282288
1395.8475520434483 1.0004239082336426
1395.8683850556095 1.0003741979599
1395.889218067912 0.9993821978569031
1395.9100510803437 1.0011378526687622
1395.9308840928893 0.999948263168335
1395.951717105534 0.9991554617881775
1395.972550118251 1.001092553138733
1395.9933831310432 0.9990679025650024
1396.0142161438816 1.0012876987457275
1396.0350491567472 0.9982172250747681
1396.0558821696193 1.001024603843689
1396.0767151824775 0.999821126461029
1396.0975481952992 1.0001991987228394
1396.1183812080637 1.0009108781814575
1396.1392142207474 0.9995715022087097
1396.1600472333282 1.0006752014160156
1396.1808802457726 0.9998632669448853
1396.2017132580777 1.000428557395935
1396.2225462702104 1.000695824623108
1396.2433792821473 1.00017249584198
1396.264212293866 0.9987884759902954
1396.2850453053431 1.001354455947876
1396.305878316557 0.9990100860595703
1396.326711327486 0.9999542832374573
1396.3475443381076 1.0002655982971191
1396.368377348402 0.9994296431541443
1396.3892103583478 0.9997603893280029
1396.4100433679168 0.9999492764472961
1396.4308763771087 0.9995170831680298
1396.4517093858956 1.0003983974456787
1396.5142084096542 1.0003232955932617
1396.535041416653 0.9995079040527344
1396.555874423166 0.9995879530906677
1396.660039447982 1.000001311302185
1396.680872451318 1.0003505945205688
1396.7017054540868 1.0008329153060913
1396.72253845628 1.0001168251037598
1396.743371457889 1.0010089874267578
1396.7642044589065 1.00044584274292
1396.7850374593252 1.000267744064331
1396.8058704591385 1.0000734329223633
1396.8267034583412 1.0007253885269165
1396.8475364569265 1.0002323389053345
1396.8683694548808 1.0002448558807373
1396.8892024522186 1.000327229499817
1396.9100354489265 0.9994584321975708
1396.9308684450002 1.0012445449829102
1396.9517014404369 0.9989078044891357
1396.9725344352335 1.0009405612945557
1396.9933674293877 0.9999248385429382
1397.014200422897 0.9983633756637573
1397.0350334157595 1.0016226768493652
1397.0558664079736 0.9993000030517578
1397.0766993995383 1.00022554397583
1397.0975323904513 1.0013154745101929
1397.1183653807032 0.9985055923461914
1397.1391983703124 1.0022499561309814
1397.1600313592687 0.9989328980445862
1397.1808643475722 1.0011205673217773
1397.2016973352222 1.0002775192260742
1397.222530322219 1.000443458557129
1397.243363308563 1.0003620386123657
1397.2641962942541 1.000500202178955
1397.2850292792937 0.9998825788497925
1397.3058622636813 1.000844120979309
1397.3266952474187 0.9999659061431885
1397.3475282305058 1.0004734992980957
1397.3683612129344 1.0005704164505005
1397.3891941947247 0.9990634918212891
1397.4100271758682 1.0009760856628418
1397.4308601563662 0.9989410042762756
1397.4516931362193 0.9999644756317139
1397.4725261154297 1.0014779567718506
1397.4933590939982 0.9987548589706421
1397.5141920719261 1.0015825033187866
1397.5350250492152 0.9998104572296143
1397.5558580258669 1.0003705024719238
1397.5766910018829 1.0008686780929565
1397.5975239772636 0.9996521472930908
1397.6183569520122 1.0010818243026733
1397.6391899261191 1.0005189180374146
1397.6600228996067 0.9998220801353455
1397.6808558724658 1.0014522075653076
1397.701688844699 0.9992901682853699
1397.722521816307 1.0015504360198975
1397.7433547872924 0.9996721744537354
1397.7641877576566 1.0004820823669434
1397.7850207274007 1.0007803440093994
1397.805853696527 0.9996767044067383
1397.8266866650374 1.0005073547363281
1397.8475196329325 1.0008959770202637
1397.8683526002153 0.999801516532898
1397.8891855668862 1.00094473361969
1397.9100185329382 0.9992623329162598
1397.9308514983923 1.0006499290466309
1397.95168446324 0.9999250173568726
1397.9725174274834 0.9994233846664429
1397.9933503911238 1.00031578540802
1398.0141833541632 1.000815510749817
1398.035016316603 0.9986215233802795
1398.0558492784448 1.0014601945877075
1398.0766822396909 0.9987208247184753
1398.0975152003414 1.0006765127182007
1398.1183481603996 1.0000016689300537
1398.1391811198657 0.9992101192474365
1398.1600140787427 1.0020579099655151
1398.180847037031 0.9993796348571777
1398.2016799947226 1.0005420446395874
1398.222512951849 1.000624418258667
1398.2433459083716 1.0000501871109009
1398.264178864322 1.0008955001831055
1398.2850118196918 0.9989618062973022
1398.3058447744825 1.0004281997680664
1398.3266777286956 1.0008739233016968
1398.3475106823319 0.9991327524185181
1398.3683436353938 1.001286506652832
1398.3891765878818 1.000293493270874
1398.4100095397987 0.9995079636573792
1398.4308424911444 1.0007925033569336
1398.451675441921 0.9989112019538879
1398.4725083921298 1.0015581846237183
1398.4933413417618 0.9992268085479736
1398.514174290849 1.0001707077026367
1398.5350072393524 1.0008128881454468
1398.5558401873034 0.9993311166763306
1398.576673134693 1.0005161762237549
1398.5975060815226 1.000064492225647
1398.618339027794 1.0000240802764893
1398.6391719735072 1.0007541179656982
1398.6600049186652 0.9995170831680298
1398.6808378632677 0.9999629855155945
1398.7016708073165 0.9074281454086304
1398.743336693758 1.0010101795196533
1398.764169636153 1.0004377365112305
1398.785002577999 0.9997739195823669
1398.805835519297 1.0008950233459473
1398.8266684600385 0.9996118545532227
1398.847501400244 1.0007450580596924
1398.8683343399057 0.9998999834060669
1398.8891672790232 1.0007760524749756
1398.9100002175992 1.00049889087677
1398.9308331556338 1.000178337097168
1398.9516660931279 1.0010770559310913
1398.972499030083 0.999731183052063
1398.9933319665001 1.0004465579986572
1399.0141649023801 1.0003337860107422
1399.0349978377242 1.0000566244125366
1399.0558307725328 1.000200867652893
1399.0766637068077 1.000105857849121
1399.0974966405493 0.9996532797813416
1399.1183295737592 1.0007647275924683
1399.1391625064377 1.0000075101852417
1399.1599954385856 1.0001392364501953
1399.180828370195 1.0010143518447876
1399.2016613012854 0.9998769164085388
1399.2224942318487 1.0012190341949463
1399.2433271618852 1.0000303983688354
1399.2641600913962 0.999912679195404
1399.2849930203822 1.0010159015655518
1399.3058259488446 0.9993783831596375
1399.3266588767835 1.0013960599899292
1399.3474918042007 1.0002739429473877
1399.3683247310964 0.9999578595161438
1399.389157657472 1.0001975297927856
1399.4099905833273 1.0005441904067993
1399.4308235086642 0.9993541836738586
1399.4516564334826 1.0007567405700684
1399.4724893577843 0.999747097492218
1399.493322281569 1.0008413791656494
1399.514155204828 0.9998202323913574
1399.5349881275824 1.0007197856903076
1399.5558210498225 1.0003575086593628
1399.5766539715494 0.9998096823692322
1399.5974868927635 1.0001025199890137
1399.6183198134659 1.0001615285873413
1399.639152733657 0.999433696269989
1399.6599856533373 1.0006420612335205
1399.6808185725085 0.9994255304336548
1399.7016514911702 1.0000039339065552
1399.7224844093241 1.000571846961975
1399.74331732697 0.9994804859161377
1399.764150244109 1.0006623268127441
1399.7849831607418 0.9999745488166809
1399.805816076869 1.0005056858062744
1399.8266489924913 1.000727653503418
1399.8474819076093 0.9996401071548462
1399.8683148222237 1.001306176185608
1399.8891477363352 0.9995789527893066
1399.9099806499444 1.0005030632019043
1399.9308135630422 1.0002697706222534
1399.9516464756587 1.0002739429473877
1399.9724793877544 1.0003365278244019
1399.9933122993605 1.0004125833511353
1400.0141452104674 0.9996867775917053
1400.034978121076 1.0008819103240967
1400.055811031186 0.9993760585784912
1400.0766439407992 1.000399112701416
1400.097476849915 1.0001814365386963
1400.118309758535 0.9999902248382568
1400.1391426666587 1.0003502368927002
1400.1599755742877 0.9998987913131714
1400.1808084814222 1.0003727674484253
1400.2016413880629 1.001137375831604
1400.2224742942094 0.9986258149147034
1400.2433071998637 1.0017294883728027
1400.2641401050253 1.0000407695770264
1400.2849730096952 0.9994633197784424
1400.3058059138737 1.0019097328186035
1400.3266388175616 0.9993663430213928
1400.347471720759 1.0008691549301147
1400.3683046234667 1.0003423690795898
1400.389137525675 0.99977046251297
1400.4099704274047 1.0008035898208618
1400.4308033286463 0.9995472431182861
1400.4516362294005 1.0001378059387207
1400.4724691296667 1.0002466440200806
1400.4933020294468 1.0009291172027588
1400.51413492874 0.99955815076828
1400.5349678275481 1.000536561012268
1400.5558007258708 0.9996858239173889
1400.5766336237082 1.0007683038711548
1400.5974665210615 0.9988810420036316
1400.6182994179308 1.0009113550186157
1400.6391323143166 0.9992504119873047
1400.6599652102195 0.9988691210746765
1400.68079810564 1.0001013278961182
1400.7016310005781 0.8996241688728333
1400.7432967890102 1.0011366605758667
1400.764129682505 0.9993025660514832
1400.7849625755189 1.0014132261276245
1400.8057954680535 0.9997196197509766
1400.8266283601079 1.0006362199783325
1400.8474612516736 1.000887155532837
1400.8682941427808 0.9993889927864075
1400.8891270333897 1.0021439790725708
1400.9099599235306 0.9981300234794617
1400.930792813194 1.001754641532898
1400.9516257023804 1.0004485845565796
1400.9724585910903 0.9989681243896484
1400.9932914793237 1.0014163255691528
1401.0141243670819 0.9996893405914307
1401.0349572543637 1.0005221366882324
1401.0557901411714 0.9999766945838928
1401.0766230275035 1.0000227689743042
1401.0974559134436 1.0003193616867065
1401.1182887989016 1.0001678466796875
1401.1391216838135 1.0004053115844727
1401.1599545682527 1.0008803606033325
1401.1807874522192 0.9992247819900513
1401.2016203357127 1.0007898807525635
1401.2224532187347 1.0000325441360474
1401.2432861012846 0.999565601348877
1401.2641189833635 1.0005688667297363
1401.284951864971 1.0003080368041992
1401.3057847461082 1.0001375675201416
1401.3266176267753 1.0009568929672241
1401.3474505069719 0.9994392395019531
1401.3682833866994 1.0009979009628296
1401.389116265957 0.999843955039978
1401.4099491447364 1.0002782344818115
1401.4307820230567 1.0009602308273315
1401.4516149009091 0.9991958737373352
1401.4724477782934 1.0013073682785034
1401.4932806552204 0.9993185997009277
1401.5141135316599 1.0008456707000732
1401.5349464076426 1.0000971555709839
1401.5557792831587 0.999930202960968
1401.5766121582085 1.000532865524292
1401.5974450327922 0.9997133612632751
1401.6182779069106 1.0000876188278198
1401.6391107805632 0.9999408721923828
1401.6599436537513 1.0002232789993286
1401.6807765264743 0.999946117401123
1401.7016093987331 0.9989553689956665
1401.7224422705278 1.0007835626602173
1401.7432751418587 0.9995195269584656
1401.764108012726 1.000194787979126
1401.7849408831305 1.000534176826477
1401.8057737530717 1.0003355741500854
1401.8266066225506 1.0005500316619873
1401.8474394915672 1.0001939535140991
1401.8682723601216 1.0006415843963623
1401.8891052282147 0.999993622303009
1401.9099380958457 1.0015909671783447
1401.9307709630164 0.9996485114097595
1401.9516038297254 1.0006030797958374
1401.9724366959747 1.0011485815048218
1401.9932695617633 0.9983885884284973
1402.014102427092 1.0010403394699097
1402.034935291961 0.9990509152412415
1402.0557681563703 1.000962734222412
1402.0766010203208 0.9987227320671082
1402.0974338838123 1.0011910200119019
1402.1182667468452 1.0000873804092407
1402.1390996094199 0.9994129538536072
1402.1599324715362 1.00038480758667
1402.1807653331948 1.000503420829773
1402.201598194386 0.9996460676193237
1402.2224310551399 1.0004984140396118
1402.2432639154167 0.999746561050415
1402.264096775247 1.0005278587341309
1402.2849296346208 1.0001239776611328
1402.3057624935382 0.9996562004089355
1402.3265953519997 1.0000892877578735
1402.3474282100053 1.0000239610671997
1402.3682610675557 1.0005360841751099
1402.3890939246505 0.9994570016860962
1402.4099267812908 1.00015127658844
1402.4307596374763 0.9999986290931702
1402.4515924932073 1.0002634525299072
1402.472425348484 0.9994010329246521
1402.493258203307 1.0013211965560913
1402.5140910576763 0.9992098212242126
1402.534923911592 0.9998759031295776
1402.5557567650549 1.00055730342865
1402.576589618064 0.9992560148239136
1402.5974224706213 1.0012295246124268
1402.6182553227252 0.9988530874252319
1402.6390881743775 1.0003275871276855
1402.659921025578 0.9989750981330872
1402.680753876326 1.0002257823944092
1402.701586726623 0.9077078700065613
1402.743252425863 0.9997890591621399
1402.7640852748066 1.00009024143219
1402.7849181232996 0.9995943307876587
1402.8057509713424 1.0010877847671509
1402.8265838189348 0.9990033507347107
1402.8474166660776 1.0010055303573608
1402.868249512771 0.9996392130851746
1402.889082359014 1.0010395050048828
1402.9099152048086 0.9996200799942017
1402.9307480501536 1.0009632110595703
1402.9515808950505 1.0000271797180176
1402.9724137394983 1.0005782842636108
1402.9932465834981 1.0003474950790405
1403.0140794270496 1.0002323389053345
1403.0349122701534 1.0008361339569092
1403.0557451128097 0.9994757175445557
1403.0765779550181 1.0013784170150757
1403.0974107967797 0.9994560480117798
1403.118243638094 1.000838279724121
1403.139076478962 1.0004435777664185
1403.159909319383 0.9992285966873169
1403.180742159358 1.0014125108718872
1403.2015749988861 0.9996842741966248
1403.2224078379693 1.000661849975586
1403.243240676606 0.9993565678596497
1403.264073514798 1.001052975654602
1403.2849063525443 0.9987711906433105
1403.3057391898456 1.0013253688812256
1403.326572026702 0.9995303153991699
1403.347404863114 1.0002245903015137
1403.3682376990814 0.9996616244316101
1403.3890705346048 1.0001397132873535
1403.409903369684 1.0009135007858276
1403.4307362043194 0.9994180202484131
1403.4515690385113 1.0013481378555298
1403.4724018722502 1.000329613685608
1403.4932347055656 0.9997304081916809
1403.514067538418 1.001127004623413
1403.5349003708377 0.999981164932251
1403.5557332028247 1.0000721216201782
1403.57656603436 1.0005083084106445
1403.5973988654528 0.9993800520896912
1403.6182316960935 1.0005536079406738
1403.6390645263027 0.9994490742683411
1403.6598973560706 1.0006656646728516
1403.6807301854071 0.9996856451034546
1403.7015630142823 1.0002025365829468
1403.7223958427269 1.0007058382034302
1403.7432286707408 0.9993970394134521
1403.7640614982943 1.0011941194534302
1403.7848943254176 0.9992555975914001
1403.8057271521004 1.000565767288208
1403.826559978344 1.0007487535476685
1403.8473928041476 1.0006837844848633
1403.8682256295117 0.9993631839752197
1403.8890584544365 1.0004414319992065
1403.9098912789227 1.0000221729278564
1403.9307241029696 1.0001132488250732
1403.9515569265782 0.9994087815284729
1403.9723897497481 1.000566005706787
1403.9932225724801 0.9997701644897461
1404.0140553947742 0.999886155128479
1404.0348882166402 1.000029444694519
1404.055721038049 1.0006990432739258
1404.0765538590297 0.9994037747383118
1404.097386679574 1.0016350746154785
1404.1182194996804 0.9994520545005798
1404.1390523193606 1.000799536705017
1404.1598851385847 1.0011186599731445
1404.1807179573818 0.9985895156860352
1404.2015507757528 1.0013163089752197
1404.222383593668 0.9998291730880737
1404.2432164111572 1.0000754594802856
1404.2640492282112 0.9995054602622986
1404.2848820448294 1.0008666515350342
1404.3057148610228 0.9989347457885742
1404.326547676761 1.0004009008407593
1404.3473804920748 1.0000133514404297
1404.3682133069544 0.9998830556869507
1404.3890461213987 0.9993900656700134
1404.4098789354098 0.9999126195907593
1404.4307117489864 1.0000420808792114
1404.4515445621298 0.9996985197067261
1404.4723773748497 0.9997842907905579
1404.4932101871257 0.9998324513435364
1404.5140429989592 1.0004842281341553
1404.5348758103698 0.9997064471244812
1404.5557086213478 1.0004938840866089
1404.576541431893 0.9995908141136169
1404.5973742420165 0.9995056986808777
1404.6182070516875 0.9990432858467102
1404.6390398609472 1.000198483467102
1404.659872669765 0.9994089007377625
1404.6807054781418 1.0005306005477905
1404.701538286107 0.8904002904891968
1404.7432039007153 1.0018008947372437
1404.7640367073884 0.998232364654541
1404.7848695136117 1.0022612810134888
1404.8057023194149 0.9992148876190186
1404.826535124798 1.000467300415039
1404.8473679297317 1.0010226964950562
1404.8682007342557 0.9995254278182983
1404.8890335383408 1.0013420581817627
1404.9098663419868 0.9999434947967529
1404.9306991452243 1.0001784563064575
1404.9515319480233 1.0008188486099243
1404.9723647503938 0.9994638562202454
1404.9931975523364 1.0009620189666748
1405.0140303538512 1.0000683069229126
1405.0348631549384 0.9991055130958557
1405.0556959555984 1.0016655921936035
1405.0765287558313 0.9994506239891052
1405.0973615556372 1.0002622604370117
1405.1181943550166 1.000831961631775
1405.1390271539697 0.999243974685669
1405.1598599524964 1.0014479160308838
1405.1806927505972 1.0000905990600586
1405.201525548273 1.0002738237380981
1405.2223583455223 1.0004490613937378
1405.2431911423473 1.0000934600830078
1405.264023938747 1.0008161067962646
1405.284856734722 1.000312328338623
1405.3056895302725 1.000014305114746
1405.326522325399 1.000695824623108
1405.3473551201016 0.998361349105835
1405.3681879143805 1.0017542839050293
1405.389020708236 0.9993138909339905
1405.4098535016683 1.0002448558807373
1405.430686294678 0.9998438954353333
1405.4515190872646 1.000070333480835
1405.4723518794294 1.0007140636444092
1405.4931846711715 1.0002326965332031
1405.5140174624926 0.9999821186065674
1405.5348502533914 1.001075267791748
1405.5556830438695 0.9989405274391174
1405.5765158339264 1.0014700889587402
1405.5973486235625 0.9997826218605042
1405.6181814127783 1.0004254579544067
1405.639014201574 1.0006556510925293
1405.6598469899498 0.9999130964279175
1405.680679777906 1.0004786252975464
1405.7015125654432 1.0016072988510132
1405.7223453525612 0.9994232058525085
1405.7431781392606 1.000056266784668
1405.764010925542 1.0004435777664185
1405.7848437114053 0.9998990893363953
1405.8056764968503 1.0004103183746338
1405.8265092818785 1.0004346370697021
1405.8473420664889 0.9991276860237122
1405.8681748506833 1.0010005235671997
1405.8890076344608 0.9990478157997131
1405.9098404178224 1.001179814338684
1405.9306732007683 0.99923175573349
1405.9515059832984 1.000110149383545
1405.9723387654137 0.9995809197425842
1405.993171547114 0.9999467730522156
1406.0140043284 1.000543475151062
1406.0348371092819 0.999474048614502
1406.0556698897299 1.0002564191818237
1406.0765026697745 1.0005764961242676
1406.0973354494067 0.9999881982803345
1406.1181682286256 0.9997605681419373
1406.1390010074426 1.000697374343872
1406.159833785828 1.000101923942566
1406.1806665638117 1.0002620220184326
1406.2014993413943 1.0001040697097778
1406.222332118556 0.946196436882019
1406.2848304475817 0.9995049834251404
1406.3056632231048 0.9977400302886963
1406.3264959982196 0.9991066455841064
1406.3473287729257 0.9979759454727173
1406.3681615472244 0.9976130127906799
1406.3889943211154 0.9992703199386597
1406.4098270946 0.997937798500061
1406.4306598676778 0.9975293278694153
1406.45149264035 0.9986039996147156
1406.4723254126168 0.9969010353088379
1406.493158184478 0.9976024031639099
1406.5139909559352 0.9981712102890015
1406.534823726988 0.9975592494010925
1406.5556564976378 0.9983754754066467
1406.5764892678844 0.9971789717674255
1406.5973220377282 0.9979403614997864
1406.6181548071702 0.9983171820640564
1406.6389875762106 0.9972342252731323
1406.6598203448505 0.998246967792511
1406.6806531130896 0.9979403018951416
1406.7014858809293 0.9977027177810669
1406.7223186483698 0.9979355335235596
1406.7431514154116 0.9989212155342102
1406.7639841820553 0.998109757900238
1406.7848169483018 0.9976839423179626
1406.8056497141513 0.9976193904876709
1406.826482479605 0.9975690841674805
1406.8473152446625 0.9983024001121521
1406.8681480093255 0.9977472424507141
1406.888980773604 0.9978591203689575
1406.9098135374793 0.9963120222091675
1406.9306463009618 0.9989412426948547
1406.9514790640517 0.9958198070526123
1406.9723118267505 0.996863067150116
1406.9931445890584 0.9966278076171875
1407.0139773509763 0.9973127245903015
1407.0348101125048 0.9969466328620911
1407.0556428736452 0.9969345331192017
1407.0764756343976 0.9969083666801453
1407.0973083947636 0.9976774454116821
1407.1181411547432 0.9975603818893433
1407.1389739143376 0.99625563621521
1407.1598066735476 0.9977386593818665
1407.1806394323742 0.996941089630127
1407.201472190818 0.9973821640014648
1407.2223049488803 0.9958943724632263
1407.243137706562 0.9970043897628784
1407.2639704638639 0.9974583387374878
1407.2848032207864 0.9954859614372253
1407.3056359773352 0.9984630942344666
1407.3264687335059 0.9958850741386414
1407.3473014892984 0.9965667724609375
1407.3681342447155 0.9973254799842834
1407.3889669997593 0.9952121376991272
1407.4097997544304 0.9972112774848938
1407.43063250873 0.995704710483551
1407.4514652626694 0.9950990080833435
1407.4722980162296 0.9975249767303467
1407.4931307694121 0.9966221451759338
1407.5139635222479 0.9967998266220093
1407.5347962747082 0.9960867762565613
1407.5556290268046 0.9962764382362366
1407.576461778538 0.9964789152145386
1407.5972945299102 0.9951809048652649
1407.6181272809222 0.9969314932823181
1407.638960031576 0.9964132308959961
1407.6597927818723 0.995768129825592
1407.6806255318136 0.9979246258735657
1407.7014582814004 0.994279146194458
1407.7222910306348 0.9978110790252686
1407.7431237795186 0.9945272207260132
1407.763956528053 0.996632993221283
1407.7847892762397 0.9958216547966003
1407.8056220240812 0.9959720969200134
1407.8264547715783 0.9963358044624329
1407.8472875187335 0.9973683953285217
1407.8681202655484 0.9949517846107483
1407.8889530120252 0.9981330633163452
1407.9097857581655 0.9961429238319397
1407.9306185039718 0.9956042170524597
1407.951451249446 0.9976611137390137
1407.9722839945998 0.9943902492523193
1407.9931167394163 0.9978201985359192
1408.0139494839075 0.9963942766189575
1408.034782228075 0.9951999187469482
1408.0556149719223 0.9978095293045044
1408.0764477154507 0.9954125881195068
1408.0972804586643 0.9980912804603577
1408.1181132015645 0.9968641400337219
1408.1389459441539 0.9962295293807983
1408.159778686436 0.9973052740097046
1408.1806114284132 0.996475100517273
1408.2014441700887 0.997389554977417
1408.2222769114653 0.9968888163566589
1408.2431096525463 0.9970915913581848
1408.2639423933347 0.997760534286499
1408.284775133834 0.9970776438713074
1408.3056078740472 0.9977360367774963
1408.3264406139785 0.997298002243042
1408.347273353631 0.9986565709114075
1408.368106093018 0.997794508934021
1408.3889388321143 0.9979683756828308
1408.4097715709634 0.9977481365203857
1408.4306043095391 0.9987646341323853
1408.4514370478557 0.9972694516181946
1408.4722697859177 0.9985101819038391
1408.4931025237295 0.9992222189903259
1408.5139352612955 0.996738076210022
1408.5347679986205 0.9998071193695068
1408.5556007357095 0.9965882897377014
1408.5764334725673 0.9983686804771423
1408.5972662091995 0.998805046081543
1408.6180989456107 0.9965184926986694
1408.6389316818072 1.0001431703567505
1408.6597644177941 0.9975890517234802
1408.6805971535778 0.9990517497062683
1408.7014298891643 0.9989322423934937
1408.7222626245589 0.9981662631034851
1408.7430953597693 1.0001484155654907
1408.763928094801 0.9991124272346497
1408.7847608296622 0.9991288185119629
1408.8055935643588 1.0002057552337646
1408.8264262989078 0.998024046421051
1408.847259033298 1.0007233619689941
1408.8680917675467 0.9977503418922424
1408.888924501661 0.9996077418327332
1408.9097572356504 0.9992384910583496
1408.9305899695219 0.9995601773262024
1408.9514227032857 0.9989451766014099
1408.9722554369498 1.0007437467575073
1408.993088170524 0.9985141754150391
1409.0139209040171 1.0005768537521362
1409.0347536374397 1.000133991241455
1409.0555863708016 0.9991307854652405
1409.0764191041126 1.000612735748291
1409.097251837384 0.9983215928077698
1409.118084570626 1.0009483098983765
1409.1389173038503 0.999718427658081
1409.1597500370783 0.9995231032371521
1409.1805827703013 0.9998987913131714
1409.2014155035417 0.9987753629684448
1409.2222482368113 0.9997475743293762
1409.2430809701234 0.9986211657524109
1409.2639137034892 1.0000195503234863
1409.2847464369236 0.9994825124740601
1409.3055791704378 0.999539852142334
1409.3264119040468 1.000213384628296
1409.3472446377634 0.9997082948684692
1409.368077371601 1.0004887580871582