1381.7249416361026 1.0000061988830566
1381.7457755085043 1.0003937482833862
1381.766609381358 0.9998922944068909
1381.7874432545914 1.0008456707000732
1381.8082771281436 0.9998285174369812
1381.8291110019181 0.9996257424354553
1381.8499448758155 1.0005390644073486
1381.8707787497601 0.9993459582328796
1381.8916126236447 1.001434564590454
1381.9124464973665 0.9985064268112183
1381.9332803708214 1.0011461973190308
1381.9541142438916 0.9990720152854919
1381.9749481164877 1.0009243488311768
1381.9957819884874 1.0005183219909668
1382.0166158597697 1.000252366065979
1382.0374497302398 1.0006413459777832
1382.058283599776 0.9990774393081665
1382.0791174682647 1.0012799501419067
1382.0999513355846 0.998425304889679
1382.120785201646 1.0013985633850098
1382.1416190663301 0.9990341663360596
1382.1624529295327 1.000057339668274
1382.183286791141 1.0003172159194946
1382.2041206510764 0.9997918009757996
1382.224954509234 1.001043677330017
1382.2457883655236 0.9987616539001465
1382.2666222198488 1.0017069578170776
1382.2874560721484 0.9992089867591858
1382.3082899223366 1.000758409500122
1382.3291237703413 1.0
1382.349957616087 1.0000687837600708
1382.370791459533 1.000869631767273
1382.391625300613 0.9990178346633911
1382.4124591392774 0.9979462623596191
1382.4332929754707 0.9996377229690552
1382.454126809173 1.0003552436828613
1382.4749606403386 0.9988857507705688
1382.4957944689377 1.0012028217315674
1382.5166282949333 0.9996107816696167
1382.6624650030412 0.6835896372795105
1382.6832988078502 0.5017539262771606
1382.7041326100048 0.35987284779548645
1382.7249664095118 0.29529258608818054
1382.7458002063813 0.6391379833221436
1382.766634000616 0.7660781145095825
1382.78746779225 0.821990430355072
1382.8083015812886 0.7358676195144653
1382.829135367749 0.8727685809135437
1382.8499691516395 0.9172091484069824
1382.8708029329991 0.8758254051208496
1382.8916367118397 0.761039137840271
1382.9124704881715 0.8030490875244141
1382.9333042620372 0.851496160030365
1382.9541380334492 0.8840989470481873
1382.9749718024316 0.8737812638282776
1382.9958055690072 0.8439974188804626
1383.0166393331908 0.683139979839325
1383.0374730950273 0.6362062692642212
1383.05830685453 0.8286433219909668
1383.0791406117148 0.8895004391670227
1383.099974366626 0.8889303803443909
1383.1208081192783 0.914362370967865
1383.141641869697 0.9149709939956665
1383.1624756179062 0.8815721869468689
1383.1833093639214 0.9216306209564209
1383.2041431077864 0.9446302056312561
1383.2249768495153 0.846476137638092
1383.2458105891326 0.8367374539375305
1383.2666443266519 0.9408553838729858
1383.2874780621169 0.9377143979072571
1383.3083117955407 0.9236299991607666
1383.3291455269468 0.9301674962043762
1383.3499792563473 0.8736425638198853
1383.3708129837846 0.9061951041221619
1383.3916467092708 0.9468591213226318
1383.4124804328178 0.9257871508598328
1383.4333141544666 0.9194968938827515
1383.4541478742287 0.9143072366714478
1383.474981592124 0.943321943283081
1383.4958153081736 0.8846398591995239
1383.516649022387 0.9098411798477173
1383.537482734804 0.942033052444458
1383.558316445433 0.914634644985199
1383.579150154294 0.8774605393409729
1383.5999838613945 0.928194522857666
1383.6208175667737 0.9470424056053162
1383.7041523713112 0.9991544485092163
1383.7249860682914 1.0006083250045776
1383.7458197636408 0.9987568259239197
1383.7666534573762 1.0020614862442017
1383.7874871495026 0.9983773231506348
1383.808320840055 1.0014833211898804
1383.829154529039 0.9990852475166321
1383.8499882164688 1.0004185438156128
1383.8708219023483 1.0005282163619995
1383.8916555867115 0.9992995858192444
1383.912489269563 1.0020966529846191
1383.933322950915 0.9985414743423462
1383.9541566307712 1.0022799968719482
1383.9749903091647 0.9991042017936707
1383.9958239860975 1.000802755355835
1384.0166576615825 1.0009641647338867
1384.0374913356216 0.9988607168197632
1384.0583250082468 1.0017361640930176
1384.0791586794587 0.9986914992332458
1384.0999923492705 1.0012273788452148
1384.1208260176816 0.9991421103477478
1384.141659684724 1.000968098640442
1384.1624933503977 0.99995356798172
1384.1833270147138 1.0005214214324951
1384.204160677682 1.000607967376709
1384.2249943393028 0.9999252557754517
1384.2458279996063 0.9998311400413513
1384.2666616585907 1.0004140138626099
1384.3291626277214 1.0010507106781006
1384.349996281527 0.9989584684371948
1384.37082993406 1.0011001825332642
1384.391663585329 0.9999659061431885
1384.4124972353325 1.000640630722046
1384.433330884099 1.000571846961975
1384.4541645316258 0.9992232918739319
1384.4749981779116 1.000013828277588
1384.495831822984 0.9996288418769836
1384.5166654668403 1.000435709953308
1384.5374991094882 1.0001254081726074
1384.558332750935 1.0000951290130615
1384.5791663911784 1.0001124143600464
1384.6000000302447 1.000449776649475
1384.6208336681311 0.9999791979789734
1384.6416673048448 1.000626564025879
1384.6625009403917 0.9991418719291687
1384.683334574769 1.0008857250213623
1384.7041682080032 0.9993177056312561
1384.7250018400905 1.0002566576004028
1384.7458354710366 0.9998513460159302
1384.7666691008383 0.9989964962005615
1384.787502729521 1.0013712644577026
1384.8083363570813 0.9987360835075378
1384.8291699835243 1.0011327266693115
1384.850003608846 0.9993578791618347
1384.8708372330718 0.9996328353881836
1384.8916708561976 1.000583529472351
1384.9125044782286 0.9997198581695557
1384.9333380991595 1.0007113218307495
1384.9541717190161 0.9989733695983887
1384.9750053377934 1.0007487535476685
1384.9958389554963 0.9997643232345581
1385.0166725721301 1.0001691579818726
1385.0375061876894 1.0005245208740234
1385.0583398021988 0.9991944432258606
1385.079173415653 1.0006389617919922
1385.1000070280575 0.9997091889381409
1385.1208406394055 1.0009922981262207
1385.1416742497224 1.0001018047332764
1385.162507859002 1.0004010200500488
1385.183341467249 0.999659538269043
1385.2041750744677 0.9996984004974365
1385.2250086806519 1.0009264945983887
1385.2458422858263 0.9994521737098694
1385.2666758899843 1.0006712675094604
1385.2875094931305 0.9995567202568054
1385.308343095268 1.000380039215088
1385.3291766963919 1.0006955862045288
1385.3500102965247 0.9993894100189209
1385.370843895661 1.0013537406921387
1385.3916774938039 0.9998732805252075
1385.4125110909476 1.0007413625717163
1385.4333446871153 1.000024676322937
1385.4541782823007 1.0000032186508179
1385.4750118765078 1.0008461475372314
1385.4958454697385 0.9995564818382263
1385.5166790619876 1.0001893043518066
1385.5375126532779 0.9998859167098999
1385.5583462436025 0.9991132616996765
1385.5791798329649 1.0000255107879639
1385.600013421358 0.9996141195297241
1385.6208470088054 0.9992951154708862
1385.6416805952997 1.001510739326477
1385.6625141808445 0.9981434941291809
1385.6833477654322 1.0006662607192993
1385.7041813490857 0.9988459944725037
1385.7250149317986 0.9997632503509521
1385.745848513573 1.0000296831130981
1385.7666820944123 0.9984970688819885
1385.7875156743091 1.000575065612793
1385.8083492532862 0.9981573224067688
1385.829182831336 1.0002851486206055
1385.8500164084621 0.9983891248703003
1385.8708499846657 0.9679201245307922
1385.954184280307 1.000375509262085
1385.975017851931 1.000032663345337
1385.9958514226582 1.0006095170974731
1386.0166849924817 1.001097559928894
1386.0375185614039 0.99994295835495
1386.0583521294257 1.0016038417816162
1386.0791856965413 0.999230682849884
1386.1000192627716 1.00153386592865
1386.12085282811 0.9997245669364929
1386.1416863925576 1.0006293058395386
1386.1625199561174 1.0009539127349854
1386.1833535187814 0.9988145232200623
1386.204187080572 1.0022268295288086
1386.2250206414803 0.998334527015686
1386.2458542015097 1.0020673274993896
1386.2666877606619 0.999301016330719
1386.2875213189284 1.0006228685379028
1386.3083548763316 1.0009512901306152
1386.3291884328637 0.9997479915618896
1386.3500219885266 1.000487208366394
1386.3708555433122 0.9997588992118835
1386.3916890972428 1.0013906955718994
1386.4125226503095 0.999904453754425
1386.433356202515 1.0012414455413818
1386.4541897538604 0.9997385740280151
1386.4750233043483 1.0013052225112915
1386.49585685397 1.000422716140747
1386.516690402748 1.0007251501083374
1386.5375239506734 1.0001249313354492
1386.5583574977384 0.9996830224990845
1386.5791910439648 1.0015859603881836
1386.600024589344 0.99937903881073
1386.6208581338778 1.0019385814666748
1386.6416916775681 0.999733030796051
1386.6625252204167 1.0009907484054565
1386.6833587624146 1.0007392168045044
1386.7041923035843 1.000042200088501
1386.725025843917 1.001447319984436
1386.7458593834147 0.9997926950454712
1386.766692922078 1.0006650686264038
1386.7875264598997 1.000335693359375
1386.8083599969007 1.0004147291183472
1386.829193533073 0.9998732209205627
1386.8500270684176 1.0002933740615845
1386.8708606029365 0.9998095631599426
1386.8916941366208 1.0004249811172485
1386.9125276694926 1.0004938840866089
1386.9333612018165 1.000499963760376
1386.9541947332928 1.000610589981079
1386.9750282637083 0.9997546672821045
1386.9958617932964 1.0011729001998901
1387.016695322079 0.9997498393058777
1387.0375288500477 1.000148057937622
1387.0583623772038 1.0010347366333008
1387.0791959035384 0.9997345209121704
1387.1000294290732 1.0014967918395996
1387.1208629538 0.9993425607681274
1387.141696477719 1.000699758529663
1387.162530000833 1.0011404752731323
1387.1833635231321 0.9998096227645874
1387.204197044638 1.0019848346710205
1387.2250305653424 0.9989956021308899
1387.2458640852462 1.0016599893569946
1387.266697604351 0.9997917413711548
1387.287531122658 0.9996866583824158
1387.3083646401587 1.0013741254806519
1387.3291981568734 0.9996840953826904
1387.350031672795 1.0012242794036865
1387.370865187923 0.9996582865715027
1387.3916987022606 0.999618649482727
1387.4125322157972 1.0006033182144165
1387.433365728555 0.9994171261787415
1387.454199240525 1.0004003047943115
1387.4750327517083 0.9995920062065125
1387.4958662621066 1.0001511573791504
1387.5166997717104 1.0004661083221436
1387.5375332805418 0.9997384548187256
1387.5583667885905 1.0010719299316406
1387.5792002958594 1.0002089738845825
1387.6000338023487 0.9999226331710815
1387.6208673080496 1.0004817247390747
1387.6417008129833 0.9998356103897095
1387.6625343171413 1.00039803981781
1387.6833678205244 0.9998986124992371
1387.7042013231337 0.9999929666519165
1387.7250348249609 1.0004245042800903
1387.745868326026 0.918070912361145
1387.7875353258473 1.0011112689971924
1387.8083688246054 0.9990928173065186
1387.829202322596 1.0012052059173584
1387.850035819811 0.999710202217102
1387.8708693162714 1.0007390975952148
1387.891702811968 1.000838041305542
1387.9125363069018 0.9990584254264832
1387.9333698010744 1.0021227598190308
1387.954203294476 0.9991123676300049
1387.9750367871284 1.0014837980270386
1387.9958702790223 0.9995891451835632
1388.0167037701592 0.9998411536216736
1388.0375372605395 1.0021134614944458
1388.0583707501548 0.9989559054374695
1388.0792042390256 1.0022798776626587
1388.100037727144 0.9993419647216797
1388.1208712145096 1.0015950202941895
1388.1417047011244 0.9998327493667603
1388.162538186979 1.000792145729065
1388.1833716720946 1.0002039670944214
1388.2042051564624 1.000340223312378
1388.2250386400829 1.0008769035339355
1388.2458721229575 1.0005669593811035
1388.2667056050877 1.0009599924087524
1388.2875390864633 0.9996450543403625
1388.3083725671058 1.0013487339019775
1388.3292060470067 0.9996417164802551
1388.3500395261667 1.0007634162902832
1388.3708730045864 1.000187873840332
1388.3917064822572 1.000500202178955
1388.4125399592003 1.0011370182037354
1388.433373435406 0.9997171759605408
1388.4542069108763 1.0017122030258179
1388.475040385611 1.0000585317611694
1388.495873859602 1.0005849599838257
1388.5167073328698 1.0014666318893433
1388.5375408054053 0.9995084404945374
1388.55837427721 1.001231074333191
1388.5792077482843 1.0003550052642822
1388.6000412186297 0.9999851584434509
1388.6208746882367 1.0009206533432007
1388.641708157127 0.999328076839447
1388.66254162529 1.0012508630752563
1388.6833750927285 1.0007126331329346
1388.7042085594421 0.9997727870941162
1388.7250420254231 1.0017794370651245
1388.745875490691 0.9991571307182312
1388.766708955238 1.0015212297439575
1388.7875424190645 0.9997791051864624
1388.808375882171 1.0005053281784058
1388.8292093445596 1.0014126300811768
1388.85004280622 0.9993057250976562
1388.8708762671745 1.0016311407089233
1388.8917097274125 1.0001156330108643
1388.9125431869363 1.0003775358200073
1388.9333766457462 1.001074194908142
1388.9542101038335 0.9998811483383179
1388.9750435612186 1.0001884698867798
1388.9958770178932 1.0006657838821411
1389.0167104738578 0.9993160367012024
1389.0375439291136 1.0014078617095947
1389.0583773836613 0.9991865754127502
1389.079210837492 1.001205325126648
1389.1000442906268 1.000117301940918
1389.1208777430563 0.9997071027755737
1389.141711194782 0.9991505146026611
1389.162544645804 0.9993270635604858
1389.1833780961142 1.0011260509490967
1389.2042115457332 1.000378966331482
1389.2250449946519 0.9986766576766968
1389.2458784428711 1.002023458480835
1389.2667118903926 0.9988745450973511
1389.2875453372162 1.0009055137634277
1389.3083787833339 1.0005455017089844
1389.329212228766 0.9990805983543396
1389.3500456735135 1.002135992050171
1389.3708791175666 0.998366117477417
1389.3917125609184 1.0011000633239746
1389.4125460035789 0.999544084072113
1389.433379445539 1.0001509189605713
1389.4542128868197 1.0011050701141357
1389.4750463274115 0.9988185167312622
1389.4958797673166 1.0012104511260986
1389.5167132065344 0.999680757522583
1389.5375466450676 1.000377893447876
1389.5583800829058 1.000828504562378
1389.5792135200707 0.9999159574508667
1389.600046956553 1.0008074045181274
1389.6208803923541 1.0011061429977417
1389.6417138274744 1.0001367330551147
1389.6625472619057 1.0011725425720215
1389.6833806956688 0.9998871088027954
1389.7042141287538 1.000439167022705
1389.7250475611634 1.0007832050323486
1389.7458809928971 0.9991819262504578
1389.7667144239567 1.0014095306396484
1389.787547854333 0.9993897676467896
1389.8083812840475 1.001171588897705
1389.8292147130906 0.999966025352478
1389.8500481414637 0.9999139308929443
1389.8708815691675 1.0010809898376465
1389.8917149962042 0.9989451766014099
1389.9125484225633 1.001770257949829
1389.933381848267 0.9989416003227234
1389.9542152733059 1.000658392906189
1389.975048697681 0.9997732639312744
1389.9958821213936 0.999784529209137
1390.0167155444346 0.9996376633644104
1390.0375489668356 1.0002011060714722
1390.058382388557 0.9998557567596436
1390.0792158096308 1.0000301599502563
1390.1000492300468 1.000365138053894
1390.1208826498078 0.9995875358581543
1390.141716068913 1.0005639791488647
1390.1625494873554 0.9993574619293213
1390.1833829051548 0.9999129772186279
1390.2042163223032 1.000516414642334
1390.225049738801 0.9992184638977051
1390.24588315465 0.9298728108406067
1390.2875499844054 1.0001014471054077
1390.3083833983046 1.0009397268295288
1390.3292168115688 0.999691367149353
1390.3500502241902 1.0016552209854126
1390.3708836361693 0.9990443587303162
1390.391717047508 1.0019067525863647
1390.4125504581973 0.9998745322227478
1390.4333838682578 0.9999480247497559
1390.4542172776817 1.0014973878860474
1390.475050686469 0.9986157417297363
1390.4958840946226 1.0015095472335815
1390.5167175021425 0.9995700716972351
1390.5375509090304 0.9996535778045654
1390.5583843152772 1.0010141134262085
1390.5792177209048 0.9990262985229492
1390.6000511259037 1.0019621849060059
1390.6208845302763 0.999192476272583
1390.6417179340228 1.0009205341339111
1390.6625513371353 0.9999599456787109
1390.683384739635 0.9998902082443237
1390.704218141513 1.0003416538238525
1390.7250515427702 1.000213623046875
1390.745884943409 1.000141978263855
1390.7667183434303 1.0011999607086182
1390.7875517428351 0.9995135068893433
1390.8083851416254 1.0006637573242188
1390.829218539792 1.0010442733764648
1390.8500519373572 0.9983035326004028
1390.8708853343112 1.002129077911377
1390.8917187306567 0.9982612729072571
1390.912552126394 1.0015149116516113
1390.933385521516 1.0001747608184814
1390.9542189160425 0.9999715685844421
1390.9750523099663 1.0013749599456787
1390.995885703288 0.9986984133720398
1391.0167190960096 1.0014108419418335
1391.0375524881329 0.999813973903656
1391.0583858796485 0.9996610879898071
1391.0792192705792 1.0012885332107544
1391.100052660915 0.9994509816169739
1391.1208860506592 1.0007908344268799
1391.141719439812 1.0002373456954956
1391.162552828376 0.9995647668838501
1391.1833862163521 1.001798391342163
1391.2042196037426 0.9983203411102295
1391.2250529905384 1.001635193824768
1391.2458863767617 0.9996575117111206
1391.2667197624041 0.9993894696235657
1391.2875531474676 1.000534176826477
1391.308386531953 0.9990319013595581
1391.3292199158632 1.001327395439148
1391.350053299189 0.9997914433479309
1391.3708866819527 1.0001829862594604
1391.391720064146 1.0007683038711548
1391.4125534457705 0.999190628528595
1391.4333868268282 1.0013222694396973
1391.454220207321 0.9999630451202393
1391.4750535872408 1.0007455348968506
1391.4958869666089 1.0002762079238892
1391.5167203454184 1.000093936920166
1391.5375537236696 0.999871551990509
1391.5583871013662 0.9994884729385376
1391.5792204785091 0.9995555281639099
1391.6000538551002 1.0009613037109375
1391.620887231132 0.9993681907653809
1391.6417206066264 1.0002800226211548
1391.6625539815755 1.0009101629257202
1391.6833873559808 0.9992885589599609
1391.7042207298452 1.0012387037277222
1391.7250541031708 0.9997819066047668
1391.7458874759586 1.0002387762069702
1391.766720848202 1.0008231401443481
1391.787554219923 0.9995558261871338
1391.8083875911134 1.000867486000061
1391.829220961776 0.9993215203285217
1391.8500543319124 0.9997760057449341
1391.8708877015251 1.00093412399292
1391.891721070617 0.998963475227356
1391.9125544391798 1.0015252828598022
1391.9333878072357 0.9990969896316528
1391.954221174778 1.0003784894943237
1391.9750545418085 1.0013118982315063
1391.99588790833 0.9990026354789734
1392.0167212743445 1.0015970468521118
1392.0375546398552 0.9990307688713074
1392.058388004854 1.0006855726242065
1392.0792213693637 1.0007601976394653
1392.1000547333772 0.9993812441825867
1392.1208880968968 1.0007258653640747
1392.1417214599257 0.9997743368148804
1392.1625548224665 0.9999261498451233
1392.1833881845212 1.000697374343872
1392.2042215460838 0.9999131560325623
1392.225054907176 1.0005271434783936
1392.2458882677913 0.9996170401573181
1392.2667216279326 0.9969123601913452
1392.2875549876028 0.998803973197937
1392.3083883468046 0.9988370537757874
1392.3292217055314 0.9995723962783813
1392.3500550638162 0.9998692274093628
1392.3708884216219 0.9994755983352661
1392.3917217789822 1.0014592409133911
1392.4125551358893 0.9988148808479309
1392.4333884923476 1.0009766817092896
1392.4542218483593 0.999937117099762
1392.4750552039286 0.9999958872795105
1392.4958885590484 1.0010050535202026
1392.5167219137425 0.9988453388214111
1392.5375552680039 1.0003548860549927
1392.5583886218365 0.9996194243431091
1392.5792219752436 0.9995182156562805
1392.6000553282295 1.0005956888198853
1392.6208886807965 0.9987991452217102
1392.64172203295 1.0007498264312744
1392.6625553846827 0.9985442161560059
1392.6833887360185 0.9999291300773621
1392.7042220869519 0.9999765753746033
1392.7250554374862 0.9992324709892273
1392.7458887876257 0.9220212697982788
1392.7875554867371 1.0005143880844116
1392.808388835717 0.9998957514762878
1392.8292221843092 1.000593662261963
1392.850055532537 1.0000230073928833
1392.870888880396 1.000704288482666
1392.89172222789 1.000006079673767
1392.9125555750234 1.0006344318389893
1392.9333889218015 0.9997963905334473
1392.954222268218 1.0000879764556885
1392.9750556142985 1.0011049509048462
1392.9958889600375 0.9993376135826111
1393.0167223054402 1.0013716220855713
1393.0375556505114 0.9990028142929077
1393.0583889952554 1.0012519359588623
1393.079222339679 1.000146746635437
1393.1000556837857 0.9999247193336487
1393.1208890275823 1.0014890432357788
1393.1417223711019 0.999238908290863
1393.162555714328 1.000929594039917
1393.1833890572248 0.9997477531433105
1393.204222399833 1.0001624822616577
1393.2250557421582 0.9998121857643127
1393.245889084207 1.0003165006637573
1393.2667224259746 0.9996961951255798
1393.2875557674872 1.000809907913208
1393.3083891087415 1.0001592636108398
1393.3292224497432 1.0004162788391113
1393.3500557904988 1.0008705854415894
1393.3708891310148 0.998824417591095
1393.3917224712982 1.001757025718689
1393.412555811355 0.9984561800956726
1393.433389151183 1.0018328428268433
1393.4542224908084 0.9995049834251404
1393.4750558302292 1.000076413154602
1393.495889169451 1.0015205144882202
1393.516722508483 0.9984754920005798
1393.537555847331 1.0016326904296875
1393.5583891860044 0.9992382526397705
1393.5792225245095 1.0008732080459595
1393.6000558628446 1.0005890130996704
1393.620889201038 0.9992340803146362
1393.6417225390874 1.001622200012207
1393.6625558770018 0.9994442462921143
1393.6833892147888 1.000300407409668
1393.7042225524578 1.000658631324768
1393.7250558900175 0.9997673630714417
1393.745889227476 1.0013114213943481
1393.7667225648336 0.9992389678955078
1393.7875559021188 1.000794529914856
1393.8083892393313 1.0001370906829834
1393.8292225764806 0.999020516872406
1393.8500559135769 1.001083254814148
1393.8708892506293 0.999409556388855
1393.891722587649 1.000191569328308
1393.9125559246456 1.0004240274429321
1393.9333892616203 0.9992642402648926
1393.954222598603 1.0002870559692383
1393.9750559355957 1.0001033544540405
1393.9958892726086 1.0003150701522827
1394.0167226096532 1.000224232673645
1394.0375559467416 1.0000559091567993
1394.0583892838847 1.0004860162734985
1394.0792226210954 1.0003960132598877
1394.1000559583852 0.9998887777328491
1394.120889295757 1.0007025003433228
1394.1417226332435 0.9998846650123596
1394.162555970847 1.0007702112197876
1394.1833893085811 1.0003929138183594
1394.204222646459 0.9996312260627747
1394.225055984494 1.0012422800064087
1394.2458893227001 0.9992679953575134
1394.266722661092 1.000754952430725
1394.287555999683 1.0001635551452637
1394.3083893384785 1.0002250671386719
1394.3292226775125 1.001267910003662
1394.3500560167909 0.9994659423828125
1394.370889356328 1.0009406805038452
1394.3917226961405 0.9995703101158142
1394.4125560362436 1.000470519065857
1394.4333893766532 1.000888705253601
1394.454222717386 0.9982160925865173
1394.475056058448 1.0013024806976318
1394.4958893998767 0.9989200234413147
1394.5167227416787 1.0008596181869507
1394.5375560838713 0.9991108179092407
1394.5583894264726 0.9996233582496643
1394.579222769499 1.000691294670105
1394.6000561129702 0.9988293647766113
1394.6208894569024 1.000848412513733
1394.6417228013158 0.9993031024932861
1394.6625561462179 1.0009921789169312
1394.683389491648 0.9990904331207275
1394.7042228376145 1.000480055809021
1394.7250561841367 0.9979540705680847
1394.7458895312336 1.00013267993927
1394.766722878925 1.0006382465362549
1394.7875562272297 0.9997852444648743
1394.8083895761679 1.0003952980041504
1394.829222925758 0.9993370175361633
1394.8500562760205 1.0008727312088013
1394.8708896269643 0.9986392259597778
1394.8917229786284 1.000910758972168
1394.912556331023 1.0004838705062866
1394.9333896841665 0.9996356964111328
1394.9542230380782 1.0005513429641724
1394.9750563927764 1.0000461339950562
1394.99588974828 1.0005558729171753
1395.0167231046064 1.0003844499588013
1395.0375564617636 1.0002684593200684
1395.0583898197879 0.999826192855835
1395.0792231786868 1.0005079507827759
1395.100056538475 0.998780369758606
1395.1208898991677 1.0007753372192383
1395.1417232607794 0.9990918636322021
1395.1625566233224 1.000243067741394
1395.1833899868097 0.9996340274810791
1395.2042233512516 0.9995533227920532
1395.225056716648 0.9999487400054932
1395.2458900830268 0.9040329456329346
1395.287556818725 0.9988558888435364
1395.308390188052 1.0009746551513672
1395.3292235583672 1.0003132820129395
1395.350056929668 0.9997155070304871
1395.3708903019512 1.0003447532653809
1395.3917236752109 1.0003697872161865
1395.4125570494382 1.0000791549682617
1395.4333904246112 1.0008914470672607
1395.600057458033 1.0006569623947144
1395.620890840751 0.9997480511665344
1395.641724224109 1.0011627674102783
1395.6625576081444 0.9985467791557312
1395.6833909927154 1.0022807121276855
1395.704224377707 0.9987319111824036
1395.7250577631155 1.001346230506897
1395.745891148872 1.0000288486480713
1395.7667245349032 0.9991884827613831
1395.787557921134 1.001667857170105
1395.8083913074827 0.9988471865653992
1395.8292246938672 1.0014430284500122
1395.8500580801895 0.9996513724327087
1395.8708914663807 1.000172734260559
1395.8917248523383 1.00027334690094
1395.9125582379681 1.0000853538513184
1395.9333916231735 0.999927818775177
1395.9542250078564 1.0001680850982666
1395.9750583919183 0.9994956254959106
1395.9958917752597 0.9998757243156433
1396.0167251577798 1.0001646280288696
1396.0375585393801 0.9993021488189697
1396.058391919951 1.0015629529953003
1396.0792252994145 0.9986250400543213
1396.1000586776645 1.0011378526687622
1396.120892054606 0.9988707900047302
1396.1417254301466 0.9998457431793213
1396.1625588041968 1.0008260011672974
1396.1833921766695 0.9990069270133972
1396.204225547481 1.0010744333267212
1396.2250589165508 0.9995517730712891
1396.245892283803 1.0002549886703491
1396.2667256491638 1.000538945198059
1396.2875590125557 0.9994230270385742
1396.3083923739334 1.0007634162902832
1396.3292257332264 0.9989733695983887
1396.3500590903789 1.0007678270339966
1396.3708924453388 0.9995340704917908
1396.3917257980588 1.001000165939331
1396.4125591484953 0.9998260736465454
1396.4333924966093 1.0002251863479614
1396.4542258423653 1.0003011226654053
1396.5167258651936 0.9984832406044006
1396.5375592012344 1.000718593597412
1396.5583925348078 0.9990807771682739
1396.662559165155 0.9997921586036682
1396.683392483686 1.0007356405258179
1396.7042257996939 0.9998067617416382
1396.7250591132138 1.0009574890136719
1396.7458924242214 1.0000602006912231
1396.7667257327253 1.0003701448440552
1396.7875590387548 1.0004849433898926
1396.8083923423112 0.9998359084129333
1396.8292256434067 1.0000090599060059
1396.8500589420555 1.0005958080291748
1396.8708922382718 1.000231385231018
1396.8917255320716 1.0004287958145142
1396.9125588234715 1.0005606412887573
1396.9333921124885 0.9993722438812256
1396.954225399141 1.0009863376617432
1396.9750586834375 0.9990562200546265
1396.9958919654166 1.0012155771255493
1397.0167252450885 0.9967405200004578
1397.0375585224726 1.000076174736023
1397.0583917975891 1.0006386041641235
1397.079225070458 0.9991573095321655
1397.1000583411007 1.001427412033081
1397.1208916095372 0.9979872703552246
1397.1417248757884 1.0018572807312012
1397.162558139875 0.9988052248954773
1397.1833914018182 1.0004732608795166
1397.2042246616381 0.9993314743041992
1397.2250579193465 1.0000386238098145
1397.2458911749823 0.9999539256095886
1397.2667244285574 1.0001537799835205
1397.2875576800916 0.9997649788856506
1397.308390929605 0.9995279908180237
1397.3292241771176 1.0006133317947388
1397.3500574226491 0.9993628263473511
1397.3708906662196 1.0011407136917114
1397.3917239078478 0.9985886812210083
1397.4125571475536 1.001466155052185
1397.4333903853549 0.9995859265327454
1397.4542236212712 0.999989926815033
1397.475056855311 1.0012056827545166
1397.4958900875113 0.9984742403030396
1397.5167233178813 1.0015805959701538
1397.5375565464374 0.9981135129928589
1397.5583897731979 1.0011537075042725
1397.5792229981791 0.9999619126319885
1397.6000562213985 0.9996134042739868
1397.620889442872 1.0013678073883057
1397.6417226626163 0.9989537596702576
1397.6625558806472 1.0005321502685547
1397.6833890969801 0.9991877675056458
1397.7042223116307 1.000450849533081
1397.7250555246142 0.9996045231819153
1397.745888735935 1.000352382659912
1397.766721945629 0.9998219013214111
1397.787555153699 0.9996134042739868
1397.8083883601598 1.0005515813827515
1397.8292215650254 1.0003405809402466
1397.850054768309 1.0000208616256714
1397.8708879700243 1.000177264213562
1397.8917211701844 1.0001736879348755
1397.9125543688017 1.0000883340835571
1397.9333875658895 1.0005664825439453
1397.9542207614595 0.9998355507850647
1397.9750539555243 1.0006344318389893
1397.9958871480962 0.999714732170105
1398.0167203391857 1.0006234645843506
1398.0375535287958 0.999738335609436
1398.0583867169662 1.0005149841308594
1398.0792199036696 0.9994216561317444
1398.1000530889457 0.9998100399971008
1398.1208862727958 1.000372290611267
1398.1417194552298 0.999170184135437
1398.1625526362584 1.0006511211395264
1398.1833858158916 0.9993953108787537
1398.2042189941392 1.0009948015213013
1398.2250521710112 0.999369740486145
1398.2458853465168 1.0003982782363892
1398.2667185206653 1.0001883506774902
1398.2875516934666 0.9991735816001892
1398.3083848649187 1.0013138055801392
1398.3292180350509 0.9987660646438599
1398.3500512038722 1.0010881423950195
1398.3708843713605 0.9998133778572083
1398.391717537555 0.9990571141242981
1398.4125507024532 1.0008763074874878
1398.4333838660634 0.9988998174667358
1398.454217028394 1.0010349750518799
1398.4750501894518 0.9989468455314636
1398.4958833492458 1.000834345817566
1398.516716507782 0.9997133612632751
1398.537549665069 0.9996927380561829
1398.5583828211134 0.999927818775177
1398.5792159759228 1.0001004934310913
1398.6000491295038 1.000610589981079
1398.6208822818633 0.999586820602417
1398.6417154330081 1.0006883144378662
1398.662548582935 0.9990183115005493
1398.6833817316706 1.0003955364227295
1398.704214879211 0.9247087836265564
1398.7458811707322 0.9991797208786011
1398.7667143147246 0.9995456337928772
1398.7875474575471 1.0011612176895142
1398.8083805992046 0.998622477054596
1398.8292137397038 1.002108097076416
1398.8500468790496 0.9981101751327515
1398.8708800172483 1.0012520551681519
1398.8917131543049 0.998760461807251
1398.9125462902248 0.9999153017997742
1398.9333794250138 1.0005693435668945
1398.9542125586765 0.998709499835968
1398.9750456912084 1.0017883777618408
1398.9958788226352 0.9985612630844116
1399.0167119529508 1.0011438131332397
1399.0375450821607 0.9989508390426636
1399.0583782102694 1.000718355178833
1399.0792113372827 1.0001012086868286
1399.1000444632036 1.0002496242523193
1399.1208775880382 0.9997852444648743
1399.14171071179 0.999985933303833
1399.1625438344643 1.0007827281951904
1399.1833769560646 0.9995562434196472
1399.2042100765962 1.0013374090194702
1399.2250431960626 0.9991058111190796
1399.245876314469 1.0010789632797241
1399.2667094318183 0.9993265271186829
1399.2875425481152 1.000127911567688
1399.3083756633641 1.0003143548965454
1399.3292087775678 0.9998959898948669
1399.3500418907217 1.0007660388946533
1399.3708750028484 0.9993696808815002
1399.3917081139425 1.0009185075759888
1399.412541224007 0.9988565444946289
1399.4333743330465 1.00057053565979
1399.4542074410638 0.9998477697372437
1399.4750405480627 1.0001153945922852
1399.495873654047 1.0001128911972046
1399.5167067590198 0.9996073246002197
1399.5375398629849 0.9998051524162292
1399.5583729659456 0.999050498008728
1399.5792060679048 1.0008399486541748
1399.6000391688665 0.9994024038314819
1399.620872268833 1.0009196996688843
1399.6417053678085 0.9994057416915894
1399.6625384657955 1.0000460147857666
1399.6833715627874 1.0002079010009766
1399.704204658807 1.0000511407852173
1399.7250377538576 0.9999139904975891
1399.745870847912 1.0000224113464355
1399.7667039410035 0.9999914169311523
1399.7875370331244 1.0000252723693848
1399.8083701242783 1.0003043413162231
1399.8292032144673 0.9999446272850037
1399.8500363036949 1.0004709959030151
1399.8708693919632 0.9998383522033691
1399.8917024792754 1.0008164644241333
1399.912535565634 0.9991812705993652
1399.933368651042 1.0008453130722046
1399.954201735501 1.000195860862732
1399.975034819015 0.999699592590332
1399.9958679015854 1.0006574392318726
1400.0167009832155 0.998640239238739
1400.0375340639073 1.0012667179107666
1400.0583671436636 0.999859094619751
1400.0792002224864 1.0000715255737305
1400.100033300369 1.0005838871002197
1400.1208663773427 0.9998114705085754
1400.1416994533706 1.0011004209518433
1400.162532528485 0.9987888932228088
1400.1833656026774 1.0009551048278809
1400.2041986759511 0.9994404911994934
1400.2250317483076 1.0002039670944214
1400.2458648197496 1.0003622770309448
1400.2666978902791 0.999385416507721
1400.2875309598983 1.000826358795166
1400.3083640286093 0.9999120235443115
1400.3291970964142 0.9999589323997498
1400.3500301633153 0.9998007416725159
1400.3708632293142 1.0003321170806885
1400.3916962944138 0.9997588396072388
1400.412529358615 1.0000571012496948
1400.433362421921 1.0000488758087158
1400.4541954843328 0.9994645118713379
1400.4750285458533 1.000502347946167
1400.4958616064832 0.9991883635520935
1400.516694666226 1.0008199214935303
1400.537527725082 0.9992387890815735
1400.5583607830442 1.0005455017089844
1400.5791938401442 0.999414324760437
1400.6000268963435 0.9996221661567688
1400.6208599516744 1.0002825260162354
1400.6416930061282 0.9982818961143494
1400.6625260597075 1.0003670454025269
1400.683359112413 0.9983959197998047
1400.7041921642476 0.9174754023551941
1400.7458582653087 0.9998700022697449
1400.7666913145395 1.00089693069458
1400.7875243629048 0.9993466138839722
1400.808357410408 1.0003856420516968
1400.8291904570497 1.0000704526901245
1400.8500235028316 1.0007632970809937
1400.8708565477557 0.9997318387031555
1400.8916895918233 1.000427007675171
1400.912522635036 1.0003454685211182
1400.9333556773959 0.9995055198669434
1400.9541887189039 1.0000593662261963
1400.975021759562 1.000529408454895
1400.9958547993717 0.9997175335884094
1401.0166878383247 1.0012273788452148
1401.0375208764517 0.9993865489959717
1401.0583539137249 1.0002045631408691
1401.0791869501459 1.000410795211792
1401.10001998606 1.0000029802322388
1401.1208530210836 1.000974178314209
1401.1416860549994 0.9994207620620728
1401.1625190880886 1.0013693571090698
1401.1833521203223 0.9989094734191895
1401.2041851517326 1.0011394023895264
1401.2250181823106 0.9997302889823914
1401.2458512120577 1.000093936920166
1401.266684240975 1.0010192394256592
1401.287517269065 0.998958945274353
1401.3083502963273 1.0016677379608154
1401.3291833227647 0.9984228610992432
1401.3500163483777 1.0018492937088013
1401.3708493731685 0.9991044402122498
1401.3916823971376 1.0015830993652344
1401.4125154202866 0.9997829794883728
1401.433348442617 0.9996065497398376
1401.45418146413 1.0016247034072876
1401.4750144848267 0.9984825253486633
1401.4958475047088 1.0020354986190796
1401.5166805237768 0.9989327788352966
1401.537513542033 1.0010623931884766
1401.5583465594777 0.9996886253356934
1401.5791795761131 1.0010042190551758
1401.60001259194 0.9996741414070129
1401.620845606959 1.0003565549850464
1401.6416786211726 1.0011560916900635
1401.6625116345804 0.9992949366569519
1401.6833446471853 1.002070426940918
1401.7041776589774 0.9988530278205872
1401.7250106699885 1.0016260147094727
1401.7458436801794 0.9994469881057739
1401.7666766895816 1.0009719133377075
1401.7875096981857 1.0008389949798584
1401.8083427059937 0.9997990131378174
1401.829175713006 1.0009503364562988
1401.8500087192247 0.999457597732544
1401.8708417246498 1.0013689994812012
1401.8916747292833 0.999755322933197
1401.9125077331257 1.0006787776947021
1401.9333407361792 1.0007379055023193
1401.9541737384436 0.9997084736824036
1401.975006739921 1.00095534324646
1401.9958397406117 0.9996762871742249
1402.0166727405176 1.0005208253860474
1402.0375057396393 1.0000489950180054
1402.0583387379784 1.000351071357727
1402.0791717355353 1.0001875162124634
1402.1000047323118 1.0001429319381714
1402.1208377283085 0.999699056148529
1402.1416707235267 1.0007163286209106
1402.1625037179679 0.9996272325515747
1402.183336711632 1.0001871585845947
1402.2041697045213 1.0002208948135376
1402.2250026966358 1.000078797340393
1402.2458356879777 1.0008271932601929
1402.2666686785474 0.9991302490234375
1402.2875016683458 1.0006639957427979
1402.3083346573744 0.9999225735664368
1402.3291676456338 1.0004140138626099
1402.3500006331255 1.0005896091461182
1402.3708336198501 0.9998100996017456
1402.3916666058092 1.0005764961242676
1402.4124995910036 0.9998931884765625
1402.4333325754337 1.0007883310317993
1402.4541655591015 0.9999329447746277
1402.4749985420078 0.9996134638786316
1402.4958315241527 1.0001540184020996
1402.5166645055285 0.9994102120399475
1402.5374974861654 1.0014537572860718
1402.558330466035 0.9994567632675171
1402.5791634451477 1.000388264656067
1402.599996423505 0.9995381832122803
1402.6208294010974 1.0007654428482056
1402.6416623779564 0.9994437098503113
1402.662495354043 0.999795138835907
1402.683328329388 1.0002471208572388
1402.704161303982 0.9134928584098816
1402.745827250923 0.9998785257339478
1402.7666602232719 1.0011199712753296
1402.7874931948738 1.0000865459442139
1402.8083261657303 1.000215768814087
1402.8291591358422 1.000396728515625
1402.8499921052107 1.0002576112747192
1402.8708250738362 1.0005534887313843
1402.8916580417203 1.0005155801773071
1402.9124910088638 0.9998645782470703
1402.9333239752675 1.0005027055740356
1402.9541569409325 1.0001418590545654
1402.9749899058602 1.000196933746338
1402.995822870051 1.000982642173767
1403.016655833506 0.9995668530464172
1403.0374887962266 1.0019032955169678
1403.058321758213 0.9991387724876404
1403.0791547194674 1.0007619857788086
1403.099987679989 1.0009877681732178
1403.1208206397807 0.9993458390235901
1403.1416535988426 1.001933217048645
1403.1624865571753 0.9991428256034851
1403.1833195147804 1.0020360946655273
1403.2041524716583 0.9990902543067932
1403.2249854278107 1.0005052089691162
1403.2458183832382 1.0009878873825073
1403.2666513379418 0.99956214427948
1403.2874842919223 1.001619577407837
1403.3083172451813 0.9992914199829102
1403.3291501977192 1.0014245510101318
1403.3499831495374 0.9998525381088257
1403.3708161006364 1.0007407665252686
1403.3916490510178 0.9996366500854492
1403.4124820006816 1.0010695457458496
1403.4333149496301 1.0002931356430054
1403.4541478978633 1.0007597208023071
1403.4749808453826 1.000708818435669
1403.495813792189 1.0008150339126587
1403.5166467382835 1.0011588335037231
1403.5374796836668 0.9999633431434631
1403.5583126283404 1.001207947731018
1403.579145572305 0.9999701380729675
1403.5999785155616 1.0007648468017578
1403.6208114581116 1.0001585483551025
1403.641644399955 1.0005755424499512
1403.6624773410945 1.0007927417755127
1403.6833102815292 1.0000700950622559
1403.7041432212618 1.0002033710479736
1403.7249761602918 1.0011427402496338
1403.7458090986217 1.000106692314148
1403.7666420362518 1.0004465579986572
1403.7874749731827 1.0004431009292603
1403.8083079094163 1.0001035928726196
1403.8291408449527 1.0011186599731445
1403.849973779794 0.999573826789856
1403.8708067139405 1.0006927251815796
1403.8916396473935 0.9997074604034424
1403.9124725801541 1.0001518726348877
1403.933305512223 1.0006639957427979
1403.9541384436018 1.0000256299972534
1403.974971374291 1.0006422996520996
1403.9958043042923 1.0000114440917969
1404.0166372336062 1.0004876852035522
1404.0374701622343 0.9995848536491394
1404.0583030901769 1.0010024309158325
1404.0791360174362 1.0002480745315552
1404.0999689440123 1.0004607439041138
1404.1208018699067 1.000052809715271
1404.1416347951204 1.0005319118499756
1404.1624677196548 1.0008496046066284
1404.1833006435104 1.0000978708267212
1404.2041335666888 1.0018210411071777
1404.224966489191 0.9990247488021851
1404.2457994110182 1.0015037059783936
1404.2666323321712 1.00016188621521
1404.2874652526516 1.0003868341445923
1404.3082981724601 1.0008825063705444
1404.3291310915984 0.9995461106300354
1404.349964010067 1.0012400150299072
1404.3707969278676 0.9991008043289185
1404.3916298450015 1.0006134510040283
1404.4124627614685 1.0001311302185059
1404.4332956772719 0.9987285137176514
1404.4541285924108 1.0019490718841553
1404.4749615068881 0.9984623789787292
1404.495794420704 1.001321792602539
1404.5166273338598 0.9995052814483643
1404.537460246357 0.9996559619903564
1404.5582931581966 1.0014770030975342
1404.57912606938 0.9988909363746643
1404.5999589799083 1.0006827116012573
1404.620791889783 0.9986335039138794
1404.641624799005 1.0004792213439941
1404.6624577075756 0.9999045729637146
1404.6832906154964 1.0008947849273682
1404.7041235227687 0.8901880383491516
1404.7457893353715 1.000257968902588
1404.7666222407045 1.0011920928955078
1404.7874551453947 1.0006484985351562
1404.8082880494421 1.000261664390564
1404.829120952849 1.00095534324646
1404.8499538556161 1.0000649690628052
1404.870786757745 1.0017622709274292
1404.891619659237 0.999667227268219
1404.9124525600937 1.0010490417480469
1404.9332854603163 1.0012410879135132
1404.9541183599058 1.0001813173294067
1404.9749512588642 1.0018494129180908
1404.9957841571927 0.9997188448905945
1405.016617054893 1.001631498336792
1405.0374499519655 1.0003166198730469
1405.0582828484132 1.0011405944824219
1405.0791157442359 1.0004545450210571
1405.0999486394367 1.0003142356872559
1405.120781534016 1.0010586977005005
1405.1416144279756 0.9999319911003113
1405.1624473213171 1.0011544227600098
1405.1832802140418 1.0003010034561157
1405.2041131061512 1.0001531839370728
1405.2249459976474 1.0009958744049072
1405.245778888531 1.0013676881790161
1405.2666117788046 0.9997137188911438
1405.287444668469 1.0012952089309692
1405.3082775575265 0.9999457001686096
1405.3291104459784 1.0011346340179443
1405.3499433338256 1.0003259181976318
1405.3707762210713 1.000428318977356
1405.3916091077156 1.0010393857955933
1405.4124419937614 1.0004056692123413
1405.4332748792092 1.0006070137023926
1405.454107764062 1.0001150369644165
1405.4749406483206 1.001320481300354
1405.495773531997 0.9998726844787598
1405.516606415063 1.0012879371643066
1405.5374392975505 0.9999725222587585
1405.5582721794513 1.0005676746368408
1405.579105060777 1.0001784563064575
1405.5999379414993 1.0000160932540894
1405.6207708216502 1.0010020732879639
1405.6416037012223 0.9998032450675964
1405.6624365802163 1.0015950202941895
1405.6832694586446 0.9998945593833923
1405.7041023364898 1.000991702079773
1405.7249352137626 1.0008430480957031
1405.745768090466 1.0005296468734741
1405.7666009666016 1.0016324520111084
1405.7874338421714 0.9999284148216248
1405.8082667171775 1.0005673170089722
1405.8290995916218 1.0009230375289917
1405.8499324655065 0.999198317527771
1405.8707653388337 1.000991940498352
1405.8915982116055 1.000521183013916
1405.9124310838245 1.000554084777832
1405.933263955492 1.0007336139678955
1405.954096826611 1.0000617504119873
1405.9749296971834 1.0018723011016846
1405.9957625672114 0.9996134638786316
1406.0165954366978 1.001096487045288
1406.0374283056437 1.0001416206359863
1406.058261174053 0.9995285272598267
1406.0790940419267 1.0015076398849487
1406.0999269092683 0.9994457364082336
1406.1207597760797 1.0011121034622192
1406.141592642363 1.0004503726959229
1406.1624255081215 0.9994468092918396
1406.183258373357 1.0013519525527954
1406.2040912380726 0.9997658729553223
1406.2249241022703 0.9543371200561523
1406.287422691785 0.9998868107795715
1406.308255553939 0.9986338019371033
1406.329088415589 0.9993617534637451
1406.3499212767376 0.9978554844856262
1406.3707541373876 0.9977368712425232
1406.3915869975422 1.0004069805145264
1406.4124198572038 0.9970332980155945
1406.433252716376 0.9989671111106873
1406.4540855750608 0.9974458813667297
1406.4749184332625 0.9965500831604004
1406.495751290983 0.9986776113510132
1406.516584148226 0.9969179630279541
1406.5374170050047 0.9980530142784119
1406.5582498612919 0.9985698461532593
1406.5790827171213 0.9972975254058838
1406.599915572496 0.9982404708862305
1406.6207484273891 0.9975809454917908
1406.6415812818443 0.9970182776451111
1406.662414135835 0.9979813694953918
1406.6832469893745 0.9966182708740234
1406.7040798424666 0.9975995421409607
1406.7249126951147 0.9975643754005432
1406.7457455473225 0.9979879260063171
1406.7665783990935 0.9985638856887817
1406.7874112504321 0.9965021014213562
1406.8082441013416 0.9985013604164124
1406.8290769518255 0.9960286617279053
1406.8499098018888 0.9979403018951416
1406.870742651534 0.9987493753433228
1406.891575500767 0.9962329268455505
1406.9124083495901 0.998639702796936
1406.9332411980088 0.9967257976531982
1406.9540740460266 0.9964705109596252
1406.974906893648 0.9971935153007507
1406.9957397408775 0.9951001405715942
1407.0165725877193 0.9986476898193359
1407.0374054341785 0.9949710369110107
1407.058238280259 0.9979236721992493
1407.079071125966 0.9961349964141846
1407.0999039713038 0.9972862601280212
1407.120736816278 0.997164249420166
1407.1415696608924 0.9950932264328003
1407.1624025051528 0.9978412985801697
1407.1832353490638 0.9945183396339417
1407.204068192641 0.9967365264892578
1407.2249010358598 0.9952695369720459
1407.245733878755 0.9957423210144043
1407.266566721332 0.9959250092506409
1407.2873995635769 0.9964029788970947
1407.3082324055456 0.9964892864227295
1407.3290652471994 0.9947205781936646
1407.349898088512 0.9974864721298218
1407.3707309295248 0.9944989681243896
1407.3915637702448 0.9965306520462036
1407.4123966106774 0.9932681322097778
1407.4332294508292 0.9951379895210266
1407.4540622907064 0.9952723979949951
1407.4748951303156 0.9943450689315796
1407.495727969664 0.9971358776092529
1407.5165608087566 0.9945905208587646
1407.5373936476021 0.9966512322425842
1407.5582264862062 0.9946365356445312
1407.579059324577 0.9936056733131409
1407.599892162721 0.9960916638374329
1407.6207250006457 0.9936354756355286
1407.6415578383592 0.9969401955604553
1407.6623906758682 0.9954653978347778
1407.6832235131812 0.9956415891647339
1407.704056350306 0.9948907494544983
1407.7248891872607 0.9941375255584717
1407.7457220240337 0.9948402643203735
1407.766554860643 0.9946303367614746
1407.7873876970975 0.992733359336853
1407.808220533406 0.9960067272186279
1407.8290533695774 0.9951214790344238
1407.8498862056208 0.9966270327568054
1407.8707190415457 0.9946897625923157
1407.891551877361 0.9959246516227722
1407.912384713077 0.9962053894996643
1407.9332175487032 0.9945927858352661
1407.95405038425 0.9958333969116211
1407.9748832197272 0.995400607585907
1407.9957160551457 0.9956450462341309
1408.0165488905159 0.9962602853775024
1408.037381725849 0.9947991967201233
1408.0582145611556 0.9956070780754089
1408.0790473964478 0.9972935318946838
1408.0998802317367 0.9942610859870911
1408.1207130670346 0.9982932806015015
1408.1415459023533 0.9952783584594727
1408.1623787377048 0.9971556663513184
1408.1832115731024 0.9962780475616455
1408.2040444085683 0.9963864684104919
1408.2248772440862 0.9966272115707397
1408.2457100797094 0.9955693483352661
1408.266542915421 0.9970235228538513
1408.287375751246 0.9970111846923828
1408.3082085871974 0.9954946041107178
1408.3290414232908 0.9969040751457214
1408.3498742595411 0.9965941905975342
1408.3707070959624 0.9985077381134033
1408.3915399325715 0.9962894320487976
1408.4123727693827 0.9969109296798706
1408.433205606414 0.9977203011512756
1408.4540384436802 0.9978785514831543
1408.4748712811993 0.9973965883255005
1408.4957041189878 0.9978041648864746
1408.516536957063 0.9966903924942017
1408.5373697954433 0.9986384510993958
1408.5582026341467 0.9978311657905579
1408.5790354731917 0.9981775283813477
1408.599868312597 0.9980560541152954
1408.6207011523825 0.9960852265357971
1408.6415339925775 0.9996814131736755
1408.6623668331815 0.9979933500289917
1408.683199674226 0.9990792274475098
1408.7040325157307 0.997745931148529
1408.7248653577174 0.9985297918319702
1408.7456982002068 0.9988492727279663
1408.766531043222 0.9994627237319946
1408.7873638867839 0.9995943903923035
1408.8081967309158 1.000385046005249
1408.8290295756403 0.9985993504524231
1408.8498624209808 0.9994005560874939
1408.8706952669604 0.9996889233589172
1408.8915281136035 0.9986481070518494
1408.9123609609337 1.0016188621520996
1408.9331938089756 0.99924635887146
1408.9540266577537 1.0007468461990356
1408.974859507293 1.0000890493392944
1408.9956923576183 1.0000319480895996
1409.0165252087547 1.0013998746871948
1409.037358060738 0.9998038411140442
1409.0581909135724 1.0006219148635864
1409.079023767294 0.9997918009757996
1409.0998566219284 0.9997355937957764
1409.1206894774996 1.0007636547088623
1409.1415223340337 0.9992648363113403
1409.1623551915543 1.000583291053772
1409.1831880500872 0.9996853470802307
1409.2040209096551 0.9989341497421265
1409.2248537702822 1.000565528869629
1409.245686631991 0.998799741268158
1409.2665194948033 1.0009093284606934
1409.2873523587407 0.9997468590736389
1409.308185223823 0.9990972280502319
1409.3290180900697 1.0006598234176636
1409.3498509574977 0.9990419745445251
1409.3706838261335 1.0008463859558105