1354.137625201305 0.9968946576118469
1354.1584583189583 1.0012216567993164
1354.1792914372973 1.0033302307128906
1354.2001245562872 0.9954045414924622
1354.220957675922 0.9991639852523804
1354.2417907961965 1.004442572593689
1354.2626239170738 0.9960799217224121
1354.2834570385585 0.9971452951431274
1354.3042901606136 1.003013014793396
1354.3251232832438 1.000443696975708
1354.3459564064117 0.997413694858551
1354.366789530122 0.998079776763916
1354.3876226543384 1.0030114650726318
1354.4084557790645 0.9995168447494507
1354.4292889042647 0.9954479932785034
1354.4501220299435 1.0031545162200928
1354.4709551560654 1.0015099048614502
1354.4917882826248 0.9953460097312927
1354.5126214096172 1.00078284740448
1354.533454537008 1.0008065700531006
1354.5542876648024 0.9975672960281372
1354.5751207929663 0.9993746876716614
1354.5959539215057 1.0021169185638428
1354.6167870503873 1.0036933422088623
1354.6376201796174 0.9960048198699951
1354.6584533091636 0.9970988631248474
1354.6792864390327 1.0043432712554932
1354.700119569192 0.9971291422843933
1354.72095269964 0.9975069761276245
1354.7417858303745 1.0034708976745605
1354.7626189613638 0.9979157447814941
1354.783452092617 1.0002508163452148
1354.8042852241126 1.003050684928894
1354.8251183558305 0.9964770674705505
1354.8459514877695 0.9978091716766357
1354.86678461993 1.0013521909713745
1354.8876177522818 1.0020445585250854
1354.9084508848352 0.9971217513084412
1354.929284017561 0.9959972500801086
1354.9501171504699 1.0049189329147339
1354.9709502835326 1.0003676414489746
1354.991783416761 0.9925305247306824
1355.0126165501263 1.0015647411346436
1355.0334496836401 1.0029823780059814
1355.0542828172747 0.9973350167274475
1355.0751159510423 0.9982811808586121
1355.095949084915 1.0006505250930786
1355.1167822188954 1.0003662109375
1355.1376153529866 0.9971384406089783
1355.158448487161 0.9987072348594666
1355.1792816214327 1.0015560388565063
1355.200114755774 0.9977567791938782
1355.2209478901989 1.001413345336914
1355.241781024681 1.0016369819641113
1355.262614159234 0.9951789975166321
1355.283447293832 1.000016450881958
1355.3042804284896 1.0034303665161133
1355.3251135631806 0.9965996146202087
1355.3459466979193 0.9962153434753418
1355.366779832681 1.0014249086380005
1355.3876129674798 1.0020877122879028
1355.4084461022906 0.9959136843681335
1355.4292792371189 0.9950957298278809
1355.450112371969 1.0059922933578491
1355.470945506827 1.002044916152954
1355.4917786416777 0.993286669254303
1355.512611776527 1.0
1355.5334449113798 1.0024020671844482
1355.5542780462126 0.9971727728843689
1355.5751111810407 0.9974604845046997
1355.5959443158404 1.0007033348083496
1355.6167774506275 1.0011579990386963
1355.637610585378 0.9990820288658142
1355.6584437201082 1.0001355409622192
1355.6792768547944 1.001234769821167
1355.7001099894526 0.9960997700691223
1355.7209431240603 0.9989390969276428
1355.7417762586329 1.0005178451538086
1355.7626093931474 0.9974448680877686
1355.783442527611 1.001691222190857
1355.80427566203 1.0021125078201294
1355.825108796381 0.9980701804161072
1355.8459419306819 0.9987428784370422
1355.8667750649186 1.0012141466140747
1355.887608199079 1.0002135038375854
1355.9084413331695 0.9962363839149475
1355.9292744671982 0.9994633793830872
1355.9501076011413 1.0042778253555298
1355.970940735017 0.9979740381240845
1355.991773868802 0.9987601041793823
1356.0126070025149 1.004746913909912
1356.0334401361317 0.9987112283706665
1356.0542732696706 0.9971537590026855
1356.0751064031097 1.0023988485336304
1356.095939536466 1.0014146566390991
1356.1167726697172 0.997498095035553
1356.1376058028816 0.9989314675331116
1356.1584389359364 1.0055779218673706
1356.1792720689 1.0009456872940063
1356.2001052017497 0.9936647415161133
1356.220938334504 1.0025304555892944
1356.24177146714 1.005279779434204
1356.2626045996672 0.9967941641807556
1356.283437732092 0.9992402791976929
1356.3042708644039 1.0026040077209473
1356.32510399659 0.999805748462677
1356.3459371286592 0.9992145299911499
1356.3667702606192 1.0008660554885864
1356.3876033924485 1.0014126300811768
1356.4084365241654 0.9973787069320679
1356.4292696557484 1.001574158668518
1356.4501027872152 1.0050421953201294
1356.4709359185447 0.9951087236404419
1356.491769049755 0.9975409507751465
1356.512602180825 1.0068926811218262
1356.5334353117726 0.9989076852798462
1356.554268442577 0.9944636821746826
1356.5751015732558 1.0008506774902344
1356.5959347037885 1.0036461353302002
1356.616767834193 0.9997528791427612
1356.6584340945728 1.0020543336868286
1356.6792672245456 1.0019243955612183
1356.7001003543844 0.996428906917572
1356.7209334840693 1.001792073249817
1356.7417666136178 1.0004652738571167
1356.762599743009 0.996192991733551
1356.7834328722618 1.0051884651184082
1356.8042660013552 1.0017290115356445
1356.8250991302975 0.9943696856498718
1356.8459322590982 1.001585841178894
1356.8667653877453 1.0050830841064453
1356.8875985162288 0.9994605779647827
1356.9084316445562 0.9954829812049866
1356.9292647727377 1.0006728172302246
1356.9500979007512 1.0070832967758179
1356.9709310286166 0.9988588690757751
1356.9917641563122 0.9965125322341919
1357.0125972838573 1.004682183265686
1357.0334304112305 1.0022480487823486
1357.0542635384513 1.00059175491333
1357.0750966654982 0.9999182224273682
1357.095929792391 0.9978195428848267
1357.116762919108 1.0010987520217896
1357.1375960456692 1.0037686824798584
1357.1584291720524 1.0019404888153076
1357.1792622982778 0.9978995323181152
1357.2000954243238 0.9985535740852356
1357.22092855021 1.007026195526123
1357.241761675915 0.9997877478599548
1357.2625948014588 0.9928224682807922
1357.2834279268202 1.0038808584213257
1357.3042610520183 1.0044885873794556
1357.3250941770318 0.9970643520355225
1357.345927301881 0.9996709823608398
1357.3667604265443 1.0013409852981567
1357.3875935510407 1.0002723932266235
1357.4084266753503 0.9999378323554993
1357.429259799492 1.0006433725357056
1357.4500929234448 1.0009297132492065
1357.470926047218 0.997663676738739
1357.4917591708215 1.0023744106292725
1357.5125922942439 1.0043302774429321
1357.5334254174745 0.9945729374885559
1357.5542585405333 0.9984256625175476
1357.575091663399 1.0063000917434692
1357.5959247860912 0.9987640380859375
1357.6167579085889 0.9964137673377991
1357.6375910309118 1.0006964206695557
1357.6584241530393 1.0023821592330933
1357.6792572749903 0.9998834133148193
1357.7000903967444 0.9967284798622131
1357.7209235183113 1.0014067888259888
1357.7417566397003 1.0012974739074707
1357.7625897609005 0.9977004528045654
1357.7834228819013 1.0010768175125122
1357.8042560027125 0.9993923306465149
1357.8250891233429 0.9992814660072327
1357.8459222437727 1.00223970413208
1357.8667553640207 0.9997358322143555
1357.8875884840666 0.998630940914154
1357.9084216039298 0.9984028935432434
1357.9292547236 1.0003811120986938
1357.9500878430663 1.0037450790405273
1357.9709209623481 0.9971600770950317
1357.991754081425 0.9991347789764404
1358.0125872003068 1.0051097869873047
1358.0334203190025 0.9986099600791931
1358.0542534374918 0.9968205690383911
1358.0750865557945 1.00111722946167
1358.0959196738895 1.0005407333374023
1358.1167527917967 1.0011589527130127
1358.1375859094956 1.000883936882019
1358.1584190270055 0.9995197653770447
1358.179252144306 0.9988929033279419
1358.2000852614167 1.0012096166610718
1358.220918378317 1.004058599472046
1358.241751495027 0.9974339604377747
1358.2625846115254 0.9961309432983398
1358.2834177278319 1.0065256357192993
1358.3042508439266 1.0004585981369019
1358.3250839598288 0.9941432476043701
1358.3459170754552 1.0023794174194336
1358.3667501908758 1.0060712099075317
1358.3875833061575 0.9985359311103821
1358.4084164212447 0.9965754151344299
1358.4292495361171 1.0032320022583008
1358.4500826507945 1.0014572143554688
1358.470915765256 0.9953599572181702
1358.491748879522 1.0008918046951294
1358.512581993571 1.0048837661743164
1358.533415107424 0.997347891330719
1358.554248221059 0.9985590577125549
1358.5750813344964 1.0017441511154175
1358.595914447716 1.0001901388168335
1358.6167475607374 0.9994984865188599
1358.6375806735396 0.9998992681503296
1358.6584137861428 1.0003018379211426
1358.6792468985263 0.9973606467247009
1358.70008001071 0.9987519383430481
1358.7209131226732 1.003302812576294
1358.7417462344356 0.9970596432685852
1358.762579345977 0.9973114132881165
1358.783412457317 1.0067633390426636
1358.804245568435 0.9990404844284058
1358.8250786793512 0.9935351014137268
1358.8459117900443 1.0015320777893066
1358.8667449005345 1.003512978553772
1358.8875780108017 0.9978623986244202
1358.9084111208654 0.9973664879798889
1358.9292442307046 1.0044645071029663
1358.95007734034 1.001466155052185
1358.9709104497504 0.9950745701789856
1358.991743558956 1.0029468536376953
1359.012576667936 1.0041773319244385
1359.0334097767102 0.9956889748573303
1359.0542428852584 1.001542329788208
1359.0750759936002 1.00285804271698
1359.0959091017153 0.9964706301689148
1359.1167422096237 0.9986277222633362
1359.1584084247768 1.0012152194976807
1359.1792415320217 0.9969596266746521
1359.2000746390584 1.001565933227539
1359.2209077458658 1.0034316778182983
1359.2417408524648 0.9953185319900513
1359.262573958834 0.9985544681549072
1359.2834070649938 1.0049699544906616
1359.3042401709233 0.9973001480102539
1359.3250732766428 0.9990804195404053
1359.3459063821415 1.0041766166687012
1359.3667394874092 0.9985731244087219
1359.3875725924656 0.9988242387771606
1359.4084056972906 1.0018526315689087
1359.4292388019035 1.0009126663208008
1359.4500719062844 0.9979808330535889
1359.4709050104425 0.9976839423179626
1359.4917381143882 1.0049077272415161
1359.5125712181107 0.9998775720596313
1359.5334043215994 0.9950153231620789
1359.554237424875 1.0031505823135376
1359.575070527916 1.0036548376083374
1359.5959036307427 0.9963948130607605
1359.616736733335 0.9997384548187256
1359.6375698357124 1.0001894235610962
1359.6584029378541 0.999309778213501
1359.6792360397808 0.9994798898696899
1359.7000691414714 1.0009039640426636
1359.7209022429458 1.001118540763855
1359.741735344184 0.9971339702606201
1359.7625684452055 1.001167893409729
1359.7834015459898 1.0036959648132324
1359.8042346465568 0.9938052892684937
1359.8250677468861 0.9974960088729858
1359.845900846998 1.0052080154418945
1359.8667339468711 0.9975119233131409
1359.8875670465256 0.9963656663894653
1359.9084001459419 1.0009407997131348
1359.929233245139 1.003007173538208
1359.9500663440963 1.000341773033142
1359.9708994428343 0.9956421256065369
1359.9917325413323 1.0014841556549072
1360.01256563961 1.0016855001449585
1360.033398737647 0.9954553842544556
1360.0542318354635 1.000469446182251
1360.0750649330387 1.0023659467697144
1360.0958980303926 0.9990893006324768
1360.1167311275046 1.0014744997024536
1360.1375642243952 0.9981065988540649
1360.158397321053 0.9991396069526672
1360.1792304174683 1.003580093383789
1360.2000635136505 0.9995718598365784
1360.22089660961 0.9986916780471802
1360.2417297053257 0.9991799592971802
1360.2625628008182 1.0017179250717163
1360.2833958960762 1.0024371147155762
1360.3042289910902 0.9961270689964294
1360.3250620858794 0.998430073261261
1360.345895180424 1.0056029558181763
1360.366728274743 1.0010191202163696
1360.387561368817 0.9972720146179199
1360.4083944626648 1.0000044107437134
1360.429227556267 1.0021482706069946
1360.4500606496426 0.9986613392829895
1360.4708937427718 0.9967474937438965
1360.4917268356737 1.002949595451355
1360.5125599283288 1.001454472541809
1360.5333930207562 0.9961079955101013
1360.5542261129358 1.0027270317077637
1360.575059204887 1.0015432834625244
1360.5958922965906 0.9954013228416443
1360.6167253880649 1.001609444618225
1360.6375584792904 1.0035910606384277
1360.6583915702863 0.99673992395401
1360.6792246610332 0.9958091378211975
1360.7000577515498 1.0020241737365723
1360.7208908418168 1.0023988485336304
1360.7417239318527 0.9955756664276123
1360.762557021638 0.9987422227859497
1360.7833901111924 1.0041786432266235
1360.8042232004952 0.9962721467018127
1360.8250562895666 0.9974452257156372
1360.845889378386 1.0033410787582397
1360.8667224669728 0.9988530278205872
1360.8875555553075 0.9977741241455078
1360.908388643409 1.0015736818313599
1360.9292217312675 1.000535011291504
1360.9500548188723 0.9968121647834778
1360.9708879062434 0.9995926022529602
1360.9917209933603 1.0050805807113647
1361.0125540802428 0.9977211952209473
1361.0333871668709 0.9944543838500977
1361.0542202532636 1.0040302276611328
1361.075053339401 1.0013930797576904
1361.0958864253028 0.9960508942604065
1361.1167195109485 0.9999991059303284
1361.1375525963579 1.0019898414611816
1361.1583856815105 0.9952639937400818
1361.1792187664266 0.9972848296165466
1361.200051851085 1.000319242477417
1361.220884935506 1.000438928604126
1361.241718019669 0.9964993596076965
1361.2625511035938 1.0021498203277588
1361.2833841872698 1.0007365942001343
1361.304217270687 0.9929872155189514
1361.3250503538652 1.003044605255127
1361.3458834367839 1.0061230659484863
1361.3667165194524 0.9952991008758545
1361.387549601881 0.9957440495491028
1361.4083826840586 1.0024478435516357
1361.4292157659763 1.0009571313858032
1361.4500488476529 0.9964809417724609
1361.4708819290668 0.9986089468002319
1361.4917150102385 1.0032696723937988
1361.5125480911486 0.9981203079223633
1361.5333811718153 1.0000978708267212
1361.5542142522197 1.0045593976974487
1361.5750473323803 0.99498450756073
1361.5958804122774 0.996769905090332
1361.6167134919306 1.0057896375656128
1361.6583796504628 0.9953649640083313
1361.6792127293518 1.0035617351531982
1361.700045807975 1.004123330116272
1361.7208788863525 0.9963551759719849
1361.7417119644638 0.9956338405609131
1361.7625450423184 1.0039139986038208
1361.7833781199258 0.9990796446800232
1361.8042111972763 0.9939799904823303
1361.8250442743588 1.0033448934555054
1361.8458773511934 1.0018446445465088
1361.8667104277592 0.9950392246246338
1361.8875435040763 1.0016005039215088
1361.9083765801245 1.0013076066970825
1361.9292096559227 0.9974513649940491
1361.9500427314508 0.9981592893600464
1361.9708758067288 0.9996795654296875
1361.9917088817356 1.0026147365570068
1362.0125419564913 0.996926486492157
1362.0333750309856 0.9972360730171204
1362.0542081052076 1.0054123401641846
1362.0750411791673 0.999697744846344
1362.0958742528742 0.9977436065673828
1362.1167073263177 1.0026541948318481
1362.1375403994873 0.999519407749176
1362.1583734724031 1.0000977516174316
1362.1792065450443 1.0007829666137695
1362.2000396174303 0.997893214225769
1362.2208726895412 1.0006693601608276
1362.2417057613964 1.001421570777893
1362.2625388329748 1.0027174949645996
1362.283371904297 0.9994663596153259
1362.3042049753415 0.9960561990737915
1362.3250380461288 1.0030280351638794
1362.345871116638 1.0025025606155396
1362.366704186889 0.99566650390625
1362.3875372568702 0.9994842410087585
1362.4083703265728 1.0023186206817627
1362.4292033960148 1.0007380247116089
1362.450036465177 0.9985905885696411
1362.470869534078 0.9981708526611328
1362.4917026026978 1.0017127990722656
1362.512535671056 1.0008944272994995
1362.533368739132 0.9994879364967346
1362.5542018069448 1.0001758337020874
1362.5750348744746 0.9966933131217957
1362.5958679417404 1.001542329788208
1362.616701008732 1.0053160190582275
1362.6375340754391 0.9962921738624573
1362.6583671418805 0.996579110622406
1362.6792002080363 1.0026861429214478
1362.700033273926 1.0019640922546387
1362.7208663395286 0.9988501071929932
1362.7416994048638 0.9972931742668152
1362.762532469911 1.0031046867370605
1362.7833655346903 1.0024745464324951
1362.80419859918 0.9954690933227539
1362.8250316634003 1.0001121759414673
1362.8458647273305 1.0031219720840454
1362.8666977909902 0.9972747564315796
1362.8875308543586 1.0002772808074951
1362.9083639174553 1.0019296407699585
1362.9291969802694 0.9984003901481628
1362.9500300427908 0.9967324733734131
1362.9708631050385 1.001179575920105
1362.9916961669924 1.0028226375579834
1363.012529228671 0.9963154196739197
1363.0333622900548 0.9977915287017822
1363.0541953511622 1.0054198503494263
1363.0750284119736 0.9981091618537903
1363.0958614725073 0.9961564540863037
1363.1166945327434 1.003087043762207
1363.1375275927012 0.9997110366821289
1363.1583606523698 0.9972398281097412
1363.1791937117387 1.0003995895385742
1363.2000267708272 0.9997259378433228
1363.2208598296147 0.9982236623764038
1363.2416928881205 1.0006310939788818
1363.262525946324 1.0042297840118408
1363.2833590042444 0.9975408315658569
1363.3041920618612 0.9949229955673218
1363.3250251191935 1.0053346157073975
1363.3458581762204 1.0000941753387451
1363.3666912329618 0.9927972555160522
1363.3875242894067 1.0025206804275513
1363.4083573455441 1.0054656267166138
1363.4291904013833 0.9968401193618774
1363.450023456934 0.9971256256103516
1363.4708565121853 1.002652883529663
1363.491689567126 1.0015543699264526
1363.512522621776 0.9963771104812622
1363.533355676114 1.000293254852295
1363.5541887301597 1.0024644136428833
1363.5750217838918 0.9968099594116211
1363.5958548373299 1.0010483264923096
1363.6166878904628 1.0027413368225098
1363.6375209432804 0.9964504241943359
1363.6583539958008 0.9968292713165283
1363.679187048004 1.0036271810531616
1363.700020099909 0.9990979433059692
1363.7208531514948 0.997481644153595
1363.7416862027806 1.001704454421997
1363.7625192537455 1.002089023590088
1363.7833523044085 0.9957404136657715
1363.804185354749 0.9983682036399841
1363.8250184047859 1.0065324306488037
1363.8458514545084 0.9971188306808472
1363.8666845039056 0.9958826303482056
1363.887517552996 1.0073494911193848
1363.9083506017598 1.0012085437774658
1363.929183650215 0.9938923120498657
1363.9500166983407 0.9992294907569885
1363.9708497461568 1.0037707090377808
1363.991682793641 0.9984089732170105
1364.0125158408139 0.9942899346351624
1364.0333488876627 1.0026825666427612
1364.0541819341777 1.0036205053329468
1364.0750149803675 0.9957243204116821
1364.095848026241 1.0029975175857544
1364.1166810717866 1.0038877725601196
1364.1583471618817 0.9999029040336609
1364.179180206429 1.0017656087875366
1364.2000132506544 0.9966422319412231
1364.2208462945464 0.9986973404884338
1364.2416793380946 1.0024151802062988
1364.2625123813177 1.0029423236846924
1364.2833454241938 0.9983029961585999
1364.304178466733 0.999755859375
1364.3250115089425 1.0032262802124023
1364.3458445508127 0.9965204000473022
1364.366677592331 0.9969769716262817
1364.3875106335165 1.0024923086166382
1364.4083436743485 0.9974910616874695
1364.4291767148452 0.9983149170875549
1364.4500097549853 1.0016688108444214
1364.4708427947878 1.0006957054138184
1364.491675834241 1.0000375509262085
1364.5125088733337 0.9968021512031555
1364.5333419120843 1.0003489255905151
1364.5541749504719 1.0007203817367554
1364.5750079885145 0.9958913922309875
1364.5958410261908 0.999929666519165
1364.6166740635197 1.0011266469955444
1364.6375071004893 0.9975220561027527
1364.6583401370883 1.0012154579162598
1364.6791731733354 1.0008351802825928
1364.7000062092086 0.9988703727722168
1364.7208392447264 1.0006698369979858
1364.7416722798678 0.9993331432342529
1364.7625053146503 1.0004278421401978
1364.7833383490529 0.9981310963630676
1364.804171383094 0.9993401765823364
1364.8250044167512 1.0041728019714355
1364.8458374500437 0.997892439365387
1364.8666704829595 0.9982694387435913
1364.8875035154863 1.005847454071045
1364.908336547643 0.9990265369415283
1364.9291695794075 0.9959992170333862
1364.950002610792 1.002550721168518
1364.9708356417807 1.003039836883545
1364.9916686723975 0.9984785914421082
1365.0125017026146 0.9966076016426086
1365.0333347324504 1.0023552179336548
1365.0541677618924 1.0020840167999268
1365.0750007909292 0.9953112602233887
1365.0958338195783 1.0004395246505737
1365.1166668478184 1.0017362833023071
1365.1374998756662 0.996385395526886
1365.158332903111 0.9992638826370239
1365.1791659301393 0.9981905817985535
1365.19999895677 0.9980586171150208
1365.2208319829804 1.0004442930221558
1365.2416650087885 0.998706579208374
1365.2624980341716 1.0000286102294922
1365.2833310591484 0.9998298287391663
1365.3041640836952 0.9980284571647644
1365.3249971078305 1.0012530088424683
1365.3458301315422 0.9959287047386169
1365.366663154817 0.9975188970565796
1365.387496177673 1.0044291019439697
1365.4083292000873 0.9976825714111328
1365.429162222078 0.9942102432250977
1365.449995243622 1.0032399892807007
1365.4708282647366 1.0026243925094604
1365.4916612854097 0.9961938261985779
1365.5124943056283 0.996275782585144
1365.5333273254093 1.0035459995269775
1365.554160344731 1.0008331537246704
1365.574993363609 0.9937926530838013
1365.595826382022 1.0005806684494019
1365.6166593999865 1.0030477046966553
1365.6374924174795 0.9964255690574646
1365.6583254345178 1.0011026859283447
1365.679158451089 1.0025790929794312
1365.6999914671794 0.9958575963973999
1365.7208244828066 0.9990203380584717
1365.7416574979472 1.0035802125930786
1365.762490512618 0.9980354905128479
1365.7833235267954 0.9950884580612183
1365.804156540497 1.0023492574691772
1365.8249895537085 1.0041935443878174
1365.8458225664174 0.9955238103866577
1365.86665557864 0.9990879893302917
1365.887488590353 1.0039936304092407
1365.9083216015724 0.9961540102958679
1365.9291546122756 0.9995877742767334
1365.9499876224788 1.0040984153747559
1365.970820632168 0.9974030256271362
1365.99165364133 0.9968906044960022
1366.0124866499812 1.003696322441101
1366.0333196580973 1.0024034976959229
1366.0541526656955 0.9939817190170288
1366.0749856727514 0.9963958859443665
1366.0958186792816 1.0069128274917603
1366.1166516852618 0.9999461770057678
1366.1374846907088 0.9939613342285156
1366.1583176956083 1.0031781196594238
1366.1791506999466 1.004027247428894
1366.19998370374 0.9967688918113708
1366.2208167069641 0.9978835582733154
1366.2416497096353 1.0012664794921875
1366.2624827117397 1.000909686088562
1366.2833157132634 0.9976083040237427
1366.3041487142223 1.0009568929672241
1366.3249817145925 1.0004737377166748
1366.3458147143901 0.9958480000495911
1366.3666477135916 1.0014934539794922
1366.3874807122124 1.0029317140579224
1366.408313710229 0.9931114912033081
1366.4291467076578 0.9974683523178101
1366.449979704485 1.0054347515106201
1366.4708127006963 0.9999250769615173
1366.491645696309 0.9945536851882935
1366.5124786912988 0.9980270862579346
1366.533311685683 1.0045397281646729
1366.5541446794468 0.9980901479721069
1366.5749776725786 0.9947339296340942
1366.5958106650946 1.0011149644851685
1366.6166436569717 0.9998720288276672
1366.6583096388483 1.0027415752410889
1366.6791426288225 0.9955017566680908
1366.699975618168 0.9991146326065063
1366.7208086068626 1.0055378675460815
1366.7416415949247 0.9986482262611389
1366.7624745823323 0.9965720176696777
1366.7833075691049 1.0000931024551392
1366.804140555221 1.0045875310897827
1366.8249735407012 1.0018234252929688
1366.8458065255347 0.9955747723579407
1366.8666395097123 1.0012342929840088
1366.8874724932543 1.003568172454834
1366.9083054761427 0.9976722002029419
1366.9291384583994 1.0009021759033203
1366.9499714400065 1.000794768333435
1366.9708044209872 0.998749315738678
1366.9916374013353 1.002437710762024
1367.0124703810457 1.0002902746200562
1367.0333033601426 1.000037431716919
1367.054136338613 0.9978956580162048
1367.0749693164835 0.9996931552886963
1367.0958022937516 1.0051817893981934
1367.1166352704158 0.9965683817863464
1367.1374682465064 0.9947330355644226
1368.6374424926646 1.0012980699539185
1368.6582754843432 1.0022166967391968
1368.6791084764754 0.9952817559242249
1368.6999414690692 0.9989472031593323
1368.7207744621032 1.0040689706802368
1368.7416074555554 0.9981105327606201
1368.7624404494336 0.9966921210289001
1368.7832734437063 1.0016056299209595
1368.804106438382 1.004783272743225
1368.824939433439 0.9993302822113037
1368.8457724288562 0.9964329600334167
1368.8666054246414 1.002559781074524
1368.8874384207643 1.0010613203048706
1368.908271417234 0.9963322877883911
1368.9291044140286 1.0014965534210205
1368.9499374111285 1.00115168094635
1368.9707704085426 0.9991157054901123
1368.991603406241 1.0016566514968872
1369.0124364042326 1.0002270936965942
1369.0332694024987 0.9978154301643372
1369.0541024010186 0.998654305934906
1369.0749353998028 1.0018430948257446
1369.0957683988222 1.0009677410125732
1369.1166013980874 0.9954294562339783
1369.1374343975795 1.0004602670669556
1369.1582673972794 1.002695918083191
1369.1791003971987 0.9955230951309204
1369.1999333973083 1.0007970333099365
1369.2207663976212 1.0018121004104614
1369.2415993981176 0.9955561757087708
1369.2624323987811 0.9989711046218872
1369.283265399623 1.0015841722488403
1369.304098400626 0.9982364177703857
1369.3249314017723 0.9961685538291931
1369.3457644030755 1.0003113746643066
1369.366597404508 1.0053092241287231
1369.3874304060826 0.9961867332458496
1369.4082634077831 0.9941695928573608
1369.4290964095926 1.0062474012374878
1369.4499294115244 1.0016999244689941
1369.4707624135528 0.9942112565040588
1369.4915954156913 0.998984694480896
1369.512428417914 1.0010126829147339
1369.5332614202348 1.0002877712249756
1369.5540944226382 0.9986176490783691
1369.5749274251084 0.9999960064888
1369.5957604276603 1.0031017065048218
1369.616593430268 0.9987446069717407
1369.6374264329468 0.9989833831787109
1369.6582594356814 0.9994323253631592
1369.679092438457 0.9978883266448975
1369.699925441288 1.0034310817718506
1369.7207584441608 1.000879168510437
1369.74159144706 0.9938719868659973
1369.762424450001 1.000389814376831
1369.7832574529598 1.0048086643218994
1369.8040904559518 0.9985998868942261
1369.824923458963 0.9936363697052002
1369.8457564619791 1.0008543729782104
1369.866589465016 1.0087075233459473
1369.8874224680499 0.994558572769165
1369.9082554710972 0.9909600019454956
1369.9290884741433 1.0066847801208496
1369.9499214771756 1.0023709535598755
1369.9707544802095 0.9959954619407654
1369.9915874832222 1.0003668069839478
1370.01242048623 1.000463604927063
1370.0332534892195 1.000317096710205
1370.0540864921775 0.9995126724243164
1370.0749194951206 0.9976372718811035
1370.095752498036 0.999974250793457
1370.1165855009103 1.001741647720337
1370.1374185037605 1.0037379264831543
1370.1582515065638 0.9987766146659851
1370.1790845093374 0.9946994781494141
1370.1999175120682 1.0052570104599
1370.2207505147435 1.0035415887832642
1370.2415835173806 0.9936455488204956
1370.2624165199575 0.9995419979095459
1370.2832495224907 1.0036680698394775
1370.304082524968 0.9993367195129395
1370.3249155273768 0.9967882633209229
1370.3457485297351 0.9995666742324829
1370.36658153203 1.003831386566162
1370.3874145342495 0.9979469776153564
1370.4082475364114 0.9966080188751221
1370.4290805384933 1.0018221139907837
1370.4499135405126 0.9974039196968079
1370.470746542458 0.9973384737968445
1370.4915795443167 1.0041061639785767
1370.5124125461068 0.9997347593307495
1370.5332455478167 0.9966168403625488
1370.5540785494338 0.9991592168807983
1370.5749115509766 1.0026562213897705
1370.595744552423 0.9991644620895386
1370.6165775537913 0.9945037364959717
1370.6374105550692 1.0023912191390991
1370.6582435562457 1.004743218421936
1370.6790765573382 0.995334267616272
1370.6999095583358 0.9977349638938904
1370.720742559226 1.0027297735214233
1370.7415755600277 0.9995517730712891
1370.762408560719 1.0013978481292725
1370.7832415613186 1.0020503997802734
1370.8040745618046 0.9980702996253967
1370.8249075621954 1.0000003576278687
1370.8457405624797 1.0038530826568604
1370.8665735626464 1.000309705734253
1370.8874065627133 0.9956589341163635
1370.9082395626692 1.0020246505737305
1370.9290725625028 1.007664442062378
1370.9499055622332 0.9993531107902527
1370.970738561838 0.995888888835907
1370.9915715613367 1.0020208358764648
1371.0124045607179 1.0030916929244995
1371.0332375599696 1.0017108917236328
1371.0540705591113 0.9987555146217346
1371.0749035581316 0.9997134804725647
1371.0957365570193 1.0022045373916626
1371.158235552954 0.9991404414176941
1371.179068551349 1.0005946159362793
1371.1999015496053 1.005964994430542
1371.2207345477425 0.9994721412658691
1371.241567545749 0.9949086904525757
1371.2624005436132 1.0028990507125854
1371.2832335413548 1.0055378675460815
1371.304066538963 0.9991574287414551
1371.324899536426 0.9976686239242554
1371.3457325337636 1.0045632123947144
1371.366565530954 1.005293846130371
1371.3873985280168 0.9951207637786865
1371.4082315249407 0.9982926249504089
1371.429064521715 1.0067311525344849
1371.449897518359 0.9990221261978149
1371.4707305148609 0.9993085265159607
1371.4915635112109 1.0044842958450317
1371.5123965074276 1.0002262592315674
1371.53322950349 0.9994698166847229
1371.5540624994176 1.0033390522003174
1371.5748954951994 1.0018988847732544
1371.595728490824 0.9983692169189453
1371.6165614863119 1.0007200241088867
1371.637394481651 1.0051192045211792
1371.6582274768316 0.9973955750465393
1371.6790604718717 0.9975963830947876
1371.6998934667515 1.0075339078903198
1371.72072646149 1.0019644498825073
1371.7415594560662 0.9967658519744873
1371.7623924504994 1.0037055015563965
1371.7832254447794 1.0018539428710938
1371.8040584389053 0.9968958497047424
1371.8248914328658 0.9991727471351624
1371.8457244266804 1.0023447275161743
1371.866557420329 1.0008666515350342
1371.8873904138304 0.9962934255599976
1371.9082234071739 1.0023325681686401
1371.9290564003493 1.0046769380569458
1371.9498893933753 0.9956408739089966
1371.970722386242 0.9997004270553589
1371.9915553789383 1.0035330057144165
1372.0123883714837 0.9973583221435547
1372.0332213638571 1.000228762626648
1372.0540543560787 1.0026395320892334
1372.0748873481373 0.999504566192627
1372.0957203400228 0.9990867972373962
1372.116553331754 1.001836895942688
1372.137386323321 1.0046831369400024
1372.1582193147126 0.9974386692047119
1372.179052305949 0.9963367581367493
1372.1998852970087 1.0074260234832764
1372.2207182879117 1.0005637407302856
1372.2415512786474 0.9951450824737549
1372.262384269205 1.0038750171661377
1372.2832172596047 1.0027281045913696
1372.3040502498047 0.9985681772232056
1372.324883239829 1.000078797340393
1372.3457162297198 1.0006648302078247
1372.3665492194405 1.000342845916748
1372.3873822089797 0.9984556436538696
1372.4082151983578 1.0029587745666504
1372.4290481875537 1.000207781791687
1372.4498811765875 0.9936105608940125
1372.470714165448 1.0030759572982788
1372.4915471541256 1.0037592649459839
1372.5123801426384 0.9944270253181458
1372.5332131309779 1.0002660751342773
1372.554046119132 1.0022143125534058
1372.5748791071208 0.9988241791725159
1372.595712094924 1.0000078678131104
1372.616545082561 0.9987708926200867
1372.6373780700217 1.0002939701080322
1372.6582110572947 0.9996042251586914
1372.679044044401 0.9984383583068848
1372.6998770313287 1.002732515335083
1372.7207100180683 0.9989045858383179
1372.7415430046392 0.9978826642036438
1372.762375991031 1.0065261125564575
1372.7832089772328 1.0006738901138306
1372.804041963265 0.9952756762504578
1372.8248749491065 0.9992135763168335
1372.8457079347775 1.003289818763733
1372.8665409202667 1.0006293058395386
1372.8873739055648 0.9958314299583435
1372.908206890691 1.001706838607788
1372.9290398756343 1.007043480873108
1372.9498728603853 0.9973849654197693
1372.970705844963 0.9956682324409485
1372.9915388293573 1.002031683921814
1373.0123718135571 1.0012671947479248
1373.0332047975833 0.9993806481361389
1373.0540377814243 0.9970905780792236
1373.0748707650705 0.999361515045166
1373.0957037485414 1.0024843215942383
1373.1165367318165 1.000989317893982
1373.1373697149154 0.9980655908584595
1373.1582026978278 0.9961065053939819
1373.1790356805434 1.000097393989563
1373.1998686630818 1.0051403045654297
1373.2207016454327 0.9953842163085938
1373.241534627586 0.9941903352737427
1373.2623676095607 1.0044541358947754
1373.2832005913467 1.001200795173645
1373.3040335729343 0.9961337447166443
1373.3248665543424 0.9993248581886292
1373.3456995355612 1.0018174648284912
1373.3665325165796 1.0005892515182495
1373.3873654974182 0.9982553720474243
1373.4081984780657 0.9998322129249573
1373.4290314585128 0.9991849660873413
1373.4498644387786 0.9982264041900635
1373.4706974188528 1.0027194023132324
1373.491530398725 1.0006659030914307
1373.5123633784153 0.9964041709899902
1373.5331963579029 1.0026878118515015
1373.5540293372076 1.0043776035308838
1373.5748623163192 0.9972295165061951
1373.5956952952274 0.9969974160194397
1373.6581942308085 0.996182382106781
1373.6790272089497 1.000396490097046
1373.699860186896 1.005724549293518
1373.7206931646372 0.9981114268302917
1373.7415261421927 0.9984409809112549
1373.762359119552 1.0054398775100708
1373.7831920967055 1.000005841255188
1373.8040250736722 0.9970600008964539
1373.8248580504326 1.002047061920166
1373.8456910270052 1.0019124746322632
1373.8665240033808 0.9971080422401428
1373.8873569795485 0.9991645216941833
1373.9081899555285 1.0061815977096558
1373.92902293131 0.999984860420227
1373.9498559068832 0.9949286580085754
1373.9706888822673 1.0052785873413086
1373.9915218574522 1.0029635429382324
1374.0123548324277 0.9939239025115967
1374.0331878072138 1.0015228986740112
1374.0540207817996 1.0043970346450806
1374.074853756175 0.9991618394851685
1374.09568673036 1.0000231266021729
1374.1165197043438 1.003581166267395
1374.1373526781167 1.0016065835952759
1374.158185651698 0.9986936450004578
1374.1790186250778 1.0048296451568604
1374.1998515982455 1.0036338567733765
1374.220684571221 0.9943430423736572
1374.2415175439935 1.0032222270965576
1374.2623505165534 1.0091122388839722
1374.28318348892 0.9972192049026489
1374.3040164610834 0.9977360963821411
1374.324849433033 1.0062249898910522
1374.3456824047885 1.002766489982605
1374.3665153763297 0.9974579215049744
1374.3873483476766 0.9991680383682251
1374.4081813188186 1.0055201053619385
1374.429014289755 1.0013964176177979
1374.4498472604766 0.9968123435974121
1374.4706802310022 1.00360906124115
1374.491513201322 1.000471591949463
1374.5123461714254 0.9987818598747253
1374.5331791413325 1.0035128593444824
1374.5540121110325 0.9982627630233765
1374.5748450805158 0.9984918236732483
1374.5956780498013 1.0047905445098877
1374.6165110188795 1.0001299381256104
1374.6373439877395 0.9977458119392395
1374.6581769564016 0.9996110796928406
1374.6790099248449 1.0038719177246094
1374.6998428930897 1.0018388032913208
1374.7206758611253 0.9946317076683044
1374.7415088289517 1.0013785362243652
1374.7623417965583 1.0070436000823975
1374.783174763965 0.996609091758728
1374.8040077311518 0.9982667565345764
1374.824840698138 1.0033127069473267
1374.8456736649134 1.0007315874099731
1374.8665066314677 0.9997475147247314
1374.8873395978208 1.0002524852752686
1374.9081725639624 1.001494288444519
1374.9290055298818 1.0001164674758911
1374.9498384955994 0.9988257884979248
1374.970671461104 1.0028204917907715
1374.9915044263862 0.9985644221305847
1375.0123373914657 0.9974457025527954
1375.0331703563318 1.0042873620986938
1375.054003320974 1.0000181198120117
1375.0748362854124 0.9967356324195862
1375.0956692496366 0.9998759627342224
1375.1165022136365 1.000613808631897
1375.1373351774312 1.0018353462219238
1375.1581681410114 0.9984865784645081
1375.1790011043659 0.998401403427124
1375.199834067515 1.0017969608306885
1375.2206670304477 0.9978293776512146
1375.2414999931545 0.9996383190155029
1375.2623329556548 1.0012528896331787
1375.283165917938 0.9972022771835327
1375.3039988799908 1.001108169555664
1375.3248318418366 1.0012742280960083
1375.3456648034673 0.9986682534217834
1375.3664977648705 1.0006946325302124
1375.3873307260653 0.9993247985839844
1375.408163687041 0.9998330473899841
1375.4289966477882 0.9995165467262268
1375.449829608326 0.9981293082237244
1375.470662568644 1.0027374029159546
1375.4914955287322 1.0007448196411133
1375.5123284886101 0.9987341165542603
1375.533161448268 1.0036349296569824
1375.5539944076947 1.000424861907959
1375.57482736691 0.997282862663269
1375.5956603259046 1.0008636713027954
1375.6164932846668 1.001636028289795
1375.6373262432169 0.999158501625061
1375.6581592015448 0.9982272386550903
1375.6789921596398 1.0048620700836182
1375.6998251175223 1.0025293827056885
1375.7206580751806 0.9955368041992188
1375.7414910326058 1.0021013021469116
1375.7623239898164 1.0035195350646973
1375.783156946803 0.9945477843284607
1375.8039899035546 0.9998996257781982
1375.8248228600914 1.0048375129699707
1375.8456558164025 0.9986532926559448
1375.8664887724785 0.9972994923591614
1375.8873217283376 1.0026906728744507
1375.9081546839711 1.0018656253814697
1375.9289876393673 0.9956786036491394
1375.9498205945465 0.998721718788147
1375.9706535494981 1.0049779415130615
1375.9914865042122 0.9969523549079895
1376.012319458708 0.9952828884124756
1376.0331524129751 1.00472092628479
1376.0539853670034 1.0007141828536987
1376.0748183208127 0.9961094260215759
1376.095651274392 1.0011855363845825
1376.1581501337391 0.9983799457550049
1376.1789830863963 1.0019797086715698
1376.1998160388125 0.9991902709007263
1376.2206489910066 0.9970826506614685
1376.2414819429684 1.0052101612091064
1376.2623148946875 1.001737356185913
1376.283147846184 0.9938855171203613
1376.3039807974465 1.0021514892578125
1376.3248137484659 1.0061241388320923
1376.345646699261 0.9964818954467773
1376.3664796498213 0.9951265454292297
1376.3873126001363 1.0034972429275513
1376.4081455502264 1.0037322044372559
1376.4289785000806 0.9957579374313354
1376.449811449689 0.998429000377655
1376.47064439907 1.0035667419433594
1376.4914773482146 0.9959080219268799
1376.5123102971115 0.9995681047439575
1376.5331432457808 1.0035879611968994
1376.5539761942116 0.993759036064148
1376.5748091423936 0.9969704151153564
1376.595642090347 1.0055795907974243
1376.6164750380601 0.9991782307624817
1376.6373079855236 0.9944607615470886
1376.6581409327566 1.000946283340454
1376.6789738797486 1.0048022270202637
1376.699806826489 0.9967653751373291
1376.7206397729979 0.9944776892662048
1376.7414727192645 1.0031567811965942
1376.762305665288 0.9999020099639893
1376.7831386110588 0.9966595768928528
1376.803971556596 1.0037649869918823
1376.8248045018886 1.0001686811447144
1376.8456374469265 0.9975172877311707
1376.8664703917298 1.003525972366333
1376.8873033362872 1.000806212425232
1376.9081362805887 0.9974810481071472
1376.928969224653 0.9998504519462585
1376.9498021684708 1.002830982208252
1376.9706351120308 1.000675082206726
1376.991468055353 0.9955549240112305
1377.0123009984263 1.0019564628601074
1377.0331339412403 1.0055875778198242
1377.0539668838146 0.9973632097244263
1377.074799826139 0.9985906481742859
1377.095632768213 1.001487135887146
1377.116465710025 1.0004991292953491
1377.1372986515958 0.9997271299362183
1377.1581315929138 0.9981470704078674
1377.1789645339693 1.000584602355957
1377.1997974747808 1.0005959272384644
1377.220630415339 0.9985033273696899
1377.2414633556318 1.0023963451385498
1377.2622962956798 0.9986735582351685
1377.283129235472 0.9960459470748901
1377.3039621749977 1.004581332206726
1377.3247951142766 1.0007516145706177
1377.345628053298 0.9961414933204651
1377.366460992051 1.0007927417755127
1377.3872939305556 1.0006182193756104
1377.4081268688005 1.0009220838546753
1377.4289598067755 0.9992923736572266
1377.4497927444997 0.9989718794822693
1377.470625681963 1.0032755136489868
1377.491458619164 1.0009781122207642
1377.5122915560924 1.000037431716919
1377.533124492768 0.9995935559272766
1377.5539574291793 0.997302770614624
1377.574790365326 1.0052517652511597
1377.5956233011977 1.003965973854065
1377.616456236813 0.9963040351867676
1377.6372891721521 1.0008412599563599
1377.6581221072336 1.0038758516311646
1377.6789550420476 1.0016299486160278
1377.699787976592 0.9995800852775574
1377.7206209108576 0.9992391467094421
1377.7414538448625 1.0045206546783447
1377.7622867785965 0.9997372627258301
1377.7831197120488 0.9960119128227234
1377.8039526452387 1.004639744758606
1377.8247855781551 1.0017738342285156
1377.845618510788 0.9971756339073181
1377.8664514431555 1.0026190280914307
1377.8872843752479 1.0012099742889404
1377.9081173070635 0.9971972107887268
1377.928950238592 0.9964004158973694
1377.9497831698525 1.0012071132659912
1377.9706161008241 1.0038375854492188
1377.991449031526 0.9961345195770264
1378.012281961947 0.9984674453735352
1378.0331148920873 1.0038074254989624
1378.0539478219346 0.9966293573379517
1378.0747807515088 0.9968034029006958
1378.095613680799 1.0046396255493164
1378.1164466098041 0.9994417428970337
1378.1372795385137 0.997664213180542
1378.1581124669465 1.0023704767227173
1378.178945395091 1.0021336078643799
1378.199778322937 0.996962308883667
1378.2206112505032 1.0006831884384155
1378.2414441777792 1.0064245462417603
1378.2622771047531 0.9973622560501099
1378.2831100314443 0.9964636564254761
1378.303942957842 1.0080548524856567
1378.324775883935 1.0010687112808228
1378.3456088097425 0.9940682649612427
1378.3664417352531 1.0028411149978638
1378.387274660466 1.0062609910964966
1378.4081075853694 0.9990255236625671
1378.4289405099835 0.9972378015518188
1378.4497734342965 1.0032036304473877
1378.470606358297 1.0025275945663452
1378.4914392820042 0.9966022372245789
1378.5122722054068 1.0015894174575806
1378.5331051285038 1.002832055091858
1378.553938051284 0.9969078898429871
1378.5747709737661 1.0005627870559692
1378.595603895939 0.9990947246551514
1378.65810266058 1.0042554140090942
1378.6789355814933 1.0003530979156494
1378.6997685021013 0.9960849285125732
1378.720601422392 1.000528335571289
1378.7414343423548 1.0038903951644897
1378.7622672620084 0.9962218999862671
1378.7831001813406 0.9984973669052124
1378.8039331003508 1.0058561563491821
1378.8247660190273 0.9992202520370483
1378.8455989373883 0.9971420764923096
1378.866431855423 1.0031616687774658
1378.8872647731193 1.0006436109542847
1378.9080976904963 0.9965684413909912
1378.9289306075423 0.9996940493583679
1378.949763524256 1.0043498277664185
1378.970596440625 0.9994614720344543
1378.9914293566687 0.9966671466827393
1379.0122622723748 1.0037122964859009
1379.033095187732 0.9998454451560974
1379.0539281027586 0.9967015981674194
1379.0747610174433 1.0040669441223145
1379.0955939317835 0.9995302557945251
1379.1164268457687 0.9939851760864258
1379.137259759416 1.0009442567825317
1379.1580926727145 1.0018407106399536
1379.1789255856515 0.9969318509101868
1379.1997584982462 0.9983844757080078
1379.2205914104866 1.0019017457962036
1379.2414243223598 0.9997060298919678
1379.2622572338846 0.993017852306366
1379.2830901450493 0.999624490737915
1379.3039230558416 1.0026483535766602
1379.3247559662796 0.9942072629928589
1379.345588876351 0.9986517429351807
1379.3664217860544 1.0047461986541748
1379.3872546953783 0.998863160610199
1379.4080876043386 0.996870219707489
1379.428920512924 0.999238133430481
1379.449753421132 1.0011258125305176
1379.470586328951 1.000562310218811
1379.4914192363988 0.9968842267990112
1379.512252143463 1.0015002489089966
1379.5330850501311 1.0033228397369385
1379.5539179564205 1.0002858638763428
1379.5747508623197 1.0011873245239258
1379.595583767825 0.9987490773200989
1379.6164166729257 1.0009620189666748
1379.6372495776377 1.0032676458358765
1379.658082481949 0.9975817203521729
1379.6789153858572 0.9973626732826233
1379.6997482893491 1.001886248588562
1379.7205811924432 1.0026764869689941
1379.7414140951253 1.0006359815597534
1379.762246997384 0.9957137107849121
1379.7830798992354 1.0019710063934326
1379.8039128006676 1.0049442052841187
1379.8247457016669 0.9939432144165039
1379.8455786022512 0.9982508420944214
1379.8664115024067 1.0053613185882568
1379.887244402131 0.9977319240570068
1379.908077301411 0.9967856407165527
1379.9289102002638 0.9999168515205383
1379.9497430986753 1.0015429258346558
1379.9705759966332 1.0001270771026611
1379.991408894154 0.9970803260803223
1380.0122417912241 1.001430630683899
1380.0330746878408 1.0004401206970215
1380.0539075839904 0.9959879517555237
1380.0747404796894 1.0026453733444214
1380.095573374924 1.0004316568374634
1380.1164062696816 0.9951383471488953
1380.137239163978 1.0014747381210327
1380.1580720577992 1.0018179416656494
1380.1789049511422 0.9978729486465454
1380.199737843993 0.9986279010772705
1380.220570736368 1.0016828775405884
1380.2414036282532 1.002195954322815
1380.2622365196444 0.9961076974868774
1380.2830694105282 0.997842013835907
1380.3039023009205 1.0032265186309814
1380.3247351908074 0.9979654550552368
1380.3455680801746 0.9996700882911682
1380.3664009690378 1.005064606666565
1380.3872338573838 0.998156726360321
1380.4080667452076 0.9963919520378113
1380.428899632495 1.0013247728347778
1380.449732519262 1.0023603439331055
1380.470565405494 0.9974760413169861
1380.4913982911871 0.9970265626907349
1380.5122311763266 1.006557822227478
1380.5330640609288 1.0019257068634033
1380.5538969449783 0.9934038519859314
1380.5747298284616 1.0035606622695923
1380.5955627113938 1.0034804344177246
1380.6163955937604 0.9965521097183228
1380.637228475547 1.0010384321212769
1380.6580613567698 1.000818133354187
1380.6788942374137 0.9970480799674988
1380.6997271174744 1.0001803636550903
1380.7205599969482 1.0030663013458252
1380.7413928758197 1.0000286102294922
1380.7622257541052 0.996658980846405
1380.7830586317907 1.0039747953414917
1380.8038915088616 1.0040955543518066
1380.824724385334 0.9943414926528931
1380.8455572611942 0.9986661672592163
1380.8663901364278 1.0053915977478027
1380.887223011052 0.9985849857330322
1380.9080558850521 0.9992280006408691
1380.9288887584253 1.0041635036468506
1380.9497216311681 1.0024646520614624
1380.9705545032675 0.999251663684845
1380.991387374741 1.0009475946426392
1381.0122202455755 1.003352165222168
1381.0330531157592 0.9987956285476685
1381.0538859853095 0.9995191693305969
1381.0747188542157 1.0042006969451904
1381.0955517224759 0.9983633756637573
1381.1580503233638 0.9991930723190308
1381.1788831890365 0.9979322552680969
1381.1997160540532 1.0028784275054932
1381.2205489184369 1.0030747652053833
1381.2413817821787 0.998946487903595
1381.262214645273 0.9978510737419128
1381.2830475077428 1.0032007694244385
1381.303880369583 0.9994533658027649
1381.3247132307995 0.9947953224182129
1381.345546091389 1.003583312034607
1381.366378951378 1.0037962198257446
1381.3872118107658 0.9958653450012207
1381.4080446695518 1.000320553779602
1381.428877527767 1.005523920059204
1381.4497103854133 0.9999538064002991
1381.4705432425042 0.995057225227356
1381.491376099054 0.9998427033424377