1325.3263473394275 0.9998536705970764
1325.347180758263 0.999882698059082
1325.3680141773323 0.9998467564582825
1325.3888475966173 0.9999737739562988
1325.4096810161307 0.9999067783355713
1325.4305144358825 0.9999146461486816
1325.451347855853 0.9998927712440491
1325.4721812760615 0.9998670220375061
1325.4930146964853 0.99980229139328
1325.5138481171323 0.999834418296814
1325.5346815380094 0.9999445080757141
1325.5555149590934 0.9998990297317505
1325.5763483803898 0.9998709559440613
1325.5971818019043 0.9998542666435242
1325.6180152236118 0.9997397661209106
1325.638848645517 0.999789297580719
1325.659682067625 0.9998899102210999
1325.6805154899093 0.9998645186424255
1325.7013489123844 0.999813437461853
1325.7221823350237 0.999895453453064
1325.7430157578315 0.9999408721923828
1325.763849180811 0.9997836947441101
1325.7846826039358 0.9998887181282043
1325.8055160272093 0.9998448491096497
1325.8263494506348 0.9999172687530518
1325.8471828741856 0.9999732971191406
1325.8680162978653 0.9999561309814453
1325.8888497216767 0.9999741911888123
1325.9096831455936 0.9999698996543884
1325.9305165696192 1.0000579357147217
1325.951349993757 0.9998897910118103
1325.9721834179802 0.9998194575309753
1325.993016842302 0.999945878982544
1326.0138502666966 0.9999556541442871
1326.0346836911672 1.0000280141830444
1326.0555171157173 0.9998774528503418
1326.076350540321 0.9999775886535645
1326.097183964992 1.0000553131103516
1326.1180173897042 0.9998553395271301
1326.1388508144612 0.9999290108680725
1326.1596842392676 1.0000584125518799
1326.1805176640971 0.9999004602432251
1326.201351088954 0.9999743700027466
1326.2221845138429 0.9999699592590332
1326.243017938738 1.0000241994857788
1326.2638513636439 1.000019907951355
1326.284684788565 1.0001217126846313
1326.30551821366 1.0000704526901245
1326.326351638731 1.0001072883605957
1326.3471850636404 1.000037670135498
1326.3680184885236 1.0000903606414795
1326.388851913397 1.0001270771026611
1326.409685338235 1.0001357793807983
1326.4305187630428 1.000099539756775
1326.451352187826 1.0000553131103516
1326.47218561256 1.0000933408737183
1326.49301903725 1.0001065731048584
1326.5138524619015 1.0001837015151978
1326.5346858864907 1.0001732110977173
1326.5555193110326 1.0001579523086548
1326.5763527355039 1.0002844333648682
1326.59718615991 1.0001767873764038
1326.6180195842567 1.0002715587615967
1326.6388530085203 1.0001695156097412
1326.6596864327066 1.0002400875091553
1326.6805198568222 1.0001189708709717
1326.7013532808428 1.0001091957092285
1326.7221867047754 1.0002421140670776
1326.743020128626 1.0002388954162598
1326.7638535523713 1.0001071691513062
1326.7846869760276 1.000152587890625
1326.8055203995714 1.0002186298370361
1326.8263538230099 1.000181794166565
1326.8471872463492 1.0001928806304932
1326.868020669566 1.0002657175064087
1326.888854092678 1.0003178119659424
1326.9096875156615 1.0002137422561646
1326.9305209385236 1.0001994371414185
1326.9513543612613 1.0002468824386597
1326.9721877838813 1.000205636024475
1326.9930212063612 1.0001953840255737
1327.0138546287183 1.0002033710479736
1327.034688050929 1.000177264213562
1327.0555214730016 1.0001362562179565
1327.0763548949428 1.0002142190933228
1327.0971883167301 1.000173807144165
1327.1180217383808 1.0003113746643066
1327.1388551598727 1.0003119707107544
1327.1596885812132 1.0000898838043213
1327.1805220024096 1.000243902206421
1327.2013554234397 1.000246524810791
1327.2221888443112 1.0002336502075195
1327.2430222650316 1.0002822875976562
1327.2638556855788 1.0002360343933105
1327.2846891059703 1.0002238750457764
1327.3055225261844 1.0001885890960693
1327.3263559462284 1.0001109838485718
1327.3471893661103 1.0001509189605713
1327.368022785808 1.0002259016036987
1327.38885620533 1.000162959098816
1327.4096896246833 1.0002717971801758
1327.4305230438467 1.000203251838684
1327.451356462828 1.0001740455627441
1327.4721898816356 1.0002529621124268
1327.493023300247 1.0002411603927612
1327.5138567186802 1.0002621412277222
1327.5346901369137 1.0002868175506592
1327.5555235549564 1.0002332925796509
1327.5763569728158 1.0001978874206543
1327.5971903904701 1.0002433061599731
1327.6180238079278 1.00021493434906
1327.6388572251967 1.000128149986267
1327.6596906422562 1.0001763105392456
1327.680524059124 1.0002232789993286
1327.7013574757784 1.000142216682434
1327.722190892228 1.0002245903015137
1327.7430243084812 1.0001047849655151
1327.7638577245166 1.000216007232666
1327.7846911403424 1.0002596378326416
1327.8055245559674 1.0002959966659546
1327.82635797137 1.0001921653747559
1327.868024801542 1.0003589391708374
1327.888858216299 1.0002912282943726
1327.9096916308479 1.0004082918167114
1327.9305250451673 1.0003846883773804
1327.951358459266 1.0003865957260132
1327.9721918731525 1.000332236289978
1327.993025286806 1.0003851652145386
1328.0138587002446 1.0004340410232544
1328.0346921134474 1.0003414154052734
1328.055525526423 1.0004346370697021
1328.07635893918 1.000431776046753
1328.0971923516977 1.000411868095398
1328.1180257639844 1.000403881072998
1328.1388591760497 1.0004656314849854
1328.1596925878714 1.000478744506836
1328.1805259994587 1.0004985332489014
1328.2013594108207 1.0005351305007935
1328.2221928219365 1.000428557395935
1328.2430262328244 1.0004507303237915
1328.2638596434638 1.0005462169647217
1328.2846930538733 1.0004727840423584
1328.305526464032 1.0005100965499878
1328.3263598739488 1.0005428791046143
1328.3471932836328 1.0004900693893433
1328.3680266930628 1.0005244016647339
1328.388860102248 1.000536322593689
1328.4096935111972 1.000503659248352
1328.4305269198899 1.0005244016647339
1328.4513603283344 1.0005810260772705
1328.4721937365402 1.0005863904953003
1328.4930271444864 1.000451683998108
1328.513860552192 1.0005327463150024
1328.534693959636 1.0005877017974854
1328.5555273668274 1.0005444288253784
1328.5763607737756 1.0006523132324219
1328.5971941804596 1.000611424446106
1328.6180275868883 1.0005749464035034
1328.6388609930714 1.0006269216537476
1328.6596943989875 1.0006730556488037
1328.6805278046559 1.0006535053253174
1328.701361210056 1.0006637573242188
1328.7221946151967 1.0006150007247925
1328.7430280200872 1.0006704330444336
1328.7638614247069 1.000670313835144
1328.7846948290753 1.0007188320159912
1328.805528233171 1.0005913972854614
1328.8263616370032 1.0006266832351685
1328.8471950405715 1.000614047050476
1328.8680284438851 1.000649094581604
1328.8888618469232 1.000612497329712
1328.9096952497052 1.0007028579711914
1328.9305286522101 1.000672698020935
1328.9513620544574 1.0006282329559326
1328.9721954564263 1.0006757974624634
1328.9930288581263 1.0007010698318481
1329.0138622595662 1.0005803108215332
1329.0346956607257 1.0006479024887085
1329.055529061614 1.000759243965149
1329.0763624622405 1.0006698369979858
1329.0971958625846 1.0006505250930786
1329.1180292626657 1.0006475448608398
1329.1388626624628 1.0007238388061523
1329.1596960619854 1.0006905794143677
1329.180529461243 1.0007129907608032
1329.2013628602147 1.0006294250488281
1329.2221962589101 1.00069260597229
1329.2430296573389 1.0006341934204102
1329.2638630554798 1.000709891319275
1329.2846964533524 1.000759482383728
1329.3055298509364 1.0005851984024048
1329.326363248241 1.0006721019744873
1329.347196645276 1.000752329826355
1329.3680300420199 1.0006835460662842
1329.3888634384828 1.0007973909378052
1329.4096968346742 1.0006564855575562
1329.4305302305731 1.0006250143051147
1329.4513636261995 1.000616431236267
1329.4721970215323 1.0006752014160156
1329.4930304165812 1.0007035732269287
1329.5138638113556 1.0007402896881104
1329.534697205835 1.0006791353225708
1329.555530600029 1.0006309747695923
1329.5763639939469 1.0006742477416992
1329.5971973875683 1.0007463693618774
1329.6180307809125 1.0005816221237183
1329.638864173959 1.0006238222122192
1329.6596975667276 1.0006498098373413
1329.6805309591973 1.0005111694335938
1329.7013643513778 1.0005851984024048
1329.7221977432914 1.0005035400390625
1329.7430311349035 1.0006345510482788
1329.763864526214 1.000647783279419
1329.7846979172436 1.0005912780761719
1329.8055313079715 1.000510811805725
1329.8263646984074 1.0006489753723145
1329.8471980885606 1.0006388425827026
1329.8680314784108 1.0005147457122803
1329.888864867978 1.0006194114685059
1329.9096982572412 1.000576138496399
1329.9305316462098 1.0004761219024658
1329.9513650348936 1.0005784034729004
1329.9721984232724 1.0005993843078613
1329.9930318113657 1.0005570650100708
1330.0138651991526 1.0005232095718384
1330.034698586643 1.000510334968567
1330.0555319738462 1.0005593299865723
1330.0763653607423 1.0004609823226929
1330.0971987473504 1.0004522800445557
1330.1180321336503 1.000458002090454
1330.1388655196515 1.0004833936691284
1330.1596989053637 1.0004541873931885
1330.1805322907665 1.0005733966827393
1330.2013656758688 1.0005357265472412
1330.2221990606813 1.0005791187286377
1330.2430324451832 1.0006284713745117
1330.2638658293938 1.0005874633789062
1330.2846992132927 1.0005155801773071
1330.30553259689 1.0005639791488647
1330.3263659801949 1.0005348920822144
1330.3680327458762 1.0007127523422241
1330.3888661282717 1.0008209943771362
1330.4096995103534 1.000722050666809
1330.4305328921414 1.0008013248443604
1330.4513662736144 1.0007399320602417
1330.4721996547826 1.0007935762405396
1330.4930330356551 1.0007328987121582
1330.5138664162123 1.0007662773132324
1330.5346997964732 1.0008032321929932
1330.5555331764176 1.0008246898651123
1330.5763665560555 1.0007747411727905
1330.597199935396 1.000815510749817
1330.618033314419 1.0008275508880615
1330.6388666931448 1.0008336305618286
1330.659700071552 1.0007829666137695
1330.6805334496505 1.0008431673049927
1330.7013668274499 1.0007716417312622
1330.7222002049305 1.000849962234497
1330.7430335821014 1.0008245706558228
1330.7638669589724 1.0008292198181152
1330.784700335523 1.0008794069290161
1330.8055337117733 1.0008080005645752
1330.8263670877025 1.0008782148361206
1330.8472004633204 1.0007911920547485
1330.8680338386366 1.0008611679077148
1330.8888672136309 1.0007320642471313
1330.9097005883132 1.0007482767105103
1330.9305339626928 1.000762701034546
1330.9513673367496 1.0008012056350708
1330.972200710503 1.0007469654083252
1330.993034083933 1.0007765293121338
1331.0138674570492 1.0007566213607788
1331.0347008298613 1.000696063041687
1331.0555342023486 1.0007548332214355
1331.0763675745316 1.0007151365280151
1331.0972009463892 1.0007469654083252
1331.1180343179312 1.0007030963897705
1331.1388676891675 1.0007600784301758
1331.159701060078 1.0007787942886353
1331.1805344306824 1.0006847381591797
1331.2013678009598 1.0007041692733765
1331.22220117092 1.000768780708313
1331.2430345405735 1.000649094581604
1331.263867909899 1.000657320022583
1331.284701278917 1.0005537271499634
1331.3055346476067 1.0005720853805542
1331.326368015978 1.0006417036056519
1331.3472013840408 1.0005971193313599
1331.3680347517743 1.0006499290466309
1331.3888681191881 1.0005548000335693
1331.4097014862928 1.0005347728729248
1331.4305348530677 1.0004816055297852
1331.451368219532 1.000533103942871
1331.4722015856662 1.000548005104065
1331.4930349514796 1.0004791021347046
1331.5138683169816 1.000520944595337
1331.5347016821527 1.0005290508270264
1331.5555350470117 1.000412106513977
1331.576368411539 1.0004312992095947
1331.5972017757442 1.0004539489746094
1331.618035139637 1.0003445148468018
1331.6388685031968 1.0003749132156372
1331.6597018664338 1.000393033027649
1331.6805352293575 1.0003089904785156
1331.7013685919476 1.00041663646698
1331.7222019542235 1.0003145933151245
1331.7430353161656 1.0003291368484497
1331.763868677793 1.0003381967544556
1331.784702039086 1.0003269910812378
1331.805535400054 1.0002740621566772
1331.8263687607068 1.0002933740615845
1331.847202121024 1.000231146812439
1331.8680354810153 1.0001819133758545
1331.8888688406905 1.0002070665359497
1331.9097022000296 1.0001263618469238
1331.930535559052 1.0001226663589478
1331.9513689177375 1.0001499652862549
1331.972202276096 1.0001180171966553
1331.993035634137 1.0001695156097412
1332.0138689918404 1.0001075267791748
1332.0347023492257 1.0001730918884277
1332.0555357062728 1.0001543760299683
1332.0763690629913 1.0001367330551147
1332.0972024193914 1.000100016593933
1332.1180357754522 1.0000866651535034
1332.1388691311838 1.0000309944152832
1332.159702486596 1.0000678300857544
1332.1805358416682 1.0000423192977905
1332.2013691964205 1.0000301599502563
1332.2222025508327 0.9999933838844299
1332.2430359049235 0.9998700022697449
1332.263869258674 0.9999333024024963
1332.2847026120933 0.9999706745147705
1332.3055359651908 0.9997573494911194
1332.326369317947 0.9999544024467468
1332.3472026703714 0.9998171925544739
1332.3680360224732 0.9999736547470093
1332.3888693742329 0.999886691570282
1332.4097027256696 0.9997758865356445
1332.4305360767632 0.999841570854187
1332.451369427534 0.9998546838760376
1332.4722027779612 0.9998856782913208
1332.4930361280544 0.9998106956481934
1332.5138694778236 0.9998266696929932
1332.5347028272486 0.9999263882637024
1332.555536176349 0.9998418092727661
1332.5763695251046 0.9998202919960022
1332.5972028735248 0.9998486638069153
1332.6180362216198 0.9998621344566345
1332.6388695693693 0.9998323917388916
1332.6597029167826 0.9999117851257324
1332.68053626387 0.9998471140861511
1332.701369610611 0.9999017715454102
1332.722202957025 0.9997504949569702
1332.7430363030924 0.9997946619987488
1332.7638696488323 0.99980229139328
1332.7847029942245 0.999843418598175
1332.8055363392791 0.9997386932373047
1332.8263696840058 0.9997494220733643
1332.868036372424 0.9999764561653137
1332.8888697161349 0.9998432397842407
1332.9097030594967 0.9998477101325989
1332.930536402529 0.9998803734779358
1332.9513697452117 0.9998776912689209
1332.9722030875646 1.0000053644180298
1332.9930364295672 0.9998809099197388
1333.0138697712293 0.9999144673347473
1333.0347031125605 0.999932050704956
1333.0555364535408 0.9998866319656372
1333.07636979418 0.9999432563781738
1333.0972031344875 0.9999632239341736
1333.1180364744428 1.000032663345337
1333.138869814066 0.9999645948410034
1333.159703153337 0.9999991059303284
1333.1805364922755 0.999916136264801
1333.2013698308606 0.9999130964279175
1333.2222031691026 0.9999083876609802
1333.2430365070109 0.9999780654907227
1333.2638698445655 0.9999061822891235
1333.2847031817957 0.9999563694000244
1333.3055365186895 0.9999113082885742
1333.3263698552112 1.0000144243240356
1333.3472031913977 0.9999774694442749
1333.368036527229 0.9999523162841797
1333.3888698627147 0.9999231696128845
1333.4097031978647 0.9999632239341736
1333.4305365326584 0.9999303221702576
1333.4513698671158 0.9999933242797852
1333.472203201216 1.0000076293945312
1333.4930365349694 1.0000118017196655
1333.5138698683857 0.9999382495880127
1333.534703201444 0.9999892711639404
1333.5555365341547 0.9999911785125732
1333.5763698665269 0.9999169707298279
1333.5972031985407 1.0000633001327515
1333.6180365302155 1.0000046491622925
1333.6388698615312 0.9999014139175415
1333.659703192507 0.9999951720237732
1333.6805365231235 1.0000691413879395
1333.7013698533897 1.0000561475753784
1333.7222031833157 1.0
1333.743036512881 1.0000303983688354
1333.7638698421047 1.0000085830688477
1333.7847031709673 1.0000948905944824
1333.805536499478 1.0000547170639038
1333.8263698276469 1.0000016689300537
1333.8472031554534 0.9999527931213379
1333.868036482917 0.9999575018882751
1333.8888698100177 1.0000728368759155
1333.909703136775 1.0000724792480469
1333.9305364631687 1.0000531673431396
1333.9513697892082 0.999956488609314
1333.9722031149033 1.0000330209732056
1333.9930364402335 1.0001341104507446
1334.013869765209 1.0000436305999756
1334.0347030898388 1.0001178979873657
1334.0555364141028 1.0001872777938843
1334.076369738021 1.0000827312469482
1334.0972030615724 1.0000091791152954
1334.1180363847668 1.0000122785568237
1334.1388697076143 1.0000042915344238
1334.1597030300939 1.0001184940338135
1334.1805363522255 1.000024437904358
1334.201369673989 1.0000605583190918
1334.2222029953937 1.0000648498535156
1334.2430363164494 0.9999645948410034
1334.2638696371355 0.9999772906303406
1334.2847029574718 1.0000721216201782
1334.3055362774378 1.000002145767212
1334.3263695970534 1.0000641345977783
1334.3472029162976 1.0000426769256592
1334.3680362351806 0.9999734163284302
1334.3888695537114 1.0000920295715332
1334.4097028718704 1.00009286403656
1334.4305361896768 0.9999099969863892
1334.4513695071098 1.0001014471054077
1334.4722028241795 0.9998961091041565
1334.4930361408951 1.000030279159546
1334.5138694572363 1.0000208616256714
1334.534702773223 1.0000239610671997
1334.5555360888345 0.9999296069145203
1334.5763694040802 0.99989253282547
1334.5972027189698 0.9999663829803467
1334.6180360334831 0.9999400973320007
1334.6388693476392 0.9998868107795715
1334.659702661418 0.9999107718467712
1334.6805359748284 1.0000598430633545
1334.7013692878809 0.9999706149101257
1334.7222026005545 0.9999527335166931
1334.743035912869 0.9999842643737793
1334.7638692248033 0.9999850392341614
1334.7847025363774 0.9999077916145325
1334.8055358475708 0.999862551689148
1334.826369158393 0.9999982118606567
1334.847202468853 0.9999306797981262
1334.868035778931 0.9998577237129211
1334.8888690886363 0.9998821020126343
1334.909702397978 1.000057339668274
1334.9305357069359 0.999825656414032
1334.9513690155293 0.9997761845588684
1334.972202323738 0.9998214840888977
1334.993035631581 0.9992604851722717
1335.013868939038 0.9998785257339478
1335.0347022461183 0.999763011932373
1335.0555355528315 0.9998630285263062
1335.0763688591574 0.9997595548629761
1335.0972021651144 0.9997714161872864
1335.1180354706826 0.9997460246086121
1335.1388687758713 0.9997667670249939
1335.1597020806903 0.999748706817627
1335.180535385118 0.999726414680481
1335.2013686891744 0.9996692538261414
1335.2222019928388 0.9996001124382019
1335.2430352961305 0.9997673034667969
1335.2638685990294 0.9997326135635376
1335.2847019015442 0.9997008442878723
1335.3055352036843 0.9996761679649353
1335.3263685054292 0.9996446371078491
1335.3680351077703 0.9999053478240967
1335.388868408355 0.9999288320541382
1335.409701708562 0.9998985528945923
1335.43053500837 0.9998070001602173
1335.4513683077985 0.9997957944869995
1335.472201606827 0.9998161196708679
1335.4930349054644 0.9998267889022827
1335.51386820372 0.9998032450675964
1335.5347015015732 0.9997116923332214
1335.5555347990428 0.999803364276886
1335.5763680961084 0.9997930526733398
1335.5972013927792 0.9998438954353333
1335.618034689064 0.9997614622116089
1335.6388679849424 0.9997614026069641
1335.6597012804334 0.9997096657752991
1335.6805345755165 0.9997981190681458
1335.7013678702097 0.9998059272766113
1335.7222011644933 0.9997467994689941
1335.7430344583756 0.9997410178184509
1335.7638677518662 0.9998101592063904
1335.784701044944 0.9997592568397522
1335.8055343376282 0.9998109340667725
1335.8263676298975 0.9998248815536499
1335.8472009217612 0.999824047088623
1335.8680342132286 0.9996678829193115
1335.8888675042779 0.9996713995933533
1335.9097007949283 0.9997838735580444
1335.9305340851593 0.9997153282165527
1335.951367374989 0.9997800588607788
1335.9722006643974 0.999711275100708
1335.9930339533928 0.9997290372848511
1336.013867241984 0.9997665882110596
1336.0347005301498 0.9997178316116333
1336.055533817909 0.9997397065162659
1336.0763671052412 0.9997010231018066
1336.097200392154 0.9997128844261169
1336.1180336786572 0.9997175335884094
1336.1388669647292 0.9997215867042542
1336.1597002503886 0.9998055696487427
1336.1805335356144 0.9998235702514648
1336.201366820425 0.999719500541687
1336.2222001047992 0.999744713306427
1336.2430333887455 0.99962317943573
1336.2638666722728 0.9997242093086243
1336.2846999553592 0.9997480511665344
1336.305533238024 0.9997534155845642
1336.3263665202453 0.9997537732124329
1336.3471998020318 0.9995942115783691
1336.3680330833918 0.9996981620788574
1336.3888663643036 0.9997780323028564
1336.409699644786 0.9998171329498291
1336.4305329248173 0.9997667670249939
1336.4513662044155 0.9997474551200867
1336.4721994835593 0.9997355341911316
1336.493032762257 0.9997133612632751
1336.5138660405166 0.9996721744537354
1336.534699318317 0.9998039603233337
1336.5555325956752 0.999875009059906
1336.5763658725705 0.9998838305473328
1336.5971991490107 0.9997248649597168
1336.6180324250033 0.9996673464775085
1336.638865700527 0.9997163414955139
1336.6596989755994 0.9997586011886597
1336.680532250199 0.9998528957366943
1336.7013655243434 0.999560534954071
1336.7221987980101 0.9997391104698181
1336.7430320712074 0.9998629689216614
1336.7638653439426 0.9998244643211365
1336.784698616194 0.9998732209205627
1336.8055318879794 0.9997801184654236
1336.8263651592754 0.9998853206634521
1336.8471984300907 0.9998724460601807
1336.8680317004323 0.9999232292175293
1336.8888649702776 0.9998183846473694
1336.9096982396443 0.999888002872467
1336.9305315085096 0.999841034412384
1336.9513647768908 0.9997595548629761
1336.972198044765 0.9998881220817566
1336.9930313121397 0.9997934103012085
1337.0138645790216 0.9998117685317993
1337.0346978453883 0.9997830986976624
1337.0555311112564 0.9996717572212219
1337.0763643766027 0.9999342560768127
1337.0971976414444 0.9997392892837524
1337.118030905758 0.9997667670249939
1337.13886416955 0.9998739957809448
1337.1596974328274 0.9999822378158569
1337.1805306955664 0.9997947216033936
1337.201363957784 0.9999040365219116
1337.2221972194561 0.9998522400856018
1337.243030480589 0.9998347759246826
1337.2638637411887 0.9997677803039551
1337.2846970012317 0.9998244643211365
1337.3055302607338 0.9997906684875488
1337.3263635196713 0.9997829794883728
1337.347196778059 0.9998089075088501
1337.3680300358733 0.9997904300689697
1337.3888632931198 0.9997742176055908
1337.4096965498043 0.9998378753662109
1337.430529805917 0.9998593330383301
1337.4513630614563 0.9997812509536743
1337.472196316385 0.9996589422225952
1337.493029570722 0.9997544884681702
1337.5138628244729 0.9998138546943665
1337.534696077611 0.9998050928115845
1337.5555293301525 0.9998072385787964
1337.576362582071 0.9997880458831787
1337.597195833381 0.999772310256958
1337.618029084057 0.9997653365135193
1337.6388623341131 0.9997831583023071
1337.6596955835232 0.9997227787971497
1337.6805288322907 0.9997552037239075
1337.70136208042 0.9997866749763489
1337.7221953278838 0.9998071789741516
1337.7430285746962 0.9998223185539246
1337.7638618208298 0.9996797442436218
1337.7846950662881 0.9998111724853516
1337.8055283110737 0.9997348189353943
1337.826361555159 0.9998109936714172
1337.8680280412404 1.0000147819519043
1337.8888612832204 0.9999144077301025
1337.9096945244694 1.0000264644622803
1337.9305277649898 1.000053882598877
1337.9513610047823 1.0000011920928955
1337.9721942438189 1.0000271797180176
1337.9930274821108 1.0000216960906982
1338.0138607196295 0.999990701675415
1338.0346939563851 1.0000102519989014
1338.0555271923492 0.9999599456787109
1338.076360427522 0.9999960660934448
1338.0971936619037 1.0000135898590088
1338.1180268954654 1.000030755996704
1338.1388601282165 0.9999688863754272
1338.1596933601272 1.0000267028808594
1338.1805265912076 0.9999685883522034
1338.201359821427 1.000033974647522
1338.2221930507858 1.0000449419021606
1338.2430262792823 1.0000014305114746
1338.2638595068868 1.0000461339950562
1338.2846927336082 1.000044822692871
1338.3055259594164 0.9999883770942688
1338.3263591843208 0.9999304413795471
1338.34719240829 0.9999327063560486
1338.368025631324 1.0000605583190918
1338.3888588534217 1.000064492225647
1338.4096920745535 1.0000823736190796
1338.4305252947283 1.0000975131988525
1338.4513585139161 1.0000330209732056
1338.4721917321276 1.000085473060608
1338.4930249493327 1.0001307725906372
1339.6805168692404 1.000194787979126
1339.7013500476635 1.0000941753387451
1339.7221832261355 1.0001968145370483
1339.7430164046473 1.0001201629638672
1339.7638495832298 1.0001308917999268
1339.7846827618719 1.0001602172851562
1339.805515940591 1.0000720024108887
1339.8263491194045 1.0001215934753418
1339.8471822982979 1.0002100467681885
1339.8680154772962 1.000156044960022
1339.8888486563833 1.000245451927185
1339.9096818355822 1.0001791715621948
1339.9305150148757 1.0001397132873535
1339.951348194275 1.0000553131103516
1339.9721813737913 1.000133991241455
1339.993014553405 1.0001211166381836
1340.0138477331361 1.0001730918884277
1340.0346809129637 1.0001360177993774
1340.0555140929062 1.0002200603485107
1340.0763472729427 1.0000500679016113
1340.097180453081 1.0001379251480103
1340.1180136333285 1.0001479387283325
1340.1388468136624 1.0000529289245605
1340.1596799941003 1.0000249147415161
1340.1805131746185 1.0001505613327026
1340.2013463552337 1.0000498294830322
1340.2221795359224 1.0000509023666382
1340.2430127166901 1.0001065731048584
1340.2638458975437 0.9999740719795227
1340.284679078458 0.9999873638153076
1340.3055122594496 0.999972939491272
1340.3263454404942 0.9999263882637024
1340.3471786216066 1.0000417232513428
1340.3680118027628 1.0000100135803223
1340.388844983978 0.9999940991401672
1340.409678165228 0.9999794363975525
1340.4305113465277 0.9999966621398926
1340.4513445278524 0.9999929070472717
1340.4721777092075 0.9999456405639648
1340.4930108905983 1.0000133514404297
1340.5138440720004 0.9999792575836182
1340.5346772534288 1.0000017881393433
1340.555510434859 0.9999403357505798
1340.576343616306 0.999952495098114
1340.5971767977458 1.0000431537628174
1340.6180099791932 1.0000419616699219
1340.6388431606238 1.0000251531600952
1340.6596763420432 0.9998756051063538
1340.680509523457 0.9999813437461853
1340.7013427048407 1.0000152587890625
1340.7221758862097 0.9999899864196777
1340.74300906754 0.9999133944511414
1340.7638422488371 0.9998891353607178
1340.784675430107 0.999883234500885
1340.8055086113252 0.9998394846916199
1340.8263417925075 0.9998813271522522
1340.8471749736302 0.9999055862426758
1340.868008154709 0.9999971389770508
1340.8888413357204 0.9999316334724426
1340.9096745166803 0.9999105334281921
1340.9305076975645 0.9999456405639648
1340.9513408783894 0.9998496770858765
1340.9721740591312 1.0000017881393433
1340.993007239797 0.9999465346336365
1341.013840420392 0.9998747110366821
1341.0346736008933 0.9999269247055054
1341.055506781317 0.9998988509178162
1341.0763399616403 0.9999359250068665
1341.0971731418797 0.9999170899391174
1341.1180063220113 0.9999192357063293
1341.138839502052 0.9997824430465698
1341.159672681979 0.9998742341995239
1341.1805058617988 0.9998779296875
1341.2013390415184 0.9999286532402039
1341.2221722211143 0.9998590350151062
1341.2430054006043 0.9997413754463196
1341.2638385799646 0.9996480345726013
1341.2846717592129 0.9998118281364441
1341.305504938326 0.9996655583381653
1341.3263381173213 0.999762773513794
1341.347171296176 0.9996826648712158
1341.3680044749071 0.9997921586036682
1341.3888376534921 0.9998339414596558
1341.4096708319382 0.9997425079345703
1341.4305040102531 0.9998158812522888
1341.4513371884143 0.9997621774673462
1341.472170366439 0.9998002648353577
1341.493003544305 0.9999386072158813
1341.5138367220297 0.9998964071273804
1341.5346698995909 0.999864399433136
1341.5555030770058 0.9999203681945801
1341.5763362542527 0.9999165534973145
1341.5971694313391 0.9999598264694214
1341.6180026082725 0.9999030232429504
1341.638835785031 0.9998563528060913
1341.6596689616329 0.9998103976249695
1341.6805021380553 0.9999167323112488
1341.701335314316 0.9996640682220459
1341.7221684903939 0.9999627470970154
1341.7430016663063 0.9999741315841675
1341.7638348420314 1.000016450881958
1341.7846680175874 0.9999348521232605
1341.8055011929519 0.9999397993087769
1341.8263343681333 0.9999057650566101
1341.8471675431401 0.9999967217445374
1341.8680007179503 0.9999781250953674
1341.8888338925817 0.9999368786811829
1341.9096670670128 0.9999095797538757
1341.930500241262 0.9999236464500427
1341.9513334153075 0.999954104423523
1341.9721665891573 1.0000241994857788
1341.9929997628203 1.0000038146972656
1342.0138329362844 1.0000168085098267
1342.0346661095382 0.9999694228172302
1342.0554992825903 1.0000795125961304
1342.0763324554491 0.9998507499694824
1342.0971656280929 1.0000494718551636
1342.1179988005397 0.999977171421051
1342.1388319727691 0.9999423027038574
1342.159665144799 0.9999704957008362
1342.2221646595972 1.000298261642456
1342.242997830765 1.0002052783966064
1342.2638310017267 1.0001945495605469
1342.2846641724605 1.0001837015151978
1342.305497342985 1.0003455877304077
1342.3263305132796 1.0002326965332031
1342.3471636833624 1.00028657913208
1342.367996853212 1.0001870393753052
1342.3888300228477 1.000365972518921
1342.4096631922482 1.0002981424331665
1342.4304963614222 1.0002505779266357
1342.4513295303784 1.0002248287200928
1342.4721626990956 1.0002893209457397
1342.492995867593 1.0003702640533447
1342.513829035849 1.0003467798233032
1342.534662203883 1.0003502368927002
1342.5554953716733 1.0003093481063843
1342.576328539239 1.0003775358200073
1342.5971617065595 1.0003199577331543
1342.6179948736433 1.000396966934204
1342.6388280404994 1.0003267526626587
1342.6596612071169 1.0004246234893799
1342.6804943734844 1.0003886222839355
1342.7013275396216 1.000348687171936
1342.722160705507 1.000340461730957
1342.7429938711496 1.000381588935852
1342.7638270365583 1.0003087520599365
1342.7846602017128 1.00039803981781
1342.8054933666317 1.000392198562622
1342.8263265312944 1.000256061553955
1342.8471596957193 1.0003880262374878
1342.8679928598863 1.0004351139068604
1342.888826023814 1.0004440546035767
1342.909659187482 1.0003899335861206
1342.9304923508985 1.000319242477417
1342.951325514074 1.0003567934036255
1342.9721586769865 1.0003193616867065
1342.9929918396554 1.0004030466079712
1343.0138250020602 1.000373363494873
1343.0346581642202 1.0003582239151
1343.0554913261144 1.0003879070281982
1343.076324487762 1.000374436378479
1343.097157649142 1.0003353357315063
1343.1179908102636 1.000441074371338
1343.1388239711366 1.000276803970337
1343.1596571317496 1.0003761053085327
1343.1804902920924 1.0003663301467896
1343.201323452174 1.0002636909484863
1343.222156612004 1.000300407409668
1343.242989771561 1.0004103183746338
1343.2638229308645 1.0002697706222534
1343.2846560898943 1.0003411769866943
1343.3054892486696 1.000388264656067
1343.3263224071688 1.0003300905227661
1343.3471555654125 1.0003453493118286
1343.3679887233793 1.0003024339675903
1343.3888218810887 1.0003443956375122
1343.40965503852 1.0003148317337036
1343.4304881956925 1.000303030014038
1343.4513213525859 1.000389575958252
1343.472154509209 1.0003001689910889
1343.4929876655717 1.0002435445785522
1343.513820821653 1.0002716779708862
1343.5346539774728 1.000330924987793
1343.5554871330098 1.0003520250320435
1343.576320288284 1.0002862215042114
1343.5971534432747 1.0003830194473267
1343.6179865980012 1.0002895593643188
1343.6388197524427 1.0004509687423706
1343.659652906619 1.0004931688308716
1343.680486060516 1.0004756450653076
1343.7013192141455 1.0004150867462158
1343.7221523674823 1.0004887580871582
1343.7429855205417 1.0004338026046753
1343.763818673333 1.0005544424057007
1343.7846518258355 1.0004472732543945
1343.8054849780688 1.0004955530166626
1343.8263181300126 1.0005338191986084
1343.8471512816861 1.0005762577056885
1343.8679844330688 1.000485897064209
1343.8888175841803 1.000421404838562
1343.9096507349998 1.0005698204040527
1343.9304838855473 1.000478744506836
1343.951317035802 1.0005030632019043
1343.9721501857737 1.0004757642745972
1343.9929833354715 1.0006539821624756
1344.0138164848852 1.0006357431411743
1344.0346496340042 1.0005499124526978
1344.0554827828382 1.0006176233291626
1344.0763159313963 1.0005476474761963
1344.0971490796583 1.0005598068237305
1344.1179822276438 1.0005778074264526
1344.1388153753323 1.0006338357925415
1344.159648522744 1.000535488128662
1344.1804816698573 1.000535249710083
1344.2013148166923 1.0005378723144531
1344.2221479632285 1.0004891157150269
1344.242981109486 1.000656008720398
1344.2638142554435 1.000317931175232
1344.284647401121 1.0005122423171997
1344.305480546498 1.0005688667297363
1344.3263136915941 1.0006282329559326
1344.3471468363894 1.0005741119384766
1344.3679799808926 1.0006333589553833
1344.3888131251135 1.0006482601165771
1344.4096462690322 1.000583529472351
1344.4304794126683 1.0006837844848633
1344.4513125560009 1.0006312131881714
1344.4721456990496 1.0006392002105713
1344.4929788417944 1.0006420612335205
1344.5138119842545 1.000569224357605
1344.5346451264104 1.0005583763122559
1344.5554782682807 1.0007253885269165
1344.5763114098456 1.0006834268569946
1344.597144551124 1.0006991624832153
1344.617977692097 1.0006823539733887
1344.6388108327726 1.0006989240646362
1344.6596439731613 1.0006906986236572
1344.7221433925215 1.0009841918945312
1344.7429765317183 1.0009671449661255
1344.7638096706066 1.0010024309158325
1344.7846428092055 1.000999927520752
1344.8054759474949 1.0009982585906982
1344.8263090854946 1.0010164976119995
1344.847142223184 1.0010454654693604
1344.8679753605827 1.0009464025497437
1344.8888084976704 1.0009652376174927
1344.909641634467 1.0009742975234985
1344.9304747709523 1.0010125637054443
1344.9513079071457 1.0011022090911865
1344.9721410430268 1.001041054725647
1344.9929741786154 1.0010099411010742
1345.0138073138912 1.0009764432907104
1345.034640448864 1.000968098640442
1345.0554735835433 1.0010572671890259
1345.0763067179084 1.000970482826233
1345.0971398519798 1.0010108947753906
1345.1179729857367 1.0009971857070923
1345.138806119199 1.0010738372802734
1345.1596392523463 1.0009828805923462
1345.180472385198 1.0011100769042969
1345.2013055177345 1.0011112689971924
1345.2221386499748 1.0010402202606201
1345.242971781899 1.0010650157928467
1345.2638049135267 1.0010521411895752
1345.2846380448375 1.0010912418365479
1345.3054711758512 1.0011677742004395
1345.3263043065476 1.0011080503463745
1345.3471374369462 1.0011439323425293
1345.3679705670272 1.0010066032409668
1345.3888036967996 1.0011026859283447
1345.4096368262735 1.0011217594146729
1345.4304699554386 1.001125693321228
1345.451303084285 1.0010689496994019
1345.4721362128212 1.0010030269622803
1345.4929693410584 1.0009524822235107
1345.5138024689757 1.0009788274765015
1345.5346355965921 1.001076579093933
1345.5554687238887 1.000991940498352
1345.5763018508844 1.001067042350769
1345.5971349775589 1.0009613037109375
1345.6179681039323 1.0010573863983154
1345.6388012299842 1.000986933708191
1345.6596343557342 1.0009013414382935
1345.680467481162 1.0008624792099
1345.7013006062873 1.0008820295333862
1345.7221337310903 1.0008540153503418
1345.7429668555906 1.0009512901306152
1345.7637999797676 1.000935673713684
1345.7846331036408 1.0008420944213867
1345.8054662271907 1.0008854866027832
1345.8262993504368 1.0007792711257935
1345.8471324733584 1.000758171081543
1345.8679655959656 1.0008059740066528
1345.8887987182684 1.0008552074432373
1345.9096318402558 1.000683069229126
1345.9304649619187 1.0007705688476562
1345.9512980832658 1.000711441040039
1345.972131204307 1.0006835460662842
1345.9929643250227 1.0006403923034668
1346.013797445432 1.0006479024887085
1346.0346305655148 1.0006144046783447
1346.055463685291 1.0005244016647339
1346.07629680474 1.0007166862487793
1346.0971299238822 1.0006052255630493
1346.1179630426968 1.0004913806915283
1346.1387961612038 1.0005230903625488
1346.1596292793831 1.0004453659057617
1346.180462397254 1.000475525856018
1346.2012955147966 1.0004138946533203
1346.2221286320305 1.0004467964172363
1346.2429617489356 1.000354290008545
1346.2637948655315 1.0003877878189087
1346.2846279817982 1.0002267360687256
1346.3054610977451 1.000330924987793
1346.3262942133824 1.0002790689468384
1346.3471273286996 1.0002713203430176
1346.3679604436866 1.0002124309539795
1346.388793558363 1.0003160238265991
1346.4096266727086 1.00014328956604
1346.430459786743 1.000191569328308
1346.4512929004463 1.0000869035720825
1346.472126013828 1.0000569820404053
1346.4929591268983 1.000073790550232
1346.5137922396364 1.0001235008239746
1346.5346253520624 1.0000183582305908
1346.5554584641561 1.0000174045562744
1346.5762915759371 0.9999247193336487
1346.597124687385 1.0000110864639282
1346.6179577985201 1.0000965595245361
1346.6387909093219 0.9999703168869019
1346.6596240198098 0.999840497970581
1346.680457129964 0.9998617768287659
1346.701290239804 0.9998931884765625
1346.7221233493099 0.9998883008956909
1346.7429564585013 0.9998141527175903
1346.7637895673583 0.9997953772544861
1346.7846226758998 0.9998876452445984
1346.8054557841062 0.9997817277908325
1346.8262888919974 0.999800980091095
1346.8471219995529 0.9998180866241455
1346.8679551067924 0.9997706413269043
1346.8887882136955 0.999779999256134
1346.9096213202824 0.9997684955596924
1346.9304544265328 0.9997727274894714
1346.9512875324665 0.9997405409812927
1346.972120638063 0.9997406005859375
1346.9929537433422 0.9997071027755737
1347.0137868482839 0.9996175765991211
1347.034619952898 0.9996431469917297
1347.055453057202 0.9996080994606018
1347.0762861611768 0.99965900182724
1347.097119264806 0.9998016357421875
1347.117952368117 0.9996941089630127
1347.1387854710886 0.9997138977050781
1347.1596185737312 0.9997172951698303
1347.2221178797015 0.9998806118965149
1347.2429509810252 0.9998033046722412
1347.263784082028 0.9998034238815308
1347.284617182701 0.9998665452003479
1347.305450283032 0.9998372793197632
1347.3262833830331 0.9998692274093628
1347.3471164827124 0.9998745918273926
1347.3679495820504 0.9922526478767395
1347.3887826810665 0.9988455772399902
1347.4096157797405 0.999582827091217
1347.430448878092 0.9994324445724487
1347.4512819761012 0.9990622401237488
1347.472115073788 0.9994383454322815
1347.492948171131 0.9991542100906372
1347.5137812681514 0.9988635182380676
1347.5346143648283 0.9994381070137024
1347.555447461181 0.9991245865821838
1347.5762805571899 0.9994087219238281
1347.597113652875 0.9988130927085876
1347.6179467482152 0.9994944930076599
1347.6387798432306 0.9995853900909424
1347.659612937901 0.9996017813682556
1347.6804460322464 0.9992847442626953
1347.7012791262462 0.9993557333946228
1347.72211221992 0.9989093542098999
1347.7429453132481 0.9958621263504028
1347.7637784062497 0.998506486415863
1347.784611498905 0.9990952610969543
1347.8054445912333 0.9980849027633667
1347.8262776832146 0.9994787573814392
1347.8471107748687 0.999215841293335
1347.867943866175 0.9993457794189453
1347.8887769571536 0.9993622899055481
1347.9096100477839 0.9991089701652527
1347.9304431380856 0.9988183975219727
1347.9512762280392 0.999279260635376
1347.9721093176638 0.9990964531898499
1347.992942406939 0.9991186261177063
1348.0137754958844 0.9968534708023071
1348.0346085844808 0.9969888925552368
1348.0554416727466 0.9969986081123352
1348.0762747606623 0.9979965686798096
1348.097107848237 0.9981487393379211
1348.117940935481 0.9991715550422668
1348.138774022384 0.9990410804748535
1348.1596071089357 0.9987689256668091
1348.1804401951554 0.9988477230072021
1348.201273281023 0.9991142153739929
1348.2221063665584 0.997701108455658
1348.2429394517412 0.998736560344696
1348.263772536591 0.9981192946434021
1348.2846056210874 0.994941771030426
1348.3054387052402 0.9956759810447693
1348.3262717890593 0.9986208081245422
1348.3471048725344 0.9988102912902832
1348.367937955655 0.998911440372467
1348.3887710384306 0.9990395307540894
1348.4096041208713 0.9991370439529419
1348.4304372029665 0.9985095262527466
1348.451270284706 0.9947378635406494
1348.4721033661094 0.9964588284492493
1348.4929364471566 0.9984989166259766
1348.513769527867 0.999510645866394
1348.53460260822 0.9972466230392456
1348.555435688236 0.9983458518981934
1348.5762687678941 0.998783528804779
1348.5971018472044 0.9982568025588989
1348.617934926176 0.9990660548210144
1348.638768004799 0.9984387755393982
1348.659601083063 0.9967769384384155
1348.6804341609875 0.9963779449462891
1348.7012672385522 0.9950999021530151
1348.7221003157765 0.998099148273468
1348.7429333926402 0.9981714487075806
1348.7637664691633 0.9954917430877686
1348.7845995453251 0.9918228387832642
1348.8054326211452 0.9972279667854309
1348.8262656966033 0.997911810874939
1348.847098771719 0.9976739287376404
1348.867931846472 0.9983241558074951
1348.8887649208816 0.9960067868232727
1348.9095979949277 0.998733401298523
1348.9304310686298 0.9991560578346252
1348.9512641419674 0.9989075660705566
1348.9720972149603 0.9986094236373901
1348.992930287588 0.9978514909744263
1349.0137633598704 0.9984560608863831
1349.0345964317864 0.9978813529014587
1349.0554295033558 0.998654305934906
1349.0762625745583 0.9974222183227539
1349.0970956454137 0.9989800453186035
1349.1179287159014 0.9988978505134583
1349.1387617860405 0.9985288977622986
1349.159594855811 0.9941872358322144
1349.1804279252326 0.9879581332206726
1349.2012609942844 0.9982123374938965
1349.2220940629863 0.9991291165351868
1349.2429271313176 0.9982748627662659
1349.2637601992978 0.9923303723335266
1349.2845932669068 0.9933796525001526
1349.3054263341633 0.9986002445220947
1349.3262594010475 0.9998387694358826
1349.3470924675787 0.9998534321784973
1349.3679255337363 0.9996169209480286
1349.38875859954 0.99972003698349
1349.4095916649692 0.9999558329582214
1349.4304247300431 0.9998261332511902
1349.4512577947414 0.9998080730438232
1349.472090859084 0.9996629953384399
1349.4929239230494 0.9994847774505615
1349.5137569866572 0.9999530911445618
1349.5345900498876 0.9999792575836182
1349.5554231127596 0.9999352097511292
1349.5762561752524 0.9998444318771362
1349.5970892373855 0.9999857544898987
1349.6179222991386 0.9998725056648254
1349.6387553605307 0.9999036192893982
1349.6595884215415 0.9999309182167053
1349.7220876023587 1.0000338554382324
1349.7429206618772 1.0000706911087036
1349.763753721031 1.0001283884048462
1349.7845867797996 1.000109076499939
1349.8054198382017 1.0001347064971924
1349.8262528962175 1.0001119375228882
1349.847085953866 1.0001444816589355
1349.8679190111263 1.0000568628311157
1349.8887520680175 1.0001357793807983
1349.9095851245193 1.0000863075256348
1349.9304181806508 1.0000427961349487
1349.9512512363908 1.000108242034912
1349.972084291759 1.0000745058059692
1349.9929173467347 1.0001472234725952
1350.0137504013367 1.0000444650650024
1350.0345834555444 1.0001285076141357
1350.055416509377 1.000182032585144
1350.0762495628137 1.0000596046447754
1350.0970826158737 1.0000885725021362
1350.1179156685457 1.0000895261764526
1350.1387487208192 1.0000603199005127
1350.1595817727034 1.0000391006469727
1350.180414824207 1.000046968460083
1350.2012478753093 1.0000096559524536
1350.2220809260293 0.9999682307243347
1350.2429139763462 1.0000959634780884
1350.2637470262787 0.9999439716339111
1350.2845800758164 1.0000064373016357
1350.3054131249478 0.9999555945396423
1350.3262461736915 0.999958872795105
1350.3470792220276 0.9999982714653015
1350.367912269974 0.9999459385871887
1350.38874531751 0.9999005198478699
1350.4095783646544 1.0000990629196167
1350.430411411386 1.0001466274261475
1350.4512444577242 0.9999759793281555
1350.4720775036474 1.000025749206543
1350.4929105491742 1.0000051259994507
1350.5137435942838 0.9999701976776123
1350.5345766389946 1.0000287294387817
1350.5554096832857 0.999893069267273
1350.5762427271757 0.9999275803565979
1350.5970757706432 0.999962568283081
1350.6179088137067 0.9998442530632019
1350.6387418563452 0.9998466968536377
1350.6595748985771 0.9998365044593811
1350.6804079403812 0.9998353719711304
1350.701240981776 0.9999116063117981
1350.72207402274 0.999914824962616
1350.7429070632913 0.9998065829277039
1350.763740103409 0.9999121427536011
1350.7845731431112 0.9998531341552734
1350.8054061823866 0.9997970461845398
1350.8262392212232 0.9998315572738647
1350.8470722596294 0.9997618198394775
1350.8679052976138 0.9998385310173035
1350.8887383351544 0.9998083114624023
1350.9095713722695 0.9999167323112488
1350.9304044089376 0.9997611045837402
1350.9512374451765 0.9998012781143188
1350.9720704809745 0.9997375011444092
1350.9929035163195 0.999674379825592
1351.0137365512296 0.9998369216918945
1351.0345695856831 0.9995322227478027
1351.0554026196976 0.9998213052749634
1351.076235653251 0.9995637536048889
1351.0970686863614 0.9995768666267395
1351.1179017190066 0.9996364712715149
1351.138734751204 0.9996577501296997
1351.159567782932 0.9996168613433838
1351.1804008142078 0.9996565580368042
1351.201233845009 0.9996547698974609
1351.2220668753534 0.999580442905426
1351.2428999052183 0.9996015429496765
1351.2637329346214 0.9995881915092468
1351.2845659635395 0.9996376037597656
1351.3053989919906 0.9994622468948364
1351.326232019952 0.9994387626647949
1351.3470650474403 0.9996436834335327
1351.367898074433 0.999518871307373
1351.388731100947 0.9993183612823486
1351.4095641269698 0.9996070861816406
1351.4303971525117 0.9996086359024048
1351.4512301775628 0.9995376467704773
1351.4720632020817 0.9995314478874207
1351.4928962261063 0.9995343089103699
1351.513729249613 0.9996092319488525
1351.5345622726186 0.9995354413986206
1351.5553952950997 0.9995474219322205
1351.5762283170723 0.9995762705802917
1351.597061338513 0.9995265603065491
1351.6178943594375 0.9996182322502136
1351.6387273798223 0.9995623230934143
1351.6595603996834 0.9995100498199463
1351.6803934189966 0.9995771646499634
1351.7012264377774 0.9995450377464294
1351.7220594560017 0.9995133876800537
1351.7428924736853 0.9995664358139038
1351.7637254908034 0.9995144605636597
1351.7845585073712 0.9992895722389221
1351.8053915233643 0.9996057152748108
1351.8262245387975 0.9994585514068604
1351.847057553646 0.9994054436683655
1351.8678905679242 0.9995965957641602
1351.8887235816173 0.9996373057365417
1351.9095565947098 0.9995694756507874
1351.9303896072158 0.9996364116668701
1351.9512226191096 0.9995605945587158
1351.972055630406 0.9996280670166016
1351.9928886410783 0.9996975660324097
1352.0137216511405 0.9993587732315063
1352.0345546605665 0.9995981454849243
1352.0553876693696 0.9995687007904053
1352.0762206775232 0.9996447563171387
1352.0970536850407 0.9995195865631104
1352.1178866918947 0.9995809197425842
1352.1387196980984 0.9996739625930786
1352.159552703624 0.9994422197341919
1352.2220517161393 0.9997767210006714
1352.242884718917 0.9998098015785217
1352.2637177209976 0.9996801018714905
1352.2845507223528 0.999839723110199
1352.3053837229932 0.9998503923416138
1352.3262167229007 0.9997860193252563
1352.347049722056 0.9997094869613647
1352.36788272047 0.9998089075088501
1352.388715718113 0.9998103380203247
1352.4095487149957 0.9998742938041687
1352.430381711088 0.9998449683189392
1352.4512147064004 0.999870240688324
1352.4720477009025 0.9998449087142944
1352.492880694604 0.9998918771743774
1352.5137136874744 0.9998282790184021
1352.5345466795231 0.9998363256454468
1352.5553796707195 0.9998845458030701
1352.5762126610725 0.9998229146003723
1352.597045650551 0.9997912049293518
1352.6178786391645 0.999819815158844
1352.6387116268818 0.9999058842658997
1352.659544613711 0.9998443722724915
1352.6803775996318 0.9998555183410645
1352.701210584623 0.9998764395713806
1352.7220435686925 0.9998375773429871
1352.7428765518105 0.9998434782028198
1352.7637095339855 0.9998385310173035
1352.7845425151872 0.9998456835746765
1352.8053754954246 0.9999136924743652
1352.8262084746677 0.9999151825904846
1352.8470414529272 0.9998480677604675
1352.8678744301735 0.9998801350593567
1352.8887074064173 0.9999639987945557
1352.909540381631 0.9997426867485046
1352.930373355826 0.9998900890350342
1352.9512063289862 0.9999005794525146
1352.972039301095 0.9999740123748779
1352.9928722721675 0.9998927712440491
1353.0137052421792 0.9999408721923828
1353.034538211147 0.9999825954437256
1353.0553711790496 0.999910831451416
1353.0762041459059 1.0000134706497192
1353.097037111697 0.9999384880065918
1353.1178700764458 0.9999098181724548
1353.1387030401363 0.9998049736022949
1353.1595360027936 0.9999302625656128