1410.9329481573936 1.0011619329452515
1410.9537823920352 1.0007891654968262
1410.974616624713 0.999021053314209
1410.9954508554156 0.9996684193611145
1411.016285084133 1.0004161596298218
1411.0371193108579 1.0004477500915527
1411.0579535355837 0.9998469948768616
1411.0787877583057 1.0000592470169067
1411.0996219790215 1.0003300905227661
1411.120456197729 1.000260353088379
1411.141290414438 1.0001823902130127
1411.162124629129 1.000293493270874
1411.1829588418136 0.9999898076057434
1411.203793052495 1.0004627704620361
1411.2246272611765 0.9999744892120361
1411.2454614678627 1.0002132654190063
1411.2662956725585 1.0001684427261353
1411.28712987527 1.0000711679458618
1411.3079640760038 1.0003069639205933
1411.328798274766 1.000252366065979
1411.3496324715654 1.0002915859222412
1411.3704666664082 1.0002819299697876
1411.3913008593142 1.0002896785736084
1411.412135050272 1.0002214908599854
1411.432969239299 1.0001741647720337
1411.4538034264062 1.0000920295715332
1411.4746376116022 1.0001888275146484
1411.4954717948967 1.0003718137741089
1411.5163059762997 1.0001840591430664
1411.537140155821 1.0005367994308472
1411.557974333471 1.0001603364944458
1411.57880850926 1.0004688501358032
1411.599642683198 1.0005046129226685
1411.6204768553057 1.0003607273101807
1411.6413110255733 1.0004445314407349
1411.6621451940212 1.0004545450210571
1411.68297936066 1.0002306699752808
1411.7038135255004 1.000391960144043
1411.7246476885523 1.0004345178604126
1411.7454818498272 1.0005953311920166
1411.7663160093339 1.0006747245788574
1411.7871501670845 1.0005253553390503
1411.807984323088 1.0006475448608398
1411.8288184773555 1.0006297826766968
1411.849652629907 1.000599980354309
1411.8704867807226 1.000673770904541
1411.8913209298519 1.000573992729187
1411.9121550772754 1.0006097555160522
1411.9329892230132 1.0006362199783325
1411.9538233670746 1.0007784366607666
1411.9746575094696 1.0006685256958008
1411.9954916502077 1.0006135702133179
1412.016325789299 1.0008158683776855
1412.0371599267517 1.0004407167434692
1412.0579940625864 1.0005766153335571
1412.078828196792 1.0009236335754395
1412.0996623293772 1.000628113746643
1412.1204964603814 1.000677227973938
1412.1413305897834 1.0005457401275635
1412.162164717602 1.0007390975952148
1412.1829988438465 1.0007127523422241
1412.203832968524 1.0009856224060059
1412.2246670916447 1.00083327293396
1412.2455012132157 1.0008498430252075
1412.2663353332464 0.9988611340522766
1412.287169451754 0.999535083770752
1412.3080035687271 1.0007688999176025
1412.3288376841838 1.0006250143051147
1412.3496717981316 1.0005483627319336
1412.3705059105782 1.000435709953308
1412.3913400215317 1.0008273124694824
1412.412174130999 1.0006531476974487
1412.4330082389884 1.0007013082504272
1412.4538423455065 1.0008951425552368
1412.4746764505705 1.0000535249710083
1412.4955105541585 1.000694751739502
1412.5163446563167 1.001003623008728
1412.5371787570223 1.0009585618972778
1412.558012856292 1.000882863998413
1412.5788469541328 1.0008735656738281
1412.5996810505512 1.000717043876648
1412.620515145554 1.000619888305664
1412.6413492391473 1.0006955862045288
1412.6621833313382 1.0008125305175781
1412.6830174221323 1.0005687475204468
1412.703851511536 1.0008249282836914
1412.7246855995656 1.0008424520492554
1412.745519686207 1.000338077545166
1412.7663537714764 1.0007519721984863
1412.7871878553797 1.0009113550186157
1412.808021937922 1.0006123781204224
1412.82885601911 1.0007835626602173
1412.8496900989483 1.0007736682891846
1412.8705241774437 1.0008187294006348
1412.8913582546008 1.0007354021072388
1412.912192330435 1.000861406326294
1412.9330264049322 1.0006235837936401
1412.9538604781073 1.0009770393371582
1412.9746945499655 1.0008803606033325
1412.995528620512 1.0006272792816162
1413.0163626897518 1.0006159543991089
1413.0371967576898 1.000538945198059
1413.0580308243311 1.0005706548690796
1413.0788648896805 1.0005793571472168
1413.0996989537425 1.0006828308105469
1413.1205330165224 1.0009238719940186
1413.1413670780346 1.0008904933929443
1413.1622011382633 1.0008023977279663
1413.1830351972235 1.0009279251098633
1413.2038692549195 1.0008288621902466
1413.2247033113558 1.0008254051208496
1413.2455373665364 1.0009194612503052
1413.2872054731486 1.0000611543655396
1413.3080395245888 0.9998654127120972
1413.3288735748 1.0000008344650269
1413.3497076237666 0.9996923208236694
1413.3705416715034 1.000035285949707
1413.3913757180128 0.9999649524688721
1413.4122097633 1.0000009536743164
1413.4330438073682 0.9999573826789856
1413.4538778502217 0.9998581409454346
1413.4747118918635 0.9999936819076538
1413.4955459322982 1.0000107288360596
1413.516379971529 1.0000020265579224
1413.5372140095697 0.9999620914459229
1413.5580480464037 1.0000699758529663
1413.5788820820444 1.0000770092010498
1413.5997161164958 0.9998157024383545
1413.6205501497607 0.9997640252113342
1413.641384181843 0.9998070001602173
1413.6622182127458 0.999888002872467
1413.6830522424725 0.9999284148216248
1413.7038862710262 1.0000454187393188
1413.7247202984204 0.999859094619751
1413.7455543246383 0.9997456669807434
1413.7663883496928 0.9997708797454834
1413.787222373587 0.9998960494995117
1413.8080563963244 0.9999750256538391
1413.8288904179078 0.9996815323829651
1413.8497244383395 0.9998096823692322
1413.870558457624 0.9998628497123718
1413.8913924757728 0.9999001026153564
1413.912226492769 0.99989914894104
1413.9747285369335 0.999947726726532
1413.9955625493892 0.9996866583824158
1414.0163965607164 0.9994105100631714
1414.0372305709182 0.9998621940612793
1414.0580645799969 0.9998099207878113
1414.0788985879653 0.9999129176139832
1414.0997325948058 0.9998024702072144
1414.1205666005314 0.9998103380203247
1414.141400605144 0.9996209144592285
1414.1622346086467 0.9998942017555237
1414.183068611042 1.0001537799835205
1414.2039026123316 0.9997565746307373
1414.2247366125189 0.999901294708252
1414.2455706116154 0.9998547434806824
1414.266404609604 0.9999357461929321
1414.2872386064973 0.9998207092285156
1414.3080726022968 0.999918520450592
1414.3289065970057 0.9998840093612671
1414.3497405906253 0.9996545910835266
1414.370574583159 0.9997183680534363
1414.3914085746076 0.9995214939117432
1414.4122425649846 0.9997282028198242
1414.4330765542718 0.9996876120567322
1414.4539105424806 0.9995561242103577
1414.474744529614 0.9997499585151672
1414.495578515674 0.9995474219322205
1414.5164125006622 0.9999595880508423
1414.5372464845811 0.999951958656311
1414.5580804674323 0.9997631311416626
1414.578914449228 1.0000731945037842
1414.5997484299407 0.9999760985374451
1414.6205824096116 0.9998509883880615
1414.6414163882134 0.9999608397483826
1414.6622503657572 0.9997580051422119
1414.6830843422456 0.9998883008956909
1414.7039183176798 1.0000633001327515
1414.7247522920622 0.999942421913147
1414.7455862654049 0.9999290704727173
1414.7664202376789 0.9999855160713196
1414.7872542089265 1.0002471208572388
1414.8080881791197 0.9997650384902954
1414.8289221482696 1.0000121593475342
1414.8497561163788 0.999849796295166
1414.8705900834482 1.000101923942566
1414.8914240494803 1.0001097917556763
1414.9122580144865 1.0000698566436768
1414.9330919784381 0.9997534155845642
1414.9539259413773 0.9996433258056641
1414.9747599032753 0.9997892379760742
1414.9955938641444 0.9997192025184631
1415.0164278239852 0.9998738169670105
1415.0372617828007 0.9995502233505249
1415.0580957405907 0.9996446967124939
1415.0789296973685 0.9998320937156677
1415.0997636531151 0.9999745488166809
1415.1205976078413 0.9996165037155151
1415.1414315615498 0.999535322189331
1415.1622655142414 0.9999144673347473
1415.1830994659174 0.9994478821754456
1415.20393341658 1.0000065565109253
1415.2247673662298 1.0000433921813965
1415.2456013148792 0.9998303651809692
1415.2664352625093 0.999878466129303
1415.287269209131 0.9999083876609802
1415.3081031547465 0.999690055847168
1415.3289370993566 0.9996558427810669
1415.3497710429633 0.9998049139976501
1415.3706049855675 1.0002210140228271
1415.3914389271706 1.0001115798950195
1415.4122728677844 1.0000907182693481
1415.4331068073898 0.9999938011169434
1415.453940745998 0.9999086260795593
1415.4747746836108 0.9998776316642761
1415.4956086202296 0.999854564666748
1415.5164425558546 0.9999083876609802
1415.5372764904887 0.9997982978820801
1415.5581104241317 1.0001903772354126
1415.5789443567862 1.0000202655792236
1415.5997782884622 0.9998089671134949
1415.6206122191418 1.0001423358917236
1415.6414461488357 1.0001654624938965
1415.662280077546 0.9996839761734009
1415.6831140052727 0.9998762011528015
1415.703947932018 1.00013267993927
1415.7247818577928 0.9998465180397034
1415.7456157825777 0.9999762177467346
1415.766449706385 1.0000075101852417
1415.7872836292145 0.9997393488883972
1415.8081175510688 0.9998562335968018
1415.8289514719481 0.9999659061431885
1415.8497853918536 1.0002325773239136
1415.870619310787 0.9999496340751648
1415.891453228759 0.9998772144317627
1415.9122871457503 1.000008225440979
1415.933121061773 1.0000207424163818
1415.9539549768274 0.9997403025627136
1415.9747888909146 0.9999570846557617
1415.9956228040364 0.9999376535415649
1416.016456716193 1.0001473426818848
1416.037290627386 0.9998864531517029
1416.0581245376266 0.999839186668396
1416.0789584468953 0.9998378753662109
1416.0997923552034 1.0001064538955688
1416.120626262552 0.9997273683547974
1416.141460168942 1.0000795125961304
1416.1622940743748 0.9998093843460083
1416.1831279788505 1.0002014636993408
1416.2039618823812 1.0000079870224
1416.2247957849477 1.0000725984573364
1416.2456296865598 0.9998795390129089
1416.2664635872202 0.9999663233757019
1416.2872974869285 0.9999172687530518
1416.3081313856867 1.0000343322753906
1416.3289652835053 1.0000782012939453
1416.3497991803647 1.0000241994857788
1416.370633076277 1.0000152587890625
1416.3914669712422 0.9998433589935303
1416.4123008652618 1.0000832080841064
1416.4331347583363 1.0002187490463257
1416.4539686504672 1.0000556707382202
1416.474802541655 1.000026822090149
1416.4956364319107 0.9999372363090515
1416.5164703212154 1.000106692314148
1416.5373042095796 0.9999327063560486
1416.5581380970048 1.0000402927398682
1416.5789719834913 0.9999290704727173
1416.59980586904 0.9999405741691589
1416.6206397536623 1.0001909732818604
1416.6414736373288 1.0001329183578491
1416.6623075200805 1.0001482963562012
1416.6831414018882 1.0002086162567139
1416.7039752827625 1.0000959634780884
1416.7248091627046 0.9999901056289673
1416.745643041715 1.0001698732376099
1416.7664769197954 1.0001496076583862
1416.7873107969558 0.9999990463256836
1416.8081446731771 1.0000746250152588
1416.8289785484708 1.0000689029693604
1416.849812422837 1.0000598430633545
1416.8706462962768 1.0001246929168701
1416.8914801687915 1.0000691413879395
1416.912314040391 1.0001287460327148
1416.9748156496203 0.9998190402984619
1416.99564951752 0.9991583228111267
1417.016483384498 0.9981170296669006
1417.0373172505572 0.99899822473526
1417.0581511157072 0.9999711513519287
1417.0789849799285 0.9990785121917725
1417.0998188432332 0.9992161393165588
1417.1206527056206 0.9988684058189392
1417.1414865670927 0.9988439083099365
1417.1623204276495 0.9997610449790955
1417.1831542873024 0.9992090463638306
1417.2039881460319 0.9994323253631592
1417.2248220038484 0.9994309544563293
1417.2456558607535 0.9998889565467834
1417.2664897167472 0.9992696046829224
1417.287323571831 0.9990816712379456
1417.308157426005 0.9996510744094849
1417.3289912792802 0.9999949336051941
1417.3498251316378 0.9993220567703247
1417.370658983088 0.9993913173675537
1417.3914928336317 0.9990972876548767
1417.4123266832698 0.9992195963859558
1417.433160532003 0.9996857643127441
1417.4539943798325 0.9996316432952881
1417.4748282267683 0.9992371201515198
1417.4956620727914 0.9997941255569458
1417.5164959179128 1.000124454498291
1417.5373297621331 0.9998365044593811
1417.5581636054533 0.9999796748161316
1417.5789974478735 0.9994631409645081
1417.5998312893953 0.999881386756897
1417.6206651300292 0.9999987483024597
1417.6414989697555 1.0000711679458618
1417.6623328085855 0.9997645020484924
1417.68316664652 0.999853789806366
1417.7040004835587 1.0000417232513428
1417.7248343197139 0.9999262094497681
1417.7456681549654 0.9999127388000488
1417.7665019893238 1.0000619888305664
1417.787335822791 0.9998697638511658
1417.808169655366 0.9995206594467163
1417.8290034870513 0.9995956420898438
1417.8498373178465 0.999635636806488
1417.8706711477628 0.9999377727508545
1417.8915049767813 0.9997753500938416
1417.912338804912 0.9999728202819824
1417.9331726321561 0.9999034404754639
1417.9540064585142 0.9995537400245667
1417.9748402839873 0.999833345413208
1417.995674108586 1.000051498413086
1418.0165079322908 0.9998867511749268
1418.0373417551132 0.9999534487724304
1418.058175577053 0.999764621257782
1418.0790093981118 0.9999380707740784
1418.09984321829 0.9998208284378052
1418.1206770375882 0.9998260736465454
1418.1415108560177 0.9997403621673584
1418.162344673559 0.9997351765632629
1418.1831784902224 0.9998990893363953
1418.2040123060094 0.9999507069587708
1418.2248461209203 0.9998681545257568
1418.2456799349568 0.9999550580978394
1418.2665137481283 1.0000065565109253
1418.2873475604163 1.000079870223999
1418.3081813718318 0.9998798370361328
1418.3290151823749 0.9998902082443237
1418.3498489920473 1.0000840425491333
1418.3706828008592 1.0000689029693604
1418.3915166087913 1.000220775604248
1418.4123504158551 1.0000454187393188
1418.4331842220506 1.0001047849655151
1418.4540180273793 1.0000956058502197
1418.4748518318418 1.0000697374343872
1421.2457405798273 0.9656257033348083
1421.266574281244 0.9620237946510315
1421.287407982084 0.9623507261276245
1421.3082416823627 0.9593623876571655
1421.329075382088 0.9635840654373169
1421.3499090812652 0.9790624380111694
1421.3707427799125 0.9850516319274902
1421.391576478017 0.989521861076355
1421.4124101755956 0.9907992482185364
1421.433243872656 0.993005096912384
1421.4540775692062 0.9944056272506714
1421.4749112652637 0.995963454246521
1421.4957449608178 0.9970247745513916
1421.516578655886 0.997819185256958
1421.5374123504766 0.9984451532363892
1421.5582460446096 0.999409019947052
1421.5790797382735 0.9996680021286011
1421.5999134314877 1.0002301931381226
1421.620747124262 1.000177025794983
1421.6415808166062 1.000343680381775
1421.6624145085405 1.0004593133926392
1421.683248200056 1.0013482570648193
1421.7040818911723 1.001232624053955
1421.7249155819018 1.0013197660446167
1421.7457492722551 1.0013047456741333
1421.7665829622442 1.0012284517288208
1421.7874166518914 1.0015279054641724
1421.8082503411886 1.001039981842041
1421.8290840301593 1.0009597539901733
1421.8499177188164 1.001447081565857
1421.8707514071732 1.0015040636062622
1421.8915850952544 1.0019420385360718
1421.9124187830541 1.0019781589508057
1421.9332524705967 1.002115249633789
1421.9540861578985 1.001808524131775
1421.9749198449745 1.0016530752182007
1421.9957535318513 1.0016281604766846
1422.0165872185257 1.0017764568328857
1422.0374209050246 1.0017062425613403
1422.0582545913667 1.0018669366836548
1422.0790882775693 1.001857042312622
1422.0999219636624 1.0019646883010864
1422.1207556496452 1.001827597618103
1422.1415893355472 1.0019160509109497
1422.1624230213904 1.0018209218978882
1422.1832567072056 1.0018506050109863
1422.2040903929949 1.0017759799957275
1422.2249240787917 1.0016433000564575
1422.245757764619 1.0015630722045898
1422.266591450502 1.0014533996582031
1422.287425136475 1.0014069080352783
1422.308258822544 1.0012409687042236
1422.329092508747 1.0012400150299072
1422.34992619511 1.001100778579712
1422.370759881663 1.001051664352417
1422.3915935684445 1.0013498067855835
1422.4124272554654 1.0010987520217896
1422.4332609427674 1.000618815422058
1422.4540946303823 1.0009236335754395
1422.4749283183442 1.0007216930389404
1422.4957620066975 1.0006717443466187
1422.5165956954575 1.0005403757095337
1422.5374293846714 1.0003968477249146
1422.5582630743772 1.0002855062484741
1422.5790967646135 1.0001472234725952
1422.5999304554314 1.0004534721374512
1422.6207641468523 0.9996747374534607
1422.6415978389284 0.999837338924408
1422.6624315317054 0.9998840689659119
1422.6832652252374 0.9998287558555603
1422.7040989195516 0.9997465014457703
1422.7249326147069 0.9999880790710449
1422.7457663107518 0.999872624874115
1422.7666000077386 0.9999024271965027
1422.7874337057285 1.0003925561904907
1422.8082674047553 1.0002317428588867
1422.829101104885 1.0001640319824219
1422.849934806173 1.0004162788391113
1422.8707685086779 1.000361680984497
1422.8916022124681 0.9997085928916931
1422.912435917584 1.000691533088684
1422.9749370415775 0.9994410872459412
1422.9957707526623 1.0002772808074951
1423.0166044654004 1.0005131959915161
1423.0374381798583 1.0009840726852417
1423.0582718961018 1.0003986358642578
1423.0791056142082 1.000312328338623
1423.0999393342245 1.0006537437438965
1423.1207730562269 1.0011982917785645
1423.1416067802822 1.0007362365722656
1423.162440506466 1.0013161897659302
1423.1832742348238 1.00094473361969
1423.204107965428 1.0068541765213013
1423.2249416983402 1.0323370695114136
1423.2457754336206 1.0243785381317139
1423.2666091713354 1.0016746520996094
1423.2874429115184 1.0024052858352661
1423.3082766542304 1.0018588304519653
1423.329110399517 1.0007898807525635
1423.3499441474203 1.0013344287872314
1423.370777897986 1.0006415843963623
1423.391611651225 1.0003761053085327
1423.4124454071718 1.0004650354385376
1423.4332791658435 1.0002636909484863
1423.4541129272507 1.00049889087677
1423.474946691405 0.9998185634613037
1423.49578045828 1.0000447034835815
1424.5791377447579 0.9987706542015076
1424.5999715149137 0.9988505840301514
1424.620805283042 0.9989972710609436
1424.6416390491422 0.998674750328064
1424.6624728131856 0.9986958503723145
1424.6833065751734 0.9988018274307251
1424.7041403351018 0.9988371729850769
1424.7249740929662 0.9988813400268555
1424.745807848774 0.9988700747489929
1424.7666416025052 0.9986839294433594
1424.7874753541694 0.9988342523574829
1424.808309103768 0.9986596703529358
1424.829142851314 0.9990116357803345
1424.8499765967908 0.9986315965652466
1424.8708103402125 0.9987983107566833
1424.8916440815847 0.9983484148979187
1424.9124778209232 0.9985847473144531
1424.933311558214 0.9981477856636047
1424.9541452934752 0.9986791610717773
1424.9749790267135 0.9989228248596191
1424.9958127579478 0.9986786246299744
1425.016646487166 0.9987089037895203
1425.0374802143876 0.9988563656806946
1425.0583139396215 0.9986509680747986
1425.0791476628772 0.9988216161727905
1425.0999813841745 0.9984219670295715
1425.1208151035037 0.9985220432281494
1425.1416488208843 0.9988006949424744
1425.1624825363274 0.9984201788902283
1425.1833162498529 0.998839795589447
1425.2041499614513 0.9988247752189636
1425.2249836711437 0.998862624168396
1425.2458173789405 0.9987331032752991
1425.2666510848626 0.9988298416137695
1425.2874847889007 0.9989733695983887
1425.3083184910752 0.9992154240608215
1425.3291521913975 0.9990581274032593
1425.3499858898879 0.9990506768226624
1425.3708195865372 0.9991539716720581
1425.3916532813664 0.9991120100021362
1425.4124869743857 0.999038815498352
1425.433320665616 0.9988887310028076
1425.454154355048 0.9988353848457336
1425.4749880427016 0.9986042976379395
1425.4958217285875 0.9986870288848877
1425.516655412726 0.9986326098442078
1425.5374890951073 0.9991052746772766
1425.5583227757515 0.9987789392471313
1425.5791564546685 0.9990642070770264
1425.5999901318783 0.9991280436515808
1425.620823807371 0.999158501625061
1425.6416574811658 0.9992557168006897
1425.6624911532729 0.9990891218185425
1425.6833248237115 0.9992575645446777
1425.7041584924707 0.9991083145141602
1425.7249921595705 0.999254047870636
1425.7458258250194 0.9991485476493835
1425.766659488827 0.9989011287689209
1425.7874931510119 0.9986036419868469
1425.8083268115631 0.999042809009552
1425.8291604704993 0.9991475343704224
1425.8499941278392 0.9991225600242615
1425.870827783571 0.9992862939834595
1425.8916614377138 0.9989184737205505
1425.912495090275 0.9992166757583618
1425.9333287412635 0.9991265535354614
1425.954162390697 0.9992012977600098
1425.9749960385634 0.99892258644104
1425.9958296848808 0.9991854429244995
1426.0166633296672 0.9993599057197571
1426.0374969729094 0.9992972612380981
1426.0583306146257 0.9993029832839966
1426.079164254823 0.9994478225708008
1426.099997893519 0.9995763897895813
1426.1208315307008 0.999322235584259
1426.1416651663853 0.99957275390625
1426.1624988005801 0.9996131062507629
1426.1833324332915 0.9994622468948364
1426.2041660645368 0.9993332624435425
1426.2249996943026 0.9995525479316711
1426.2458333226052 0.9995322823524475
1426.2666669494517 0.9994044899940491
1426.287500574858 0.9994112253189087
1426.3083341988108 0.9992567896842957
1426.3291678213266 0.9994113445281982
1426.350001442421 0.9993019104003906
1426.3708350620802 0.9993777871131897
1426.391668680321 0.9995728135108948
1426.412502297148 0.9996790885925293
1426.4333359125683 0.9994552135467529
1426.454169526597 0.9994691014289856
1426.4750031392193 0.9994943737983704
1426.4958367504523 0.9994445443153381
1426.5166703603102 0.9995543360710144
1426.5375039687788 0.9995128512382507
1426.5583375758738 0.9994640350341797
1426.5791711816 0.9996746182441711
1426.6000047859732 0.9995046854019165
1426.620838388978 0.9993847012519836
1426.6416719906297 0.9993835687637329
1426.6625055909335 0.9993619918823242
1426.6833391898942 0.9994781017303467
1426.7041727875262 0.9993821382522583
1426.725006383815 0.9994746446609497
1426.7458399787754 0.9993395209312439
1426.766673572421 0.9994335770606995
1426.787507164738 0.9992583394050598
1426.80834075574 0.999527096748352
1426.8291743454308 0.9995785355567932
1426.8500079338166 0.9992834329605103
1426.8708415209105 0.9995152950286865
1426.8916751066968 0.9994632005691528
1426.9125086911906 0.9995735883712769
1426.9333422744053 0.9993076324462891
1426.9541758563253 0.9994550943374634
1426.9750094369651 0.9995859861373901
1426.9958430163279 0.9996599555015564
1427.0166765944282 0.9994602203369141
1427.0375101712505 0.9996213912963867
1427.0583437468072 0.9996856451034546
1427.0791773211035 0.9996160864830017
1427.1000108941523 0.9996898770332336
1427.1208444659378 0.9997016787528992
1427.141678036474 0.9994885325431824
1427.1625116057637 0.9996784925460815
1427.1833451738207 0.9995987415313721
1427.204178740629 0.9996927976608276
1427.225012306149 0.9999901652336121
1427.2458458704539 0.9997137784957886
1427.266679433569 0.9998403191566467
1427.2875129954593 0.9996869564056396
1427.3083465561272 0.9999669790267944
1427.329180115587 0.9997209310531616
1427.3500136738214 0.9996700286865234
1427.370847230843 0.9997077584266663
1427.3916807866565 0.9997855424880981
1427.4125143412737 0.9995474219322205
1427.4333478946778 0.9996355175971985
1427.4541814468828 0.9996894001960754
1427.4750149978904 0.9998222589492798
1427.4958485477146 0.9997838735580444
1427.5166820963384 0.9997413754463196
1427.5375156437735 0.9996461868286133
1427.5583491900245 0.9996000528335571
1427.620849821704 0.9995664954185486
1427.6416833632427 0.9994266033172607
1427.6625169036197 0.9997043013572693
1427.683350442819 0.9996824860572815
1427.704183980852 0.9996871948242188
1427.7250175177314 0.9996047616004944
1427.745851053441 0.999611496925354
1427.766684587992 0.9997302293777466
1427.7875181213874 0.9996986389160156
1427.8083516536394 0.9996991753578186
1427.8291851847316 0.9997255206108093
1427.8500187146751 0.9996632933616638
1427.870852243483 0.9998091459274292
1427.8916857711379 0.9997161626815796
1427.912519297651 0.9996134042739868
1427.933352823026 0.9995911121368408
1427.9541863472746 0.9996435642242432
1427.9750198703787 0.9999427199363708
1427.9958533923516 0.999769389629364
1428.0166869131942 0.999715268611908
1428.0375204329196 0.9997602105140686
1428.0583539515103 0.9996786117553711
1428.0791874689771 0.9998251795768738
1428.1000209853237 0.999835193157196
1428.120854500561 0.9995531439781189
1428.1416880146717 0.9996378421783447
1428.1625215276679 0.9997087717056274
1428.1833550395515 0.999707043170929
1428.2041885503338 0.9996598362922668
1428.2250220599985 0.9997758865356445
1428.2458555685562 0.9997205138206482
1428.2666890760188 0.9996024966239929
1428.2875225823693 0.9998156428337097
1428.308356087619 0.9994956851005554
1428.3291895917691 0.9996305704116821
1428.3500230948327 0.9996988773345947
1428.3708565967913 0.9999029040336609
1428.391690097656 0.9998587369918823
1428.4125235974298 0.999914288520813
1428.4333570961237 0.9997774362564087
1428.4541905937192 1.0000088214874268
1428.4750240902292 0.9997477531433105
1428.4958575856647 0.9995774030685425
1428.5166910800071 0.9997022151947021
1428.5375245732691 0.99977046251297
1428.5583580654513 0.9998204708099365
1428.5791915565665 0.9996697306632996
1428.6000250465959 0.9999933242797852
1428.6208585355503 0.9996004700660706
1428.6416920234426 0.999477744102478
1428.662525510254 0.9998515248298645
1428.6833589959954 0.9997113347053528
1428.7041924806697 0.9994614124298096
1428.7250259642874 0.9999735355377197
1428.7458594468303 0.9998335838317871
1428.7666929283105 0.9998641610145569
1428.7875264087386 0.9999181032180786
1428.8083598880967 0.9999653100967407
1428.8291933663966 0.9998828768730164
1428.8500268436387 0.9998511075973511
1428.8708603198354 0.9998699426651001
1428.891693794968 1.000040054321289
1428.9125272690478 0.9996978044509888
1428.9333607420763 0.9995478391647339
1428.9541942140647 0.9996230602264404
1428.9750276849948 0.9997995495796204
1428.9958611548777 1.000040888786316
1429.0166946237246 0.9997571110725403
1429.0375280915177 0.9997920989990234
1429.058361558267 0.9997398257255554
1429.0791950239754 0.9997936487197876
1429.1000284886427 0.999818742275238
1429.1208619522815 0.9999141693115234
1429.1416954148726 0.9999090433120728
1429.1625288764267 0.9999165534973145
1429.1833623369562 0.9997410178184509
1429.204195796442 0.9999698400497437
1429.2250292548945 0.9997694492340088
1429.245862712326 0.9998325109481812
1429.2666961687175 0.9999473690986633
1429.2875296240854 0.9998576641082764
1429.3083630784258 0.9999433755874634
1429.3291965317444 0.9998671412467957
1429.3500299840273 1.0000834465026855
1429.3708634352868 0.999884307384491
1429.3916968855228 0.9998020529747009
1429.4125303347473 0.9999760389328003
1429.4333637829416 0.9999992251396179
1429.4541972301158 0.9999727010726929
1429.475030676282 0.9997742772102356
1429.4958641214214 0.9999241232872009
1429.516697565544 0.9999133348464966
1429.5375310086524 1.0000971555709839
1429.5583644507567 0.9999663233757019
1429.5791978918382 0.9999040961265564
1429.6000313319082 1.0000367164611816
1429.6208647709773 0.999963641166687
1429.6416982090275 1.0000818967819214
1429.6625316460686 1.000017523765564
1429.6833650821127 0.9999642968177795
1429.7041985171409 0.9998437762260437
1429.7250319511631 1.0000745058059692
1429.7458653841913 0.9999813437461853
1429.7666988162068 1.0000545978546143
1429.7875322472194 1.0000016689300537
1429.8083656772312 1.0001304149627686
1429.8291991062529 0.9997910261154175
1429.8500325342645 1.0001163482666016
1429.870865961279 0.9999885559082031
1429.8916993872954 1.000030279159546
1429.912532812326 0.9999918341636658
1429.9333662363513 1.0000231266021729
1429.9541996593819 1.0000497102737427
1429.9750330814293 0.9998041987419128
1429.9958665024744 1.0000067949295044
1430.0166999225276 0.9998264312744141
1430.0375333416005 0.9997658729553223
1430.058366759674 0.9999412298202515
1430.0792001767581 1.0000420808792114
1430.100033592855 0.9998704791069031
1430.1208670079748 0.9997255802154541
1430.141700422098 0.99997478723526
1430.162533835237 0.9999209046363831
1430.1833672474008 0.9998536109924316
1430.2042006585718 0.9997038245201111
1430.2250340687604 0.9997809529304504
1430.245867477977 0.9998469352722168
1430.2667008862034 0.9997697472572327
1430.2875342934497 0.999819278717041
1430.3083676997169 0.9998356103897095
1430.3292011050157 0.9998672008514404
1430.3500345093273 0.9995826482772827
1430.370867912663 0.9995993971824646
1430.3917013150224 0.9997620582580566
1430.4125347164172 0.9996616840362549
1430.4333681168282 0.9997026324272156
1430.4542015162658 0.9996761083602905
1430.475034914741 0.9997528195381165
1430.495868312235 0.9997276067733765
1430.5167017087576 0.9994990825653076
1430.537535104311 0.9995266199111938
1430.558368498905 0.9996365904808044
1430.6208686768605 0.9999304413795471
1430.6417020675754 1.0000332593917847
1430.662535457326 1.0001903772354126
1430.683368846122 1.000311255455017
1430.7042022339438 1.0001678466796875
1430.7250356208033 1.00002920627594
1430.7458690067103 1.0001040697097778
1430.766702391646 1.0000008344650269
1430.7875357756216 1.0000874996185303
1430.808369158647 1.0000337362289429
1430.8292025407031 1.000059962272644
1430.8500359218012 1.0000171661376953
1430.8708693019416 1.0001895427703857
1430.8917026811353 1.0000567436218262
1430.9125360593628 1.0002013444900513
1430.9333694366346 1.0001318454742432
1430.9542028129522 1.0000821352005005
1430.9750361883257 1.0002367496490479
1430.9958695627358 1.0001773834228516
1431.016702936194 1.0002169609069824
1431.03753630871 1.0001121759414673
1431.0583696802648 1.0000065565109253
1431.0792030508699 1.000139832496643
1431.1000364205347 1.0000128746032715
1431.1208697892412 1.0001312494277954
1431.1417031569993 0.9999006390571594
1431.16253652381 1.0001447200775146
1431.1833698896837 1.0001769065856934
1431.2042032546017 1.0000194311141968
1431.2250366185742 1.0001020431518555
1431.2458699816118 1.00011146068573
1431.2667033436956 1.000084638595581
1431.2875367048364 1.0002810955047607
1431.3083700650443 1.0000543594360352
1431.3292034243002 1.0001049041748047
1431.3500367826152 1.000115156173706
1431.3708701399896 1.000240445137024
1431.391703496434 1.0001503229141235
1431.4125368519296 1.0000147819519043
1431.4333702064866 1.0001440048217773
1431.454203560116 1.0000616312026978
1431.4750369127983 1.00007164478302
1431.495870264544 0.999830961227417
1431.5167036153643 0.999919593334198
1431.5375369652395 1.0002726316452026
1431.5583703141801 1.000287652015686
1431.5792036621974 1.0001835823059082
1431.6000370092718 1.0000838041305542
1431.6208703554134 1.0001378059387207
1431.6417037006338 0.9999704957008362
1431.6625370449133 1.0002275705337524
1431.6833703882621 1.0002871751785278
1431.7042037306817 1.0000394582748413
1431.7250370721824 0.9999117851257324
1431.7458704127446 0.999825656414032
1431.7667037523795 0.9999205470085144
1431.7875370910974 1.0001124143600464
1431.808370428879 0.9998859167098999
1431.8292037657354 0.9998968839645386
1431.8500371016767 1.0001875162124634
1431.870870436684 1.0002076625823975
1431.891703770768 1.0002328157424927
1431.9125371039388 0.9999127984046936
1431.9333704361777 0.9999942779541016
1431.9542037674953 1.0001946687698364
1431.975037097892 1.0002635717391968
1431.9958704273788 1.000278115272522
1432.016703755936 1.0000842809677124
1432.0375370835748 1.000089406967163
1432.0583704103055 1.0001553297042847
1432.0792037361089 1.0001800060272217
1432.1000370609959 1.0001864433288574
1432.1208703849768 1.000237226486206
1432.1417037080323 0.9999953508377075
1432.1625370301738 1.0003141164779663
1432.1833703514112 1.0001777410507202
1432.2042036717255 1.000194787979126
1432.2250369911276 1.0003122091293335
1432.2458703096177 1.0002601146697998
1432.266703627207 1.000187873840332
1432.2875369438764 1.0002734661102295
1432.3083702596357 1.0002471208572388
1432.3292035744964 1.00021231174469
1432.3500368884393 1.0003811120986938
1432.3708702014744 1.0001345872879028
1432.391703513613 1.000484824180603
1432.4125368248358 1.0003265142440796
1432.4333701351532 1.0003552436828613
1432.4542034445765 1.0004026889801025
1432.4750367530855 1.0001920461654663
1432.4958700606924 1.0003130435943604
1432.5167033674068 1.000314712524414
1432.5375366732094 1.0004150867462158
1432.5583699781118 1.0001329183578491
1432.5792032821244 1.0002081394195557
1432.6000365852271 1.0002294778823853
1432.6208698874325 1.000291347503662
1432.6417031887397 1.0002449750900269
1432.66253648916 1.0000650882720947
1432.6833697886748 1.000146508216858
1432.7042030872942 1.000159502029419
1432.7250363850287 1.0003676414489746
1432.7458696818605 1.0001600980758667
1432.766702977799 1.00002920627594
1432.7875362728555 0.9998354315757751
1432.8083695670114 0.9997879862785339
1432.8292028602764 0.999865710735321
1432.8500361526621 0.9999144077301025
1432.8708694441495 1.0000054836273193
1432.891702734749 0.9995566010475159
1432.9125360244714 0.9998693466186523
1432.9333693132983 0.9999478459358215
1432.9542026012398 1.0000128746032715
1432.975035888297 1.0000391006469727
1432.9958691744805 1.0000452995300293
1433.0167024597724 0.999875009059906
1433.037535744182 0.9999294281005859
1433.0583690277215 0.9998345971107483
1433.0792023103716 0.9997511506080627
1433.1000355921421 0.9998438954353333
1433.1208688730453 0.9999138712882996
1433.1417021530622 0.9997547268867493
1433.1625354322023 1.0000327825546265
1433.1833687104781 0.9999125003814697
1433.2042019878702 0.9999641180038452
1433.225035264389 1.0000497102737427
1433.245868540046 1.0001890659332275
1433.266701814823 0.9999607801437378
1433.287535088729 1.0001370906829834
1433.308368361777 1.0000606775283813
1433.3292016339476 0.9999191164970398
1433.3500349052508 1.0002121925354004
1433.3708681756991 1.0000215768814087
1433.3917014452734 1.000008463859558
1433.4125347139836 0.9999668002128601
1433.4333679818324 0.9999839067459106
1433.45420124883 0.9999189972877502
1433.4750345149573 0.9997249841690063
1433.4958677802267 0.9999514818191528
1433.5167010446482 0.9999792575836182
1433.5375343082037 0.9999062418937683
1433.5583675709045 0.9997305274009705
1433.6208673539093 1.000459909439087
1433.6417006132026 1.000165581703186
1433.6625338716476 1.0002979040145874
1433.6833671292554 1.0003849267959595
1433.7042003860074 1.0004619359970093
1433.7250336419152 1.000597596168518
1433.7458668969898 1.0004411935806274
1433.7667001512127 1.0004749298095703
1433.7875334045957 1.000184178352356
1433.80836665715 1.000236988067627
1433.829199908857 1.000279188156128
1433.8500331597286 1.0002784729003906
1433.870866409766 1.0005191564559937
1433.8916996589812 1.0003687143325806
1433.9125329073554 1.000288486480713
1433.9333661549 1.0004277229309082
1433.9541994016276 1.0001916885375977
1433.9750326475191 1.000418782234192
1433.9958658925862 1.0003727674484253
1434.0166991368412 1.000298023223877
1434.0375323802655 1.0003502368927002
1434.0583656228707 1.0004013776779175
1434.0791988646693 1.000203251838684
1434.1000321056426 1.0001440048217773
1434.120865345803 1.0004392862319946
1434.141698585162 1.0004101991653442
1434.1625318237016 1.0003869533538818
1434.1833650614442 0.9999920725822449
1434.2041982984058 1.0002992153167725
1434.2250315345605 1.00033700466156
1434.2458647698843 1.0003547668457031
1434.2666980044194 1.0004932880401611
1434.2875312381475 1.0001895427703857
1434.3083644710819 1.0004898309707642
1434.3291977032345 1.0002645254135132
1434.3500309345873 1.0002102851867676
1434.370864165153 1.0004280805587769
1434.3916973949445 1.0007761716842651
1434.4125306239434 1.0005755424499512
1434.4333638521632 1.0002917051315308
1434.454197079616 1.0006247758865356
1434.4750303062845 1.0001780986785889
1434.4958635321816 1.000572681427002
1434.5166967573202 1.0003212690353394
1434.5375299816826 1.0004167556762695
1434.5583632052826 1.0005228519439697
1434.5791964281323 1.0005755424499512
1434.6000296502154 1.000624179840088
1434.6208628715451 1.0005950927734375
1434.641696092134 1.00044846534729
1434.6625293119655 1.0005967617034912
1434.6833625310537 1.00072181224823
1434.7041957494112 1.0004644393920898
1434.7250289670214 1.0005810260772705
1434.7458621839085 1.0002421140670776
1434.7666954000563 1.0002415180206299
1434.7875286154776 1.0006169080734253
1434.808361830187 1.000434160232544
1434.8291950441687 1.0002877712249756
1434.8500282574355 1.0004379749298096
1434.870861470003 1.000368595123291
1434.891694681855 1.0004607439041138
1434.9125278930048 1.00041663646698
1434.9333611034683 1.0006102323532104
1434.9541943132294 1.0007553100585938
1434.9750275223025 1.0004773139953613
1434.9958607306933 1.000509262084961
1435.016693938416 1.0003776550292969
1435.0375271454552 1.000457525253296
1435.0583603518373 1.0005024671554565
1435.0791935575471 1.0005316734313965
1435.1000267625998 1.0004839897155762
1435.1208599670115 1.000518560409546
1435.1416931707674 1.0005693435668945
1435.1625263738838 1.0007377862930298
1435.183359576377 1.0005443096160889
1435.2041927782327 1.0004605054855347
1435.2250259794673 1.000566840171814
1435.245859180088 1.0006436109542847
1435.2666923801112 1.000572919845581
1435.2875255795238 1.0004314184188843
1435.3083587783533 1.0005223751068115
1435.3291919765868 1.0005568265914917
1435.350025174242 1.0005649328231812
1435.370858371337 1.0005029439926147
1435.391691567859 1.0008187294006348
1435.4125247638274 1.000527262687683
1435.4333579592599 1.0006721019744873
1435.4541911541453 1.000648021697998
1435.4750243485032 1.0004597902297974
1435.4958575423527 1.0005918741226196
1435.5166907356831 1.0005642175674438
1435.5375239285247 1.000744104385376
1435.5583571208676 1.0005407333374023
1435.579190312732 1.0004371404647827
1435.600023504139 1.0006322860717773
1435.6208566950802 1.0003970861434937
1435.6416898855764 1.0004866123199463
1435.66252307565 1.0006439685821533
1435.6833562652935 1.0004796981811523
1435.704189454529 1.0005347728729248
1435.7250226433796 1.0004953145980835
1435.7458558318394 1.0005723237991333
1435.7666890199325 1.0005213022232056
1435.7875222076825 1.0005555152893066
1435.8083553950853 1.0004435777664185
1435.829188582166 1.0005602836608887
1435.8500217689498 1.000197410583496
1435.8708549554349 1.0004879236221313
1435.891688141647 1.0003513097763062
1435.9125213276138 1.0002738237380981
1435.9333545133345 1.0005302429199219
1435.9541876988376 1.0000752210617065
1435.975020884152 1.000076174736023
1435.9958540692794 1.000401258468628
1436.0166872542497 1.0003368854522705
1436.0375204390948 1.000138759613037
1436.058353623818 1.0001896619796753
1436.079186808452 1.0004452466964722
1436.1000199930309 1.000114917755127
1436.12085317756 1.000118613243103
1436.1416863620761 1.0004338026046753
1436.1625195466147 1.0001686811447144
1436.183352731185 1.0002726316452026
1436.204185915836 1.0000892877578735
1436.225019100577 1.0003010034561157
1436.2458522854497 1.000403881072998
1436.266685470497 1.0003138780593872
1436.2875186557314 1.0001188516616821
1436.3083518411988 1.0005079507827759
1436.329185026945 1.0003241300582886
1436.350018212988 1.000731348991394
1436.3708513993765 1.0002700090408325
1436.391684586161 1.0002021789550781
1436.412517773364 1.0002695322036743
1436.4333509610385 1.000301718711853
1436.4541841492405 1.0001450777053833
1436.4750173379966 1.0005388259887695
1436.4958505273758 1.0002765655517578
1436.5166837174081 1.0003182888031006
1436.537516908157 1.000142216682434
1436.5583500996865 0.9998384714126587
1436.6208496794532 1.0010454654693604
1436.6416828746403 1.0006614923477173
1436.6625160709013 1.000597596168518
1436.6833492683136 1.000813364982605
1436.7041824669259 1.0006828308105469
1436.7250156668306 1.0008560419082642
1436.745848868081 1.0008736848831177
1436.7666820707639 1.00105619430542
1436.7875152749675 1.0011008977890015
1436.808348480752 1.001261591911316
1436.8291816882106 1.0009623765945435