1790.6814715940172 0.9952702522277832
1790.7023048228907 0.9949304461479187
1790.723138049403 0.9946318864822388
1790.7439712737187 0.9941562414169312
1790.7648044957878 0.9936711192131042
1790.7856377157664 0.9933744072914124
1790.8064709336038 0.993429958820343
1790.8273041494476 0.9931519627571106
1790.8481373632471 0.9924092888832092
1790.8689705751426 0.9914826154708862
1790.8898037850827 0.9914499521255493
1790.9106369932015 0.9913740754127502
1790.9314701994474 0.9920649528503418
1790.9523034039476 0.9908121228218079
1790.9731366066508 0.9913181662559509
1790.993969807678 0.9910005331039429
1791.0148030069786 0.9908891916275024
1791.0356362046678 0.9918532967567444
1791.0564694006953 0.9914380311965942
1791.0773025951712 0.9917712211608887
1791.098135788045 0.99216228723526
1791.3898003383115 0.9958955645561218
1791.4106335106069 0.9967498183250427
1791.4314666816506 0.9968340992927551
1791.4522998515213 0.9969896078109741
1791.4731330201723 0.9968820810317993
1791.4939661876792 0.9974446296691895
1791.514799353996 0.9971730709075928
1791.5356325191965 0.9965908527374268
1791.5564656832348 0.996166467666626
1791.5772988461829 0.9962108135223389
1791.598132007995 0.9963449239730835
1791.618965168741 0.9959244728088379
1791.6397983283762 0.9951477646827698
1791.6606314869675 0.9954938888549805
1791.6814646444716 0.9952754378318787
1791.7022978009538 0.995328426361084
1791.7231309563704 0.9944771528244019
1791.7439641107856 0.995364785194397
1791.7647972641562 0.9941992163658142
1791.785630416544 0.9947806596755981
1791.8064635679073 0.9949343800544739
1791.8272967183061 0.995013415813446
1791.8481298676988 0.9950674176216125
1791.8689630161446 0.9946469068527222
1791.8897961636014 0.9954102635383606
1791.9106293101274 0.995436429977417
1791.9314624556819 0.9955984950065613
1791.952295600321 0.9958397150039673
1791.9731287440038 0.9958294630050659
1791.9939618867863 0.9961118102073669
1792.0147950286278 0.9962363243103027
1792.0356281695824 0.9970746040344238
1792.0564613095983 0.9969186782836914
1792.0772944487294 0.997607409954071
1792.0981275869601 0.998278021812439
1792.1189607243414 0.9981898665428162
1792.139793860823 0.998370885848999
1792.1606269964552 0.999688446521759
1792.1814601312005 0.9996452927589417
1792.2022932651084 1.0010569095611572
1792.223126398141 1.001301646232605
1792.243959530347 1.0024724006652832
1792.2647926616887 1.0031405687332153
1792.2856257922142 1.0038251876831055
1792.3064589218868 1.004923939704895
1792.3272920507532 1.005255937576294
1792.3481251787766 1.0064101219177246
1792.3689583060034 1.0075124502182007
1792.3897914323973 1.0078585147857666
1792.4106245580035 1.009021520614624
1792.4314576827865 1.0100414752960205
1792.4522908067906 1.010606288909912
1792.4731239299806 1.0117510557174683
1792.4939570524002 1.0123968124389648
1792.514790174014 1.0133845806121826
1792.5356232948654 1.0145173072814941
1792.5564564149197 1.0152579545974731
1792.5772895342195 1.0160396099090576
1792.59812265273 1.0172364711761475
1792.6189557704934 1.0177555084228516
1792.639788887475 1.0183439254760742
1792.660622003717 1.0188417434692383
1792.6814551191846 1.0194112062454224
1792.7022882339295 1.0189200639724731
1792.7231213478872 1.0204124450683594
1792.7439544611384 1.0207394361495972
1792.7647875736097 1.0208818912506104
1792.7856206853805 1.0209652185440063
1792.806453796378 1.0212239027023315
1792.8272869066818 1.021756887435913
1792.8481200162184 1.0214930772781372
1792.8689531250668 1.020883321762085
1792.8897862331546 1.0207090377807617
1792.9106193405596 1.020363211631775
1792.93145244721 1.0198720693588257
1792.9522855531832 1.01914644241333
1792.9731186584077 1.018546223640442
1792.9939517629603 1.0180610418319702
1793.0147848667693 1.0169477462768555
1793.0356179699118 1.0163710117340088
1793.0564510723161 1.0154370069503784
1793.077284174059 1.0146007537841797
1793.098117275079 1.0140011310577393
1793.1189503754222 1.0130761861801147
1793.1397834750574 1.0121597051620483
1793.1606165740202 1.0111721754074097
1793.1814496722702 1.0100349187850952
1793.2022827698725 1.0091265439987183
1793.2231158667666 1.0081889629364014
1793.2439489629974 1.0072628259658813
1793.2647820585344 1.0061731338500977
1793.285615153412 1.0052645206451416
1793.3064482475907 1.0044889450073242
1793.3272813411343 1.0032241344451904
1793.3481144339828 1.0026302337646484
1793.3689475261804 1.0019420385360718
1793.389780617697 1.00138258934021
1793.4106137085664 1.000638484954834
1793.431446798759 0.9998874664306641
1793.4522798883083 0.9992761015892029
1793.4731129771849 0.9988714456558228
1793.4939460654216 0.9977761507034302
1793.5147791529891 0.9976184964179993
1793.5356122399205 0.9972075819969177
1793.5564453261866 0.9969503283500671
1793.5772784118199 0.9964184761047363
1793.5981114967915 0.9961282014846802
1793.6189445811335 0.9958956837654114
1793.6397776648175 0.9958575367927551
1793.660610747875 0.9952986240386963
1793.6814438302779 0.9950999617576599
1793.7022769120579 0.9952458143234253
1793.7231099931864 0.9950419068336487
1793.7439430737052 0.995180606842041
1793.7647761535554 0.9953593611717224
1793.7856092327988 0.9953293204307556
1793.8064423113974 0.9952600002288818
1793.8272753893918 0.9954391717910767
1793.8481084667244 0.9956866502761841
1793.868941543466 0.995650589466095
1793.8897746195487 0.9955331683158875
1793.9106076950427 0.9956353306770325
1793.931440769881 0.9959235191345215
1793.9522738441337 0.9957902431488037
1793.9731069177335 0.9956881999969482
1793.9939399907503 0.9959096312522888
1794.0147730631168 0.9961559176445007
1794.0356061349028 0.9962834119796753
1794.0564392060414 0.9964666962623596
1794.0772722766023 0.9965489506721497
1794.0981053465284 0.9967184066772461
1794.1189384158592 0.9965823292732239
1794.139771484568 0.996871829032898
1794.1606045526835 0.9966920614242554
1794.1814376201696 0.996675431728363
1794.2022706870853 0.9966817498207092
1794.2231037533738 0.9968810677528381
1794.2439368190744 0.9968175292015076
1794.2647698841602 0.9963963627815247
1794.28560294866 0.9964454770088196
1794.3064360125477 0.9963371753692627
1794.327269075852 0.9962536692619324
1794.3481021385462 0.9961107969284058
1794.368935200659 0.9960671067237854
1794.3897682621646 0.9959438443183899
1794.4106013230905 0.9958570003509521
1794.4314343834114 0.9955093264579773
1794.452267443155 0.9954379200935364
1794.473100502296 0.9953698515892029
1794.4939335608715 0.9952958226203918
1794.5147666188266 0.9953449964523315
1794.535599676228 0.9948388934135437
1794.5564327330114 0.9943623542785645
1794.5772657892435 0.9942977428436279
1794.5980988448591 0.9945347309112549
1794.6189318999257 0.9946590065956116
1794.639764954378 0.9943462610244751
1794.6605980082827 0.9941643476486206
1794.6814310615755 0.9938166737556458
1794.7022641143228 0.9942619800567627
1794.7230971664699 0.9941591024398804
1794.7439302180535 0.9946490526199341
1794.764763269049 0.9945852756500244
1794.7855963194822 0.9948229789733887
1794.8064293693199 0.9951287508010864
1794.8272624186172 0.9949561953544617
1794.8480954673205 0.99517422914505
1794.8689285154658 0.9957138299942017
1794.8897615630285 0.9960557818412781
1794.9105946100349 0.9965574741363525
1794.9314276564603 0.9972240924835205
1794.973093747624 0.9984071850776672
1794.9939267923637 0.9983083605766296
1795.0147598365263 0.9996529817581177
1795.035592880138 1.0001908540725708
1795.0564259231724 1.000952959060669
1795.077258965656 1.0014606714248657
1795.098092007568 1.0023101568222046
1795.1189250489435 1.0033435821533203
1795.1397580897278 1.0038398504257202
1795.1605911299855 1.0046932697296143
1795.1814241696534 1.0054045915603638
1795.2022572087967 1.0060410499572754
1795.223090247352 1.0073411464691162
1795.2439232853842 1.0081205368041992
1795.26475632283 1.008872628211975
1795.285589359754 1.0096267461776733
1795.3064223960935 1.0105713605880737
1795.327255431913 1.0118591785430908
1795.3480884671496 1.0126063823699951
1795.3689215018676 1.0135252475738525
1795.3897545360144 1.0148009061813354
1795.410587569624 1.0153316259384155
1795.4314206026738 1.0159828662872314
1795.4522536351885 1.0168421268463135
1795.4730866671448 1.0177756547927856
1795.4939196985674 1.0184383392333984
1795.5147527294334 1.0189064741134644
1795.535585759767 1.0192010402679443
1795.5564187895454 1.0197983980178833
1795.577251818793 1.019930124282837
1795.5980848474874 1.020635724067688
1795.6189178756622 1.0205092430114746
1795.6397509032652 1.0201481580734253
1795.66058393036 1.0204033851623535
1795.6814169568845 1.0204521417617798
1795.7022499829025 1.0203739404678345
1795.723083008352 1.019608974456787
1795.7439160332963 1.019020915031433
1795.7647490576733 1.018904209136963
1795.7855820815464 1.01834237575531
1795.806415104854 1.017540454864502
1795.8272481276592 1.0171507596969604
1795.8480811499105 1.016319751739502
1795.8689141716409 1.0156707763671875
1795.8897471928285 1.0147058963775635
1795.9105802134966 1.0138646364212036
1795.9314132336235 1.0128912925720215
1795.9522462532325 1.0121017694473267
1795.973079272302 1.0113507509231567
1795.9939122908545 1.0102899074554443
1796.0147453088691 1.0095025300979614
1796.0355783263783 1.0082392692565918
1796.0564113433309 1.0072128772735596
1796.0772443597893 1.0064359903335571
1796.098077375693 1.0055969953536987
1796.118910391104 1.0044522285461426
1796.1397434059613 1.0035638809204102
1796.1605764203275 1.0027433633804321
1796.1814094341414 1.0017849206924438
1796.2022424474656 1.0011955499649048
1796.223075460239 1.0004868507385254
1796.243908472524 0.9998699426651001
1796.2647414842702 0.9991568922996521
1796.2855744955089 0.9985636472702026
1796.3064075062198 0.9980157017707825
1796.3272405164253 0.9977027773857117
1796.3480735261046 0.9968974590301514
1796.3689065352794 0.9963789582252502
1796.3897395439296 0.9960341453552246
1796.410572552077 0.995661735534668
1796.4314055597008 0.9957041144371033
1796.452238566823 0.9953896403312683
1796.4730715734238 0.9953036904335022
1796.4939045795343 0.9947910904884338
1796.5147375851045 0.9948165416717529
1796.5355705901957 0.9948890209197998
1796.5564035947482 0.9946438670158386
1796.5772365988232 0.994918942451477
1796.5980696023612 0.995033323764801
1796.618902605423 0.9947158098220825
1796.6397356079592 0.9947120547294617
1796.6605686100004 0.9950562715530396
1796.6814016115175 0.9950906038284302
1796.7022346125614 0.9950851202011108
1796.7230676130825 0.9952067136764526
1796.7439006131117 0.995446503162384
1796.76473361263 0.9954684972763062
1796.7855666116573 0.9957118630409241
1796.806399610175 0.9959561824798584
1796.8272326082038 0.9959591031074524
1796.8480656057247 0.9962183833122253
1796.8688986027676 0.9963951706886292
1796.8897315992842 0.9962640404701233
1796.9105645953343 0.9963160157203674
1796.9313975908594 0.9965597987174988
1796.95223058592 0.9963915944099426
1796.973063580457 0.9967041611671448
1796.9938965745307 0.996430516242981
1797.0147295680827 0.9965435862541199
1797.0355625611726 0.99656742811203
1797.056395553742 0.9961240887641907
1797.0772285458513 0.9963798522949219
1797.098061537452 0.9964244961738586
1797.1188945285735 0.99656742811203
1797.1397275191982 0.996297299861908
1797.1605605093455 0.9959589838981628
1797.181393498997 0.9960219860076904
1797.2022264881728 0.9957170486450195
1797.223059476855 0.9958879947662354
1797.2438924650728 0.9956103563308716
1797.2647254527785 0.9954032897949219
1797.285558440031 0.9952924847602844
1797.3063914267732 0.9950279593467712
1797.3272244130642 0.9950564503669739
1797.3480573988465 0.9947898387908936
1797.3688903841792 0.9946237802505493
1797.3897233690147 0.9943690896034241
1797.4105563533822 0.9943323731422424
1797.4313893372641 0.994036078453064
1797.4522223206798 0.994570255279541
1797.473055303612 0.9942383766174316
1797.493888286079 0.9943451881408691
1797.5147212680647 0.9945656657218933
1797.5355542495968 0.9944295287132263
1797.5563872306288 0.9946226477622986
1797.5772202112196 0.9946238994598389
1797.5980531913121 0.9949291944503784
1797.6188861709647 0.9949215054512024
1797.6397191501214 0.995181679725647
1797.6605521288395 0.9954816699028015
1797.6813851070633 0.9955860376358032
1797.7022180848505 0.9959446787834167
1797.7230510621555 0.9965530037879944
1797.7438840390057 0.9969362020492554
1797.7647170153855 0.9972020387649536
1797.7855499913123 0.9981667995452881
1797.8063829667703 0.9987449645996094
1797.8272159417775 0.9990575313568115
1797.848048916318 0.9997443556785583
1797.8688818904193 1.0003033876419067
1797.8897148640363 1.0008867979049683
1797.9105478372255 1.001854419708252
1797.9313808099323 1.0023475885391235
1797.9522137822137 1.0031492710113525
1797.9730467540148 1.0041444301605225
1797.9938797253922 1.004967212677002
1798.0147126963016 1.0058730840682983
1798.0355456667692 1.006764531135559
1798.0563786367807 1.0076357126235962
1798.0772116063529 1.0085811614990234
1798.098044575471 1.0092140436172485
1798.1188775441517 1.0101383924484253
1798.139710512381 1.0111621618270874
1798.1605434801845 1.0120177268981934
1798.1813764475187 1.0130460262298584
1798.2022094144297 1.0136895179748535
1798.223042380894 1.0146995782852173
1798.2438753469369 1.0153998136520386
1798.2647083125153 1.0161172151565552
1798.2855412776846 1.017077922821045
1798.306374242392 1.0178613662719727
1798.3272072066925 1.018473505973816
1798.3480401705435 1.0186576843261719
1798.36887313397 1.0193153619766235
1798.3897060969598 1.0196634531021118
1798.410539059527 1.019803762435913
1798.43137202166 1.020272135734558
1798.4522049833733 1.0204025506973267
1798.473037944655 1.0205416679382324
1798.4938709055293 1.0206756591796875
1798.5147038659547 1.0201215744018555
1798.5355368259852 1.0197992324829102
1798.5563697855696 1.0194799900054932
1798.5772027447617 1.0189038515090942
1798.5980357035105 1.0183519124984741
1798.6188686618698 1.0176085233688354
1798.6397016197984 1.0171078443527222
1798.6605345773205 1.016278624534607
1798.6813675344247 1.0157579183578491
1798.702200491125 1.0147831439971924
1798.7230334474111 1.0143390893936157
1798.7438664033057 1.0134190320968628
1798.7646993587691 1.0126155614852905
1798.7855323138542 1.011499047279358
1798.8063652685112 1.0106256008148193
1798.8271982227927 1.0094386339187622
1798.8480311766498 1.0087330341339111
1798.8688641301344 1.007869839668274
1798.8896970832077 1.0065934658050537
1798.9105300358917 1.0058326721191406
1798.9313629881779 1.0046249628067017
1798.9521959400781 1.0037178993225098
1798.9730288915844 1.002678632736206
1798.9938618427177 1.0021251440048218
1799.0146947934409 1.0015738010406494
1799.0355277438046 1.0006359815597534
1799.0563606937765 1.000064730644226
1799.0771936434064 0.999305009841919
1799.098026592619 0.9988822937011719
1799.1188595414653 0.9980282783508301
1799.1396924899232 0.9974251985549927
1799.1605254380122 0.9969418048858643
1799.1813583857268 0.9961536526679993
1799.2230242800565 0.9962451457977295
1799.2438572266753 0.9955732822418213
1799.2646901729286 0.9955412745475769
1799.2855231188353 0.9953815937042236
1799.3063560643602 0.994939923286438
1799.3271890095532 0.9947357773780823
1799.3480219543694 0.9948814511299133
1799.3688548988575 0.9945101737976074
1799.3896878429741 0.9947550892829895
1799.410520786767 0.9948023557662964
1799.431353730203 0.9945611357688904
1799.4521866733003 0.9950016736984253
1799.473019616056 0.9950194358825684
1799.4938525584778 0.9953493475914001
1799.5146855005632 0.9952099919319153
1799.5355184423197 0.9951810240745544
1799.556351383745 0.9954516291618347
1799.577184324857 0.9953408241271973
1799.5980172656239 0.9955706596374512
1799.618850206092 0.9954236745834351
1799.6396831462316 0.9958275556564331
1799.660516086058 0.9959163665771484
1799.6813490255713 0.9958789348602295
1799.7021819647775 0.9961866736412048
1799.7230149036775 0.996582567691803
1799.743847842276 0.9964532852172852
1799.764680780575 0.9965768456459045
1799.7855137185886 0.996700644493103
1799.8063466562896 0.9965636134147644
1799.8271795937217 0.9967131018638611
1799.8480125308486 0.9964843988418579
1799.868845467713 0.9964279532432556
1799.8896784042797 0.9964423179626465
1799.9105113405913 0.9967278838157654
1799.9313442766224 0.996583104133606
1799.9521772123855 0.9962884187698364
1799.9730101478872 0.9964656233787537
1799.993843083128 0.9963572025299072
1800.0146760181156 0.9963412880897522
1800.03550895286 0.9957100749015808
1800.0563418873403 0.9957531094551086
1800.077174821596 0.9955891370773315
1800.0980077555964 0.9952298998832703
1800.1188406893807 0.9952954053878784
1800.1396736229294 0.9951931238174438
1800.1605065562512 0.995396077632904
1800.1813394893572 0.9948232173919678
1800.2021724222457 0.9947460889816284
1800.2230053549292 0.9946932196617126
1800.2438382874045 0.9944725036621094
1800.2646712196863 0.9944887161254883
1800.28550415178 0.9945554137229919
1800.3063370836717 0.9945189356803894
1800.3271700153962 0.9943908452987671
1800.3480029469308 0.9946765899658203
1800.3688358783095 0.9942366480827332
1800.389668809521 0.99462890625
1800.4105017405684 0.9946343302726746
1800.4313346714716 0.994858980178833
1800.4521676022234 0.9950752854347229
1800.4730005328458 0.9955872893333435
1800.4938334633393 0.9955175518989563
1800.514666393698 0.9961105585098267
1800.5354993239516 0.996228814125061
1800.5563322540863 0.9969038963317871
1800.5771651841305 0.9975370764732361
1800.597998114082 0.997634768486023
1800.6188310439384 0.9981055855751038
1800.6396639737295 0.9990317821502686
1800.6604969034413 0.9996504187583923
1800.6813298331067 1.0000574588775635
1800.7021627627098 1.0010368824005127
1800.7229956922856 1.001878261566162
1800.7438286218276 1.0022625923156738
1800.7646615513427 1.0033621788024902
1800.7854944808525 1.0038659572601318
1800.806327410358 1.0051454305648804
1800.8271603398784 1.0058552026748657
1800.8479932694277 1.0071827173233032
1800.8688261989932 1.0077614784240723
1800.8896591286223 1.0085312128067017
1800.9104920582904 1.0094950199127197
1800.9313249880481 1.0104855298995972
1800.9521579178795 1.0116091966629028
1800.9729908478087 1.0125144720077515
1800.993823777847 1.013582706451416
1801.0146567080128 1.014039158821106
1801.035489638315 1.0148004293441772
1801.0563225687872 1.015770435333252
1801.0771554994055 1.0165493488311768
1801.0979884302374 1.0175625085830688
1801.1188213612468 1.018567681312561
1801.1396542925063 1.0193374156951904
1801.160487223987 1.0197266340255737
1801.181320155737 1.020039677619934
1801.2021530877546 1.0202884674072266
1801.2229860200835 1.0206345319747925
1801.2438189527186 1.0214239358901978
1801.26465188572 1.0211941003799438
1801.2854848190493 1.0211260318756104
1801.306317752804 1.021086573600769
1801.3271506869316 1.021525263786316
1801.3479836215367 1.021224856376648
1801.3688165565734 1.0210736989974976
1801.3896494921241 1.0200852155685425
1801.4104824281685 1.0201109647750854
1801.4313153647886 1.0197715759277344
1801.4521483019591 1.0192008018493652
1801.4729812397816 1.0187724828720093
1801.4938141781956 1.0188159942626953
1801.5146471173437 1.0182411670684814
1801.5354800571497 1.0169481039047241
1801.5563129977681 1.0158919095993042
1801.5771459391167 1.015455961227417
1801.597978881363 1.0158196687698364
1801.6188118244277 1.0141663551330566
1801.6396447684624 1.0142310857772827
1801.660477713411 1.0125129222869873
1801.6813106594407 1.0131663084030151
1801.7021436064574 1.0120151042938232
1801.722976554675 1.0116455554962158
1801.743809503981 1.0097079277038574
1801.7646424546078 1.0105644464492798
1801.7854754064433 1.010678768157959
1801.80630835971 1.0098862648010254
1801.8271413143168 1.007323980331421
1801.8479742704965 1.0071334838867188
1801.8688072281473 1.0061014890670776
1801.8896401875354 1.0109809637069702
1801.910473148517 1.0052335262298584
1801.9313061114135 1.0104775428771973
1801.9521390760578 1.0051774978637695
1801.9729720427977 1.0051045417785645
1801.9938050114615 1.005279541015625
1802.0146379823937 1.015763521194458
1802.0354709554379 1.0157577991485596
1802.0563039309595 1.0080469846725464
1802.077136908786 1.0199490785598755
1802.0979698893038 1.021283745765686
1802.118802872295 1.007066249847412
1802.1396358582087 1.0087592601776123
1802.1604688468099 1.0091843605041504
1802.1813018385274 1.0102322101593018
1802.2021348331396 1.0100572109222412
1802.2229678310764 1.0273059606552124
1802.243800832071 1.0318492650985718
1802.2646338365676 1.010746717453003
1802.2854668442762 1.0130224227905273
1802.3062998556006 1.0130038261413574
1802.3271328702422 1.0297707319259644
1802.3479658885306 1.0162955522537231
1802.3687989101752 1.0099339485168457
1802.3896319353619 1.0098991394042969
1802.4104649638364 1.008411169052124
1802.4312979956173 1.0167921781539917
1803.4729477143705 1.0023784637451172
1803.493780630676 1.0031466484069824
1803.5146135446457 1.0038059949874878
1803.5354464564791 1.0042599439620972
1803.5562793660995 1.0049842596054077
1803.5771122736667 1.0058536529541016
1803.5979451791338 1.0063354969024658
1803.6187780826533 1.007086157798767
1803.6396109841473 1.0081562995910645
1803.6604438837912 1.0089236497879028
1803.6812767814977 1.0094586610794067
1803.702109677435 1.0104976892471313
1803.722942571525 1.0116949081420898
1803.7437754639004 1.0126019716262817
1803.7646083545133 1.0134751796722412
1803.78544124349 1.0144000053405762
1803.8062741307529 1.0155248641967773
1803.8271070164533 1.016193151473999
1803.8479399005137 1.0172011852264404
1803.8687727830504 1.0177876949310303
1803.8896056640158 1.0188276767730713
1803.9104385435116 1.0195614099502563
1803.9312714214911 1.0206691026687622
1803.9521042980518 1.0210012197494507
1803.9729371731466 1.0216777324676514
1803.9937700468793 1.0221976041793823
1804.0146029191733 1.0228171348571777
1804.0354357901588 1.023038387298584
1804.0562686597596 1.0235031843185425
1804.0771015280725 1.023431420326233
1804.0979343950517 1.023532509803772
1804.1187672607905 1.023911714553833
1804.1396001252142 1.0239958763122559
1804.1604329884424 1.0232425928115845
1804.1812658503914 1.0234272480010986
1804.2020987111782 1.0231201648712158
1804.222931570729 1.0227681398391724
1804.2437644291288 1.0220171213150024
1804.2645972863334 1.0215457677841187
1804.2854301424259 1.0206360816955566
1804.306262997333 1.0203197002410889
1804.3270958511655 1.0192877054214478
1804.34792870385 1.018691897392273
1804.368761555465 1.017663836479187
1804.389594405968 1.0168952941894531
1804.410427255426 1.0158432722091675
1804.4312601037964 1.0151124000549316
1804.452092951154 1.0143870115280151
1804.4729257974277 1.0130596160888672
1804.4937586427197 1.0117030143737793
1804.514591486949 1.011037826538086
1804.5354243302174 1.0098212957382202
1804.5562571724538 1.0089055299758911
1804.577090013728 1.0077043771743774
1804.5979228539998 1.0073660612106323
1804.618755693337 1.0062583684921265
1804.6395885316706 1.0055242776870728
1804.6604213690969 1.0042775869369507
1804.6812542055366 1.0040245056152344
1804.7020870410854 1.0033354759216309
1804.7229198756743 1.002017855644226
1804.7437527093673 1.0016778707504272
1804.764585542126 1.001064658164978
1804.785418374014 1.000335693359375
1804.8062512049626 1.0000262260437012
1804.8270840350638 0.9990350604057312
1804.8479168642502 0.9996603727340698
1804.8687496925825 0.9983822703361511
1804.8895825200232 0.9989060759544373
1804.9104153466224 0.997722864151001
1804.9312481723432 0.9978464245796204
1804.9520809972441 0.9969766139984131
1804.9729138212595 0.9976332783699036
1804.9937466444762 0.9972462058067322
1805.0145794668185 0.9970320463180542
1805.0354122883737 0.9972832798957825
1805.056245109076 0.9974079132080078
1805.077077928991 0.9973827600479126
1805.097910748054 0.9971550703048706
1805.1187435663496 0.9972074627876282
1805.1395763838036 0.9971364140510559
1805.1604092004998 0.9975396394729614
1805.1812420163742 0.9972033500671387
1805.20207483148 0.9975879788398743
1805.2229076457836 0.9978289008140564
1805.2437404593372 0.9978569746017456
1805.264573272077 0.9980835914611816
1805.285406084086 0.9980475902557373
1805.3062388953 0.9984990358352661
1805.3270717057708 0.9984651803970337
1805.3479045154652 0.9988250732421875
1805.3687373244338 0.9990254640579224
1805.3895701326142 0.9985828399658203
1805.4104029400864 0.998897910118103
1805.4312357467782 0.9989384412765503
1805.4520685527687 0.9992838501930237
1805.4729013579963 0.9991011023521423
1805.4937341625096 0.9987615942955017
1805.5145669662768 0.9986696839332581
1805.5353997693464 0.9994783401489258
1805.5562325716573 0.9990876913070679
1805.5770653732868 0.9989354610443115
1805.597898174174 0.9989280700683594
1805.618730974366 0.9987380504608154
1805.639563773832 0.9987907409667969
1805.660396572609 0.9984902739524841
1805.6812293706662 0.998327910900116
1805.70206216805 0.9978141188621521
1805.7228949647001 0.9978252649307251
1805.7437277606923 0.9975647926330566
1805.7645605559662 0.9973995685577393
1805.785393350568 0.9981632828712463
1805.8062261444672 0.9977560639381409
1805.8270589377091 0.9974970817565918
1805.847891730234 0.9974333643913269
1805.8687245221167 0.9971209764480591
1805.8895573132875 0.9967482089996338
1805.9103901038206 0.997458815574646
1805.9312228936574 0.9972226619720459
1805.952055682841 0.9964694380760193
1805.9728884713431 0.9973360300064087
1805.9937212592067 0.9970524907112122
1806.0145540463734 0.9976334571838379
1806.0353868329162 0.9974281787872314
1806.0562196187757 0.9975146055221558
1806.0770524039945 0.9976851344108582
1806.0978851885466 0.9980090260505676
1806.1187179724743 0.9982171058654785
1806.1395507557183 0.9984093308448792
1806.1603835383512 0.998744010925293
1806.1812163203047 0.9989410042762756
1806.2020491016503 0.9996263980865479
1806.2228818823312 0.9997208118438721
1806.2437146623881 1.0007048845291138
1806.2645474417936 1.0012913942337036
1806.2853802205893 1.001633882522583
1806.3062129987177 1.0021919012069702
1806.3270457762494 1.0028156042099
1806.3478785531279 1.0033704042434692
1806.3687113293931 1.0040193796157837
1806.3895441050183 1.0054094791412354
1806.4103768800442 1.0056782960891724
1806.4312096544138 1.00657057762146
1806.452042428197 1.0071154832839966
1806.4728752013277 1.007851481437683
1806.4937079738752 1.0090274810791016
1806.514540745783 1.0099663734436035
1806.5353735170913 1.011077642440796
1806.5562062877734 1.0115547180175781
1806.5770390578687 1.0124105215072632
1806.5978718273213 1.0133990049362183
1806.6187045962 1.014481782913208
1806.6395373644486 1.0154409408569336
1806.6603701321067 1.0159636735916138
1806.6812028991483 1.0169495344161987
1806.7020356656117 1.0181139707565308
1806.7228684314416 1.018679141998291
1806.7437011967058 1.019766926765442
1806.7645339613498 1.02040696144104
1806.7853667254112 1.020700454711914
1806.8061994888649 1.0218311548233032
1806.8270322517485 1.0222972631454468
1806.8478650140075 1.0225731134414673
1806.8686977757088 1.023320198059082
1806.8895305367882 1.022660255432129
1806.9103632973126 1.0238593816757202
1806.931196057228 1.023368000984192
1806.9520288165809 1.023496389389038
1806.972861575317 1.0235282182693481
1806.993694333503 1.023522138595581
1807.014527091075 1.0230284929275513
1807.0353598480997 1.022505283355713
1807.0561926045227 1.0222374200820923
1807.0770253603805 1.0219252109527588
1807.0978581156492 1.0210886001586914
1807.1186908703646 1.0206183195114136
1807.139523624474 1.0195103883743286
1807.1603563780423 1.0188685655593872
1807.1811891310167 1.0182546377182007
1807.2020218834323 1.016998052597046
1807.2228546352662 1.0162371397018433
1807.2436873865536 1.0155372619628906
1807.2645201372418 1.0142918825149536
1807.2853528873954 1.0135284662246704
1807.306185636962 1.0126756429672241
1807.3270183859765 1.0119491815567017
1807.3478511344158 1.0104690790176392
1807.368683882305 1.0100442171096802
1807.3895166296215 1.0089792013168335
1807.4103493763998 1.0078699588775635
1807.4311821225976 1.0069302320480347
1807.4520148682493 1.0062083005905151
1807.4728476133323 1.0050448179244995
1807.4936803578712 1.0045040845870972
1807.5145131018437 1.0037075281143188
1807.535345845284 1.0030665397644043
1807.5561785881398 1.002095341682434
1807.5770113304754 1.0014774799346924
1807.5978440722386 1.0013576745986938
1807.618676813463 1.000905990600586
1807.6395095541272 1.0004912614822388
1807.6603422942649 1.0000125169754028
1807.681175033824 0.9994591474533081
1807.7020077728685 0.9991008639335632
1807.7228405113465 0.9985004663467407
1807.743673249291 0.9981743097305298
1807.7645059866813 0.998510479927063
1807.7853387235505 0.9979784488677979
1807.8061714598466 0.9979180693626404
1807.8270041956334 0.997563362121582
1807.8478369308593 0.9977660775184631
1807.8686696655573 0.9976451396942139
1807.8895023997063 0.9974183440208435
1807.9103351333392 0.998124361038208
1807.931167866405 0.9980504512786865
1807.9520005989664 0.9975570440292358
1807.9728333309722 0.9977415204048157
1808.0144987933945 0.9978810548782349
1808.0353315238128 0.9984321594238281
1808.056164253689 0.9984628558158875
1808.076996983056 0.998363733291626
1808.0978297118727 0.9984009861946106
1808.1186624401712 0.9990420341491699
1808.1394951679315 0.9990268349647522
1808.1603278951754 0.9991843104362488
1808.1811606218826 0.9994298815727234
1808.201993348085 0.999292254447937
1808.2228260737322 0.9989385008811951
1808.2436587988861 0.9987112283706665
1808.2644915234969 0.9997472167015076
1808.2853242475958 0.9994716048240662
1808.306156971163 0.9996689558029175
1808.32698969423 0.9993646144866943
1808.347822416757 0.9997246861457825
1808.368655138775 0.9998112320899963
1808.3894878602648 1.0000611543655396
1808.4103205812573 0.9996441006660461
1808.4311533017033 0.9996823072433472
1808.4519860216633 0.9996485710144043
1808.4728187410878 0.9993466734886169
1808.4936514600083 0.9992572665214539
1808.5144841784054 0.9989379644393921
1808.5353168962995 0.9985051155090332
1808.5561496136716 0.9986764788627625
1808.5769823305525 0.9989074468612671
1808.5978150468927 0.9984087347984314
1808.618647762753 0.9985186457633972
1808.6394804780846 0.9983116984367371
1808.6603131929276 0.9979124069213867
1808.6811459072333 0.9980304837226868
1808.7019786210622 0.9979167580604553
1808.7228113343547 0.9975171089172363
1808.743644047172 0.9976860880851746
1808.7644767594652 0.9972822070121765
1808.785309471274 0.9977747201919556
1808.8061421825503 0.9978972673416138
1808.8269748933537 0.9975404143333435
1808.8478076036256 0.9979716539382935
1808.8686403134266 0.9978896379470825
1808.8894730227075 0.9977260231971741
1808.910305731509 0.9981542825698853
1808.931138439782 0.9979466199874878
1808.9519711475864 0.998184084892273
1808.972803854874 0.9988204836845398
1808.9936365616747 0.9989843964576721
1809.0144692679705 0.9995441436767578
1809.0353019737902 0.9998315572738647
1809.0561346790864 1.0000324249267578
1809.0769673839184 1.0003366470336914
1809.0978000882378 1.0012891292572021
1809.1186327920745 1.001569151878357
1809.1394654954106 1.0015766620635986
1809.1602981982753 1.0028733015060425
1809.1811309006207 1.0038636922836304
1809.2019636025059 1.0039876699447632
1809.222796303873 1.0046218633651733
1809.243629004782 1.005817174911499
1809.2644617051847 1.0065737962722778
1809.2852944051199 1.0072065591812134
1809.3061271045406 1.0083107948303223
1809.3269598035051 1.008969783782959
1809.3477925019565 1.0100367069244385
1809.3686251999534 1.0103344917297363
1809.3894578974487 1.0118178129196167
1809.4102905944808 1.012661099433899
1809.4311232910027 1.013562560081482
1809.4519559870728 1.014295220375061
1809.472788682634 1.0153799057006836
1809.493621377745 1.0160237550735474
1809.514454072359 1.0172001123428345
1809.535286766514 1.0174959897994995
1809.5561194601632 1.01845121383667
1809.576952153365 1.0198367834091187
1809.5977848460627 1.0204006433486938
1809.618617538314 1.020757794380188
1809.6394502300732 1.021247386932373
1809.6602829213775 1.0219966173171997
1809.6811156121807 1.022757649421692
1809.7019483025406 1.0230367183685303
1809.722780992411 1.0234090089797974
1809.7436136818196 1.0227880477905273
1809.7644463707502 1.0232031345367432
1809.7852790592306 1.0230730772018433
1809.8061117472143 1.0232830047607422
1809.8269444347593 1.0229145288467407
1809.8477771218193 1.023058295249939
1809.8686098084218 1.0225813388824463
1809.889442494551 1.0218870639801025
1809.9102751802345 1.0213701725006104
1809.9311078654362 1.0202970504760742
1809.9519405501833 1.019572377204895
1809.9727732344602 1.018856167793274
1809.9936059182942 1.0182580947875977
1810.0144386016398 1.0175023078918457
1810.0352712845538 1.016838550567627
1810.056103966991 1.0157548189163208
1810.0769366489783 1.0147221088409424
1810.0977693305001 1.0141820907592773
1810.1186020115836 1.0130523443222046
1810.1394346921834 1.0124319791793823
1810.1602673723564 1.011470079421997
1810.1811000520577 1.010273814201355
1810.2019327313133 1.0092973709106445
1810.2227654101087 1.0084457397460938
1810.2435980884702 1.007833480834961
1810.2644307663536 1.0069546699523926
1810.2852634438143 1.0057872533798218
1810.3060961208087 1.0053648948669434
1810.326928797362 1.0040420293807983
1810.3477614734604 1.003481149673462
1810.3685941491299 1.003188133239746
1810.3894268243262 1.0019583702087402
1810.410259499105 1.0018266439437866
1810.4310921734223 1.00142502784729
1810.4519248473036 1.0004397630691528
1810.4727575207357 1.00020170211792
1810.4935901937433 0.9991382956504822
1810.5144228662934 0.999319851398468
1810.535255538411 0.9994091391563416
1810.5560882100829 0.9988774657249451
1810.5769208813335 0.9986293911933899
1810.5977535521204 0.9984580874443054
1810.6185862224982 0.9981510043144226
1810.6394188924241 0.9982500076293945
1810.6602515619227 0.9980542659759521
1810.681084230981 0.9980332255363464
1810.7019168996235 0.9979530572891235
1810.7227495678083 0.9977403283119202
1810.7435822355892 0.9978402853012085
1810.764414902924 0.998120129108429
1810.785247569837 0.9984666705131531
1810.806080236316 0.9983581304550171
1810.8269129023845 0.9984455704689026
1810.847745568001 0.9985339045524597
1810.8685782332198 0.9986679553985596
1810.8894108979985 0.9984407424926758
1810.9102435623709 0.9988722205162048
1810.9310762262955 0.9989209771156311
1810.9519088898255 0.9989758729934692
1810.9727415529103 0.9992582201957703
1810.9935742156028 0.99918133020401
1811.0144068778618 0.9990069270133972
1811.0352395397206 0.9991967082023621
1811.056072201138 0.9994933009147644
1811.0769048621673 0.9992848634719849
1811.0977375227678 0.9994064569473267
1811.1185701829622 0.9997022151947021
1811.13940284274 0.9993159770965576
1811.1602355021241 0.9993719458580017
1811.1810681610739 0.9992762207984924
1811.2019008196417 0.9993224143981934
1811.2227334777879 0.9994655251502991
1811.2435661355346 0.9990707039833069
1811.2643987928723 0.9990454316139221
1811.2852314498225 0.9989535212516785
1811.306064106346 0.9986035823822021
1811.3268967624945 0.9988114833831787
1811.3477294182287 0.9986476302146912
1811.3685620735807 0.998465895652771
1811.3893947285112 0.9981502294540405
1811.4102273830715 0.9978790879249573
1811.431060037223 0.9981191754341125
1811.4518926909866 0.9976361393928528
1811.4727253443543 0.99793541431427
1811.4935579973471 0.9975255727767944
1811.5143906499266 0.9974634051322937
1811.5352233021438 0.9969655871391296
1811.5560559539604 0.9973742365837097
1811.576888605407 0.9972499012947083
1811.5977212564464 0.9974141120910645
1811.618553907129 0.9973737001419067
1811.6393865574169 0.9971603155136108
1811.6602192073308 0.997654139995575
1811.681051856863 0.997325599193573
1811.701884506034 0.9974545836448669
1811.7227171548072 0.9978213310241699
1811.7435498032319 0.9972635507583618
1811.7643824512716 0.9979358315467834
1811.785215098956 0.9981468319892883
1811.8060477462486 0.9986109733581543
1811.8268803931992 0.9988695383071899
1811.8477130397619 0.999208390712738
1811.8685456859853 0.9996932148933411
1811.8893783318345 1.0004788637161255
1811.9102109773376 1.0008119344711304
1811.9310436224598 1.0016896724700928
1811.9518762672496 1.00188410282135
1811.9727089116725 1.0028537511825562
1811.9935415557463 1.003354549407959
1812.0143741994668 1.0041106939315796
1812.0352068428522 1.0045679807662964
1812.0560394858678 1.005372166633606
1812.076872128562 1.0061513185501099
1812.0977047709011 1.0073649883270264
1812.1185374129122 1.0079432725906372
1812.1393700545625 1.0085831880569458
1812.1602026958985 1.009764552116394
1812.1810353368878 1.0104846954345703
1812.2018679775474 1.0112935304641724
1812.222700617875 1.0124318599700928
1812.2435332578866 1.0132536888122559
1812.264365897551 1.0140422582626343
1812.2851985369136 1.0151959657669067
1812.3060311759434 1.0158801078796387
1812.3268638146565 1.0166152715682983
1812.3476964530516 1.01773202419281
1812.3685290911444 1.018437385559082
1812.3893617289148 1.0191482305526733
1812.4101943663773 1.0196328163146973
1812.4310270035323 1.0206350088119507
1812.4518596403948 1.0213450193405151
1812.4726922769355 1.0217756032943726
1812.5143575491554 1.0224008560180664
1812.5351901848298 1.0226951837539673
1812.556022820194 1.022875428199768
1812.5768554552913 1.02261221408844
1812.5976880900848 1.0231261253356934
1812.618520724617 1.0227277278900146
1812.6393533588614 1.023279070854187
1812.6601859928405 1.0231914520263672
1812.6810186265284 1.0231736898422241
1812.7018512599673 1.02278733253479
1812.7226838931322 1.0222026109695435
1812.743516526034 1.021708369255066
1812.7643491586791 1.0208072662353516
1812.7851817910775 1.0201913118362427
1812.8060144232068 1.019249677658081
1812.8268470551066 1.0182511806488037
1812.8476796867549 1.0176218748092651
1812.8685123181708 1.0164450407028198
1812.8893449493335 1.0160012245178223
1812.9101775802812 1.015095591545105
1812.9310102109937 1.0138072967529297
1812.9518428414794 1.0128182172775269
1812.9726754717492 1.0118749141693115
1812.99350810181 1.0114933252334595
1813.014340731654 1.0102285146713257
1813.0351733612877 1.0094139575958252
1813.056005990724 1.0084953308105469
1813.0768386199693 1.007409930229187
1813.0976712490074 1.006695032119751
1813.1185038778735 1.0054501295089722
1813.1393365065533 1.0048549175262451
1813.1601691350504 1.0038691759109497
1813.1810017633827 1.003280520439148
1813.201834391553 1.002794623374939
1813.2226670195594 1.0022988319396973
1813.2434996474049 1.0014244318008423
1813.264332275109 1.0013329982757568
1813.285164902673 1.000657081604004
1813.3059975300887 0.999923050403595
1813.3268301573867 0.9986013770103455
1813.3476627845596 0.9991867542266846
1813.3684954116172 0.9984670281410217
1813.3893280385544 0.9980618953704834
1813.410160665399 0.9980578422546387
1813.4309932921485 0.9975225925445557
1813.4518259187996 0.998095691204071
1813.4726585453814 0.997840940952301
1813.4934911718897 0.9975378513336182
1813.5143237983352 0.9971760511398315
1813.5351564247126 0.9976654648780823
1813.5559890510553 0.9975677132606506
1813.5768216773565 0.9969853758811951
1813.597654303622 0.9972341656684875
1813.6184869298734 0.9978345632553101
1813.6393195561188 0.9976637959480286
1813.6601521823484 0.9973588585853577
1813.6809848086036 0.9979074597358704
1813.7018174348732 0.9976932406425476
1813.7226500611805 0.9979124665260315
1813.743482687513 0.9984948635101318
1813.7643153139175 0.998439610004425
1813.7851479403791 0.9987614750862122
1813.8059805669186 0.9987304210662842
1813.8268131935492 0.9992533922195435
1813.8476458202952 0.9991535544395447
1813.8684784471473 0.99898362159729
1813.889311074134 0.9990853071212769
1813.9101437012641 0.9987376928329468
1813.93097632856 0.9992941617965698
1813.9518089560286 0.9990369081497192
1813.9726415837067 0.9993452429771423
1813.9934742115786 0.9995707273483276
1814.014306839686 1.0
1814.0351394680304 0.9999629259109497
1814.0559720966596 0.9993996024131775
1814.0768047255417 0.9991445541381836
1814.0976373547605 0.9990251660346985
1814.118469984281 0.9994072914123535
1814.1393026141736 0.9985447525978088
1814.1601352443993 0.9987484216690063
1814.1809678750562 0.99924236536026
1814.201800506102 0.9994408488273621
1814.2226331376216 0.999358057975769
1814.2434657695692 0.9998104572296143
1814.2642984020579 0.9993612766265869
1814.285131035038 0.9989091753959656
1814.3059636686023 0.9991726279258728
1814.3267963027254 0.9986693263053894
1814.347628937511 0.998716413974762
1814.3684615728985 0.9987558722496033
1814.3892942090329 0.9987217783927917
1814.410126845848 0.9986997246742249
1814.4309594834817 0.9990498423576355
1814.4517921218612 0.9992013573646545
1814.4726247611586 0.9990081787109375
1814.4934574012946 0.9986783862113953
1814.5142900424257 0.999261736869812
1814.5351226844964 0.9994149208068848
1814.5559553276803 0.9994251132011414
1814.5767879718928 1.0007575750350952
1814.5976206173275 1.0008296966552734
1814.6184532639104 1.0011569261550903
1814.639285911856 1.0025835037231445
1814.6601185610605 1.003063440322876
1814.6809512117625 1.0038567781448364
1814.701783863867 1.0047606229782104
1814.7226165176378 1.0057202577590942
1814.7434491729484 1.0058717727661133
1814.7642818300912 1.0062651634216309
1814.7851144889462 1.0066372156143188
1814.8059471498375 1.0070488452911377
1814.8267798125996 1.0089528560638428
1814.847612477621 1.0104327201843262
1814.8684451447198 1.0109355449676514
1814.8892778142902 1.0119322538375854
1814.9101104861634 1.0131645202636719
1814.9309431607708 1.0147457122802734
1814.9517758379038 1.0155214071273804
1814.9726085180314 1.0173884630203247
1814.993441200944 1.0195523500442505
1815.014273887145 1.0251871347427368