1653.9502911195993 1.000319480895996
1653.9711245899373 1.000332236289978
1653.9919580610851 1.0002630949020386
1654.0127915331757 1.0003446340560913
1654.0336250061268 1.0001044273376465
1654.0544584800457 1.0002562999725342
1654.0752919548465 1.0001671314239502
1654.0961254306217 1.0000911951065063
1654.116958907281 1.0003238916397095
1654.1377923848934 0.9993599057197571
1654.1586258633797 0.9992833137512207
1654.1794593427921 0.9995200037956238
1654.2002928230502 0.9996861815452576
1654.221126304195 0.9996910691261292
1654.241959786149 0.9993083477020264
1654.2627932689468 0.9988248348236084
1654.2836267525124 0.9993312358856201
1654.3044602368695 0.9987586736679077
1654.3252937219524 0.9992896318435669
1654.3461272077748 0.9992884397506714
1654.3669606942756 0.9991732239723206
1654.387794181465 0.9990977644920349
1654.4086276692863 0.999111533164978
1654.4294611577468 0.9990983009338379
1654.4502946467903 0.9992033839225769
1654.471128136425 0.9992235898971558
1654.4919616265997 0.9988042712211609
1654.5336286085278 0.9989096522331238
1654.5544621002389 0.9991533160209656
1654.5752955924029 0.9988922476768494
1654.596129085023 0.9992159605026245
1654.616962578057 0.9990493655204773
1654.63779607151 0.9993142485618591
1654.65862956534 0.9990407228469849
1654.6794630595452 0.9993100166320801
1654.7002965540971 0.9990267157554626
1654.7211300489912 0.9996435642242432
1654.7419635441977 0.9996554255485535
1654.762797039713 0.999366819858551
1654.7836305355095 0.9991499185562134
1654.8044640315863 0.9998606443405151
1654.8252975279158 0.9997535347938538
1654.8461310244938 0.9993742108345032
1654.8669645213008 0.9996919631958008
1654.8877980183288 0.9993683695793152
1654.9086315155614 0.9994741678237915
1654.929465012992 0.9991149306297302
1654.9502985106003 0.9993915557861328
1654.9711320083854 1.0000948905944824
1654.9919655063277 1.0000672340393066
1655.012799004423 0.9999291896820068
1655.0336325026583 1.0002272129058838
1655.0544660010232 0.9999253153800964
1655.0752994995098 1.000037670135498
1655.0961329981092 0.999855101108551
1655.1169664968113 0.9998196959495544
1655.1377999956082 1.0000033378601074
1655.15863349449 0.9999679923057556
1655.1794669934523 0.9998029470443726
1655.200300492488 0.9999522566795349
1655.221133991582 1.0003604888916016
1655.2419674907353 1.0002683401107788
1655.2628009899356 0.9997473955154419
1655.2836344891816 0.9992784857749939
1655.304467988461 0.9998881816864014
1655.325301487771 0.9997931718826294
1655.3461349871027 1.0001895427703857
1655.3669684864553 0.9998760223388672
1655.3878019858148 0.9995688199996948
1655.4086354851838 0.9993467330932617
1655.4294689845485 0.9995724558830261
1655.4503024839141 0.9993749260902405
1655.471135983266 1.0001492500305176
1655.4919694826049 0.9998709559440613
1655.5128029819216 1.0000288486480713
1655.5336364812172 1.0005298852920532
1655.5544699804802 1.0001012086868286
1655.5753034797133 0.99976646900177
1655.5961369789027 1.00018310546875
1655.6169704780577 0.9996829628944397
1655.6378039771607 0.9998397827148438
1655.6586374762157 0.9997291564941406
1655.6794709752144 0.999868631362915
1655.7003044741598 1.0001462697982788
1655.721137973039 1.000003457069397
1655.741971471858 0.9997545480728149
1655.7628049706032 0.9995538592338562
1655.783638469283 1.0000678300857544
1655.8044719678805 1.0001592636108398
1655.8253054664062 0.9995313286781311
1655.8461389648453 1.0001220703125
1655.866972463203 1.0000280141830444
1655.887805961472 1.0000232458114624
1655.908639459653 0.9998570680618286
1655.929472957735 0.9996857047080994
1655.950306455728 0.9997818470001221
1655.9711399536168 1.0002121925354004
1655.99197345141 0.9999685287475586
1656.0128069490936 1.0001510381698608
1656.0336404466757 1.0002753734588623
1656.0544739441452 1.0002167224884033
1656.0753074415068 0.9996759295463562
1656.0961409387505 1.0000526905059814
1656.1169744358851 1.000220537185669
1656.1378079328952 1.000148892402649
1656.1586414297917 1.000101923942566
1656.1794749265594 1.0003602504730225
1656.2003084232085 1.0001883506774902
1656.2211419197265 0.99997478723526
1656.2419754161208 0.9999629259109497
1656.2628089123793 0.9996817708015442
1656.2836424085126 0.9998814463615417
1656.3044759045026 1.000261664390564
1656.3253094003683 1.000042200088501
1656.346142896085 0.9999845027923584
1656.3669763916714 0.9996970891952515
1656.3878098871096 0.9997866749763489
1656.4086433824125 1.0001636743545532
1656.4294768775637 0.9999714493751526
1656.4503103725763 1.0002357959747314
1656.4711438674328 1.0001083612442017
1656.4919773621498 1.000150442123413
1656.512810856707 0.9997560977935791
1656.5336443511203 0.9998182654380798
1656.5544778453727 0.9999299049377441
1656.5753113394758 1.0000100135803223
1656.5961448334187 0.9998206496238708
1656.6169783272078 1.0003187656402588
1656.637811820832 1.000450849533081
1656.6586453143038 0.9997140169143677
1656.6794788076063 1.0003407001495361
1656.7003123007535 0.9998390078544617
1656.7211457937287 0.9998567700386047
1656.7419792865446 1.0001933574676514
1656.7628127791877 0.9999272227287292
1656.7836462716714 1.0001835823059082
1656.804479763978 1.0002706050872803
1656.8253132561229 1.0002272129058838
1656.8461467480872 1.0001342296600342
1656.8669802398895 1.0005160570144653
1656.8878137315085 1.0000309944152832
1656.9086472229621 1.0003255605697632
1656.929480714232 0.9999660849571228
1656.950314205332 0.9995490908622742
1656.9711476962502 1.0002440214157104
1656.9919811869963 0.999225914478302
1657.0128146775526 0.9996451735496521
1657.0336481679392 0.9998648166656494
1657.0544816581355 0.999870777130127
1657.0753151481586 1.0001156330108643
1657.09614863799 0.9994620680809021
1657.1169821276449 1.000085473060608
1657.137815617107 0.9996868968009949
1657.1586491063924 0.9999473094940186
1657.1794825954823 1.0003423690795898
1657.2003160843938 0.9998911023139954
1657.221149573106 1.0002119541168213
1657.2419830616398 1.000119686126709
1657.262816549977 1.0000187158584595
1657.2836500381284 0.9997475743293762
1657.3044835260814 0.9999046325683594
1657.3253170138503 0.9997368454933167
1657.3669839888023 0.9985195398330688
1657.3878174759825 0.99968421459198
1657.4086509629776 0.9984500408172607
1657.429484449767 0.9980820417404175
1657.4503179363692 0.9988763928413391
1657.4711514227643 0.998421311378479
1657.4919849089695 0.9967173337936401
1657.5128183949678 0.9990517497062683
1657.5336518807762 0.9989095330238342
1657.5544853663753 0.9995315074920654
1657.575318851783 0.9986871480941772
1657.5961523369783 0.9991541504859924
1657.6169858219832 0.9985101222991943
1657.6378193067785 0.9980655312538147
1657.6586527913757 0.9984689354896545
1657.6794862757622 0.9998014569282532
1657.7003197599527 0.9990770220756531
1657.7211532439298 0.9992601275444031
1657.741986727712 0.9985551238059998
1657.762820211277 0.9991756677627563
1657.7836536946454 0.9991074800491333
1657.8044871777975 0.9991095066070557
1657.8253206607494 0.9991203546524048
1657.8461541434876 0.9990922808647156
1657.8669876260226 0.9998522400856018
1657.8878211083409 0.9989691972732544
1657.9086545904586 0.9991629719734192
1657.9294880723558 0.9993997812271118
1657.9503215540535 0.9991888999938965
1657.9711550355282 0.9984651803970337
1657.9919885168022 0.9996247887611389
1658.0128219978537 0.9988678097724915
1658.0336554787004 0.9994111061096191
1658.0544889593268 0.9991644024848938
1658.0753224397486 0.9994950294494629
1658.0961559199452 0.9996442198753357
1658.1169893999377 0.9997441172599792
1658.1378228797043 0.999783992767334
1658.1586563592673 0.9994363188743591
1658.179489838603 0.999798595905304
1658.2003233177304 0.9988516569137573
1658.2211567966337 0.999768078327179
1658.2419902753268 0.9989652037620544
1658.262823753795 0.9987770318984985
1658.2836572320539 0.9991886615753174
1658.3044907100834 0.9998665452003479
1658.3253241879042 0.9992371797561646
1658.346157665496 0.9994224905967712
1658.3669911428779 0.9996453523635864
1658.3878246200293 0.9990618824958801
1658.4086580969679 0.9994632601737976
1658.4294915736775 0.9997081160545349
1658.4503250501755 0.9993347525596619
1658.4711585264415 0.9997224807739258
1658.4919920024956 1.000099539756775
1658.5128254783158 0.999610185623169
1658.5336589539238 0.9992693066596985
1658.5544924292983 1.0000014305114746
1658.5753259044595 0.9994319081306458
1658.596159379386 1.0000154972076416
1658.6169928540985 0.9995787143707275
1658.6378263285735 0.9994320273399353
1658.6586598028355 0.9997289180755615
1658.6794932768607 0.9999673962593079
1658.7003267506725 0.9999492764472961
1658.7211602242464 0.9995525479316711
1658.741993697603 0.999860942363739
1658.762827170723 0.9995085000991821
1658.7836606436244 0.9998603463172913
1658.8044941162918 1.0001864433288574
1658.8253275887394 1.0002522468566895
1658.846161060946 0.9997293949127197
1658.8669945329366 1.0001245737075806
1658.8878280046877 0.9999352693557739
1658.90866147622 1.0001503229141235
1658.929494947512 1.0001438856124878
1658.9503284185828 1.000115990638733
1658.9711618894155 0.9996770620346069
1658.9919953600272 1.0001262426376343
1659.0128288303963 0.9995625615119934
1659.033662300546 1.0001856088638306
1659.0544957704524 1.0000032186508179
1659.0753292401384 1.0002171993255615
1659.096162709582 1.00007963180542
1659.1169961788025 1.0000942945480347
1659.1378296477817 1.0003241300582886
1659.1586631165376 1.0003235340118408
1659.1794965850484 1.0001682043075562
1659.200330053336 1.0004050731658936
1659.2211635213794 0.9999565482139587
1659.241996989201 0.9997486472129822
1659.2628304567763 1.0000779628753662
1659.2836639241266 0.9999696016311646
1659.3044973912322 1.0001075267791748
1659.325330858111 1.0000758171081543
1659.3461643247456 1.0001686811447144
1659.3669977911572 1.0000226497650146
1659.3878312573174 0.9999544620513916
1659.408664723254 0.9999401569366455
1659.4294981889432 1.000077486038208
1659.4503316544053 0.9999756217002869
1659.471165119621 1.0001543760299683
1659.491998584608 0.9997122883796692
1659.5128320493486 1.0000146627426147
1659.5336655138628 1.000109314918518
1659.554498978125 0.9998733401298523
1659.57533244216 1.0003087520599365
1659.5961659059453 1.0000015497207642
1659.6169993695023 1.0000900030136108
1659.637832832809 0.9996723532676697
1659.6586662958862 1.0000602006912231
1659.679499758713 1.0000312328338623
1659.700333221311 1.000084638595581
1659.7211666836574 0.9999831318855286
1659.7420001457742 1.0000035762786865
1659.762833607637 0.9998071789741516
1659.7836670692716 0.9998124241828918
1659.8045005306537 0.9996970295906067
1659.8253339918049 1.0001872777938843
1659.8461674527034 1.000167727470398
1659.8670009133698 0.9998289346694946
1659.8878343737833 1.0002342462539673
1659.9086678339645 1.0003418922424316
1659.9295012938915 1.000079870223999
1659.9503347535895 1.000428557395935
1659.9711682130298 1.000152587890625
1659.9920016722378 0.999978244304657
1660.0128351311917 1.0000091791152954
1660.0336685899115 1.0002195835113525
1660.0545020483767 0.999788224697113
1660.0753355066095 1.0003596544265747
1660.096168964583 0.9997875094413757
1660.117002422325 1.0000405311584473
1660.137835879809 1.000045895576477
1660.1586693370598 1.0001493692398071
1660.1795027940536 0.9998367428779602
1660.2003362508126 1.0000252723693848
1660.221169707314 1.0001050233840942
1660.24200316358 0.9997283220291138
1660.2628366195859 1.0001575946807861
1660.2836700753583 0.9998233318328857
1660.3045035308712 1.0000628232955933
1660.3253369861498 1.0000526905059814
1660.3461704411684 1.0002169609069824
1660.3670038959492 1.000054121017456
1660.3878373504717 1.0003851652145386
1660.4086708047553 1.0004206895828247
1660.4295042587817 0.9999839067459106
1660.4503377125704 1.0000343322753906
1660.471171166096 1.0001062154769897
1660.4920046193856 0.9999624490737915
1660.5128380724143 1.0002158880233765
1660.5336715252033 1.0001630783081055
1660.5545049777322 1.000101923942566
1660.5753384300222 1.0002700090408325
1660.5961718820504 0.9999595880508423
1660.6170053338392 0.9998744130134583
1660.6378387853638 1.0001204013824463
1660.6586722366503 0.9999983310699463
1660.6795056876733 0.9995644092559814
1660.700339138458 0.9998273253440857
1660.7420060392574 0.9993151426315308
1660.7628394892736 0.9990280866622925
1660.7836729390488 0.9988181591033936
1660.8045063885577 0.9982860088348389
1660.8253398378292 0.9997130036354065
1660.8461732868318 0.9995641708374023
1660.8670067355945 0.9990350008010864
1660.8878401840923 0.9991288781166077
1660.9086736323466 0.9995697140693665
1660.9295070803362 0.9996781945228577
1660.950340528083 0.9999373555183411
1660.9711739755637 0.9995462894439697
1660.9920074228014 0.9995887875556946
1661.0128408697703 0.9995921850204468
1661.0336743164976 0.9996737241744995
1661.0545077629579 0.9995293021202087
1661.0753412091728 0.9996404647827148
1661.0961746551225 0.9996100664138794
1661.1170081008256 0.999640941619873
1661.1378415462614 0.9992362856864929
1661.1586749914516 0.9993413090705872
1661.179508436373 0.9989217519760132
1661.2003418810502 0.9991925954818726
1661.2211753254585 0.9997175931930542
1661.2420087696207 0.9995406270027161
1661.2628422135135 0.9988470673561096
1661.2836756571592 0.9995712041854858
1661.3045091005356 0.9996115565299988
1661.3253425436644 0.9993935227394104
1661.3461759865238 0.9994615912437439
1661.367009429136 0.999519407749176
1661.3878428714763 0.9994415640830994
1661.40867631357 0.9995623230934143
1661.4295097553922 0.9992967844009399
1661.4503431969645 0.9996615052223206
1661.4711766382677 0.9992106556892395
1661.4920100793213 0.9995352029800415
1661.5128435201016 0.9998818039894104
1661.5336769606338 0.9997146725654602
1661.5545104008925 1.0002559423446655
1661.5753438409022 0.999896764755249
1661.5961772806388 0.9990593791007996
1661.6170107201233 0.9991576075553894
1661.637844159338 0.9999350905418396
1661.6586775982985 0.999951183795929
1661.6795110369865 0.9995520710945129
1661.7003444754237 0.9993641972541809
1661.7211779135846 1.000055193901062
1661.7420113514954 1.0001838207244873
1661.762844789131 0.999899685382843
1661.7836782265144 0.9999620318412781
1661.804511663622 0.9994210600852966
1661.8253451004755 1.0000355243682861
1661.8461785370544 1.0000531673431396
1661.8670119733806 0.9998329281806946
1661.8878454094286 1.000239372253418
1661.9086788452255 1.0000478029251099
1661.929512280743 1.0002996921539307
1661.9503457160076 1.0002002716064453
1661.9711791509942 1.0000379085540771
1661.9920125857248 1.0002444982528687
1662.0128460201781 0.9999924302101135
1662.0336794543764 1.0002690553665161
1662.0545128882973 1.0000861883163452
1662.075346321962 1.000223159790039
1662.0961797553457 1.0001308917999268
1662.117013188475 1.000196099281311
1662.1378466213241 1.0000134706497192
1662.1586800539148 1.0002180337905884
1662.1795134862266 0.9999005198478699
1662.2003469182819 1.0002660751342773
1662.2211803500554 1.0000090599060059
1662.242013781572 1.00010085105896
1662.2628472128056 1.0003973245620728
1662.2836806437822 1.0002678632736206
1662.3045140744741 1.0002602338790894
1662.325347504912 1.0001472234725952
1662.3461809350647 1.0001485347747803
1662.3670143649565 1.00017511844635
1662.3878477945666 1.0004993677139282
1662.408681223917 1.0004732608795166
1662.4295146529826 1.0002593994140625
1662.450348081789 1.000165343284607
1662.47118151031 1.0001816749572754
1662.4920149385707 1.000029444694519
1662.512848366546 1.0002782344818115
1662.5336817942582 0.9998714923858643
1662.5545152216862 1.0000666379928589
1662.5753486488513 1.000117540359497
1662.5961820757307 1.0002634525299072
1662.6170155023478 1.0002740621566772
1662.6378489286776 1.000427007675171
1662.6586823547445 1.0000035762786865
1662.6795157805232 1.0000948905944824
1662.7003492060364 1.0003273487091064
1662.7211826312625 1.0000861883163452
1662.7420160562242 1.0005619525909424
1662.762849480897 0.9997360110282898
1662.7836829053063 1.0001511573791504
1662.8045163294223 1.0001471042633057
1662.825349753276 1.0002893209457397
1662.846183176836 0.9998980760574341
1662.867016600132 1.000336766242981
1662.8878500231365 1.000022530555725
1662.9086834458733 1.0000672340393066
1662.9295168683198 0.9999027848243713
1662.9503502904984 1.0005428791046143
1662.9711837123828 1.0003864765167236
1662.9920171339993 1.0003386735916138
1663.0128505553218 1.0001990795135498
1663.033683976377 1.0003472566604614
1663.054517397138 0.9998279809951782
1663.0753508176294 1.000162124633789
1663.0961842378256 1.0001450777053833
1663.1170176577507 1.0001496076583862
1663.1378510773811 1.000157356262207
1663.1586844967396 1.0000137090682983
1663.1795179158014 0.9999980330467224
1663.2003513345928 1.0006226301193237
1663.2211847530864 1.0001611709594727
1663.242018171308 1.0004234313964844
1663.262851589231 1.0002737045288086
1663.2836850068795 1.0001276731491089
1663.3045184242305 1.0001106262207031
1663.325351841309 1.0005340576171875
1663.3461852580842 1.0003775358200073
1663.367018674587 1.0002496242523193
1663.3878520907888 1.0001329183578491
1663.4086855067153 0.9998367428779602
1663.42951892234 1.0004968643188477
1663.4503523376868 1.0002635717391968
1663.4711857527327 1.000228762626648
1663.492019167502 0.9998654723167419
1663.5128525819662 0.9999703168869019
1663.533685996154 1.0000255107879639
1663.554519410037 0.9998453259468079
1663.5753528236417 1.0000810623168945
1663.5961862369404 0.9999011158943176
1663.6170196499588 1.0000741481781006
1663.6378530626707 0.9998077154159546
1663.6586864751025 0.9999597072601318
1663.6795198872276 1.0001722574234009
1663.7003532990723 1.0002429485321045
1663.7211867106062 0.9998406767845154
1663.7420201218592 0.999709963798523
1663.7628535328026 0.9997314810752869
1663.783686943461 1.0002541542053223
1663.8045203538104 1.000214695930481
1663.8253537638748 0.9999374747276306
1663.8461871736286 0.9999841451644897
1663.8670205830979 0.9998161196708679
1663.8878539922525 0.9996469020843506
1663.908687401122 1.0000156164169312
1663.9295208096755 0.9997773766517639
1663.9503542179436 0.9998365044593811
1663.9711876258966 1.0000659227371216
1663.9920210335606 0.9999328255653381
1664.0128544409088 0.9999327063560486
1664.0336878479688 0.9997612237930298
1664.054521254709 0.9998519420623779
1664.07535466116 0.9999337792396545
1664.1170214731303 0.9990631341934204
1664.1378548786504 0.9984359741210938
1664.158688283877 0.9989961981773376
1664.1795216887826 0.9998860955238342
1664.2003550933946 0.9996757507324219
1664.2211884976834 0.9998936057090759
1664.2420219016772 1.000219464302063
1664.2628553053446 1.000014305114746
1664.2836887087176 0.9996817111968994
1664.3045221117648 1.000129222869873
1664.3253555145131 1.0003141164779663
1664.3461889169355 0.9996334314346313
1664.3670223190586 1.0001943111419678
1664.387855720853 1.0000710487365723
1664.408689122347 0.9997938275337219
1664.4295225235085 0.9997165203094482
1664.45035592437 0.9994985461235046
1664.471189324899 0.9998801946640015
1664.4920227251255 1.0000262260437012
1664.5128561250183 0.9999029636383057
1664.5336895246064 0.9990201592445374
1664.5545229238594 0.9988988637924194
1664.5753563228059 0.999570369720459
1664.5961897214136 0.999730110168457
1664.6170231197152 0.9991684556007385
1664.637856517677 1.0002881288528442
1664.6586899153303 0.9994416236877441
1664.6795233126431 0.9998785257339478
1664.7003567096447 0.9999141097068787
1664.7211901063035 0.9998284578323364
1664.7420235026475 1.0000370740890503
1664.762856898649 0.9995105266571045
1664.7836902943359 0.999770998954773
1664.804523689675 0.9998956322669983
1664.825357084699 0.9998699426651001
1664.8461904793742 0.9996726512908936
1664.867023873731 0.999871015548706
1664.887857267737 0.9997211694717407
1664.9086906614205 0.9999696612358093
1664.9295240547533 1.0000839233398438
1664.9503574477633 0.9995876550674438
1664.9711908404174 0.9996345043182373
1664.992024232748 1.0001262426376343
1665.012857624719 1.000180959701538
1665.0336910163649 1.0000742673873901
1665.0545244076532 0.9998448491096497
1665.0753577986084 1.000235915184021
1665.0961911892032 0.9997649788856506
1665.1170245794667 0.9997102618217468
1665.137857969364 0.9999551773071289
1665.1586913589285 0.9999211430549622
1665.1795247481234 1.0000531673431396
1665.2003581369843 1.0005525350570679
1665.2211915254752 0.9999064803123474
1665.2420249136255 0.9999397397041321
1665.2628583014034 1.0003334283828735
1665.283691688839 0.9998831152915955
1665.367025234982 1.0001647472381592
1665.3878586205885 1.0004972219467163
1665.4086920058448 0.9998081922531128
1665.429525390715 1.0001600980758667
1665.450358775231 1.000169038772583
1665.4711921593582 1.0002573728561401
1665.4920255431293 1.000388264656067
1665.512858926505 1.0001003742218018
1665.5336923095228 0.9998977184295654
1665.554525692143 1.0000090599060059
1665.5753590744016 0.9999223351478577
1665.5961924562584 1.0004150867462158
1665.6170258377474 1.0000015497207642
1665.6378592188323 1.0002896785736084
1665.6586925995468 0.9999967217445374
1665.6795259798498 1.000056266784668
1665.7003593597804 1.0000261068344116
1665.7211927392962 1.0005403757095337
1665.7420261184345 1.0000609159469604
1665.7628594971552 1.0002107620239258
1665.7836928754914 1.000167727470398
1665.804526253404 1.0001139640808105
1665.8253596309296 1.0002731084823608
1665.8461930080277 1.0002092123031616
1665.8670263847341 1.0000866651535034
1665.887859761006 1.0003224611282349
1665.9086931368818 1.0002094507217407
1665.9295265123185 0.9999945759773254
1665.9503598873537 1.000380516052246
1665.9711932619437 1.0003647804260254
1665.9920266361248 1.000309944152832
1666.0128600098567 1.0002655982971191
1666.033693383176 1.0002366304397583
1666.054526756037 1.0003612041473389
1666.0753601284805 1.0001392364501953
1666.0961935004577 1.0005494356155396
1666.1170268720127 1.0002803802490234
1666.1378602430982 1.0000470876693726
1666.1586936137492 0.9999648332595825
1666.1795269839236 1.0000370740890503
1666.2003603536605 1.0003894567489624
1666.221193722909 1.0004124641418457
1666.242027091716 0.9999579191207886
1666.2628604600256 1.000091314315796
1666.2836938278851 0.9998496770858765
1666.3045271952428 1.0002868175506592
1666.3253605621385 1.000256896018982
1666.3461939285235 1.0000324249267578
1666.3670272944396 1.0000725984573364
1666.387860659835 1.0001553297042847
1666.4086940247528 1.0002689361572266
1666.429527389139 0.9998576045036316
1666.4503607530405 0.9998800754547119
1666.4711941164003 1.0003069639205933
1666.4920274792644 1.0004080533981323
1666.5128608415755 1.000163197517395
1666.5336942033798 1.000327706336975
1666.5545275646205 1.0001251697540283
1666.5753609253436 0.9998898506164551
1666.59619428549 0.99988853931427
1666.6170276451091 0.9998955726623535
1666.6378610041372 1.0001442432403564
1666.6586943626264 1.0003712177276611
1666.6795277205124 0.9999805092811584
1666.700361077843 1.0001240968704224
1666.7211944345565 1.000023365020752
1666.7420277907054 1.0000427961349487
1666.7628611462167 1.00006103515625
1666.78369450115 1.0002062320709229
1666.8045278554303 0.9998323321342468
1666.8253612091185 1.0000296831130981
1666.8461945621375 1.0000628232955933
1666.8670279145433 1.000376582145691
1666.8878612662652 1.000160574913025
1666.9086946173575 1.0001875162124634
1666.9295279677444 1.0002855062484741
1666.9503613174857 0.9999378323554993
1666.971194666499 1.0000876188278198
1666.9920280148476 0.9998841881752014
1667.012861362449 1.0001686811447144
1667.0336947093645 1.0000452995300293
1667.0545280555098 1.0000053644180298
1667.0753614009495 1.000448226928711
1667.0961947455935 1.0002658367156982
1667.11702808951 1.0001153945922852
1667.1378614326045 1.0001678466796875
1667.1586947749481 0.9998780488967896
1667.1795281164448 1.0003795623779297
1667.2003614571672 0.9998937249183655
1667.2211947970145 1.00028657913208
1667.242028136061 1.0001128911972046
1667.2628614742057 1.000136375427246
1667.2836948115234 1.0000684261322021
1667.3045281479065 0.9997342824935913
1667.3253614834393 1.0001143217086792
1667.346194818007 0.9998694062232971
1667.3670281516966 0.9995619654655457
1667.387861484394 1.0000295639038086
1667.4086948161835 1.0000027418136597
1667.4295281469526 1.0003082752227783
1667.4503614767868 0.9998168349266052
1667.4711948055733 0.999937891960144
1667.4920281334007 1.0001482963562012
1667.5128614601526 1.0000029802322388
1667.5336947859232 1.0001870393753052
1667.5545281105979 0.9999039173126221
1667.5753614342684 1.0001220703125
1667.5961947568287 0.9997860193252563
1667.6170280783706 0.9998344779014587
1667.6378613987927 1.0005009174346924
1667.6586947181902 1.000718116760254
1667.6795280364654 1.0003958940505981
1668.6378602631062 0.9997414946556091
1668.6586935822536 0.9999414086341858
1668.6795269020927 0.99991774559021
1668.700360222563 1.0000849962234497
1668.7211935436858 0.9998913407325745
1668.7420268654046 0.9998531937599182
1668.7628601877288 0.9997561573982239
1668.7836935106106 0.9998209476470947
1668.8045268340545 0.9996837973594666
1668.8253601580147 0.999631941318512
1668.846193482496 0.9991249442100525
1668.8670268074507 0.9990485310554504
1668.8878601328845 0.999481737613678
1668.908693458755 0.999218225479126
1668.9295267850612 1.0001308917999268
1668.95036011177 0.9980350732803345
1668.9711934388765 0.9990205764770508
1668.9920267663492 0.9999170303344727
1669.0128600941846 0.9990787506103516
1669.0336934223496 0.9993253350257874
1669.0545267508471 0.9991508722305298
1669.0753600796409 0.9993990659713745
1669.0961934087327 0.9993830919265747
1669.117026738095 0.9988753795623779
1669.137860067722 0.9994962215423584
1669.1586933975927 0.9998265504837036
1669.179526727701 0.9989005923271179
1669.2003600580247 0.9992458820343018
1669.221193388559 0.9999564290046692
1669.2420267192863 0.9993069767951965
1669.2628600502007 0.999712347984314
1669.2836933812841 0.9999316334724426
1669.304526712529 0.999749481678009
1669.3253600439232 0.9999985694885254
1669.3461933754559 0.9996674060821533
1669.3670267071193 0.9999803304672241
1669.387860038903 0.9998119473457336
1669.4086933707954 0.9997190833091736
1669.42952670279 0.999884843826294
1669.4503600348773 1.0000311136245728
1669.471193367048 0.9994845986366272
1669.4920266992947 0.9995655417442322
1669.5128600316061 0.999527633190155
1669.5336933639805 0.9996469616889954
1669.5545266964061 1.0001717805862427
1669.5753600288774 0.9993687868118286
1669.5961933613858 0.9994840025901794
1669.6170266939257 0.9994540214538574
1669.6378600264902 0.9997475147247314
1669.6586933590777 1.0001274347305298
1669.6795266916706 0.9995775818824768
1669.7003600242747 0.9995272755622864
1669.721193356876 0.9998567700386047
1669.7420266894746 1.0002244710922241
1669.7628600220603 0.9999567866325378
1669.7836933546323 0.9999578595161438
1669.80452668718 1.0002565383911133
1669.8253600197058 0.9997562766075134
1669.8461933521967 1.0003399848937988
1669.8670266846575 1.0001438856124878
1669.8878600170722 0.9994539022445679
1669.9086933494475 1.000383734703064
1669.9295266817699 1.0000145435333252
1669.9503600140415 0.9999810457229614
1669.9711933462536 1.000241994857788
1669.9920266784093 0.999764084815979
1670.0128600104943 0.9997713565826416
1670.0336933425167 1.0000238418579102
1670.0545266744598 0.9996270537376404
1670.0753600063363 0.9998295903205872
1670.096193338126 0.9996320009231567
1670.1170266698368 0.999779999256134
1670.1378600014584 0.9996638894081116
1670.1586933329954 1.0000485181808472
1670.1795266644356 1.0002912282943726
1670.2003599957866 1.0000592470169067
1670.2211933270319 0.9998360276222229
1670.242026658184 0.9998833537101746
1670.2628599892264 0.999671995639801
1670.2836933201686 1.0002270936965942
1670.3045266509955 0.9998789429664612
1670.325359981716 1.0002574920654297
1670.346193312317 1.0002398490905762
1670.3670266428078 0.9998552203178406
1670.387859973171 1.0000479221343994
1670.4086933034216 0.9998973608016968
1670.429526633541 0.9999030232429504
1670.450359963542 0.9999868869781494
1670.471193293408 0.9997873306274414
1670.4920266231509 1.0000603199005127
1670.5128599527548 0.9999700784683228
1670.533693282231 0.999858021736145
1670.554526611562 1.0000616312026978
1670.575359940764 1.0000848770141602
1670.5961932698176 1.0000931024551392
1670.6170265987375 0.9999433159828186
1670.6378599275063 1.0003459453582764
1670.6586932561347 1.0001107454299927
1670.6795265846106 0.9998605251312256
1670.7003599129446 1.0001071691513062
1670.7211932411208 1.0000548362731934
1670.7420265691521 0.9999141097068787
1670.762859897021 1.0001158714294434
1670.7836932247428 0.9998682141304016
1670.8045265523 1.0000743865966797
1670.8253598797046 1.0002334117889404
1670.8461932069436 0.9996746182441711
1670.8670265340277 0.9999821186065674
1670.8878598609435 0.9999254941940308
1670.9086931877018 1.0000371932983398
1670.9295265142857 0.9997062087059021
1670.9503598407118 0.9998534321784973
1670.9711931669597 0.9996245503425598
1670.9920264930483 0.9998082518577576
1671.012859818958 0.9998584985733032
1671.0336931447032 0.9997537136077881
1671.054526470268 0.9995546936988831
1671.0753597956668 0.9997918605804443
1671.096193120882 0.9999156594276428
1671.117026445929 1.0001078844070435
1671.1378597707878 0.9999207258224487
1671.1586930954784 1.0000094175338745
1671.1795264199807 1.0001250505447388
1671.2003597443097 1.0000675916671753
1671.221193068449 0.999876081943512
1671.2420263924125 1.000101923942566
1671.2628597161852 1.0001510381698608
1671.2836930397816 0.9998754858970642
1671.3045263631834 1.0000990629196167
1671.3253596864072 0.9998035430908203
1671.3461930094347 0.9998195171356201
1671.367026332281 1.0001221895217896
1671.3878596549325 1.0003553628921509
1671.4086929774023 1.0000340938568115
1671.4295262996718 1.0001633167266846
1671.4503596217564 0.9997603893280029
1671.4711929436376 1.0000345706939697
1671.4920262653354 0.9999837279319763
1671.5128595868293 0.9996300935745239
1671.5336929081373 0.9996321797370911
1671.5545262292396 0.9997014999389648
1671.5753595501524 0.9999921321868896
1671.59619287086 0.9996499419212341
1671.6170261913785 0.9998657703399658
1671.6378595116878 0.9996994733810425
1671.658692831807 0.9997644424438477
1671.6795261517145 0.9999001026153564
1671.7003594714342 1.0000337362289429
1671.7211927909404 1.0000964403152466
1671.7420261102513 1.0001606941223145
1671.7628594293515 0.999805748462677
1671.783692748256 0.9997978210449219
1671.8045260669476 1.0000667572021484
1671.825359385443 0.9997689127922058
1671.8461927037213 0.9998781681060791
1671.8670260218043 0.9996829628944397
1671.8878593396707 1.0003416538238525
1671.9086926573389 0.9998194575309753
1671.9295259747892 1.000299096107483
1671.950359292039 0.9997594952583313
1671.9711926090706 1.0000313520431519
1671.992025925902 1.000031590461731
1672.012859242511 0.9997967481613159
1672.0336925589204 0.9996442794799805
1672.0753591910925 0.999279260635376
1672.0961925068561 0.9992814064025879
1672.1170258224145 0.9993469715118408
1672.13785913775 0.9980018734931946
1672.1586924528808 0.9992414712905884
1672.1795257677848 0.9990397095680237
1672.2003590824854 0.9995219111442566
1672.2211923969594 0.9991328716278076
1672.2420257112278 0.9996582269668579
1672.2628590252693 0.9992973208427429
1672.2836923391014 0.9996631741523743
1672.30452565271 0.9999702572822571
1672.3253589661063 0.999497652053833
1672.3461922792758 0.9996528029441833
1672.3670255922361 0.9999062418937683
1672.3878589049657 0.999699592590332
1672.4086922174863 0.9998664855957031
1672.4295255297766 0.9993115067481995
1672.4503588418538 0.9998297095298767
1672.4711921537018 0.9988914132118225
1672.492025465338 0.9993132948875427
1672.512858776742 0.999349057674408
1672.5336920879336 0.999350905418396
1672.554525398891 0.9998881816864014
1672.5753587096362 0.9998389482498169
1672.5961920201455 0.9994613528251648
1672.6170253304429 0.9996481537818909
1672.6378586405053 1.0
1672.658691950352 0.9995810985565186
1672.6795252599645 0.9995992183685303
1672.7003585693624 1.0002028942108154
1672.721191878522 0.9998660087585449
1672.7420251874664 1.0000113248825073
1672.762858496172 1.0000027418136597
1672.783691804662 0.9996955394744873
1672.804525112915 0.9999518394470215
1672.8253584209492 0.9998067617416382
1672.846191728746 1.0000827312469482
1672.8670250363223 0.999936044216156
1672.8878583436638 0.9998826384544373
1672.9086916507842 0.999664843082428
1672.9295249576628 0.9997643232345581
1672.9503582643238 0.999657154083252
1672.9711915707444 0.9995969533920288
1672.9920248769436 1.0000885725021362
1673.0128581829026 0.9994416832923889
1673.033691488639 0.9997361302375793
1673.0545247941357 0.9997615814208984
1673.0753580994117 0.9998965859413147
1673.096191404443 0.9999216198921204
1673.1170247092537 0.9997482299804688
1673.13785801382 0.9999690651893616
1673.1586913181652 0.9994819164276123
1673.1795246222662 1.0001579523086548
1673.2003579261423 1.0000280141830444
1673.221191229776 0.999763548374176
1673.242024533186 0.9999649524688721
1673.26285783635 1.0002464056015015
1673.2836911392917 1.0003410577774048
1673.304524441986 0.9997034072875977
1673.3253577444564 0.9998884797096252
1673.3461910466806 1.0000064373016357
1673.3670243486774 0.9999287724494934
1673.3878576504305 1.000108003616333
1673.4086909519576 1.0004417896270752
1673.4295242532376 1.0000611543655396
1673.4503575542901 1.0000360012054443
1673.4711908550953 1.0002565383911133
1673.4920241556736 0.9998142719268799
1673.5128574560035 0.9999731183052063
1673.5336907561039 0.9995618462562561
1673.5545240559575 0.9998385906219482
1673.5753573555821 0.9998327493667603
1673.5961906549585 0.9999352097511292
1673.6170239541063 1.0000369548797607
1673.6378572530023 1.0001354217529297
1673.6586905516733 0.9999763369560242
1673.67952385009 0.9998986721038818
1673.7003571482794 1.0001494884490967
1673.7211904462179 1.0000091791152954
1673.7420237439253 1.0000404119491577
1673.7628570413826 0.9999669790267944
1673.7836903386096 0.9999331831932068
1673.8045236355824 1.0000497102737427
1673.8253569323267 0.9999788403511047
1673.8461902288186 0.9997979998588562
1673.867023525079 0.9997475147247314
1673.8878568210869 1.0000582933425903
1673.908690116862 0.9999816417694092
1673.929523412385 0.999970018863678
1673.9503567076736 1.0000938177108765
1673.97119000271 1.0000770092010498
1673.9920232975146 0.9996746778488159
1674.0128565920636 1.0000309944152832
1674.0336898863818 0.9997931718826294
1674.054523180444 0.9998831152915955
1674.075356474272 0.9998781085014343
1674.0961897678455 0.9999816417694092
1674.1170230611835 1.0000905990600586
1674.1378563542678 0.9998052716255188
1674.158689647118 1.0001518726348877
1674.1795229397108 1.0000511407852173
1674.2003562320701 0.9998852610588074
1674.221189524173 1.0000003576278687
1674.2420228160406 1.0000296831130981
1674.2628561076513 0.9997625946998596
1674.2836893990245 1.0000174045562744
1674.3045226901424 0.9994758367538452
1674.3253559810246 1.0000213384628296
1674.3461892716475 1.0001111030578613
1674.3670225620356 0.9998812675476074
1674.387855852165 0.9998486638069153
1674.4086891420582 1.0000593662261963
1674.429522431691 0.9999828934669495
1674.4503557210876 1.0000816583633423
1674.4711890102253 0.9998692274093628
1674.4920222991252 1.0003083944320679
1674.5128555877661 1.0000104904174805
1674.5336888761694 1.0003091096878052
1674.5545221643106 0.9998651146888733
1674.5753554522178 0.9999099969863892
1674.5961887398623 0.9998985528945923
1674.6170220272666 1.0001760721206665
1674.6378553144118 1.0000821352005005
1674.6586886013172 0.9998756051063538
1674.6795218879622 0.9998668432235718
1674.700355174368 0.9997985363006592
1674.7211884605101 1.0000048875808716
1674.7420217464146 0.9999173879623413
1674.7628550320567 0.9999394416809082
1674.783688317459 1.0002822875976562
1674.8045216025987 0.9999329447746277
1674.825354887497 0.9997455477714539
1674.8461881721328 1.000012755393982
1674.8670214565293 1.0001493692398071
1674.8878547406598 1.000113844871521
1674.908688024551 0.9999866485595703
1674.9295213081784 1.0001455545425415
1674.9503545915645 1.000069499015808
1674.9711878746862 0.9999385476112366
1674.9920211575654 1.000044822692871
1675.0128544401798 1.0000641345977783
1675.033687722552 0.9999522566795349
1675.0545210046603 1.0000107288360596
1675.075354286526 0.999802827835083
1675.0961875681255 1.0000501871109009
1675.1170208494839 1.0001895427703857
1675.1378541305755 0.9999370574951172
1675.1586874114228 0.99982088804245
1675.1795206920049 0.9999200105667114
1675.2003539723414 0.9999271035194397
1675.2211872524133 0.9996128082275391
1675.2420205322414 0.9998385310173035
1675.2628538118013 0.9997758269309998
1675.2836870911187 0.9995973110198975
1675.3045203701658 0.999731719493866
1675.3253536489703 1.0004163980484009
1675.346186927507 0.9995148181915283
1675.3670202057976 0.9997496008872986
1675.387853483821 0.999825119972229
1675.408686761599 0.9998958110809326
1675.450353316372 0.9996350407600403
1675.4711865933652 0.9996806979179382
1675.4920198701127 0.9994006752967834
1675.5128531465916 0.9997446537017822
1675.5336864228232 0.9995861649513245
1675.5545196987855 1.0000594854354858
1675.5753529745004 1.0001814365386963
1675.5961862499448 0.9999954700469971
1675.617019525143 1.0000088214874268
1675.6378528000707 1.0000371932983398
1675.6586860747507 0.9999279975891113
1675.6795193491596 0.9998873472213745
1675.7003526233195 0.9997863173484802
1675.721185897209 1.0002104043960571
1675.7420191708482 0.9998447299003601
1675.7628524442184 1.0000916719436646
1675.7836857173377 1.000138282775879
1675.8045189901861 0.9999368190765381
1675.8253522627851 1.0002737045288086
1675.8461855351106 1.0002679824829102
1675.8670188071876 0.9999201893806458
1675.8878520789915 1.0000165700912476
1675.9086853505435 1.0000824928283691
1675.9295186218242 0.9998127222061157
1675.9503518928543 1.0001791715621948
1675.9711851636107 1.000105857849121
1675.9920184341163 1.000011682510376
1676.0128517043468 1.0000309944152832
1676.0336849743271 0.999812126159668
1676.0545182440324 1.0000114440917969
1676.0753515134845 0.9999092221260071
1676.0961847826636 0.9997642040252686
1676.1170180515899 0.9999261498451233
1676.1378513202421 0.9998465180397034
1676.1586845886416 1.0003414154052734
1676.1795178567638 0.9999202489852905
1676.2003511246344 0.9997230172157288
1676.2211843922287 0.9998927116394043
1676.2420176595676 1.000009536743164
1676.262850926632 1.0000313520431519
1676.2836841934427 1.0000494718551636
1676.304517459976 1.0001803636550903
1676.3253507262557 0.9998354911804199
1676.3461839922566 1.0003111362457275
1676.3670172580041 1.0001593828201294
1676.3878505234713 0.9999850392341614
1676.4086837886862 0.999963641166687
1676.429517053622 1.000186562538147
1676.450350318303 0.9999129772186279
1676.4711835827047 1.0001001358032227
1676.492016846851 0.9997520446777344
1676.5128501107165 0.9997756481170654
1676.5336833743272 1.0000042915344238
1676.5545166376558 0.9996872544288635
1676.5753499007299 0.9999236464500427
1676.5961831635234 1.000259280204773
1676.6170164260602 1.0000168085098267
1676.637849688316 1.000185251235962
1676.6586829503135 1.0003100633621216
1676.6795162120304 1.0002844333648682
1676.70034947349 1.0000284910202026
1676.721182734665 0.9996816515922546
1676.7420159955843 0.9999054670333862
1676.7628492562228 0.9997637271881104
1676.7836825165987 0.999734103679657
1676.8045157766937 0.9998171925544739
1676.825349036529 0.9998929500579834
1676.8461822960812 1.0001236200332642
1676.8670155553739 1.0
1676.8878488143807 1.000143051147461
1676.9086820731295 1.0001634359359741
1676.9295153315938 1.0000576972961426
1676.9503485897976 1.000023603439331
1676.9711818477163 0.9998698234558105
1676.992015105373 0.9998748302459717
1677.012848362745 0.9998886585235596
1677.0336816198555 0.9999182820320129
1677.0545148766778 0.999566376209259
1677.0753481332413 1.0005100965499878
1677.0961813895158 0.9999200105667114
1677.117014645529 0.9998974204063416
1677.1378479012549 1.0000029802322388
1677.1586811567167 0.9998183250427246
1677.1795144118917 1.0000488758087158
1677.2003476668012 1.000083327293396
1677.2211809214243 1.0005983114242554
1677.2420141757852 0.9999995827674866
1677.2628474298533 0.9999004006385803
1677.2836806836583 1.0003708600997925
1677.304513937174 1.0001071691513062
1677.3253471904238 1.000016212463379
1677.3461804433841 1.0003509521484375
1677.3670136960768 1.0000405311584473
1677.3878469484823 1.0000495910644531
1677.40868020062 1.0002681016921997
1677.4295134524639 1.0002756118774414
1677.450346704043 1.0000005960464478
1677.4711799553288 1.000264048576355
1677.4920132063485 1.0001698732376099
1677.5128464570753 0.9999476671218872
1677.533679707534 1.0001192092895508
1677.5545129576983 0.999991238117218
1677.575346207595 1.0002609491348267
1677.5961794571963 1.0000702142715454
1677.6170127065297 1.000272274017334
1677.6378459555672 1.0004050731658936
1677.6586792043347 0.9999393224716187
1677.6795124528098 1.0000803470611572
1677.7003457010112 1.0002119541168213
1677.7211789489163 1.0000337362289429
1677.7420121965506 0.9998565912246704
1677.7628454438886 0.9997913837432861
1677.7836786909547 0.9999659657478333
1677.8045119377223 0.9997726678848267
1677.8253451842193 0.9998408555984497
1677.8461784304168 0.9999250769615173
1677.8670116763392 1.0000120401382446
1677.887844921965 1.000292420387268
1677.9086781673143 0.9998812675476074
1677.9295114123654 1.0000241994857788
1677.9503446571418 1.0000591278076172
1677.9711779016172 1.0001171827316284
1677.9920111458173 1.00016188621521
1678.0128443897138 1.0003821849822998
1678.033677633336 1.0001516342163086
1678.054510876656 1.000150203704834
1678.075344119698 1.0002278089523315
1678.0961773624372 1.0000369548797607
1678.1170106049 0.9998828768730164
1678.1378438470565 1.0001397132873535
1678.1586770889355 1.0002440214157104
1678.1795103305083 1.0001004934310913
1678.2003435718018 1.0001938343048096
1678.22117681279 1.0002483129501343
1678.242010053497 1.0002003908157349
1678.2628432938993 1.0002331733703613
1678.2836765340182 1.0002520084381104
1678.3045097738302 1.0001596212387085
1678.3253430133605 1.0002437829971313
1678.3461762525797 1.0003265142440796
1678.3670094915178 1.0000778436660767
1678.387842730146 1.0001819133758545
1678.4086759684906 1.0002189874649048
1678.429509206524 1.0001425743103027
1678.4503424442717 1.000439167022705
1678.4711756817082 1.0004220008850098
1678.492008918859 1.000486135482788
1678.5128421556988 1.0002645254135132
1678.5336753922597 1.0003260374069214
1678.554508628498 1.000045657157898
1678.575341864447 0.9999047517776489
1678.5961751000805 0.9999409914016724
1678.617008335424 1.0001205205917358
1678.637841570452 1.0001444816589355
1678.6586748051902 0.9999814033508301
1678.6795080396107 1.00033700466156
1678.7003412737397 1.0000969171524048
1678.7211745075479 1.0003443956375122
1678.742007741066 0.9999613165855408
1678.7628409742638 1.0000027418136597
1678.783674207167 1.0001534223556519
1678.8253406720378 1.0002368688583374
1678.8461739040029 1.0001040697097778
1678.8670071356723 1.0000461339950562
1678.887840367015 1.0000656843185425
1678.9086735980632 1.0004421472549438
1678.929506828785 1.0003200769424438
1678.9503400592087 1.0002999305725098
1678.971173289305 1.0002872943878174
1678.9920065191004 1.0002528429031372
1679.0128397485682 0.9999099373817444
1679.0336729777348 1.0000473260879517
1679.0545062065692 1.0004420280456543
1679.075339435105 1.0001819133758545
1679.0961726633045 1.0004069805145264
1679.1170058912023 1.0001239776611328
1679.1378391187661 1.0005428791046143
1679.1586723460236 1.0006496906280518
1679.1795055729467 1.0002847909927368
1679.2003387995615 1.00015127658844
1679.2211720258401 1.0001258850097656
1679.2420052518112 1.0005125999450684
1679.2628384774403 1.0000406503677368
1679.2836717027608 0.9999570250511169
1679.3045049277407 1.0000921487808228
1679.325338152407 0.9997660517692566
1679.3461713767329 1.0002870559692383
1679.3670046007428 1.0001977682113647
1679.3878378244076 1.000112771987915
1679.408671047758 0.9996787905693054
1679.4295042707602 1.0001472234725952
1679.4503374934457 1.0002442598342896
1679.471170715783 1.0002193450927734
1679.4920039377992 0.9999273419380188
1679.5128371594647 0.9996935129165649
1679.5336703808075 0.9995934963226318
1679.5545036017968 0.9995317459106445
1679.575336822463 1.0001295804977417
1679.5961700427733 1.0001949071884155
1679.6170032627576 0.9999145269393921
1679.6378364823825 0.9999731779098511
1679.6586697016799 1.0002351999282837
1679.6795029206164 0.9996576309204102
1679.70033613922 0.9999395608901978
1679.7211693574643 1.0000807046890259
1679.7420025753731 1.0003055334091187
1679.7628357929134 1.0005756616592407
1679.7836690101203 0.9999929070472717
1679.8045022269566 1.0002015829086304
1679.825335443456 1.0000786781311035
1679.8461686595836 0.9998582601547241
1679.867001875368 1.0005249977111816
1679.8878350907783 1.0004451274871826
1679.9086683058424 1.0003857612609863
1679.92950152053 0.9999865293502808
1679.9503347348707 0.9999957084655762
1679.9711679488291 1.0003719329833984
1679.9920011624379 1.0003690719604492
1680.0128343756608 1.0002422332763672
1680.0336675885296 1.0000121593475342
1680.0545008010101 1.0003067255020142
1680.075334013132 1.0000361204147339
1680.0961672248652 1.000335693359375
1680.1170004362361 1.000274658203125
1680.137833647208 1.000452995300293
1680.1586668578182 1.000026822090149
1680.179500068026 1.0003560781478882
1680.2003332778677 1.0002771615982056
1680.2211664873043 1.0003046989440918
1680.2419996963679 1.0004132986068726
1680.2628329050222 1.0004401206970215
1680.283666113301 1.0002479553222656
1680.304499321163 1.0005087852478027
1680.3253325286469 0.9998505115509033
1680.3461657357109 1.0003904104232788
1680.3669989423906 1.0007292032241821
1680.387832148645 1.0003578662872314
1680.4086653545094 1.0002168416976929
1680.429498559944 1.00041925907135
1680.4503317649835 1.0003982782363892
1680.4711649695878 1.000470757484436
1680.4919981737935 1.0005509853363037
1680.5128313775538 1.0006444454193115
1680.5336645809114 1.0003845691680908
1680.5544977838201 1.000366449356079
1680.5753309863182 1.0004239082336426
1680.5961641883607 1.0002937316894531
1680.616997389986 1.0007222890853882
1680.6378305911485 1.00063157081604
1680.658663791889 1.0003796815872192
1680.6794969921586 1.0004562139511108
1680.7003301920006 1.0005033016204834
1680.721163391363 1.0002728700637817
1680.7419965902895 1.0003167390823364
1680.7628297887304 1.0001150369644165
1680.7836629867256 1.0005650520324707
1680.8044961842286 1.0001263618469238
1680.8253293812782 1.0002576112747192
1680.8461625778225 1.0006901025772095
1680.866995773908 1.0001410245895386
1680.8878289694794 1.0003736019134521
1680.9086621645824 1.0003758668899536
1680.9294953591632 1.0004565715789795
1680.950328553263 1.0007399320602417
1680.97116174683 1.0004523992538452
1680.991994939906 1.0004040002822876
1681.0128281324382 1.0006970167160034
1681.0336613244738 1.0005079507827759
1681.0544945159475 1.0002769231796265
1681.075327706913 1.0001791715621948
1681.0961608973078 1.0006725788116455
1681.1169940871794 1.0006654262542725
1681.1378272764682 1.0003339052200317
1681.158660465222 1.000687599182129
1681.1794936533774 1.000691294670105
1681.2003268409846 1.0002776384353638
1681.221160027976 1.000152587890625
1681.241993214407 1.0008108615875244
1681.262826400208 1.0004150867462158
1681.2836595854315 1.0006345510482788
1681.3044927700073 1.0002636909484863
1681.3253259539886 1.0004024505615234
1681.3461591373045 1.0006009340286255
1681.3669923200111 1.000644326210022
1681.38782550203 1.0004171133041382
1681.4086586834198 1.0002774000167847
1681.4294918641026 1.0002037286758423
1681.450325044139 1.0002052783966064
1681.4711582234456 1.0006005764007568
1681.491991402084 1.000222086906433
1681.5128245799692 1.000515103340149
1681.5336577571634 1.0003470182418823
1681.55449093358 1.0003244876861572
1681.5753241092825 1.0002883672714233
1681.596157284181 1.0002943277359009
1681.616990458342 1.00034499168396
1681.637823631669 1.000272512435913
1681.6586568042324 1.0002644062042236
1681.6794899759332 1.0005334615707397
1681.7003231468439 1.0002974271774292
1681.7211563168603 1.000405192375183
1681.7419894860577 1.00078284740448
1681.7628226543268 1.0003091096878052
1681.7836558217496 0.9998471736907959
1681.8044889882128 1.0002597570419312
1681.8253221537973 1.000187873840332
1681.8461553183881 1.0003533363342285
1681.8669884820683 1.0003033876419067
1681.8878216447226 1.000108003616333
1681.9086548064372 1.0003420114517212
1681.92948796709 1.0001869201660156
1681.950321126773 1.0004223585128784
1681.9711542853634 1.0005371570587158
1681.991987442957 1.0004258155822754
1682.012820599435 1.0007368326187134
1682.033653754885 1.0001381635665894
1682.0544869091982 1.0004949569702148
1682.0753200624667 1.0001693964004517
1682.096153214584 1.0001460313796997
1682.116986365647 1.0002862215042114
1682.1378195155544 0.9999241828918457
1682.1586526644057 0.9998123645782471
1682.2003189587826 0.9997926354408264
1682.221152104346 0.9996997714042664
1682.241985248892 0.999733030796051
1682.262818392392 0.9997894167900085
1682.2836515349322 0.9996466040611267
1682.3044846765094 0.9999346733093262
1682.3253178172083 0.9997025728225708
1682.346150957062 0.9994598627090454