1790.68237525712 1.0207306146621704
1790.7032086830698 1.020434856414795
1790.72404210629 1.0202702283859253
1790.744875526974 1.0201383829116821
1790.76570894504 1.019953966140747
1790.7865423606731 1.0193134546279907
1790.8073757737925 1.0194101333618164
1790.828209184575 1.0188063383102417
1790.849042592941 1.0179184675216675
1790.8698759990596 1.0172957181930542
1790.8907094028518 1.0165423154830933
1790.9115428044804 1.0156817436218262
1790.9323762038673 1.015905737876892
1790.9532096011676 1.0147311687469482
1790.9740429963047 1.0141953229904175
1790.9948763894279 1.0136250257492065
1791.0157097804602 1.0134873390197754
1791.0365431695461 1.0130066871643066
1791.0573765566098 1.012412667274475
1791.0782099417897 1.0121935606002808
1791.0990433250108 1.0117683410644531
1791.3907105051437 1.0099250078201294
1791.4115438628603 1.0096120834350586
1791.4323772189991 1.0090805292129517
1791.4532105736637 1.0092207193374634
1791.4740439267857 1.008682131767273
1791.4948772784662 1.008941888809204
1791.5157106286374 1.0086517333984375
1791.536543977398 1.0079785585403442
1791.5573773246808 1.0074471235275269
1791.5782106705822 1.0066611766815186
1791.5990440150356 1.0063589811325073
1791.6198773581348 1.0055303573608398
1791.6407106998142 1.00485360622406
1791.6615440401652 1.003625750541687
1791.6823773791232 1.003891944885254
1791.7032107167774 1.003377914428711
1791.7240440530636 1.0027443170547485
1791.7448773880694 1.0025779008865356
1791.765710721731 1.0024653673171997
1791.7865440541339 1.00200617313385
1791.8073773852157 1.001323938369751
1791.8282107150596 1.0012774467468262
1791.849044043604 1.0009852647781372
1791.8698773709305 1.0002003908157349
1791.8907106969773 1.0002979040145874
1791.9115440218252 1.0002950429916382
1791.9323773454132 1.000259518623352
1791.9532106678205 1.0000457763671875
1791.974043988986 0.9997852444648743
1791.994877308988 0.9997478127479553
1792.0157106277659 1.000108003616333
1792.036543945396 0.999555766582489
1792.0573772618145 0.9997068047523499
1792.078210577096 0.9995618462562561
1792.099043891192 0.999187707901001
1792.1198772041753 0.9991046786308289
1792.140710515983 0.9990341067314148
1792.1615438266876 0.9992748498916626
1792.1823771362315 0.9991440176963806
1792.203210444686 0.9990485310554504
1792.2240437519933 0.9992000460624695
1792.2448770582241 0.9994750618934631
1792.2657103633217 0.998991847038269
1792.2865436673544 0.9990953207015991
1792.3073769702671 0.999255359172821
1792.3282102721273 0.9987623691558838
1792.3490435728795 0.9990317225456238
1792.3698768725903 0.9988675117492676
1792.390710171205 0.9987083673477173
1792.4115434687894 0.9986937642097473
1792.4323767652888 0.9986373782157898
1792.4532100607687 0.9981163740158081
1792.4740433551744 0.9982815384864807
1792.4948766485704 0.9977771639823914
1792.515709940903 0.9978852868080139
1792.5365432322353 0.9976682066917419
1792.5573765225142 0.9974114894866943
1792.5782098118025 0.997282087802887
1792.5990431000469 0.9974070191383362
1792.6198763873097 0.9970844388008118
1792.6407096735377 0.9967862963676453
1792.6615429587926 0.9965920448303223
1792.682376243022 0.9965912699699402
1792.7032095262966 0.9952198266983032
1792.7240428085343 0.9957663416862488
1792.7448760898353 0.9955233931541443
1792.7657093701075 0.9955571293830872
1792.7865426494504 0.9951092600822449
1792.8073759277731 0.9952632784843445
1792.828209205174 0.9949966669082642
1792.8490424815623 0.9949032664299011
1792.869875757036 0.9945005774497986
1792.8907090315045 0.9943242073059082
1792.911542305065 0.9941082000732422
1792.932375577628 0.9938761591911316
1792.9532088492897 0.9932820200920105
1792.9740421199608 0.9930291771888733
1792.9948753897372 0.9928559064865112
1793.0157086585295 0.9926507472991943
1793.0365419264333 0.9922268390655518
1793.0573751933598 0.9916304349899292
1793.078208459404 0.9913244843482971
1793.0990417244873 0.9910411238670349
1793.119874988674 0.9911186695098877
1793.1407082519156 0.9906373620033264
1793.1615415142662 0.9903193712234497
1793.182374775668 0.9900510907173157
1793.2032080362048 0.9898098111152649
1793.224041295798 0.9897404313087463
1793.2448745545114 0.9895030856132507
1793.2657078122973 0.9886897802352905
1793.286541069208 0.9886900782585144
1793.3073743251866 0.9885501265525818
1793.3282075803156 0.9880461692810059
1793.3490408345176 0.9883537292480469
1793.369874087855 0.9880068302154541
1793.3907073402802 0.988418459892273
1793.411540591845 0.9879141449928284
1793.4323738425032 0.9881641864776611
1793.4532070923058 0.9879618287086487
1793.4740403412065 0.9879584908485413
1793.494873589256 0.9880712628364563
1793.515706836408 0.9881017208099365
1793.5365400827131 0.9880019426345825
1793.5573733281258 0.9882802367210388
1793.5782065726958 0.9884070754051208
1793.5990398163772 0.9885799884796143
1793.6198730592205 0.9889692664146423
1793.6407063011795 0.9888704419136047
1793.661539542304 0.9892399907112122
1793.6823727825486 0.9890681505203247
1793.7032060219628 0.9894877076148987
1793.7240392605013 0.9897251725196838
1793.7448724982228 0.9900861978530884
1793.7657057350527 0.9902404546737671
1793.7865389710694 0.9905219674110413
1793.8073722062181 0.9909679293632507
1793.8282054405574 0.991256058216095
1793.8490386740127 0.9914891123771667
1793.869871906672 0.9921156167984009
1793.8907051384508 0.9920715689659119
1793.9115383694368 0.992358922958374
1793.9323715995463 0.9930176734924316
1793.9532048288665 0.993289589881897
1793.9740380573135 0.9936286807060242
1793.9948712849741 0.9942116737365723
1794.0157045117653 0.9949341416358948
1794.0365377377732 0.9953949451446533
1794.057370962915 0.9959406852722168
1794.078204187277 0.9963445067405701
1794.0990374107857 0.9969713091850281
1794.1198706334976 0.9971163868904114
1794.1407038553698 0.9981139302253723
1794.1615370764478 0.9984450936317444
1794.1823702966792 0.9989003539085388
1794.2032035161396 0.9997369647026062
1794.2240367347565 1.0001492500305176
1794.244869952585 1.0009706020355225
1794.265703169583 1.0012452602386475
1794.2865363857952 1.0021554231643677
1794.30736960118 1.0028982162475586
1794.328202815782 1.0035227537155151
1794.3490360295593 1.003758430480957
1794.3698692425564 1.0044745206832886
1794.3907024547316 1.0053069591522217
1794.4115356661289 1.0059620141983032
1794.4323688767072 1.0068658590316772
1794.4532020865106 1.007147192955017
1794.4740352954973 1.0078718662261963
1794.4948685037216 1.0088131427764893
1794.5157017111121 1.0094817876815796
1794.536534917752 1.0099046230316162
1794.5573681235612 1.010634183883667
1794.5782013286225 1.0111275911331177
1794.599034532855 1.011986255645752
1794.6198677363423 1.012648105621338
1794.6407009390032 1.0132192373275757
1794.661534140921 1.0136046409606934
1794.6823673420151 1.013952612876892
1794.7032005423684 1.0146795511245728
1794.7240337419103 1.015330195426941
1794.7448669406938 1.0157629251480103
1794.765700138678 1.0164240598678589
1794.7865333359057 1.0167897939682007
1794.8073665323268 1.017437219619751
1794.828199728014 1.0176161527633667
1794.8490329228964 1.0174778699874878
1794.8698661170267 1.0182830095291138
1794.8906993103649 1.0187472105026245
1794.911532502953 1.0187714099884033
1794.9323656947506 1.018785834312439
1794.9740320760627 1.019700288772583
1794.994865265579 1.0195424556732178
1795.0156984543091 1.019887924194336
1795.0365316422956 1.0199869871139526
1795.0573648294967 1.0200839042663574
1795.0781980159547 1.0200605392456055
1795.0990312016327 1.0199925899505615
1795.1198643865814 1.0201746225357056
1795.1406975707305 1.0202635526657104
1795.1615307541613 1.0202019214630127
1795.1823639367944 1.0197367668151855
1795.2031971187112 1.01955246925354
1795.2240302998323 1.0194897651672363
1795.244863480239 1.0196352005004883
1795.2656966598518 1.019326090812683
1795.286529838752 1.0190187692642212
1795.3073630168599 1.0186737775802612
1795.3281961942573 1.018998146057129
1795.3490293708646 1.0185370445251465
1795.3698625467628 1.0179476737976074
1795.3906957218828 1.0179497003555298
1795.4115288962755 1.0178587436676025
1795.4323620699017 1.0173496007919312
1795.4531952428022 1.0166462659835815
1795.4740284149384 1.0165059566497803
1795.4948615863505 1.0162856578826904
1795.515694757 1.0155366659164429
1795.536527926927 1.015201210975647
1795.557361096093 1.014771580696106
1795.5781942645383 1.0141170024871826
1795.5990274322248 1.013575553894043
1795.619860599202 1.0131622552871704
1795.6406937654017 1.012516975402832
1795.661526930904 1.01215660572052
1795.6823600956307 1.0114991664886475
1795.7031932596612 1.0112766027450562
1795.724026422918 1.0102779865264893
1795.7448595854805 1.0096405744552612
1795.7656927472708 1.0091021060943604
1795.7865259083683 1.0088614225387573
1795.807359068695 1.0080748796463013
1795.8281922283304 1.0077797174453735
1795.8490253872073 1.0073693990707397
1795.8698585453742 1.0069953203201294
1795.890691702794 1.0065542459487915
1795.9115248595053 1.0060702562332153
1795.932358015471 1.0059711933135986
1795.9531911707302 1.0055299997329712
1795.9740243252454 1.0053943395614624
1795.994857479055 1.004913568496704
1796.0156906321226 1.004604697227478
1796.0365237844965 1.0043030977249146
1796.0573569361093 1.004266619682312
1796.07819008704 1.0042098760604858
1796.0990232372114 1.003908634185791
1796.119856386702 1.003792405128479
1796.140689535435 1.0036096572875977
1796.1615226834886 1.0032780170440674
1796.182355830786 1.003056526184082
1796.2031889774055 1.0030665397644043
1796.2240221232707 1.003036379814148
1796.244855268459 1.0028088092803955
1796.2656884129049 1.0023846626281738
1796.2865215566553 1.0022188425064087
1796.3073546996743 1.0019937753677368
1796.3281878419998 1.0017026662826538
1796.3490209835954 1.0017746686935425
1796.3698541244987 1.001205325126648
1796.3906872646737 1.001212239265442
1796.4115204041577 1.0007251501083374
1796.4323535429148 1.0002241134643555
1796.4531866809828 1.0004807710647583
1796.4740198183254 1.0003652572631836
1796.4948529549897 1.0002505779266357
1796.5156860909105 1.0000537633895874
1796.5365192261647 0.9996097683906555
1796.5573523606763 0.999664306640625
1796.5781854945228 0.9993900060653687
1796.5990186276285 0.9993522763252258
1796.6198517600706 0.998833954334259
1796.6406848917832 0.9989509582519531
1796.6615180228134 0.9985789656639099
1796.6823511531156 0.9983582496643066
1796.703184282757 0.998245358467102
1796.7240174116723 0.9981437921524048
1796.7448505399077 0.9979081749916077
1796.7656836674284 0.9975926280021667
1796.7865167942707 0.9977467656135559
1796.8073499203997 0.9975233674049377
1796.828183045852 0.9974899888038635
1796.8490161705927 0.9973598718643188
1796.8698492946676 0.9973645806312561
1796.8906824180126 0.9971758723258972
1796.9115155407032 0.9973128437995911
1796.9323486626652 0.9971237182617188
1796.9531817839743 0.9971323013305664
1796.9740149045565 0.9969173669815063
1796.9948480244873 0.9969260692596436
1797.0156811436927 0.9966741800308228
1797.036514262248 0.9966220259666443
1797.057347380079 0.9964279532432556
1797.0781804972614 0.9967631101608276
1797.0990136137316 0.9962308406829834
1797.1198467295346 0.9962683916091919
1797.1406798446367 0.996284008026123
1797.161512959073 0.9963157176971436
1797.1823460728097 0.9959430694580078
1797.2031791858824 0.9959781765937805
1797.224012298257 0.9957284927368164
1797.244845409979 0.9958087205886841
1797.2656785209847 0.9953191876411438
1797.286511631349 0.995551586151123
1797.3073447409981 0.9949952363967896
1797.3281778500077 0.9949172139167786
1797.3490109583042 0.9949625134468079
1797.3698440659623 0.9943345189094543
1797.3906771729187 0.9943745732307434
1797.4115102792182 0.9944509267807007
1797.4323433848276 0.9939204454421997
1797.4531764897818 0.9939922094345093
1797.4740095940479 0.9938102960586548
1797.4948426976596 0.9937719702720642
1797.5156758005849 0.9932630062103271
1797.5365089028678 0.992823600769043
1797.5573420044454 0.9927092790603638
1797.5781751053923 0.9923426508903503
1797.599008205636 0.9921003580093384
1797.6198413052502 0.9917349219322205
1797.640674404163 0.9914615750312805
1797.661507502448 0.9910200834274292
1797.6823406000328 0.9910747408866882
1797.7031736969916 0.9906788468360901
1797.7240067932626 0.9909030199050903
1797.7448398888885 0.9905733466148376
1797.7656729838384 0.9901543259620667
1797.786506078145 0.9902196526527405
1797.8073391717771 0.989703357219696
1797.8281722647678 0.9891066551208496
1797.849005357086 0.9893001317977905
1797.8698384487743 0.988825261592865
1797.8906715397718 0.9888149499893188
1797.9115046301513 0.9889078140258789
1797.9323377198416 0.9882745146751404
1797.9531708089155 0.9882901310920715
1797.9740038973025 0.9881184697151184
1797.994836985075 0.988392174243927
1798.015670072172 0.9879799485206604
1798.0365031586364 0.9880767464637756
1798.0573362444372 0.9876018762588501
1798.0781693296074 0.987864077091217
1798.0990024141163 0.9878088235855103
1798.1198354979958 0.9877941012382507
1798.140668581216 0.9878605604171753
1798.161501663819 0.9880687594413757
1798.1823347457446 0.9883414506912231
1798.203167827055 0.9883504509925842
1798.2240009077102 0.9886065125465393
1798.244833987752 0.9891181588172913
1798.2656670671206 0.9892352819442749
1798.2865001458877 0.989867091178894
1798.3073332239837 0.9900147318840027
1798.3281663014805 0.9908097386360168
1798.3489993783187 0.9907639026641846
1798.3698324545394 0.9914241433143616
1798.3906655301137 0.9920988082885742
1798.4114986050724 0.9925025701522827
1798.432331679387 0.9930176138877869
1798.4531647530887 0.9933988451957703
1798.4739978261484 0.9939920902252197
1798.4948308986072 0.9947748184204102
1798.5156639704066 0.9954062104225159
1798.5364970416172 0.995962381362915
1798.5573301121708 0.9963775277137756
1798.578163182138 0.996955394744873
1798.598996251451 0.9976208806037903
1798.6198293201794 0.9977397322654724
1798.6406623882663 0.9987485408782959
1798.661495455751 0.9992786049842834
1798.682328522607 0.9997655749320984
1798.7031615888632 1.0001249313354492
1798.7239946544933 1.000464677810669
1798.7448277195365 1.001295804977417
1798.765660783936 1.0018826723098755
1798.786493847761 1.0020360946655273
1798.8073269109454 1.0026925802230835
1798.828159973558 1.0030702352523804
1798.8489930355329 1.0038031339645386
1798.8698260969388 1.0038825273513794
1798.89065915772 1.004713535308838
1798.9114922179147 1.0051604509353638
1798.9323252774977 1.005299687385559
1798.9531583364974 1.0061663389205933
1798.9739913948888 1.0067312717437744
1798.9948244527095 1.0072118043899536
1799.0156575099052 1.008286952972412
1799.0364905665435 1.0084551572799683
1799.0573236225791 1.0091867446899414
1799.0781566780788 1.0097179412841797
1799.0989897329405 1.0105373859405518
1799.1198227872333 1.010805368423462
1799.1406558409215 1.0113383531570435
1799.1614888940417 1.0121062994003296
1799.1823219465705 1.0125389099121094
1799.2239880499128 1.0144959688186646
1799.2448211007295 1.0148555040359497
1799.265654150963 1.0157179832458496
1799.2864872006492 1.0161534547805786
1799.3073202497358 1.016425609588623
1799.3281532982892 1.0169938802719116
1799.3489863462478 1.0176862478256226
1799.3698193936766 1.0179461240768433
1799.390652440515 1.0185271501541138
1799.4114854868276 1.0191775560379028
1799.432318532564 1.0191556215286255
1799.4531515777592 1.0196819305419922
1799.4739846223931 1.0198240280151367
1799.4948176664898 1.019648790359497
1799.51565071003 1.0200783014297485
1799.5364837530374 1.0200332403182983
1799.5573167954933 1.020186424255371
1799.5781498374313 1.0203155279159546
1799.598982878803 1.020290732383728
1799.6198159196717 1.020140290260315
1799.6406489599894 1.020017385482788
1799.661481999789 1.019904613494873
1799.6823150390533 1.0202010869979858
1799.7031480778046 1.020025610923767
1799.7239811160268 1.0196493864059448
1799.7448141537413 1.0197378396987915
1799.7656471909327 1.0194228887557983
1799.786480227632 1.0195597410202026
1799.8073132637944 1.0189040899276733
1799.8281462994807 1.0185049772262573
1799.848979334637 1.0183161497116089
1799.8698123693234 1.018185019493103
1799.8906454034864 1.017861008644104
1799.911478437186 1.0176856517791748
1799.932311470379 1.017227292060852
1799.9531445030955 1.0169109106063843
1799.9739775353235 1.0166479349136353
1799.9948105670815 1.016068458557129
1800.015643598359 1.0158308744430542
1800.0364766291834 1.0152053833007812
1800.0573096595158 1.0152772665023804
1800.078142689413 1.01457941532135
1800.0989757188265 1.014068365097046
1800.119808747813 1.01384699344635
1800.1406417763346 1.0136268138885498
1800.1614748044178 1.0131727457046509
1800.1823078320554 1.0127763748168945
1800.2031408592632 1.0122895240783691
1800.2239738860358 1.011558175086975
1800.2448069123875 1.0112155675888062
1800.2656399383147 1.0111196041107178
1800.2864729638404 1.0107166767120361
1800.3073059889327 1.0098999738693237
1800.328139013644 1.0097709894180298
1800.3489720379332 1.0092034339904785
1800.369805061852 1.0088176727294922
1800.3906380853712 1.0083813667297363
1800.4114711085113 1.0074552297592163
1800.432304131274 1.007211685180664
1800.4531371536698 1.0065631866455078
1800.4739701757023 1.0062768459320068
1800.4948031973902 1.0057789087295532
1800.5156362187092 1.0056623220443726
1800.5364692397065 1.0049561262130737
1800.5573022603503 1.004546880722046
1800.5781352806866 1.004096269607544
1800.5989683006953 1.0038940906524658
1800.6198013203916 1.0034619569778442
1800.640634339787 1.002889633178711
1800.6614673588858 1.00276780128479
1800.682300377702 1.0023837089538574
1800.7031333962384 1.0025221109390259
1800.7239664145113 1.002089023590088
1800.744799432532 1.001615285873413
1800.7656324502898 1.001534104347229
1800.786465467824 1.0012097358703613
1800.8072984851174 1.001160740852356
1800.8281315022075 1.000654935836792
1800.8489645190896 1.000592589378357
1800.86979753577 1.0006502866744995
1800.8906305522773 1.000496506690979
1800.9114635686055 1.0004209280014038
1800.9322965847875 1.000604271888733
1800.953129600825 1.0001589059829712
1800.9739626167243 1.0001369714736938
1800.9947956325152 1.000290870666504
1801.0156286481986 1.000341773033142
1801.0364616638017 1.0003610849380493
1801.0572946793397 1.0003457069396973
1801.078127694808 1.0002604722976685
1801.0989607102563 1.0002002716064453
1801.119793725667 1.0003397464752197
1801.1406267410957 1.0
1801.1614597565315 1.0000975131988525
1801.1822927720063 0.9997006058692932
1801.2031257875362 0.9998147487640381
1801.223958803149 0.9995542168617249
1801.2447918188573 0.9995794296264648
1801.2656248347064 0.9996716380119324
1801.2864578506747 0.9987204670906067
1801.3072908668457 0.9990411400794983
1801.328123883184 0.9988455772399902
1801.3489568997807 0.9985385537147522
1801.3697899166068 0.9984859824180603
1801.3906229337322 0.9977799654006958
1801.411455951153 0.9980019330978394
1801.43228896894 0.9979202747344971
1801.4531219870837 0.9979628920555115
1801.473955005676 0.9976332783699036
1801.4947880246723 0.9973244667053223
1801.5156210442067 0.9971364140510559
1801.5364540642177 0.9968991875648499
1801.5572870848537 0.9969357848167419
1801.5781201060472 0.9963551163673401
1801.5989531279606 0.9963440895080566
1801.6197861505295 0.9960216879844666
1801.6406191739031 0.9959949851036072
1801.6614521980384 0.9959431886672974
1801.6822852231041 0.995417058467865
1801.7031182490182 0.9955268502235413
1801.7239512759993 0.9954886436462402
1801.7447843039458 0.994845449924469
1801.7656173330995 0.9948402643203735
1801.7864503633575 0.9948554039001465
1801.8072833949575 0.9945294260978699
1801.8281164278148 0.9946063756942749
1801.8489494621847 0.9945120215415955
1801.8697824979693 0.9938304424285889
1801.8906155354646 0.9937636852264404
1801.911448574528 0.993165135383606
1801.9322816155202 0.993249237537384
1801.9531146582724 0.9931171536445618
1801.973947703181 0.9921956658363342
1801.9947807500705 0.9924318194389343
1802.0156137993463 0.9916144609451294
1802.0364468508433 0.9913889169692993
1802.0572799050046 0.9902976155281067
1802.0781129616437 0.9901044368743896
1802.0989460212388 0.9897359013557434
1802.1197790835513 0.9894170761108398
1802.1406121491473 0.9896520972251892
1802.1614452177635 0.9893137812614441
1802.1822782899678 0.9886406660079956
1802.2031113655023 0.9888056516647339
1802.2239444449626 0.9891773462295532
1802.2447775280357 0.988384485244751
1802.2656106153602 0.989357590675354
1802.2864437065887 0.9885429739952087
1802.3072768023496 0.989108681678772
1802.328109902274 0.9890589118003845
1802.3489430069458 0.9891344308853149
1802.369776115989 0.9891982078552246
1802.3906092298682 0.9892432689666748
1802.4114423482295 0.9901741743087769
1802.4322754713846 0.9893956184387207
1803.4739310978227 1.0066518783569336
1803.4947641349854 1.0071114301681519
1803.5155971694383 1.0077742338180542
1803.5364302014088 1.0082905292510986
1803.5572632307892 1.0086148977279663
1803.5780962577683 1.0093258619308472
1803.5989292822687 1.0099648237228394
1803.619762304472 1.0102108716964722
1803.6405953242718 1.0112234354019165
1803.661428341872 1.0114835500717163
1803.6822613571571 1.0117250680923462
1803.7030943703246 1.0125077962875366
1803.7239273812695 1.0132778882980347
1803.744760390153 1.013825535774231
1803.7655933969008 1.0141783952713013
1803.7864264016678 1.0145113468170166
1803.8072594043508 1.0148274898529053
1803.8280924051296 1.0157442092895508
1803.848925403901 1.0160330533981323
1803.8697584008094 1.016493797302246
1803.8905913957828 1.017020583152771
1803.911424388951 1.017249584197998
1803.9322573802426 1.0174205303192139
1803.9530903697828 1.0178718566894531
1803.9739233575003 1.017785906791687
1803.994756343527 1.0181050300598145
1804.015589327762 1.0184104442596436
1804.0364223103625 1.018406867980957
1804.0572552912295 1.018639326095581
1804.0780882704864 1.0185593366622925
1804.098921248064 1.018554449081421
1804.119754224083 1.0186759233474731
1804.1405871984448 1.0184401273727417
1804.1614201712962 1.0183205604553223
1804.1822531425303 1.0183967351913452
1804.2030861122905 1.0180989503860474
1804.22391908048 1.0180115699768066
1804.2447520472103 1.0179200172424316
1804.2655850124147 1.0179296731948853
1804.2864179762018 1.0175293684005737
1804.3072509384765 1.0172845125198364
1804.3280838993744 1.0167781114578247
1804.3489168588005 1.016479730606079
1804.3697498168583 1.0160170793533325
1804.3905827734839 1.015488862991333
1804.4114157287684 1.0151762962341309
1804.4322486826484 1.014378309249878
1804.453081635223 1.0144398212432861
1804.4739145863994 1.0134103298187256
1804.4947475363044 1.0125454664230347
1804.5155804848357 1.0124882459640503
1804.5364134321192 1.0116227865219116
1804.5572463780627 1.0113979578018188
1804.5780793227598 1.010683536529541
1804.5989122661492 1.0106942653656006
1804.6197452083231 1.0102516412734985
1804.6405781491906 1.0097119808197021
1804.661411088872 1.0088953971862793
1804.6822440272674 1.0090047121047974
1804.7030769644955 1.0089726448059082
1804.7239099004667 1.0077228546142578
1804.7447428352682 1.0077495574951172
1804.7655757688412 1.0070617198944092
1804.7864087012715 1.0069644451141357
1804.807241632471 1.0067670345306396
1804.8280745625539 1.0065498352050781
1804.8489074914323 1.0066349506378174
1804.8697404191896 1.006005883216858
1804.8905733457684 1.0061469078063965
1804.9114062712406 1.0052956342697144
1804.93223919555 1.0053431987762451
1804.9530721187766 1.004705548286438
1804.973905040835 1.0050395727157593
1804.9947379618338 1.0045742988586426
1805.0155708816783 1.0040416717529297
1805.0364038004764 1.004135251045227
1805.0572367181433 1.0035022497177124
1805.078069634766 1.0031057596206665
1805.0989025502606 1.002925157546997
1805.119735464733 1.0020960569381714
1805.1405683780886 1.0017170906066895
1805.1614012904338 1.001707911491394
1805.1822342016844 1.0010950565338135
1805.203067111915 1.000954508781433
1805.2239000210725 1.0003756284713745
1805.2447329292302 1.0001205205917358
1805.2655658363055 0.9999363422393799
1805.2863987424014 0.9991686940193176
1805.3072316474356 0.9990383982658386
1805.3280645514797 0.9983493089675903
1805.3488974544819 0.997749924659729
1805.3697303565134 0.997619092464447
1805.3905632574924 0.9969276189804077
1805.41139615752 0.9971305131912231
1805.4322290565046 0.9964898824691772
1805.4530619545462 0.9969155788421631
1805.4738948515637 0.9962517619132996
1805.4947277476265 0.9962772130966187
1805.5155606426838 0.9964789748191833
1805.536393536804 0.9967508316040039
1805.5572264299078 0.9963822364807129
1805.578059322092 0.9963036179542542
1805.5988922132776 0.9965513348579407
1805.6197251035314 0.9964235424995422
1805.640557992804 0.9963110685348511
1805.661390881152 0.9966594576835632
1805.6822237685267 0.9968825578689575
1805.7030566549934 0.9965196251869202
1805.7238895404741 0.9966564178466797
1805.7447224250639 0.9965246319770813
1805.765555308684 0.9964033961296082
1805.7863881914 0.996929943561554
1805.8072210731636 0.9965851306915283
1805.828053954039 0.9967445731163025
1805.8488868339487 0.9966601729393005
1805.869719712986 0.9966108798980713
1805.8905525910639 0.9963122606277466
1805.9113854682755 0.9969673156738281
1805.9322183445443 0.9964030981063843
1805.9530512199324 0.9959841966629028
1805.9738840943933 0.9963952898979187
1805.994716967989 0.9961580038070679
1806.0155498406434 0.9962810277938843
1806.0363827124481 0.9958932399749756
1806.0572155833306 0.9958533644676208
1806.0780484533514 0.9955455660820007
1806.098881322459 0.9953751564025879
1806.1197141907144 0.995505154132843
1806.1405470580446 0.9952459931373596
1806.1613799245408 0.9951204061508179
1806.182212790117 0.9945990443229675
1806.203045654864 0.9948092699050903
1806.2238785187058 0.9940796494483948
1806.2447113817027 0.9941176772117615
1806.2655442438097 0.994316041469574
1806.2863771050863 0.9935066103935242
1806.307209965458 0.9937804341316223
1806.3280428250134 0.9932709336280823
1806.3488756836784 0.9927793741226196
1806.3697085415115 0.9926761984825134
1806.3905413984687 0.9928175806999207
1806.4113742546083 0.9922091364860535
1806.4322071098563 0.9920097589492798
1806.4530399643006 0.9914456605911255
1806.473872817858 0.9913210272789001
1806.4947056706153 0.9909368753433228
1806.5155385224994 0.9905765056610107
1806.536371373568 0.9908132553100586
1806.5572042237775 0.9901902675628662
1806.578037073185 0.9896529912948608
1806.5988699217173 0.9897726774215698
1806.6197027694611 0.9895551800727844
1806.6405356163436 0.9890651106834412
1806.6613684624215 0.9886353015899658
1806.6822013076521 0.9881142377853394
1806.703034152091 0.9881138205528259
1806.7238669956664 0.9879336357116699
1806.7446998384635 0.9875420928001404
1806.7655326804108 0.9875854253768921
1806.7863655215633 0.987419068813324
1806.8071983618793 0.9873529672622681
1806.8280312014138 0.986812174320221
1806.8488640400951 0.9866545796394348
1806.869696878008 0.9867232441902161
1806.8905297150711 0.9864447116851807
1806.9113625513692 0.9866676926612854
1806.9321953868307 0.9865624308586121
1806.9530282215203 0.9862534999847412
1806.9738610553663 0.9864825010299683
1806.994693888453 0.9864312410354614
1807.0155267206999 0.9865249991416931
1807.0363595521903 0.9863541126251221
1807.0571923828538 0.9866510033607483
1807.0780252127436 0.9869451522827148
1807.0988580418195 0.9871935844421387
1807.1196908701345 0.9871369004249573
1807.1405236976186 0.9870872497558594
1807.161356524355 0.987357497215271
1807.182189350273 0.987365186214447
1807.2030221754255 0.9873006939888
1807.2238549997728 0.9876284599304199
1807.2446878233673 0.9877068996429443
1807.2655206461393 0.9877561926841736
1807.2863534681712 0.9883997440338135
1807.3071862893933 0.9879581332206726
1807.3280191098577 0.9884229302406311
1807.348851929525 0.988591194152832
1807.3696847484368 0.9888563752174377
1807.3905175665545 0.9890896677970886
1807.4113503839294 0.9895568490028381
1807.432183200502 0.9892428517341614
1807.4530160163247 0.9899764657020569
1807.4738488313578 0.9902616143226624
1807.4946816456427 0.9905410408973694
1807.5155144591406 0.991327702999115
1807.536347271903 0.9920325875282288
1807.5571800838609 0.992040753364563
1807.578012895095 0.9924699068069458
1807.5988457055373 0.9933945536613464
1807.619678515238 0.9938437342643738
1807.6405113241592 0.9942124485969543
1807.6613441323514 0.9947056770324707
1807.682176939746 0.9954825639724731
1807.7030097464237 0.9958709478378296
1807.7238425523162 0.9965084195137024
1807.7446753574736 0.997322678565979
1807.7655081618582 0.998233437538147
1807.7863409655201 0.9989299774169922
1807.8071737683915 0.9997487664222717
1807.828006570552 0.9999327063560486
1807.8488393719338 1.000770926475525
1807.8696721725867 1.0014739036560059
1807.8905049724735 1.0017321109771729
1807.9113377716435 1.0028308629989624
1807.9321705700293 1.0036087036132812
1807.9530033677102 1.003806710243225
1807.973836164619 1.0046638250350952
1808.01550175623 1.0063269138336182
1808.0363345509345 1.0068786144256592
1808.057167344881 1.00762939453125
1808.0780001381183 1.0082992315292358
1808.0988329305894 1.0086737871170044
1808.1196657223431 1.0094889402389526
1808.140498513343 1.0101677179336548
1808.161331303627 1.0108872652053833
1808.182164093159 1.0116913318634033
1808.2029968819872 1.0120065212249756
1808.223829670045 1.0125514268875122
1808.2446624574109 1.012513279914856
1808.2654952440184 1.014168620109558
1808.2863280299157 1.0143930912017822
1808.3071608150665 1.0153106451034546
1808.3279935995188 1.0151844024658203
1808.3488263832164 1.0158376693725586
1808.369659166207 1.016514539718628
1808.390491948455 1.016724705696106
1808.411324730008 1.0172560214996338
1808.4321575107997 1.0174223184585571
1808.452990290908 1.0178114175796509
1808.473823070267 1.0180227756500244
1808.4946558489244 1.0181388854980469
1808.5154886268442 1.0183618068695068
1808.536321404064 1.0181756019592285
1808.5571541805477 1.018669843673706
1808.5779869563432 1.018488883972168
1808.5988197313845 1.0188440084457397
1808.619652505749 1.0187963247299194
1808.640485279371 1.019164800643921
1808.661318052308 1.0189028978347778
1808.682150824494 1.018588900566101
1808.7029835960066 1.0188785791397095
1808.7238163667698 1.018560767173767
1808.7446491368612 1.0185436010360718
1808.7654819062152 1.01817786693573
1808.7863146748887 1.018288016319275
1808.8071474428164 1.0180690288543701
1808.827980210075 1.0172884464263916
1808.8488129765897 1.0176485776901245
1808.8696457424367 1.0170749425888062
1808.8904785075515 1.0166927576065063
1808.9113112719901 1.0162529945373535
1808.9321440356882 1.015936017036438
1808.9529767987217 1.0153083801269531
1808.9738095610257 1.0151054859161377
1808.994642322647 1.014554738998413
1809.0154750835507 1.0143156051635742
1809.0363078437827 1.0135788917541504
1809.0571406032789 1.012817144393921
1809.077973362115 1.0123655796051025
1809.0988061202265 1.0118510723114014
1809.1196388776593 1.0112098455429077
1809.1404716343798 1.0106006860733032
1809.1613043904326 1.0103620290756226
1809.1821371457545 1.0098599195480347
1809.2029699004206 1.0089253187179565
1809.2238026543569 1.008357048034668
1809.244635407639 1.0083787441253662
1809.265468160203 1.007909893989563
1809.286300912104 1.0072311162948608
1809.3071336632786 1.006851315498352
1809.3279664138017 1.0062693357467651
1809.3487991635998 1.0059250593185425
1809.3696319127478 1.0052614212036133
1809.3904646611825 1.0054657459259033
1809.4112974089585 1.005085825920105
1809.4321301560126 1.00505793094635
1809.4529629024194 1.004412293434143
1809.4737956481056 1.0043504238128662
1809.4946283931463 1.0040534734725952
1809.5154611374783 1.0039695501327515
1809.5362938811556 1.0034581422805786
1809.5571266241159 1.0038244724273682
1809.5779593664329 1.0033963918685913
1809.598792108034 1.002907156944275
1809.619624848994 1.0026633739471436
1809.6404575892495 1.0023927688598633
1809.6612903288549 1.0023363828659058
1809.6821230677476 1.0022774934768677
1809.7029558060015 1.0016329288482666
1809.7237885435538 1.001713514328003
1809.7446212804493 1.0010560750961304
1809.765454016655 1.0009676218032837
1809.7862867522147 1.000476360321045
1809.8071194870663 1.0003470182418823
1809.8279522212833 0.9996808767318726
1809.8487849548037 0.9995580911636353
1809.8696176876708 0.999382495880127
1809.8904504198533 0.9986732006072998
1809.9112831513937 0.9989845752716064
1809.9321158822409 0.998150110244751
1809.9529486124377 0.9978556036949158
1809.9737813419522 0.9977108836174011
1809.9946140708282 0.9973911643028259
1810.0154467990037 0.997404932975769
1810.0362795265519 0.9972918033599854
1810.057112253411 0.9969855546951294
1810.0779449796244 0.9970043301582336
1810.09877770516 0.996711254119873
1810.1196104300614 0.9965147376060486
1810.1404431542671 0.9968534111976624
1810.1612758778497 0.9968382120132446
1810.1821086007483 0.99664705991745
1810.202941323005 0.9963573813438416
1810.2237740445892 0.9964669346809387
1810.2446067655433 0.996566891670227
1810.2654394858066 0.9967043995857239
1810.286272205451 0.996168851852417
1810.307104924416 0.9966261386871338
1810.3279376427438 0.9962332844734192
1810.3487703604042 0.9965111017227173
1810.3696030774388 0.9961979985237122
1810.3904357937872 0.9961205124855042
1810.4112685095215 0.9963386654853821
1810.4321012245814 0.996171772480011
1810.4529339390085 0.9961339831352234
1810.473766652773 0.9961398839950562
1810.4945993659164 0.9957932233810425
1810.5154320783886 0.9956502318382263
1810.5362647902314 0.9956015348434448
1810.5570975014148 0.9957656860351562
1810.57793021198 0.9953842759132385
1810.5987629218675 0.9951531887054443
1810.619595631149 0.9950918555259705
1810.6404283397644 0.9949530959129333
1810.6612610477548 0.9945586919784546
1810.6820937550913 0.9946169853210449
1810.7029264618143 0.9941633939743042
1810.7237591678652 0.9939932823181152
1810.7445918733144 0.9936802983283997
1810.7654245781032 0.9934781193733215
1810.786257282272 0.9930873513221741
1810.807089985792 0.9932529926300049
1810.8279226887034 0.992870569229126
1810.8487553909486 0.9928364753723145
1810.8695880925968 0.9923475980758667
1810.8904207935905 0.9920692443847656
1810.9112534939788 0.9921594858169556
1810.9320861937044 0.9915134906768799
1810.9529188928366 0.9915593266487122
1810.973751591308 0.9913755059242249
1810.994584289188 0.9913889765739441
1811.0154169864188 0.9907209873199463
1811.03624968305 0.9905818700790405
1811.0570823790245 0.9905346035957336
1811.0779150744106 0.990006148815155
1811.098747769152 0.9897394776344299
1811.1195804632875 0.9897668957710266
1811.1404131567901 0.9891620874404907
1811.1612458496988 0.9890921711921692
1811.1820785419563 0.9887366890907288
1811.2029112336318 0.988688588142395
1811.2237439246687 0.9884463548660278
1811.2445766151056 0.9885034561157227
1811.265409304916 0.9884433150291443
1811.2862419941382 0.98798668384552
1811.3070746827161 0.987947404384613
1811.3279073707179 0.9875940680503845
1811.3487400580875 0.9872581362724304
1811.3695727448735 0.9874396324157715
1811.3904054310196 0.9874265193939209
1811.4112381165942 0.9868914484977722
1811.4320708015412 0.9873530268669128
1811.4529034858986 0.9868227243423462
1811.473736169641 0.9867669939994812
1811.4945688528062 0.9865565896034241
1811.515401535339 0.9864063858985901
1811.5362342173064 0.9865450859069824
1811.557066898654 0.9863848686218262
1811.5778995794287 0.9865453243255615
1811.5987322595763 0.9863670468330383
1811.6195649391636 0.9863833785057068
1811.6403976181361 0.98627108335495
1811.661230296531 0.9863370656967163
1811.6820629743231 0.986520528793335
1811.7028956515505 0.9863170981407166
1811.7237283281586 0.9866224527359009
1811.744561004214 0.9862043261528015
1811.7653936796628 0.9866909384727478
1811.7862263545517 0.9868687391281128
1811.8070590288269 0.9873552322387695
1811.827891702555 0.9874011278152466
1811.8487243756724 0.9883114099502563
1811.8695570482455 0.9882742166519165
1811.8903897202213 0.988490104675293
1811.9112223916452 0.9889200925827026
1811.932055062465 0.9894326329231262
1811.952887732746 0.990216851234436
1811.9737204024364 0.9904109239578247
1811.9945530715709 0.9910740852355957
1812.015385740128 0.9920365810394287
1812.0362184081425 0.9921927452087402
1812.057051075563 0.9930846095085144
1812.0778837424543 0.9935414791107178
1812.098716408765 0.9942116141319275
1812.1195490745401 0.9948703050613403
1812.1403817397284 0.995658278465271
1812.161214404394 0.9960356950759888
1812.1820470684868 0.9964919686317444
1812.2028797320406 0.9974772930145264
1812.2237123950356 0.9981536269187927
1812.2445450575053 0.9987761974334717
1812.2653777194002 0.9990241527557373
1812.2862103807836 0.9999421238899231
1812.3070430416062 1.000474214553833
1812.3278757019016 1.001016616821289
1812.3487083616508 1.0015801191329956
1812.3695410208863 1.001949667930603
1812.3903736795705 1.0023279190063477
1812.4112063377352 1.0028566122055054
1812.4320389953627 1.0039925575256348
1812.4528716524858 1.0045478343963623
1812.4737043090568 1.0049418210983276
1812.515369620681 1.0053623914718628
1812.536202275729 1.0063565969467163
1812.5570349302352 1.0066765546798706
1812.5778675842607 1.0069645643234253
1812.5987002377503 1.0076704025268555
1812.619532890764 1.0081634521484375
1812.6403655432575 1.009292721748352
1812.6611981952703 1.0098086595535278
1812.6820308467588 1.0102957487106323
1812.7028634977823 1.0109559297561646
1812.723696148298 1.011427402496338
1812.744528798334 1.0119783878326416
1812.7653614478786 1.0123032331466675
1812.78619409696 1.012869954109192
1812.807026745536 1.013246774673462
1812.8278593936654 1.0138647556304932
1812.848692041307 1.014378309249878
1812.8695246884981 1.0144422054290771
1812.8903573351986 1.0152060985565186
1812.9111899814657 1.0156059265136719
1812.9320226272598 1.0159345865249634
1812.9528552726074 1.016006588935852
1812.9736879175007 1.0164090394973755
1812.9945205619647 1.0171161890029907
1813.0153532059728 1.0169910192489624
1813.0361858495494 1.0173531770706177
1813.057018492689 1.017419695854187
1813.0778511354156 1.017617106437683
1813.0986837776945 1.0176818370819092
1813.119516419579 1.0180259943008423
1813.1403490610355 1.0179444551467896
1813.1611817020867 1.0176258087158203
1813.1820143427303 1.0176664590835571
1813.2028469829881 1.0181069374084473
1813.2236796228394 1.0178427696228027
1813.2445122623049 1.0176316499710083
1813.2653449013853 1.0180023908615112
1813.2861775401004 1.0176492929458618
1813.3070101784226 1.0173602104187012
1813.327842816401 1.0163946151733398
1813.348675454009 1.016475796699524
1813.3695080912753 1.0158238410949707
1813.3903407281746 1.0156197547912598
1813.4111733647544 1.0154377222061157
1813.4320060009918 1.0147290229797363
1813.4528386369032 1.0151554346084595
1813.4736712724973 1.0147777795791626
1813.4945039077895 1.0141741037368774
1813.5153365427705 1.0133341550827026
1813.536169177454 1.0130672454833984
1813.557001811854 1.0127876996994019
1813.5778344459825 1.0120850801467896
1813.5986670798254 1.0114786624908447
1813.6194997134237 1.0116389989852905
1813.640332346766 1.0110360383987427
1813.6611649798615 1.0103089809417725
1813.6819976127317 1.0101622343063354
1813.7028302453846 1.0098254680633545
1813.7236628778244 1.009406328201294
1813.744495510057 1.009026288986206
1813.7653281421103 1.0086742639541626
1813.7861607739883 1.008302927017212
1813.8069934056923 1.0076525211334229
1813.827826037255 1.00728178024292
1813.8486586686809 1.0070221424102783
1813.8694912999802 1.006852626800537
1813.8903239311621 1.006111979484558
1813.9111565622543 1.005364179611206
1813.931989193261 1.0053125619888306
1813.9528218242074 1.0051140785217285
1813.973654455112 1.0044735670089722
1813.9944870859777 1.0044201612472534
1814.0153197168281 1.0045586824417114
1814.0361523476836 1.0039560794830322
1814.0569849785738 1.003854513168335
1814.077817609486 1.002813458442688
1814.0986502404858 1.0021339654922485
1814.1194828715572 1.002196192741394
1814.1403155027533 1.0016130208969116
1814.161148134054 1.0018529891967773
1814.1819807655404 1.0017184019088745
1814.202813397189 1.0020239353179932
1814.2236460290685 1.001869797706604
1814.2444786611513 1.0013878345489502
1814.2653112935357 1.0008803606033325
1814.2861439261899 1.0007747411727905
1814.3069765591924 1.0004768371582031
1814.3278091925358 0.9999493956565857
1814.3486418263105 0.9995549917221069
1814.3694744604736 0.9996757507324219
1814.3903070951583 0.9990658164024353
1814.4111397303159 0.9986032843589783
1814.4319723660735 0.9986187815666199
1814.452805002376 0.9982603788375854
1814.4736376393864 0.9983189702033997
1814.4944702770417 0.9980452060699463
1814.5153029154937 0.9978286027908325
1814.536135554701 0.9979264736175537
1814.5569681948355 0.9973273277282715
1814.5778008358263 0.9977115988731384
1814.5986334778684 0.9975306987762451
1814.6194661209008 0.9974395632743835
1814.6402987651434 0.9972042441368103
1814.6611314105046 0.9972272515296936
1814.6819640572332 0.9969332218170166
1814.7027967052443 0.9968745112419128
1814.7236293548194 0.996985673904419
1814.7444620058395 0.9967569708824158
1814.7652946586227 0.9967594742774963
1814.7861273130538 0.997133195400238
1814.8069599694925 0.9967928528785706
1814.8277926277754 0.9970011711120605
1814.8486252883374 0.9968942999839783
1814.8694579509956 0.9967857003211975
1814.8902906162057 0.9964912533760071
1814.9111232837922 0.9960096478462219
1814.9319559542657 0.996307373046875
1814.952788627406 0.9962780475616455
1814.9736213037827 0.9958948493003845
1814.9944539831674 0.9954049587249756
1815.0152866661897 0.9948875904083252