1764.7033023051738 1.0006260871887207
1764.724135959433 1.0010806322097778
1764.7449696097785 0.9997851252555847
1764.7658032563102 1.000470519065857
1764.7866368990963 1.000170111656189
1764.8074705382346 1.0004769563674927
1764.8283041738127 1.0001212358474731
1764.8491378059148 1.0005658864974976
1764.8699714346349 1.0003116130828857
1764.8908050600344 1.000069499015808
1764.9116386822025 1.000476598739624
1764.9324723012164 1.0003910064697266
1764.9533059171517 1.0006780624389648
1764.9741395300905 1.000386357307434
1764.9949731400836 1.0005662441253662
1765.0158067472094 1.0003961324691772
1765.0366403515332 1.0003535747528076
1765.0574739531191 1.0005558729171753
1765.078307552039 0.999582052230835
1765.0991411483317 1.0000215768814087
1765.1199747420649 0.999832808971405
1765.140808333294 1.0008156299591064
1765.1616419220718 1.0005027055740356
1765.1824755084501 1.0008097887039185
1765.2033090924888 1.000689148902893
1765.2241426742153 1.0003538131713867
1765.2449762536855 1.0005652904510498
1765.2658098309446 1.000191569328308
1765.2866434060447 0.9996703267097473
1765.3074769790076 1.0002927780151367
1765.328310549883 1.0002442598342896
1765.3491441187093 0.9996300339698792
1765.3699776855237 1.0000842809677124
1765.390811250372 1.0003833770751953
1765.4116448132684 0.999480128288269
1765.4324783742566 0.9995071887969971
1765.4533119333687 0.9988627433776855
1765.4741454906457 0.9996744394302368
1765.4949790460976 0.9998525381088257
1765.5158125997636 0.9998021125793457
1765.5366461516712 0.9990904331207275
1765.557479701848 0.9990488290786743
1765.57831325032 0.9986022710800171
1765.5991467971223 0.998965322971344
1765.6199803422596 0.9996488690376282
1765.640813885766 0.998860776424408
1765.6616474276634 0.9989604949951172
1765.6824809679747 0.9992761611938477
1765.7033145067314 0.9994974732398987
1765.724148043934 0.9993385672569275
1765.7449815796128 0.9990124702453613
1765.7658151137875 0.9989802837371826
1765.7866486464866 0.99965500831604
1765.8074821777088 0.9991106390953064
1765.8283157074818 0.9989839792251587
1765.849149235823 0.9994543790817261
1765.8699827627488 0.9991117119789124
1765.890816288286 0.9983611702919006
1765.9116498124297 0.9991720914840698
1765.9324833352057 0.9996775388717651
1765.9533168566288 0.9996972680091858
1765.9741503767134 0.9983993172645569
1765.9949838954835 0.9989567399024963
1766.015817412933 0.9985085129737854
1766.036650929085 0.9986889958381653
1766.057484443952 0.9988340735435486
1766.0783179575574 0.9991437196731567
1766.0991514698928 0.9999794960021973
1766.1199849809802 0.9999341368675232
1766.1408184908314 1.0000942945480347
1766.1616519994575 0.9997829794883728
1766.1824855068792 1.0002691745758057
1766.2033190130876 0.9994691610336304
1766.224152518103 1.0002377033233643
1766.2449860219351 0.9994781017303467
1766.2658195245945 0.9996048808097839
1766.2866530261006 0.9996426105499268
1766.3074865264423 0.9996539354324341
1766.3283200256392 1.0000779628753662
1766.3491535237004 1.0002375841140747
1766.3699870206342 0.9996441602706909
1766.3908205164591 1.0003584623336792
1766.411654011164 1.0002574920654297
1766.4324875047664 1.0002340078353882
1766.4533209972742 0.9996063113212585
1766.4741544887056 0.9995178580284119
1766.4949879790477 1.0002645254135132
1766.515821468318 0.9997138977050781
1766.536654956524 0.999707043170929
1766.5574884436721 1.000074028968811
1766.5783219297698 0.999971866607666
1766.5991554148336 0.9996899962425232
1766.61998889885 0.9998878836631775
1766.6408223818353 1.0000213384628296
1766.661655863796 0.9996898770332336
1766.6824893447485 0.9997723698616028
1766.7033228246783 1.0003381967544556
1766.7241563036018 0.9997725486755371
1766.7449897815243 0.999599039554596
1766.7658232584618 0.9999749064445496
1766.7866567343997 1.0000214576721191
1766.8074902093533 0.9998761415481567
1766.8283236833279 0.9995313882827759
1766.8491571563293 1.0003080368041992
1766.8699906283716 1.0000721216201782
1766.8908240994404 1.000167727470398
1766.9116575695507 1.00077223777771
1766.932491038707 0.9999297857284546
1766.953324506914 1.0001695156097412
1766.9741579741865 1.0000423192977905
1766.9949914405088 0.9997356534004211
1767.0158249058954 1.000069499015808
1767.0366583703508 0.9996583461761475
1767.0574918338891 0.9998412728309631
1767.0783252964943 1.0003129243850708
1767.0991587581811 1.0001226663589478
1767.119992218953 1.000038743019104
1767.1408256788143 1.0002557039260864
1767.1616591377785 0.9997296333312988
1767.1824925958297 1.0006643533706665
1767.2033260529815 0.9998764395713806
1767.2241595092378 1.0001698732376099
1767.244992964612 1.0004457235336304
1767.2658264190875 0.9998770356178284
1767.2866598726785 1.0008906126022339
1767.3074933253874 0.9999187588691711
1767.3283267772283 1.000280737876892
1767.3491602281845 0.9997628331184387
1767.3699936782689 0.9993714690208435
1767.3908271274847 0.999580979347229
1767.4116605758356 1.0000629425048828
1767.4324940233341 0.9996127486228943
1767.4533274699634 0.9993801116943359
1767.4741609157368 0.9990495443344116
1767.4949943606568 0.999585747718811
1767.5158278047265 0.9997973442077637
1767.5366612479586 0.9996312260627747
1767.5574946903364 0.9991572499275208
1767.5783281318722 0.999136745929718
1767.5991615725686 0.9994640946388245
1767.619995012439 0.9991269111633301
1767.6408284514653 0.9987389445304871
1767.6616618896603 0.9997135400772095
1767.6824953270268 0.9985665082931519
1767.703328763577 0.9993855357170105
1767.7241621992935 0.9991409182548523
1767.7449956341889 0.9986680150032043
1767.7658290682652 0.9991642236709595
1767.7866625015254 0.9989075064659119
1767.8074959339813 0.9994828104972839
1767.8283293656154 0.9996339082717896
1767.84916279644 0.9990025758743286
1767.8699962264573 0.9991097450256348
1767.8908296556795 0.9992151856422424
1767.9116630840888 0.9992514848709106
1767.9324965116975 0.9988911151885986
1767.9533299385073 0.9987050294876099
1767.9741633645308 0.9988292455673218
1767.9949967897498 0.9980587363243103
1768.0158302141763 0.9984630942344666
1768.0366636378121 0.9976382255554199
1768.05749706067 0.9982398152351379
1768.078330482731 0.9982200264930725
1768.0991639040074 0.9991094470024109
1768.1199973245014 0.9977347254753113
1768.1408307442246 0.9987351894378662
1768.1616641631585 0.9972590208053589
1768.1824975813158 0.9986207485198975
1768.2033309986975 0.998040497303009
1768.224164415306 0.9983172416687012
1768.2449978311527 0.9987415671348572
1768.2658312462192 0.9987055063247681
1768.2866646605175 0.9985425472259521
1768.3074980740496 0.998956561088562
1768.3283314868268 0.9984470009803772
1768.3491648988304 0.998619794845581
1768.369998310073 0.9991856813430786
1768.3908317205553 0.9978736639022827
1768.4116651302793 0.9983238577842712
1768.4324985392568 0.9986757040023804
1768.453331947469 0.9986125230789185
1768.4741653549277 0.9978331327438354
1768.4949987616444 0.999381422996521
1768.5158321676004 0.9981585144996643
1768.5366655728074 0.9988768100738525
1768.557498977267 0.9980584979057312
1768.5783323809903 0.9978551268577576
1768.6199991861852 0.9991833567619324
1768.640832587669 0.9993390440940857
1768.6616659884126 0.9993665814399719
1768.6824993884275 0.9994080662727356
1768.7033327876945 0.9988089799880981
1768.7241661862256 0.9983772039413452
1768.744999584022 0.9991921782493591
1768.7658329810947 0.9981079697608948
1768.7866663774255 0.9986120462417603
1768.8074997730255 0.9993535876274109
1768.8283331678958 0.9993119835853577
1768.849166562048 0.9976336359977722
1768.8699999554633 0.9985159635543823
1768.8908333481531 0.9989764094352722
1768.9116667401183 0.9989349246025085
1768.9325001313703 0.9981395602226257
1768.9533335218907 0.997971773147583
1768.9741669116904 0.9988972544670105
1768.9950003007705 0.999210000038147
1769.0158336891425 0.9985896348953247
1769.0366670767874 0.9987396001815796
1769.0575004637165 0.9994423389434814
1769.0783338499311 0.9989587664604187
1769.0991672354319 0.9984413981437683
1769.1200006202305 0.9983635544776917
1769.140834004308 0.9994925260543823
1769.1616673876754 0.9993623495101929
1769.1825007703437 0.9992104172706604
1769.2033341522947 1.0000699758529663
1769.2241675335385 0.9991828799247742
1769.245000914077 0.9997628331184387
1769.2658342939212 0.9988079071044922
1769.2866676730519 0.9992911219596863
1769.3075010514801 0.9990407824516296
1769.3283344292076 0.9991750121116638
1769.3491678062346 0.9989656805992126
1769.3700011825727 0.9992535710334778
1769.3908345582029 0.999889612197876
1769.411667933136 0.9988589882850647
1769.432501307373 1.0001914501190186
1769.4533346809258 1.0000449419021606
1769.474168053774 0.999882698059082
1769.4950014259298 0.9997594356536865
1769.515834797404 1.0000765323638916
1769.5366681681771 0.9999292492866516
1769.5575015382606 0.9998735189437866
1769.5783349076553 1.0002293586730957
1769.5991682763722 0.9998626112937927
1769.6200016443925 1.00040864944458
1769.640835011727 0.9996886849403381
1769.6616683783766 1.0002460479736328
1769.6825017443423 0.9994454979896545
1769.7033351096354 1.000034213066101
1769.7241684742364 0.9993888139724731
1769.7450018381564 1.0000417232513428
1769.7658352014068 1.0000128746032715
1769.786668563968 1.0004464387893677
1769.8075019258513 0.9998235702514648
1769.8283352870574 0.9999861717224121
1769.8491686475975 0.9995518922805786
1769.870002007452 1.0001200437545776
1769.8908353666327 1.0004328489303589
1769.9116687251399 1.000219464302063
1769.9325020829845 1.0001368522644043
1769.9533354401478 1.0002623796463013
1769.9741687966405 1.0003607273101807
1769.9950021524635 1.000104308128357
1770.015835507628 0.9999787211418152
1770.0366688621145 0.9999633431434631
1770.0575022159342 0.9996850490570068
1770.0783355690878 0.9997680187225342
1770.0991689215864 0.9997764229774475
1770.1200022734108 0.9996791481971741
1770.140835624572 1.0003122091293335
1770.1616689750708 1.0000232458114624
1770.1825023249182 0.9996410608291626
1770.203335674095 0.9999982714653015
1770.2241690226122 1.0002192258834839
1770.2450023704703 1.0002882480621338
1770.2658357176806 0.9998906254768372
1770.2866690642243 1.000346064567566
1770.3075024101115 1.0001472234725952
1770.3283357553435 1.0005079507827759
1770.3491690999315 1.000748634338379
1770.3700024438558 1.0008797645568848
1770.3908357871276 0.9999312162399292
1770.4116691297577 1.0002235174179077
1770.432502471727 1.000414252281189
1770.4533358130464 1.0001801252365112
1770.4741691537167 1.000619888305664
1770.4950024937489 1.0003693103790283
1770.515835833124 1.000424861907959
1770.5366691718525 0.9999130964279175
1770.5575025099356 1.0003389120101929
1770.578335847384 1.0004527568817139
1770.599169184179 1.0006623268127441
1770.6200025203307 1.000335931777954
1770.6408358558406 1.0003761053085327
1770.6616691907195 1.0002858638763428
1770.682502524948 1.0001300573349
1770.7033358585372 1.0003962516784668
1770.7241691914983 1.0002626180648804
1770.7450025238115 1.0006920099258423
1770.7658358554881 1.0004194974899292
1770.786669186529 1.0002877712249756
1770.807502516945 1.0003620386123657
1770.8283358467168 1.0002270936965942
1770.8491691758559 1.0003795623779297
1770.8700025043624 0.9999927282333374
1770.8908358322476 1.0003085136413574
1770.9116691594927 0.9999566674232483
1770.932502486108 1.0005755424499512
1770.9533358120946 1.0003758668899536
1770.9741691374638 1.0005460977554321
1770.9950024621958 1.0004336833953857
1771.015835786302 1.0005028247833252
1771.0366691097934 1.0003279447555542
1771.0575024326504 1.0005749464035034
1771.0783357548842 1.0002655982971191
1771.099169076496 1.000012993812561
1771.1200023974961 1.0001710653305054
1771.140835717866 1.0004003047943115
1771.1616690376165 1.000321865081787
1771.182502356748 1.0002830028533936
1771.2033356752722 0.9996769428253174
1771.2241689931698 0.9998071789741516
1771.2450023104511 1.0002342462539673
1771.265835627128 0.9999262094497681
1771.2866689431805 1.000551700592041
1771.3075022586206 1.0001567602157593
1771.3283355734484 1.0007402896881104
1771.349168887675 1.0004754066467285
1771.370002201282 1.0004090070724487
1771.3908355142794 1.0006440877914429
1771.4116688266688 1.0003572702407837
1771.4325021384611 1.0004709959030151
1771.453335449637 1.0002557039260864
1771.474168760208 1.0005006790161133
1771.4950020701847 1.0000176429748535
1771.5158353795478 1.000379204750061
1771.5366686883087 1.000329613685608
1771.5575019964688 1.0001426935195923
1771.5783353040383 1.0000619888305664
1771.5991686109987 1.0002301931381226
1771.620001917361 1.000044822692871
1771.6408352231258 1.000098466873169
1771.6616685283045 0.9998964667320251
1771.6825018328784 1.000104546546936
1771.703335136858 0.999758243560791
1771.7241684402545 1.0001519918441772
1771.7450017430494 1.000006914138794
1771.7658350452532 1.0003286600112915
1771.786668346867 0.999931812286377
1771.8075016479022 1.0003725290298462
1771.8283349483397 1.0000550746917725
1771.8491682481906 1.0001646280288696
1771.8700015474662 1.0002576112747192
1771.8908348461473 1.0003082752227783
1771.911668144245 1.0000730752944946
1771.932501441761 0.9999575018882751
1771.9533347387055 1.0001212358474731
1771.9741680350603 0.9998708367347717
1771.9950013308367 0.9998421669006348
1772.015834626035 0.9999120831489563
1772.0366679206672 0.9997401833534241
1772.0575012147144 0.9996325969696045
1772.0783345081873 0.9997056722640991
1772.0991678010973 1.0000602006912231
1772.120001093426 1.0002038478851318
1772.140834385184 0.9997224807739258
1772.1616676763729 0.9998447895050049
1772.182500967004 0.9997308850288391
1772.203334257058 0.9991203546524048
1772.2241675465468 0.9998929500579834
1772.2450008354815 0.9998961687088013
1772.2658341238432 0.9998019337654114
1772.286667411643 1.000030755996704
1772.307500698883 0.9995917677879333
1772.3283339855736 0.9998589158058167
1772.3491672716966 0.9996034502983093
1772.3700005572634 1.0001122951507568
1772.390833842285 0.9997230172157288
1772.4116671267432 0.9996976852416992
1772.432500410649 0.9995834827423096
1772.453333694004 0.99980628490448
1772.4950002590767 0.9992464184761047
1772.5158335407878 1.000024676322937
1772.5366668219635 0.9987523555755615
1772.5575001025854 0.998967707157135
1772.5783333826655 0.9989431500434875
1772.5991666622044 0.999571681022644
1772.6199999412142 0.9992506504058838
1772.6408332196766 0.9993976354598999
1772.6616664976025 0.9999849200248718
1772.6824997749939 0.9995642900466919
1772.7033330518625 0.9998152256011963
1772.7241663281895 1.000235915184021
1772.7449996039866 1.0001710653305054
1772.7658328792659 1.0007902383804321
1772.7866661540081 1.0007455348968506
1772.8074994282258 1.0013272762298584
1772.8283327019303 1.0016098022460938
1772.8491659751032 1.0026421546936035
1772.8699992477566 1.0029882192611694
1772.890832519892 1.0012744665145874
1772.9116657915208 1.0023956298828125
1772.9324990626253 1.002480387687683
1772.9533323332175 1.0041121244430542
1772.9741656033086 1.0036365985870361
1772.9949988728808 1.0012634992599487
1773.0158321419462 1.0014760494232178
1773.0366654105162 1.000989317893982
1773.0574986785732 1.0031874179840088
1773.0783319461289 1.0021111965179443
1773.0991652131952 1.0030245780944824
1773.1199984797543 1.0034154653549194
1773.140831745818 1.0033833980560303
1773.1616650113888 1.003180980682373
1773.1824982764683 1.0045870542526245
1773.203331541069 1.003990888595581
1773.2241648051727 1.0038115978240967
1773.2449980687918 1.0050591230392456
1773.2658313319387 1.0065101385116577
1773.286664594595 1.0053654909133911
1773.3074978567734 1.0058263540267944
1773.3283311184864 1.0067676305770874
1773.3491643797158 1.0062190294265747
1773.3699976404746 1.0097252130508423
1773.3908309007747 1.008561372756958
1773.4116641605985 1.0028295516967773
1773.432497419959 1.0036920309066772
1773.4533306788683 1.0091949701309204
1773.4741639373087 1.0093340873718262
1773.4949971952933 1.008851170539856
1773.5158304528247 1.0074844360351562
1773.5366637099153 1.0076444149017334
1773.5574969665477 1.0082236528396606
1773.5783302227348 1.0075982809066772
1773.59916347848 1.00693941116333
1773.6199967337952 1.0058692693710327
1773.6408299886637 1.006060004234314
1773.6616632430985 1.006826639175415
1773.6824964971122 1.0045106410980225
1773.7033297506882 1.0045666694641113
1773.7241630038397 1.0046093463897705
1773.7449962565795 1.0045509338378906
1773.7658295088906 1.003994107246399
1773.786662760787 1.0032492876052856
1773.8074960122713 1.0042779445648193
1773.8283292633569 1.0037484169006348
1773.8491625140275 1.0027153491973877
1773.8699957642962 1.0022315979003906
1773.890829014177 1.0041865110397339
1773.911662263653 1.0034942626953125
1773.9324955127381 1.0031670331954956
1773.9533287614458 1.0032448768615723
1773.9741620097604 1.001754879951477
1773.994995257695 1.0018364191055298
1774.0158285052642 1.0013359785079956
1774.036661752452 1.0021297931671143
1774.0574949992715 1.0023276805877686
1774.0783282457278 0.9990714192390442
1774.099161491835 0.9989890456199646
1774.119994737577 0.9983226656913757
1774.1408279829684 0.9967149496078491
1774.1616612280238 0.9989334940910339
1774.1824944727277 1.0019466876983643
1774.2033277170945 1.0031120777130127
1774.2241609611394 1.0037853717803955
1774.2449942048468 0.9998948574066162
1774.2658274482317 1.0005643367767334
1774.2866606912994 0.9987712502479553
1774.3074939340645 0.9970801472663879
1774.3283271765129 1.0029584169387817
1774.3491604186595 1.0021668672561646
1774.3699936605199 1.0014903545379639
1774.3908269020797 1.0031623840332031
1774.4116601433548 1.0024930238723755
1774.4324933843602 1.0039509534835815
1774.4533266250828 1.0033848285675049
1774.4741598655382 1.0042247772216797
1774.4949931057427 1.0041218996047974
1774.5158263456824 1.0061278343200684
1774.5366595853743 1.0068957805633545
1774.5574928248245 1.006178855895996
1774.57832606405 1.0079915523529053
1774.599159303038 1.0093247890472412
1774.619992541805 1.0105825662612915
1774.6408257803687 1.009337067604065
1774.6616590187164 1.0099526643753052
1774.6824922568658 1.0116639137268066
1774.7033254948344 1.010664701461792
1774.7241587326102 1.0122243165969849
1774.744991970212 1.0087205171585083
1774.7658252076571 1.0055049657821655
1774.786658444935 1.0038889646530151
1774.8074916820642 1.0043457746505737
1774.8283249190633 1.0045534372329712
1774.8491581559217 1.005745768547058
1774.8699913926594 1.0039454698562622
1774.8908246292854 1.002976894378662
1774.91165786582 1.0045912265777588
1774.9324911022534 1.003771185874939
1774.9533243386159 1.0043588876724243
1774.9741575748983 1.0040559768676758
1774.994990811122 1.003143072128296
1775.0158240472979 1.002424955368042
1775.0366572834475 1.00324547290802
1775.0574905195635 1.002875804901123
1775.0783237556677 1.0026251077651978
1775.0991569917826 1.002633810043335
1775.1199902279018 1.003065586090088
1775.1408234640478 1.0028260946273804
1775.161656700245 1.002123236656189
1775.1824899364876 1.0018635988235474
1775.2033231727996 1.0016577243804932
1775.2241564092064 1.0015435218811035
1775.2449896457038 1.0017491579055786
1775.2658228823168 1.001297950744629
1775.2866561190722 1.0016568899154663
1775.307489355967 1.0009251832962036
1775.3283225930284 1.0013093948364258
1775.3491558302742 1.0012792348861694
1775.3699890677335 1.0010278224945068
1775.3908223054045 1.001184105873108
1775.4116555433175 1.0018196105957031
1775.4324887815028 1.0016692876815796
1775.4533220199608 1.0015504360198975
1775.4741552587234 1.000853180885315
1775.4949884978232 1.001305341720581
1775.515821737263 1.0013459920883179
1775.5366549770765 1.001079797744751
1775.557488217299 1.0013470649719238
1775.578321457935 1.0022727251052856
1775.5991546990217 1.0017188787460327
1775.6199879405958 1.0019763708114624
1775.640821182666 1.002455234527588
1775.661654425271 1.0025817155838013
1775.6824876684511 1.002690315246582
1775.7033209122178 1.0032328367233276
1775.7241541566132 1.0031471252441406
1775.7449874016806 1.0026077032089233
1775.7658206474355 1.0027130842208862
1775.7866538939231 1.0034376382827759
1775.807487141181 1.0043601989746094
1775.8283203892581 1.0045878887176514
1775.8491536381737 1.0035511255264282
1775.86998688799 1.0036585330963135
1775.89082013873 1.0041418075561523
1775.911653390448 1.0035978555679321
1775.9324866431903 1.0030241012573242
1775.9533198970153 1.002514123916626
1775.9741531519524 1.0030559301376343
1775.994986408063 1.000818133354187
1776.015819665411 --
1776.0366529240316 4.829739093780518
1776.0574861839923 0.18818071484565735
1776.0783194453625 26.83237648010254
1776.0991527081835 --
1776.1199859725293 6.140018463134766
1776.1408192384758 4.11355447769165
1776.161652506071 --
1776.182485775395 --
1776.2033190465306 5.335399627685547
1776.224152319532 2.289241313934326
1776.2449855944865 0.4217830002307892
1776.2658188714827 0.023571109399199486
1776.2866521505812 0.017613330855965614
1777.7449840637603 1.000858187675476
1777.765817291788 1.0009058713912964
1777.7866505166778 1.000184416770935
1777.8074837385118 1.0006941556930542
1777.8283169573392 1.0004565715789795
1777.8491501732376 1.0000426769256592
1777.8699833862827 1.000559687614441
1777.8908165965179 1.0004514455795288
1777.9116498040244 0.999615490436554
1777.932483008842 0.996788501739502
1777.9533162110374 0.9986352920532227
1777.974149410677 0.9981455206871033
1777.994982607794 0.9984382390975952
1778.01581580245 0.9992484450340271
1778.0366489947053 0.9985225200653076
1778.0574821845883 0.9990785717964172
1778.078315372165 0.9991112947463989
1778.099148557461 0.9989736676216125
1778.1199817405293 0.9987949728965759
1778.140814921422 0.9991520643234253
1778.1616481001595 0.9982539415359497
1778.182481276791 0.9994125962257385
1778.2033144513637 0.9991424679756165
1778.2241476238944 0.9991350173950195
1778.2449807944286 0.9992571473121643
1778.2658139630094 0.9989182353019714
1778.2866471296502 0.9985584616661072
1778.3074802943927 0.9993752837181091
1778.3283134572773 0.9988004565238953
1778.3491466183139 0.9979007244110107
1778.3699797775407 0.9991034865379333
1778.3908129349957 0.9992089867591858
1778.4116460906855 0.9996954798698425
1778.4324792446464 0.9994563460350037
1778.4533123969131 0.9987451434135437
1778.4741455474898 0.9993587732315063
1778.49497869642 0.9993566870689392
1778.5158118437068 0.9995676279067993
1778.536644989382 0.9992125630378723
1778.557478133477 0.9997637271881104
1778.5783112759925 0.9999486804008484
1778.5991444169583 0.9998579621315002
1778.6199775564041 0.9998067617416382
1778.640810694329 0.9997947812080383
1778.6616438307608 0.9991490840911865
1778.6824769657276 0.9997616410255432
1778.7033100992264 0.999617338180542
1778.724143231284 1.0005117654800415
1778.7449763619268 0.9998762011528015
1778.7658094911505 1.0001628398895264
1778.7866426189803 0.9999567866325378
1778.8074757454413 0.9999460577964783
1778.8283088705277 0.9994634389877319
1778.8491419942739 1.0000611543655396
1778.8699751166732 0.9998883008956909
1778.8908082377495 0.9993470907211304
1778.9116413575252 1.0004186630249023
1778.932474475993 1.000157117843628
1778.9533075931756 1.0002508163452148
1778.9741407090944 0.9995099306106567
1778.9949738237412 1.0000596046447754
1779.0158069371478 0.9997865557670593
1779.0366400493044 0.9997674226760864
1779.0574731602321 0.9997472763061523
1779.078306269952 1.0002293586730957
1779.0991393784534 0.9998628497123718
1779.1199724857565 1.0002411603927612
1779.1408055918816 0.9998020529747009
1779.1616386968174 0.999477207660675
1779.1824718005835 1.0000771284103394
1779.2033049031993 0.9997537732124329
1779.2241380046528 0.9998219013214111
1779.2449711049633 0.9998922944068909
1779.265804204149 1.0004960298538208
1779.2866373021977 1.0001791715621948
1779.3074703991379 0.9995648264884949
1779.3283034949573 0.9995238780975342
1779.3491365896734 0.9997942447662354
1779.369969683304 0.9997394680976868
1779.3908027758362 1.0001344680786133
1779.4116358672868 0.9995276927947998
1779.4324689576733 1.0005906820297241
1779.4533020469823 0.9997075200080872
1779.4741351352309 0.9994434714317322
1779.494968222435 1.0002727508544922
1779.5158013085813 1.0000402927398682
1779.5366343936962 1.0003001689910889
1779.5574674777656 0.9999904632568359
1779.5783005608055 1.0005080699920654
1779.5991336428322 0.9999507665634155
1779.6199667238307 1.0002553462982178
1779.6407998038171 1.0003721714019775
1779.6616328828072 1.0003551244735718
1779.682465960786 1.0003749132156372
1779.7032990377686 1.000270962715149
1779.724132113771 1.00005304813385
1779.7449651887775 1.000200867652893
1779.7657982628134 1.0002657175064087
1779.7866313358638 0.9997594952583313
1779.8074644079431 0.999727725982666
1779.8282974790664 1.0004087686538696
1779.8491305492182 1.000107765197754
1779.8699636184228 0.9998770356178284
1779.890796686665 1.000206470489502
1779.911629753959 1.000312328338623
1779.9324628203192 1.0000735521316528
1779.9532958857294 0.9997153878211975
1779.9741289502047 1.0000128746032715
1779.9949620137581 0.9997872710227966
1780.015795076374 1.0005279779434204
1780.0366281380766 0.9995452761650085
1780.0574611988493 0.9997680187225342
1780.0782942587061 0.9998975396156311
1780.099127317661 1.000125527381897
1780.119960375697 1.0003583431243896
1780.140793432828 0.9999699592590332
1780.161626489068 0.9997695684432983
1780.1824595444 1.000492811203003
1780.2032925988372 0.9994878172874451
1780.2241256523935 1.0004842281341553
1780.2449587050517 0.9998904466629028
1780.2657917568354 0.9998219013214111
1780.2866248077275 1.0002509355545044
1780.3074578577416 1.000120997428894
1780.3282909068905 0.9997708797454834
1780.349123955157 1.0002176761627197
1780.3699570025647 1.00075101852417
1780.390790049096 1.000274419784546
1780.411623094764 1.0000005960464478
1780.432456139582 1.0005685091018677
1780.453289183532 1.000010371208191
1780.474122226627 1.0006657838821411
1780.4949552688804 0.9998877644538879
1780.515788310274 1.0000500679016113
1780.536621350831 1.0001790523529053
1780.557454390534 1.0004504919052124
1780.5782874293952 1.000024676322937
1780.5991204674276 1.000386357307434
1780.6199535046135 0.9997177124023438
1780.640786540965 0.9996594786643982
1780.6616195764952 1.0005465745925903
1780.6824526111861 1.0004757642745972
1780.70328564506 1.0003286600112915
1780.7241186780996 1.000266194343567
1780.744951710317 1.000148057937622
1780.7657847417242 0.9998399019241333
1780.7866177723038 1.0003412961959839
1780.8074508020782 0.9998173117637634
1780.8282838310288 1.0001788139343262
1780.8491168591681 1.0003409385681152
1780.8699498865087 1.000160574913025
1780.8907829130324 0.9999971389770508
1780.9116159387509 1.0002659559249878
1780.9324489636767 1.0002046823501587
1780.9532819877913 0.9998524785041809
1780.9741150111174 1.000011920928955
1780.9949480336365 0.9999901056289673
1781.0157810553608 0.9996700286865234
1781.0366140763017 0.9999039769172668
1781.0574470964418 1.0001442432403564
1781.0782801158025 1.0000990629196167
1781.0991131343656 1.0000773668289185
1781.1199461521433 1.0002095699310303
1781.140779169147 1.0000275373458862
1781.1616121853588 1.0002743005752563
1781.1824452007902 1.000552773475647
1781.2032782154533 1.0002365112304688
1781.2241112293295 1.0000141859054565
1781.2449442424404 1.000340223312378
1781.2657772547684 0.9996271729469299
1781.2866102663243 0.9998669028282166
1781.30744327712 0.9999608397483826
1781.3282762871377 1.0000486373901367
1781.349109296388 0.9999279975891113
1781.3699423048831 0.9998175501823425
1781.390775312605 0.9999926686286926
1781.4116083195743 1.0002162456512451
1781.4324413257732 0.9996860027313232
1781.4532743312132 1.0000190734863281
1781.4741073359053 1.000357985496521
1781.4949403398314 1.0005499124526978
1781.5157733430133 1.0000650882720947
1781.5366063454317 1.0000921487808228
1781.5574393470986 0.9996260404586792
1781.5782723480256 1.000098705291748
1781.5991053481935 1.0003224611282349
1781.619938347624 0.9999279975891113
1781.6407713462988 0.9995576739311218
1781.6616043442286 0.9999372363090515
1781.6824373414256 0.9999251365661621
1781.7032703378707 0.9999507665634155
1781.7241033335852 1.0003284215927124
1781.7449363285505 0.9998032450675964
1781.765769322788 0.9998576641082764
1781.8074353090346 0.9997949600219727
1781.8282683010666 0.9987912178039551
1781.8491012923557 0.9994245767593384
1781.8699342829134 0.9989454746246338
1781.8907672727512 0.9992818236351013
1781.9116002618498 0.9993186593055725
1781.932433250221 0.9995091557502747
1781.9532662378758 0.9994202256202698
1781.9740992247953 0.9986286759376526
1781.9949322110006 0.9984430074691772
1782.0157651964732 0.9990536570549011
1782.0365981812245 0.999902606010437
1782.0574311652651 0.9995850324630737
1782.0782641485764 0.9994834065437317
1782.0990971311799 0.9996979236602783
1782.1199301130562 0.9988090991973877
1782.1407630942167 0.9989146590232849
1782.1615960746728 0.9994728565216064
1782.1824290544052 0.9995377063751221
1782.2032620334353 0.9997907280921936
1782.224095011744 1.0000829696655273
1782.2449279893426 0.9998437166213989
1782.2657609662422 0.9999003410339355
1782.286593942424 0.9992941617965698
1782.3074269179085 0.9989640116691589
1782.3282598926771 0.9990643858909607
1782.3490928667516 0.9984027743339539
1782.3699258401118 0.998358964920044
1782.3907588127695 0.9985413551330566
1782.411591784736 0.9994114637374878
1782.4324247559916 0.9991493821144104
1782.453257726558 0.9984636902809143
1782.474090696416 0.9986164569854736
1782.4949236655764 0.9988274574279785
1782.5157566340506 0.9986881017684937
1782.5365896018195 0.9984066486358643
1782.5574225689038 0.9987682700157166
1782.5782555352848 0.9987999796867371
1782.599088500974 0.999138593673706
1782.6199214659812 0.9986175894737244
1782.6407544302883 0.9990397691726685
1782.6615873939163 0.998912513256073
1782.6824203568458 0.9984537363052368
1782.703253319088 0.9992586374282837
1782.7240862806536 0.9986791610717773
1782.744919241524 0.999218225479126
1782.7657522017198 0.9987170100212097
1782.7865851612223 0.9987919926643372
1782.8074181200423 0.9993035197257996
1782.8282510781905 0.9987348318099976
1782.8490840356483 0.9986554980278015
1782.8699169924364 0.999448835849762
1782.8907499485358 0.9991130828857422
1782.9115829039574 0.9990270733833313
1782.9324158587124 0.9991939067840576
1782.953248812781 0.9991881251335144
1782.9740817661852 0.9994419813156128
1782.9949147189054 0.9995169639587402
1783.0157476709521 0.9992039203643799
1783.036580622337 0.9986130595207214
1783.0574135730405 0.9995900988578796
1783.0782465230839 0.9997408390045166
1783.0990794724476 0.9995266795158386
1783.1199124211432 0.9995280504226685
1783.140745369181 0.9998012185096741
1783.161578316542 1.0000478029251099
1783.1824112632478 1.0000637769699097
1783.2032442092786 1.0003273487091064
1783.2240771546453 0.9999387264251709
1783.2449100993592 0.9993762373924255
1783.265743043401 0.9998674988746643
1783.2865759867916 0.9991549849510193
1783.3074089295121 0.999164879322052
1783.3282418715828 0.9997376203536987
1783.3490748129852 0.999715268611908
1783.3699077537403 0.9992309808731079
1783.3907406938285 0.9994292259216309
1783.411573633261 1.0000454187393188
1783.4324065720489 0.9999516606330872
1783.4532395101724 1.000009536743164
1783.4740724476428 0.9998146891593933
1783.4949053844714 0.9999408721923828
1783.5157383206385 0.9991961717605591
1783.5365712561652 0.9995351433753967
1783.5574041910324 1.0000038146972656
1783.578237125261 0.9994058609008789
1783.599070058832 0.9998216032981873
1783.6199029917564 0.9999923706054688
1783.6407359240445 1.0002726316452026
1783.6615688556778 0.9998301267623901
1783.6824017866768 1.0000725984573364
1783.703234717023 1.000015139579773
1783.7240676467266 0.9997334480285645
1783.7449005757987 0.9994713068008423
1783.7657335042206 0.9999992251396179
1783.7865664320127 0.9999216198921204
1783.807399359156 1.0001388788223267
1783.828232285672 0.9996503591537476
1783.8490652115406 0.9996482729911804
1783.8698981367734 0.9999284148216248
1783.8907310613813 1.0000746250152588
1783.9115639853449 1.000185489654541
1783.9323969086852 0.9997029900550842
1783.9532298313834 0.9997677803039551
1783.9740627534497 1.0002672672271729
1783.9948956748958 1.000040054321289
1784.0157285957025 0.9997982978820801
1784.0365615158903 1.000169277191162
1784.0573944354403 1.000396490097046
1784.078227354374 0.9989391565322876
1784.0990602726713 0.9998043775558472
1784.1198931903436 1.0000258684158325
1784.1407261074023 1.0001620054244995
1784.1615590238277 1.0000722408294678
1784.1823919396409 0.9998779892921448
1784.2032248548232 0.9998856782913208
1784.224057769395 1.0001866817474365
1784.2448906833376 0.9999730587005615
1784.265723596662 0.999329149723053
1784.286556509379 1.0002562999725342
1784.3073894214692 1.0000439882278442
1784.3282223329545 1.000153660774231
1784.349055243815 1.0000253915786743
1784.369888154062 1.0001713037490845
1784.3907210637067 0.9998107552528381
1784.4115539727295 0.9998551607131958
1784.432386881152 1.0002750158309937
1784.4532197889548 1.0000027418136597
1784.4740526961593 1.0001847743988037
1784.4948856027459 1.0001944303512573
1784.515718508726 0.9997274875640869
1784.5365514141108 1.0003963708877563
1784.5573843188808 0.9999993443489075
1784.5782172230574 0.9997850060462952
1784.5990501266215 0.9999271035194397
1784.6198830295841 1.0001600980758667
1784.6407159319563 1.000109076499939
1784.6615488337193 1.0003492832183838
1784.6823817348936 1.000077486038208
1784.7032146354609 1.0002015829086304
1784.724047535442 0.9998206496238708
1784.744880434818 1.000406265258789
1784.7657133335997 1.0000050067901611
1784.7865462317986 1.0001529455184937
1784.8073791293955 0.9996650218963623
1784.8282120264116 1.000472068786621
1784.8490449228284 1.0000661611557007
1784.8698778186663 1.0002071857452393
1784.8907107139066 0.9998401403427124
1784.911543608571 0.9999338388442993
1784.9323765026397 1.0002497434616089
1784.9532093961247 0.9994925260543823
1784.9740422890368 1.0000016689300537
1784.994875181357 0.9997934103012085
1785.0157080731067 0.9999985694885254
1785.0365409642673 1.0001671314239502
1785.0573738548592 1.0001802444458008
1785.0782067448642 1.000117540359497
1785.0990396342938 0.9999837875366211
1785.1198725231584 1.0004725456237793
1785.1407054114397 1.0002632141113281
1785.161538299159 1.0001769065856934
1785.1823711862976 0.9996467232704163
1785.2032040728664 0.9995730519294739
1785.2240369588767 1.0004528760910034
1785.2448698443104 0.9997690320014954
1785.265702729188 1.0006479024887085
1785.2865356134912 1.000240445137024
1785.3073684972412 0.9998224973678589
1785.3282013804194 1.0000485181808472
1785.349034263037 0.9999464750289917
1785.369867145106 1.000040054321289
1785.3907000266067 1.0002788305282593
1785.411532907561 0.9995859861373901
1785.4323657879506 1.0000666379928589
1785.4531986677964 1.000455379486084
1785.4740315470801 1.0001763105392456
1785.4948644258232 0.9998477101325989
1785.5156973040068 0.9999434351921082
1785.5365301816425 0.9998932480812073
1785.557363058742 1.0000402927398682
1785.5781959352867 0.9996834993362427
1785.5990288112978 1.000054955482483
1785.6198616867575 1.0000108480453491
1785.6406945616866 1.0005102157592773
1785.661527436067 1.0002697706222534
1785.6823603099206 0.9994940161705017
1785.7031931832282 1.0001163482666016
1785.724026056002 0.9996495842933655
1785.7448589282537 1.0003328323364258
1785.7656917999645 0.999843955039978
1785.8073575418111 0.9988555312156677
1785.8281904119501 0.998566746711731
1785.8490232815552 0.9989310503005981
1785.8698561506483 0.998736560344696
1785.890689019211 0.9988707304000854
1785.911521887255 0.9991546273231506
1785.9323547547926 0.9986228942871094
1785.9531876218052 0.9986640214920044
1785.9740204883146 0.9985694885253906
1785.9948533543031 0.9987648129463196
1786.0156862197923 0.9989496469497681
1786.0365190847642 0.9995498061180115
1786.0573519492307 0.9990971684455872
1786.078184813204 0.9985846281051636
1786.0990176766659 0.998855471611023
1786.1198505396383 0.9991353154182434
1786.1406834021038 0.9992244243621826
1786.161516264084 0.9987177848815918
1786.1823491255611 0.9990630149841309
1786.2031819865576 0.9989949464797974
1786.2240148470553 0.9994280934333801
1786.2448477070666 0.9994582533836365
1786.2656805666036 0.9989908933639526
1786.2865134256488 0.9994584918022156
1786.3073462842242 0.9993475675582886
1786.3281791423126 0.9996638894081116
1786.349011999936 0.998758852481842
1786.369844857077 0.9992027282714844
1786.3906777137581 0.9995447993278503
1786.4115105699614 0.9994064569473267
1786.4323434256999 0.9987883567810059
1786.453176280986 0.9998606443405151
1786.4740091358024 1.000016450881958
1786.4948419901714 0.9992215633392334
1786.5156748440763 0.9995911717414856
1786.5365076975393 0.9995297789573669
1786.5573405505434 1.0001643896102905
1786.5781734031116 0.9994902014732361
1786.5990062552262 0.9997375011444092
1786.6198391069006 0.9998214840888977
1786.640671958148 0.9998506903648376
1786.661504808951 1.0000205039978027
1786.6823376593325 0.9994275569915771
1786.7031705092759 1.0000802278518677
1786.7240033588046 0.9996893405914307
1786.7448362079012 0.9996731877326965
1786.7656690565896 0.9997180700302124
1786.7865019048531 0.9995253682136536
1786.807334752715 1.000152826309204
1786.8281676001584 0.9997439384460449
1786.8490004471973 1.0000922679901123
1786.869833293845 0.9999586343765259
1786.8906661400854 0.9994834661483765
1786.9114989859422 1.0002845525741577
1786.932331831399 0.9996711015701294
1786.95316467648 0.9995691180229187
1786.973997521169 0.9998009204864502
1786.9948303654796 0.9999792575836182
1787.0156632094265 1.0000711679458618
1787.0364960529937 1.0000230073928833
1787.0573288962053 0.9997642636299133
1787.0781617390458 0.9999259114265442
1787.0989945815397 0.999634861946106
1787.1198274236713 1.0000815391540527
1787.1406602654654 0.9998931288719177
1787.1614931069066 0.9998283386230469
1787.1823259480198 0.9999562501907349
1787.2031587887898 0.9996848702430725
1787.223991629242 1.0002143383026123
1787.2448244693608 0.9999549984931946
1787.265657309162 0.999849796295166
1787.2864901486607 0.9995395541191101
1787.3073229878426 0.9995439052581787
1787.3281558267329 1.0000324249267578
1787.3489886653176 0.9996265769004822
1787.3698215036225 0.9993417263031006
1787.3906543416333 0.9999242424964905
1787.4114871793763 0.999649167060852
1787.432320016838 0.9996544718742371
1787.4531528540344 1.0000171661376953
1787.473985690982 1.0004040002822876
1787.494818527678 1.0001178979873657
1787.5156513641186 0.9999286532402039
1787.5364842003212 0.9994951486587524
1787.5573170363027 0.9993979930877686
1787.5781498720507 1.0000171661376953
1787.5989827075925 1.0002895593643188
1787.6198155429163 0.9995322823524475
1787.6406483780495 0.9999931454658508
1787.6614812129803 1.0001046657562256
1787.6823140477372 0.999512255191803
1787.7031468823086 0.9999780058860779
1787.7239797167233 1.0001044273376465
1787.7448125509704 1.0001848936080933
1787.7656453850689 0.9995008707046509
1787.7864782190384 0.9998980164527893
1787.8073110528687 1.0004054307937622
1787.8281438865895 1.0003600120544434
1787.8489767201913 1.0002708435058594
1787.869809553705 1.000536561012268
1787.8906423871208 1.0003464221954346
1787.91147522047 1.0001134872436523
1787.9323080537447 0.9999139904975891
1787.9531408869757 1.0000097751617432
1787.9739737201558 1.0005141496658325
1787.9948065533176 0.9994164109230042
1788.0156393864536 1.0000807046890259
1788.036472219587 1.0007522106170654
1788.057305052742 1.0002456903457642
1788.0781378859122 1.0000418424606323
1788.0989707191322 1.000810980796814
1788.1198035523973 1.000827431678772
1788.1406363857425 1.0004607439041138
1788.1614692191638 1.0012168884277344
1788.1823020526979 1.0003811120986938
1788.2031348863418 1.0006200075149536
1788.2239677201326 1.0006438493728638
1788.2448005540687 1.000680685043335
1788.265633388189 1.0007437467575073
1788.2864662224924 1.0004268884658813
1788.3072990570192 1.0010827779769897
1788.3281318917705 1.0008509159088135
1788.3489647267768 1.0003385543823242
1788.369797562071 1.0009888410568237
1788.390630397656 1.0004396438598633
1788.411463233575 1.0005836486816406
1788.4322960698332 1.0011430978775024
1788.4531289064762 1.000806450843811
1788.4739617435102 1.0006866455078125
1788.494794580983 1.001361608505249
1788.5156274189028 1.0012999773025513
1788.536460257319 1.0014441013336182
1788.557293096243 1.0020443201065063
1788.5781259357266 1.0018442869186401
1788.5989587757826 1.002484917640686
1788.6197916164658 1.001798391342163
1788.6406244577922 1.0022306442260742
1788.661457299819 1.0020381212234497
1788.6822901425646 1.001920461654663
1788.7031229860804 1.0022766590118408
1788.7239558304177 1.0021424293518066
1788.7447886756008 1.0031503438949585
1788.7656215216955 1.0028150081634521
1788.7864543687292 1.002752661705017
1788.8072872167716 1.0034040212631226
1788.8281200658548 1.0036168098449707
1788.8489529160527 1.003040075302124
1788.8697857674017 1.0035486221313477
1788.8906186199806 1.003662347793579
1788.9114514738312 1.0036951303482056
1788.9322843290372 1.0041714906692505
1788.9531171856459 1.0040433406829834
1788.973950043747 1.0013376474380493
1788.9947829033936 0.8529734015464783
1789.0156157646816 4.288434982299805
1789.036448627671 0.5688358545303345
1789.057281492454 25.060169219970703
1789.0781143591273 --
1789.0989472277713 0.03248890861868858
1789.1197800984692 2.358494997024536
1789.1406129713284 3.383463144302368
1789.161445846461 3.356198787689209
1789.2031116039282 --
1789.2239444864845 --
1789.2447773717558 --
1789.2656102598414 --
1789.2864431508835 --
1789.3072760449857 --
1789.3281089422942 --
1789.348941842916 --
1789.369774746997 --
1789.3906076546425 --
1789.4114405659943 --
1789.4322734811485 --
1789.4531064002244 --
1789.473939323331 0.37849003076553345
1789.494772250543 0.40288808941841125
1789.515605181919 0.54761803150177
1789.536438117516 0.9811370968818665
1789.5572710573638 1.011993646621704
1789.578104001433 1.0126639604568481
1789.5989369496974 1.0103205442428589
1789.6197699020486 1.0091928243637085
1789.6406028583722 1.007666826248169
1789.661435818462 1.0062892436981201
1789.682268782097 1.0053350925445557