1790.6812499233204 1.001038670539856
1790.7020837464484 1.0010172128677368
1790.7229175675227 1.001310110092163
1790.7437513866846 1.0012608766555786
1790.7645852038736 1.001578450202942
1790.785419019225 1.0015045404434204
1790.8062528326795 1.0017591714859009
1790.8270866443663 1.0020744800567627
1790.8479204542268 1.0014287233352661
1790.8687542623848 1.0011900663375854
1790.8895880687826 1.0010273456573486
1790.9104218735386 1.0010087490081787
1790.9312556765965 1.00167977809906
1790.9520894780692 1.0009894371032715
1790.9729232779011 1.000937819480896
1790.9937570762013 1.0007344484329224
1791.014590872914 1.0007857084274292
1791.0354246681443 1.0009251832962036
1791.0562584618376 1.0006539821624756
1791.0770922540946 1.0006669759750366
1791.0979260448612 1.0006787776947021
1791.3895989743314 1.0055174827575684
1791.4104327455973 1.0057560205459595
1791.4312665156551 1.0057045221328735
1791.4521002845795 1.0060861110687256
1791.472934052322 1.0058343410491943
1791.4937678189551 1.0058112144470215
1791.5146015844314 1.0054823160171509
1791.535435348821 1.0048843622207642
1791.5562691120772 1.0045382976531982
1791.5771028742686 1.0038517713546753
1791.5979366353486 1.0040552616119385
1791.6187703953844 1.003381371498108
1791.6396041543296 1.0032204389572144
1791.6604379122496 1.0023572444915771
1791.681271669099 1.002669095993042
1791.702105424942 1.0026756525039673
1791.722939179733 1.0019620656967163
1791.7437729335345 1.0021601915359497
1791.764606686302 1.0021605491638184
1791.7854404380962 1.001881718635559
1791.8062741888734 1.0016909837722778
1791.8271079386934 1.00156569480896
1791.847941687512 1.0015027523040771
1791.8687754353882 1.0014240741729736
1791.8896091822785 1.001190185546875
1791.9104429282402 1.0013458728790283
1791.9312766732305 1.0010359287261963
1791.952110417306 1.0010223388671875
1791.9729441604236 1.001036524772644
1791.993777902639 1.0008224248886108
1792.0146116439103 1.0010303258895874
1792.035445384291 1.0009105205535889
1792.056279123731 1.0008102655410767
1792.077112862284 1.0008128881454468
1792.0979465999262 1.0006731748580933
1792.1187803367097 1.0004637241363525
1792.1396140725847 1.0002288818359375
1792.1604478076026 1.0007065534591675
1792.1812815417234 1.0006541013717651
1792.2021152749974 1.0008529424667358
1792.2229490073844 1.0010002851486206
1792.2437827389344 1.0011889934539795
1792.2646164696073 1.0009918212890625
1792.2854501994523 1.0010064840316772
1792.30628392843 1.001044511795044
1792.3271176565888 1.0007566213607788
1792.3479513838897 1.0010453462600708
1792.3687851103798 1.0010125637054443
1792.3896188360209 1.000831961631775
1792.410452560859 1.0009677410125732
1792.431286284857 1.0007059574127197
1792.45212000806 1.0004611015319824
1792.4729537304306 1.0007586479187012
1792.4937874520142 1.0004799365997314
1792.5146211727726 1.000504970550537
1792.5354548927512 1.0003180503845215
1792.5562886119128 1.0003113746643066
1792.5771223303013 1.0002440214157104
1792.5979560478797 1.0002598762512207
1792.6187897646919 0.9999940991401672
1792.639623480701 0.9997903108596802
1792.6604571959497 0.9994775652885437
1792.6812909104024 0.999575138092041
1792.7021246241115 0.9984020590782166
1792.7229583370106 0.9992379546165466
1792.7437920491818 0.9990128874778748
1792.7646257605495 0.998867928981781
1792.7854594711946 0.9988728165626526
1792.8062931810425 0.9988859295845032
1792.8271268901738 0.9987937808036804
1792.847960598513 0.9991830587387085
1792.8687943061411 0.998840868473053
1792.889628012983 0.9988588690757751
1792.9104617191185 0.9988922476768494
1792.931295424473 0.9990600943565369
1792.952129129127 0.9986599683761597
1792.9729628330049 0.9988709092140198
1792.9937965361864 0.9990336894989014
1793.0146302385974 0.9989893436431885
1793.0354639403165 0.9989380240440369
1793.05629764127 0.9991075992584229
1793.0771313415364 0.9990746974945068
1793.0979650410516 0.9991919994354248
1793.118798739864 0.9996541738510132
1793.1396324379398 0.9997627139091492
1793.160466135317 0.999495804309845
1793.181299831952 0.9998207688331604
1793.2021335279126 1.000096082687378
1793.2229672231351 1.0002293586730957
1793.2438009176672 1.0004345178604126
1793.2646346114757 1.000425934791565
1793.285468304597 1.000739574432373
1793.3063019969889 1.0007896423339844
1793.3271356887176 1.0006588697433472
1793.3479693797206 1.001318335533142
1793.3688030700441 1.0013104677200317
1793.3896367596556 1.0016535520553589
1793.4104704485908 1.0017565488815308
1793.431304136818 1.0017186403274536
1793.4521378243726 1.0018459558486938
1793.472971511222 1.0019279718399048
1793.4938051974025 1.002185344696045
1793.5146388828814 1.0020829439163208
1793.5354725676941 1.0023870468139648
1793.5563062518088 1.002338171005249
1793.5771399352607 1.0025326013565063
1793.5979736180177 1.002447247505188
1793.618807300115 1.0024809837341309
1793.6396409815202 1.0024324655532837
1793.6604746622684 1.0022114515304565
1793.6813083423283 1.0019696950912476
1793.7021420217338 1.0020643472671509
1793.722975700454 1.00171959400177
1793.7438093785327 1.001791000366211
1793.7646430559087 1.001943826675415
1793.7854767326457 1.0019230842590332
1793.8063104087034 1.0017623901367188
1793.827144084125 1.0017290115356445
1793.8479777588493 1.0017890930175781
1793.8688114329502 1.0019145011901855
1793.8896451063567 1.00169038772583
1793.910478779142 1.0015876293182373
1793.931312451236 1.001684546470642
1793.9521461227112 1.0014681816101074
1793.9729797934972 1.001320242881775
1793.993813463667 1.0015465021133423
1794.0146471331502 1.0012208223342896
1794.035480802019 1.0012853145599365
1794.0563144702041 1.0011918544769287
1794.0771481377776 1.0009530782699585
1794.097981804679 1.0008727312088013
1794.118815470951 1.0006792545318604
1794.1396491365635 1.0008823871612549
1794.1604828015484 1.0006332397460938
1794.1813164658663 1.0004161596298218
1794.202150129579 1.0002832412719727
1794.2229837926266 1.0002859830856323
1794.243817455051 1.0000309944152832
1794.2646511168225 0.9998178482055664
1794.2854847779724 0.9997912049293518
1794.3063184384719 0.9999788999557495
1794.3271520983521 0.9996163845062256
1794.3479857575837 0.9995027184486389
1794.3688194161978 0.9993579387664795
1794.3896530741654 0.9994602799415588
1794.410486731517 0.9992738962173462
1794.4313203882243 0.999251127243042
1794.452154044318 0.9991974234580994
1794.4729876997687 0.9992342591285706
1794.4938213546177 0.9992001056671143
1794.5146550088057 0.9990754723548889
1794.5354886624034 0.9988874793052673
1794.5563223153422 0.9988990426063538
1794.5771559676925 0.9989296793937683
1794.5979896193858 0.998962938785553
1794.618823270492 0.9989445209503174
1794.639656920943 0.9990317821502686
1794.6604905708084 0.9989872574806213
1794.6813242200205 0.998784065246582
1794.702157868649 0.9988344311714172
1794.7229915166356 0.9988328218460083
1794.74382516402 0.9989215731620789
1794.7646588107746 0.9990247488021851
1794.785492456928 0.9991588592529297
1794.806326102443 0.9991723299026489
1794.8271597473793 0.9991067051887512
1794.8479933916785 0.9987989664077759
1794.8688270353803 0.9991716146469116
1794.8896606784563 0.99930340051651
1794.9104943209366 0.9993531107902527
1794.9313279627927 0.9991844892501831
1794.9729952446937 0.9998888969421387
1794.9938288847397 0.999407947063446
1795.014662524165 0.9997214674949646
1795.0354961629982 0.9997595548629761
1795.056329801211 0.9997438788414001
1795.077163438832 0.9998576045036316
1795.0979970758365 0.9997806549072266
1795.118830712263 0.9999066591262817
1795.1396643480527 0.9996209740638733
1795.1604979832748 0.9996153116226196
1795.1813316178614 0.9993981122970581
1795.2021652518818 0.9991111755371094
1795.2229988852682 0.9993154406547546
1795.2438325180894 0.999164342880249
1795.2646661502781 0.9991190433502197
1795.285499781903 0.9988768100738525
1795.3063334128965 0.999012291431427
1795.3271670433273 0.9991397857666016
1795.3480006731284 0.9987311363220215
1795.3688343023678 0.9984878301620483
1795.3896679309887 0.9986266493797302
1795.4105015590294 0.9987795352935791
1795.4313351864623 0.9985801577568054
1795.4521688133166 0.9985267519950867
1795.4730024395647 0.9985188841819763
1795.4938360652345 0.9985719323158264
1795.5146696903 0.9983591437339783
1795.5355033147882 0.9982668161392212
1795.5563369386728 0.9983578324317932
1795.5771705619818 0.998423159122467
1795.5980041846885 0.9984445571899414
1795.6188378068305 0.9982327222824097
1795.6396714283514 0.9983713626861572
1795.6605050493185 0.9986662864685059
1795.6813386696656 0.9986529350280762
1795.7021722894603 0.9987632632255554
1795.7230059086364 0.9987631440162659
1795.743839527261 0.9988916516304016
1795.7646731452676 0.9991340041160583
1795.785506762724 0.9992197751998901
1795.8063403795638 0.9992606043815613
1795.8271739958543 0.999545693397522
1795.8480076115395 0.9997168183326721
1795.8688412266563 0.999915599822998
1795.8896748411787 1.0000299215316772
1795.910508455134 1.0000971555709839
1795.931342068496 1.0004462003707886
1795.9521756812915 1.000400185585022
1795.9730092934951 1.0008578300476074
1795.9938429051335 1.0009082555770874
1796.014676516181 1.0012022256851196
1796.035510126674 1.0012197494506836
1796.0563437365568 1.0015039443969727
1796.0771773458964 1.0015833377838135
1796.0980109546274 1.0016859769821167
1796.1188445628159 1.0016918182373047
1796.1396781703966 1.0019770860671997
1796.1605117774357 1.0021470785140991
1796.1813453838681 1.0021309852600098
1796.2021789897601 1.0021147727966309
1796.2230125950464 1.0022706985473633
1796.243846199793 1.0024548768997192
1796.2646798039452 1.0021681785583496
1796.285513407539 1.002171277999878
1796.3063470105485 1.002082347869873
1796.3271806130008 1.0019954442977905
1796.3480142148703 1.002005696296692
1796.3688478161832 1.0019381046295166
1796.3896814169145 1.0020252466201782
1796.4105150170901 1.0017595291137695
1796.4313486166848 1.0018677711486816
1796.4521822157249 1.0017235279083252
1796.4730158141851 1.0017448663711548
1796.4938494121018 1.0017423629760742
1796.5146830094195 1.001827597618103
1796.5355166062045 1.0015307664871216
1796.5563502023915 1.0016882419586182
1796.5771837980467 1.0016640424728394
1796.598017393105 1.0016069412231445
1796.6188509876324 1.001426100730896
1796.639684581574 1.0013585090637207
1796.6605181749655 1.001356601715088
1796.6813517677722 1.001266360282898
1796.7021853600495 1.0011571645736694
1796.7230189517434 1.0010194778442383
1796.7438525428886 1.0009822845458984
1796.7646861334613 1.0005908012390137
1796.7855197234862 1.0006970167160034
1796.8063533129393 1.0005043745040894
1796.827186901846 1.0003904104232788
1796.848020490182 1.0003247261047363
1796.8688540779824 1.0003867149353027
1796.889687665193 1.00015389919281
1796.9105212518787 1.0001415014266968
1796.9313548379755 1.0000756978988647
1796.9521884235485 0.9998220205307007
1796.9730220085337 0.9995517134666443
1796.9938555929962 0.9995964169502258
1797.0146891768716 0.9995797276496887
1797.0355227602251 0.9996567964553833
1797.0563563429926 0.9993072152137756
1797.077189925239 0.9994511008262634
1797.098023506911 0.9992848634719849
1797.1188570880424 0.9993463158607483
1797.13969066861 0.9992032051086426
1797.1605242486385 0.9992031455039978
1797.181357828104 0.9990808367729187
1797.2021914070313 0.9990508556365967
1797.2230249853967 0.999247133731842
1797.2438585632347 0.9990425109863281
1797.264692140492 0.9991863965988159
1797.2855257172328 0.9991055130958557
1797.3063592933934 0.9990675449371338
1797.327192869039 0.9991550445556641
1797.3480264441057 0.999270498752594
1797.3688600186579 0.9993594288825989
1797.3896935926423 0.9992358684539795
1797.410527166093 0.9994238018989563
1797.431360738987 0.9992630481719971
1797.4521943113486 0.9995641708374023
1797.4730278831546 0.9995823502540588
1797.4938614544287 0.9995898604393005
1797.5146950251485 0.9998586773872375
1797.5355285953476 0.9996496438980103
1797.5563621649728 0.9997321963310242
1797.5771957340887 0.9997191429138184
1797.598029302632 0.999904990196228
1797.618862870667 0.9999688863754272
1797.6396964381304 0.9997748136520386
1797.6605300050862 0.9998799562454224
1797.6813635714718 0.9997668862342834
1797.7021971373508 0.9998458623886108
1797.7230307026707 0.9996277093887329
1797.7438642674651 0.9999107718467712
1797.7646978317116 0.9999199509620667
1797.7855313954335 0.9995865225791931
1797.8063649586084 0.9995918273925781
1797.82719852126 0.9995859861373901
1797.8480320833662 0.9995052814483643
1797.86886564496 0.9991576075553894
1797.8896992059892 0.9993019700050354
1797.9105327665172 0.9993460774421692
1797.9313663264818 0.9990476369857788
1797.9521998859464 0.9990240335464478
1797.973033444849 0.9990065097808838
1797.9938670032525 0.9990677237510681
1798.0147005611054 0.998756468296051
1798.0355341184404 0.9987562894821167
1798.0563676752358 0.9984318017959595
1798.0772012315147 0.9984743595123291
1798.0980347872553 0.9982717037200928
1798.1188683424805 0.9982919096946716
1798.1397018971686 0.9982029795646667
1798.1605354513526 0.9983072280883789
1798.181369004981 0.998426616191864
1798.2022025581061 0.998328685760498
1798.2230361106974 0.9983106851577759
1798.243869662787 0.9982630610466003
1798.2647032143234 0.9984799027442932
1798.2855367653694 0.9984055161476135
1798.3063703158641 0.998585045337677
1798.3272038658697 0.9985867738723755
1798.3480374153353 0.9986588954925537
1798.3688709642931 0.9986222982406616
1798.3897045127226 0.9988866448402405
1798.4105380606454 0.9988452792167664
1798.4313716080412 0.9989988207817078
1798.452205154932 0.9991161823272705
1798.4730387012976 0.9991494417190552
1798.4938722471693 0.9994803667068481
1798.5147057924976 0.9996631145477295
1798.5355393373434 0.9997529983520508
1798.556372881647 0.9998301863670349
1798.57720642547 1.000016450881958
1798.5980399687528 1.000145673751831
1798.618873511556 1.0002880096435547
1798.6397070538308 1.000430941581726
1798.660540595608 1.0007455348968506
1798.6813741368678 1.0007394552230835
1798.702207677632 1.0009621381759644
1798.723041217881 1.0012102127075195
1798.7438747576457 1.0012733936309814
1798.764708296877 1.0014923810958862
1798.7855418356357 1.0013759136199951
1798.806375373863 1.0017383098602295
1798.8272089116192 1.0016182661056519
1798.8480424488464 1.0017552375793457
1798.8688759856043 1.0016632080078125
1798.8897095218447 1.0016958713531494
1798.910543057598 1.0016701221466064
1798.9313765928457 1.0014837980270386
1798.9522101276082 1.001443862915039
1798.9730436618677 1.0014398097991943
1798.9938771956538 1.0014818906784058
1799.0147107289188 1.0014420747756958
1799.0355442617224 1.0011643171310425
1799.056377794025 1.0012011528015137
1799.0772113258847 1.0014630556106567
1799.0980448572104 1.0012907981872559
1799.118878388063 1.001225233078003
1799.1397119184116 1.0009222030639648
1799.1605454482851 1.0011522769927979
1799.1813789776672 1.0007375478744507
1799.2230460349979 1.0017348527908325
1799.2438795629485 1.001534342765808
1799.264713090413 1.001395344734192
1799.2855466174199 1.0013631582260132
1799.306380143923 1.0012375116348267
1799.3272136699811 1.0010565519332886
1799.3480471955388 1.0008354187011719
1799.368880720654 1.00102698802948
1799.3897142452718 1.0007498264312744
1799.4105477694495 1.0008374452590942
1799.4313812931427 1.0004123449325562
1799.4522148163792 1.0004515647888184
1799.4730483391445 1.0005725622177124
1799.4938818614557 1.0004040002822876
1799.514715383299 1.0003362894058228
1799.5355489046913 1.000053882598877
1799.556382425619 1.0000663995742798
1799.5772159461092 0.9999858736991882
1799.5980494661185 0.9999497532844543
1799.6188829857033 0.9996341466903687
1799.639716504821 0.9996471405029297
1799.6605500234978 0.9996356964111328
1799.6813835417208 0.99967360496521
1799.702217059507 0.9994698166847229
1799.723050576844 0.9995574951171875
1799.743884093747 0.9994698166847229
1799.7647176102053 0.9993318319320679
1799.7855511262437 0.9993910193443298
1799.8063846418213 0.9994851350784302
1799.8272181569935 0.9992737174034119
1799.8480516717098 0.9990912675857544
1799.8688851860245 0.999108076095581
1799.8897186998881 0.9992653727531433
1799.9105522133545 0.9992436170578003
1799.9313857263849 0.999147355556488
1799.952219239003 0.9992637038230896
1799.9730527512002 0.9992757439613342
1799.99388626299 0.9993321299552917
1800.0147197743643 0.9994149208068848
1800.035553285346 0.9993917346000671
1800.056386795898 0.9995673298835754
1800.0772203060733 0.9995337724685669
1800.0980538158249 0.9995209574699402
1800.118887325205 0.9997697472572327
1800.139720834178 0.9997550845146179
1800.1605543427652 0.9999650716781616
1800.1813878509618 0.9998444318771362
1800.202221358779 0.9999845027923584
1800.2230548662128 0.9997556209564209
1800.2438883732734 0.9999205470085144
1800.264721879958 1.0001119375228882
1800.2855553862862 1.000054121017456
1800.3063888922263 1.0002161264419556
1800.3272223978274 1.0
1800.3480559030484 1.0000931024551392
1800.3688894079378 0.9999799728393555
1800.3897229124657 1.000109314918518
1800.4105564166503 0.9999685287475586
1800.4313899204922 0.9998783469200134
1800.4522234239992 1.000044584274292
1800.4730569271737 0.9997044205665588
1800.493890430032 0.9997120499610901
1800.514723932548 0.9997556805610657
1800.5355574347668 0.9996530413627625
1800.5563909366542 0.9996833801269531
1800.5772244382551 0.9994715452194214
1800.598057939546 0.9992625117301941
1800.6188914405404 0.9992870688438416
1800.639724941247 0.9991459846496582
1800.6605584416686 0.999040424823761
1800.6813919418155 0.9989500045776367
1800.7022254416895 0.9991910457611084
1800.7230589413023 0.999017059803009
1800.743892440665 0.9989874958992004
1800.764725939761 0.998782217502594
1800.7855594386303 0.9987390637397766
1800.806392937249 0.9987818598747253
1800.8272264356556 0.9986054301261902
1800.848059933838 0.9987297654151917
1800.8688934318036 0.9987778067588806
1800.8897269295733 0.9986940026283264
1800.9105604271424 0.9988025426864624
1800.9313939245349 0.9987773299217224
1800.9522274217545 0.9988121390342712
1800.973060918798 0.9989723563194275
1800.9938944156977 0.9990460276603699
1801.014727912443 0.9989040493965149
1801.035561409065 0.9991944432258606
1801.0563949055665 0.9991631507873535
1801.0772284019465 0.9995641708374023
1801.0980618982417 0.9994968175888062
1801.1188953944388 0.9995575547218323
1801.1397288905785 0.999802827835083
1801.1605623866553 0.9999483227729797
1801.181395882685 0.9999944567680359
1801.2022293786893 1.0002522468566895
1801.2230628746781 1.000474214553833
1801.243896370672 1.0007518529891968
1801.264729866695 1.0008537769317627
1801.2855633627346 1.0008594989776611
1801.3063968588517 1.0013904571533203
1801.327230355021 1.0013816356658936
1801.3480638513083 1.0016398429870605
1801.3688973476956 1.0015735626220703
1801.3897308442263 1.0015952587127686
1801.410564340908 1.0019842386245728
1801.431397837782 1.002076268196106
1801.452231334853 1.0020970106124878
1801.4730648321795 1.002342939376831
1801.4938983297318 1.002504587173462
1801.5147318276088 1.0025197267532349
1801.5355653257654 1.002358317375183
1801.5563988243114 1.0024664402008057
1801.5772323231965 1.0022944211959839
1801.5980658225412 1.0023666620254517
1801.6188993223006 1.0022542476654053
1801.6397328225776 1.0024776458740234
1801.6605663233506 1.0023549795150757
1801.6813998247374 1.0021919012069702
1801.70223332668 1.0021047592163086
1801.7230668293405 1.002414345741272
1801.7439003326444 1.0022939443588257
1801.7647338367713 1.002376675605774
1801.785567341648 1.0025557279586792
1801.806400847444 1.0023261308670044
1801.8272343541068 1.002540111541748
1801.8480678618173 1.0025501251220703
1801.8689013705132 1.0025736093521118
1801.8897348804087 1.0027912855148315
1801.9105683914008 1.0027894973754883
1801.93140190376 1.002733826637268
1801.9522354173607 1.0029282569885254
1801.9730689325017 1.0029422044754028
1801.9939024490548 1.0030765533447266
1802.0147359673185 1.002864956855774
1802.03556948718 1.0031551122665405
1802.056403008966 1.0034105777740479
1802.077236532547 1.0033930540084839
1802.0980700582784 1.0036637783050537
1802.1189035859845 1.0035587549209595
1802.1397371160979 1.0038727521896362
1802.1605706484233 1.003519892692566
1802.1814041833904 1.003602385520935
1802.2022377208143 1.003362774848938
1802.223071261149 1.0037370920181274
1802.2439048041604 1.0035744905471802
1802.2647383503465 1.0034734010696411
1802.2855718994433 1.0033717155456543
1802.3064054519473 1.0034807920455933
1802.327239007576 1.0037274360656738
1802.3480725667987 1.0031434297561646
1802.3689061293285 1.0031734704971313
1802.3897396955442 1.0028146505355835
1802.41057326518 1.0020995140075684
1802.4314068385038 1.0018854141235352
1803.4730853019012 0.9990121126174927
1803.4939188160738 0.9990214109420776
1803.5147523281769 0.998988687992096
1803.535585838389 0.9988545775413513
1803.5564193466203 0.9987761378288269
1803.5772528530135 0.9990257620811462
1803.5980863575091 0.9988842606544495
1803.6189198602444 0.9990698099136353
1803.6397533611312 0.9992324709892273
1803.660586860331 0.9991706013679504
1803.6814203577467 0.9989626407623291
1803.7022538535348 0.9990577697753906
1803.7230873476085 0.9996398091316223
1803.7439208400901 0.999605655670166
1803.7647543309236 0.999662458896637
1803.7855878202263 0.9998577237129211
1803.8064213079135 0.9999856948852539
1803.8272547941283 1.0001696348190308
1803.8480882787862 1.0003148317337036
1803.8689217619972 1.0005073547363281
1803.8897552437068 1.000762939453125
1803.910588724011 1.0009773969650269
1803.931422202857 1.0011626482009888
1803.9522556803377 1.0011417865753174
1803.9730891563995 1.0012849569320679
1803.9939226311428 1.0014601945877075
1804.014756104485 1.0018614530563354
1804.0355895765529 1.0015575885772705
1804.056423047265 1.0019010305404663
1804.0772565167158 1.0021445751190186
1804.0980899848532 1.0022311210632324
1804.1189234517697 1.0023781061172485
1804.139756917384 1.0023746490478516
1804.1605903818156 1.0025240182876587
1804.1814238449745 1.002656102180481
1804.2022573069776 1.0022823810577393
1804.2230907677451 1.0026130676269531
1804.2439242273624 1.002427101135254
1804.2647576857798 1.0023919343948364
1804.2855911430809 1.002223253250122
1804.3064245991868 1.0021480321884155
1804.3272580542086 1.0020732879638672
1804.3480915080681 1.00221586227417
1804.3689249608449 1.0019829273223877
1804.3897584124907 1.0021731853485107
1804.4105918630742 1.001979112625122
1804.4314253125476 1.001824975013733
1804.4522587609874 1.0021735429763794
1804.4730922083168 1.0015500783920288
1804.4939256546404 1.0014464855194092
1804.5147590998718 1.0017964839935303
1804.5355925441147 1.0015102624893188
1804.5564259872929 1.0013623237609863
1804.5772594294788 1.001271367073059
1804.5980928706267 1.0014344453811646
1804.6189263108074 1.001309871673584
1804.6397597499458 1.0010366439819336
1804.660593188142 1.0007463693618774
1804.681426625311 1.0011099576950073
1804.7022600615512 1.000925064086914
1804.7230934967886 1.0005403757095337
1804.7439269310905 1.000490665435791
1804.7647603644132 1.0003167390823364
1804.7855937968232 1.0003172159194946
1804.8064272282468 1.000300645828247
1804.8272606587796 0.9999181032180786
1804.8480940883485 1.0001171827316284
1804.868927517018 0.9996660351753235
1804.8897609447454 1.000192642211914
1804.9105943715842 0.9995778203010559
1804.9314277974925 0.9995635151863098
1804.9522612225326 0.9994953274726868
1804.973094646633 0.9996172785758972
1804.9939280698852 0.999401867389679
1805.0147614922075 0.9991828799247742
1805.0355949136915 0.9993075728416443
1805.056428334266 0.9992537498474121
1805.077261754001 0.99912029504776
1805.098095172826 0.9990414381027222
1805.1189285908301 0.998921811580658
1805.139762007933 0.9992119669914246
1805.160595424224 0.9990761280059814
1805.1814288396326 0.9990478157997131
1805.2022622542172 0.9987885355949402
1805.2230956679377 0.999282717704773
1805.2439290808516 0.9991646409034729
1805.2647624928898 0.999317467212677
1805.2855959041387 0.998936653137207
1805.3064293145299 0.9993652701377869
1805.327262724119 0.9991913437843323
1805.3480961328673 0.9992917776107788
1805.3689295408308 0.9995903372764587
1805.3897629479407 0.9993025064468384
1805.410596354282 0.9993824362754822
1805.4314297597768 0.9993653893470764
1805.4522631645098 0.9996235966682434
1805.4730965684128 0.999882161617279
1805.4939299715397 0.9996188282966614
1805.514763373853 0.999714195728302
1805.5355967754062 0.9999717473983765
1805.5564301761324 0.9999481439590454
1805.577263576114 0.9995338320732117
1805.5980969752845 1.000070571899414
1805.618930373696 1.0000724792480469
1805.6397637713117 0.999949038028717
1805.660597168174 0.9999179244041443
1805.6814305642463 0.9999382495880127
1805.7022639595803 0.9996848106384277
1805.7230973541093 0.9998106956481934
1805.743930747915 0.9998406767845154
1805.7647641409312 0.99954754114151
1805.7855975332086 0.9996699094772339
1805.8064309247118 0.9997175931930542
1805.827264315491 0.9997990727424622
1805.8480977054803 0.9995713233947754
1805.8689310947602 0.9995320439338684
1805.889764483255 0.9992666840553284
1805.9105978710447 0.9994819760322571
1805.9314312580643 0.9991230964660645
1805.9522646443627 0.9988347291946411
1805.9730980299053 0.9992531538009644
1805.9939314147407 0.9990300536155701
1806.0147647988044 0.9990987777709961
1806.0355981821754 0.9987286329269409
1806.0564315647935 0.9984886646270752
1806.0772649467067 0.9986605644226074
1806.0980983278719 0.9987896084785461
1806.1189317083374 0.9988315105438232
1806.1397650880433 0.9986697435379028
1806.1605984670675 0.998572051525116
1806.1814318453357 0.9985408186912537
1806.202265222926 0.9986605644226074
1806.2230985997737 0.9985573887825012
1806.2439319759267 0.9987503290176392
1806.264765351351 0.9990538954734802
1806.2855987260937 0.9989225268363953
1806.3064321000913 0.9991357922554016
1806.3272654734208 0.9993101358413696
1806.3480988460183 0.9992069602012634
1806.3689322179307 0.9993629455566406
1806.3897655891244 0.9997147917747498
1806.410598959646 0.9995570182800293
1806.4314323294325 0.9998675584793091
1806.4522656985594 0.9998210668563843
1806.4730990669545 1.0001031160354614
1806.493932434693 1.0001153945922852
1806.5147658017124 1.000324010848999
1806.535599168058 1.0007354021072388
1806.556432533698 1.0008056163787842
1806.5772658986766 1.0009400844573975
1806.5980992629322 1.0010310411453247
1806.6189326265396 1.0013684034347534
1806.6397659894362 1.001537561416626
1806.6605993516675 1.0014320611953735
1806.681432713201 1.0016531944274902
1806.7022660740813 1.0019022226333618
1806.7230994342465 1.0021302700042725
1806.743932793771 1.0020438432693481
1806.764766152593 1.002301812171936
1806.7855995107568 1.0023428201675415
1806.8064328682308 1.0025213956832886
1806.8272662250588 1.0026099681854248
1806.8480995811794 1.0024163722991943
1806.868932936666 1.002520203590393
1806.8897662914478 1.002172589302063
1806.9105996455983 1.0024067163467407
1806.9314329990561 1.0021651983261108
1806.9522663518746 1.0021240711212158
1806.9730997039928 1.0021055936813354
1806.9939330554835 1.0021748542785645
1807.0147664062765 1.0020164251327515
1807.0355997564443 1.0018625259399414
1807.0564331059263 1.0019207000732422
1807.0772664547653 1.0022691488265991
1807.0980998029306 1.0020806789398193
1807.1189331504645 1.0019208192825317
1807.1397664973072 1.0020272731781006
1807.1605998435305 1.0020748376846313
1807.1814331890746 1.0019183158874512
1807.2022665339812 1.0018365383148193
1807.2230998782206 1.0013818740844727
1807.2439332218341 1.0016387701034546
1807.2647665647626 1.0013368129730225
1807.2855999070773 1.001359462738037
1807.3064332487186 1.000891089439392
1807.3272665897282 1.0012481212615967
1807.348099930076 1.000880479812622
1807.3689332697936 1.0010104179382324
1807.3897666088515 1.0008227825164795
1807.4105999472913 1.000747561454773
1807.431433285063 1.0004013776779175
1807.452266622208 1.0002596378326416
1807.4730999586968 1.0001863241195679
1807.4939332945605 1.000248908996582
1807.51476662977 1.0002027750015259
1807.5355999643662 1.000030517578125
1807.5564332982894 0.9997247457504272
1807.577266631611 0.9997040033340454
1807.5980999642716 0.9999769926071167
1807.6189332963118 0.9995344281196594
1807.6397666277028 0.9997773170471191
1807.660599958485 0.9996050000190735
1807.6814332885995 0.999610960483551
1807.7022666181167 0.9994440674781799
1807.723099946978 0.9992454648017883
1807.743933275223 0.9991419911384583
1807.764766602824 0.9993975162506104
1807.7855999298206 0.9993260502815247
1807.806433256154 0.999399721622467
1807.8272665818947 0.9991372227668762
1807.8480999069839 0.9993728995323181
1807.8689332314611 0.9992133975028992
1807.8897665552988 0.9990308284759521
1807.9105998785362 0.9992918968200684
1807.9314332011152 0.9995515942573547
1807.9522665231054 0.9991229772567749
1807.9730998444486 0.9992140531539917
1808.0147664852839 0.9991897940635681
1808.0355998047778 0.9995054006576538
1808.0564331236374 0.9994456171989441
1808.077266441902 0.9994904398918152
1808.0980997595238 0.9994511604309082
1808.118933076542 0.9999341368675232
1808.1397663929285 1.0000395774841309
1808.1605997087129 0.9999726414680481
1808.181433023867 1.0000627040863037
1808.20226633843 0.999919056892395
1808.2230996523442 0.9995568990707397
1808.2439329656781 0.9992520809173584
1808.264766278375 1.0001602172851562
1808.2855995904729 0.9998694062232971
1808.3064329019444 1.000095248222351
1808.3272662128286 0.9998880624771118
1808.3480995230777 1.0001803636550903
1808.3689328327303 1.0002024173736572
1808.389766141759 1.0001887083053589
1808.4105994502029 1.000036597251892
1808.4314327580041 1.0000778436660767
1808.4522660652312 0.9999417066574097
1808.4730993718267 0.9997814297676086
1808.4939326778294 0.9998309016227722
1808.514765983212 0.9998317956924438
1808.535599288003 0.9989945888519287
1808.5564325921746 0.9995314478874207
1808.5772658957658 0.9991936087608337
1808.598099198719 0.9992940425872803
1808.6189325011023 0.9992854595184326
1808.6397658028593 0.9991092085838318
1808.6605991040376 0.9991956353187561
1808.6814324045806 0.9990583062171936
1808.7022657045559 0.9991076588630676
1808.7230990038966 0.9987831711769104
1808.743932302671 0.9988166689872742
1808.7647656008223 0.9986177682876587
1808.7855988983981 0.998986005783081
1808.8064321953418 0.9988595843315125
1808.8272654917212 0.9986453652381897
1808.848098787469 0.9989622235298157
1808.8689320826538 0.9990253448486328
1808.8897653772187 0.998744547367096
1808.9105986712111 0.9988928437232971
1808.9314319645748 0.9989423751831055
1808.9522652573771 0.9989832043647766
1808.9730985495612 0.9993652701377869
1808.9939318411652 0.9991976618766785
1809.0147651321627 0.9993018507957458
1809.0355984225905 0.9996241331100464
1809.0564317123929 0.9995315670967102
1809.0772650016365 0.9996727705001831
1809.0980982902654 0.9998446702957153
1809.1189315783172 0.999622106552124
1809.1397648657653 0.9997835755348206
1809.160598152647 1.0004022121429443
1809.181431438906 1.0007015466690063
1809.2022647246094 1.000350832939148
1809.2230980096913 1.000342845916748
1809.2439312942188 1.0011659860610962
1809.2647645781358 1.0012646913528442
1809.285597861489 1.0013214349746704
1809.3064311442229 1.0016433000564575
1809.3272644264039 1.00165593624115
1809.3480977079662 1.0017412900924683
1809.3689309889771 1.001612901687622
1809.3897642693805 1.002010464668274
1809.4105975492232 1.0023198127746582
1809.4314308284493 1.0024652481079102
1809.4522641071255 1.0024486780166626
1809.473097385186 1.0023466348648071
1809.493930662698 1.0025336742401123
1809.5147639396052 1.0025583505630493
1809.5355972159546 1.00221586227417
1809.5564304916904 1.0023359060287476
1809.577263766879 1.0022398233413696
1809.598097041455 1.0021060705184937
1809.6189303154852 1.0018959045410156
1809.6397635889139 1.001836895942688
1809.660596861787 1.0019147396087646
1809.6814301340498 1.002038598060608
1809.7022634057682 1.001991629600525
1809.723096676887 1.0020878314971924
1809.7439299474427 1.0014110803604126
1809.7647632174096 1.00199294090271
1809.785596486824 1.0016802549362183
1809.8064297556311 1.0016576051712036
1809.8272630238964 1.0016452074050903
1809.848096291565 1.0018545389175415
1809.8689295586732 1.0016576051712036
1809.889762825196 1.0013854503631592
1809.9105960911688 1.0015923976898193
1809.9314293565471 1.0011861324310303
1809.9522626213666 1.0011404752731323
1809.9730958856026 1.0010126829147339
1809.9939291492906 1.0008738040924072
1810.014762412376 1.0008909702301025
1810.0355956749245 1.0007715225219727
1810.0564289368815 1.0004384517669678
1810.0772621982826 1.000606894493103
1810.0980954591028 1.0004189014434814
1810.1189287193781 1.0002080202102661
1810.139761979054 1.0003970861434937
1810.1605952381954 1.000219702720642
1810.1814284967486 1.0000778436660767
1810.2022617547484 0.9999131560325623
1810.2230950121707 0.9996889233589172
1810.243928269051 0.9998680949211121
1810.2647615253345 0.9998421669006348
1810.285594781087 0.9997959733009338
1810.306428036254 0.9997605085372925
1810.3272612908702 0.9995055794715881
1810.3480945449126 0.9998617172241211
1810.3689277984151 0.9995383024215698
1810.3897610513247 0.9992179870605469
1810.410594303706 0.9995099306106567
1810.4314275555048 0.9995790719985962
1810.452260806756 0.9993106126785278
1810.4730940574361 0.9993948936462402
1810.49392730758 0.9992638230323792
1810.5147605571435 0.9993308782577515
1810.5355938061618 0.999610185623169
1810.556427054611 0.9997426271438599
1810.5772603025255 0.9995666146278381
1810.5980935498526 0.9996323585510254
1810.6189267966558 0.9995359778404236
1810.6397600428827 0.9997057318687439
1810.660593288567 0.9997811913490295
1810.6814265336857 0.9997837543487549
1810.7022597782727 0.9996408820152283
1810.7230930222756 0.9997460246086121
1810.743926265758 0.9997965693473816
1810.7647595086673 0.999988853931427
1810.7855927510373 1.000173807144165
1810.8064259928453 1.0001087188720703
1810.8272592341248 1.0002601146697998
1810.8480924748235 1.0003572702407837
1810.8689257150052 1.0001821517944336
1810.8897589546173 1.0002244710922241
1810.9105921937032 1.000372290611267
1810.9314254322107 1.0001928806304932
1810.9522586702033 1.0003128051757812
1810.9730919076187 1.0002919435501099
1810.9939251445205 1.000206708908081
1811.0147583808564 1.0000654458999634
1811.0355916166698 0.9999545812606812
1811.0564248519086 1.0000817775726318
1811.0772580866355 1.0000073909759521
1811.0980913207998 1.0000511407852173
1811.1189245544335 0.9998276829719543
1811.1397577875155 0.9996662735939026
1811.1605910200785 0.9996257424354553
1811.181424252071 0.9995049238204956
1811.2022574835555 0.9994824528694153
1811.2230907144813 0.9992720484733582
1811.2439239448804 0.9992284178733826
1811.2647571747318 0.9990033507347107
1811.2855904040682 0.9986715912818909
1811.3064236328382 0.9990281462669373
1811.3272568611044 0.9987995028495789
1811.3480900888158 0.998755693435669
1811.3689233160148 0.9988232851028442
1811.3897565426505 0.9986835718154907
1811.4105897687855 0.9985570311546326
1811.4314229943684 0.9987370371818542
1811.4522562194315 0.9986667633056641
1811.473089443955 0.9986580610275269
1811.49392266797 0.9986770153045654
1811.5147558914266 0.9986702799797058
1811.5355891143865 0.9985611438751221
1811.5564223367996 0.9988299608230591
1811.5772555587075 0.9988099336624146
1811.5980887800604 0.9990043044090271
1811.6189220009196 0.9990071654319763
1811.6397552212354 0.9989168643951416
1811.6605884410394 0.9993541240692139
1811.6814216603116 0.9994521141052246
1811.7022548790837 0.9995218515396118
1811.723088097306 0.9998845458030701
1811.7439213150396 0.9994458556175232
1811.7647545322354 0.9997856616973877
1811.7855877489346 0.9999607801437378
1811.8064209650875 1.0002784729003906
1811.8272541807555 1.0003360509872437
1811.8480873958795 1.0006654262542725
1811.8689206105205 1.000761866569519
1811.8897538246297 1.0009682178497314
1811.9105870382475 1.001136302947998
1811.9314202513253 1.0013926029205322
1811.952253463924 1.0016655921936035
1811.9730866759953 1.0015774965286255
1811.9939198875693 1.0017794370651245
1812.014753098628 1.0020501613616943
1812.0355863092013 1.0021203756332397
1812.0564195192417 1.0022103786468506
1812.077252728809 1.0022327899932861
1812.098085937856 1.0024439096450806
1812.1189191464223 1.00235915184021
1812.1397523544604 1.0025914907455444
1812.1605855620298 1.002455234527588
1812.1814187690838 1.0024992227554321
1812.2022519756517 1.0023561716079712
1812.223085181717 1.0024702548980713
1812.2439183873084 1.0023268461227417
1812.26475159238 1.0020731687545776
1812.2855847969904 1.0022083520889282
1812.3064180010933 1.0022104978561401
1812.327251204718 1.0020126104354858
1812.3480844078485 1.0021722316741943
1812.3689176105136 1.0020288228988647
1812.3897508126772 1.0019152164459229
1812.4105840143682 1.0020250082015991
1812.431417215571 1.001901388168335
1812.452250416314 1.0020289421081543
1812.4730836165525 1.0017544031143188
1812.5147500156447 1.0012832880020142
1812.5355832144917 1.0011825561523438
1812.556416412841 1.0008671283721924
1812.5772496107502 1.0004271268844604
1812.5980828081656 1.0007613897323608
1812.6189160051442 1.0005463361740112
1812.6397492016429 1.0010451078414917
1812.6605823976986 1.001030445098877
1812.6814155932682 1.0010350942611694
1812.7022487884085 1.0007736682891846
1812.7230819830775 1.0006883144378662
1812.7439151773008 1.000651240348816
1812.7647483710673 1.0002957582473755
1812.7855815644023 1.0003844499588013
1812.8064147572647 1.000269889831543
1812.8272479497102 0.99993896484375
1812.8480811416985 0.999441921710968
1812.868914333264 0.9992929100990295
1812.889747524367 0.9997202157974243
1812.9105807150625 0.9996992945671082
1812.9314139053104 0.9993090629577637
1812.9522470951358 0.9991044998168945
1812.9730802845297 0.9991161227226257
1812.9939134735162 0.999233603477478
1813.014746662067 0.9992255568504333
1813.035579850205 0.9992343187332153
1813.0564130379244 0.999060869216919
1813.0772462252469 0.9991304278373718
1813.0980794121367 0.9989954233169556
1813.1189125986461 0.9991114139556885
1813.1397457847395 0.9988674521446228
1813.1605789704386 0.999039888381958
1813.181412155739 0.9991024732589722
1813.202245340662 0.9994605779647827
1813.2230785251843 0.9992271661758423
1813.2439117093259 0.9993144869804382
1813.2647448930843 0.9995484352111816
1813.2855780764799 0.9996904730796814
1813.306411259481 0.9994757771492004
1813.3272444421368 0.9988013505935669
1813.3480776244176 0.9993838667869568
1813.3689108063513 0.9990870356559753
1813.3897439879092 0.9992194175720215
1813.410577169139 0.9996271729469299
1813.4314103500133 0.9993112683296204
1813.452243530549 0.999718189239502
1813.4730767107494 0.9998461604118347
1813.4939098906314 0.9998567700386047
1813.5147430701797 0.9995119571685791
1813.53557624941 0.9996883869171143
1813.5564094283288 0.9996005296707153
1813.5772426069511 0.9994706511497498
1813.5980757852549 0.999393880367279
1813.6189089632837 0.9995561242103577
1813.6397421410181 0.9997979402542114
1813.6605753184701 0.999472439289093
1813.6814084956527 0.9997417330741882
1813.7022416725767 0.9997981190681458
1813.723074849237 0.9997057914733887
1813.7439080256436 0.9997918009757996
1813.7647412018132 0.9997814297676086
1813.7855743777543 0.9997079968452454
1813.8064075534571 0.9994999170303345
1813.8272407289585 0.9994500875473022
1813.8480739042507 0.9993276000022888
1813.8689070793498 0.99933922290802
1813.889740254251 0.9989508390426636
1813.9105734289878 0.998651921749115
1813.9314066035497 0.9989305734634399
1813.952239777969 0.998698353767395
1813.973072952247 0.9986565709114075
1813.9939061263954 0.9986281991004944
1814.0147393004193 0.9988032579421997
1814.0355724743474 0.9987160563468933
1814.0564056481903 0.9983949661254883
1814.077238821944 0.998542070388794
1814.0980719956538 0.9982905983924866
1814.1189051693132 0.9984262585639954
1814.1397383429523 0.998323380947113
1814.1605715165626 0.9984934329986572
1814.1814046901998 0.9989571571350098
1814.2022378638528 0.9991439580917358
1814.223071037563 0.9992981553077698
1814.243904211316 0.9994045495986938
1814.2647373851805 0.9992820620536804
1814.2855705591394 0.9993717670440674
1814.3064037332383 0.9995333552360535
1814.3272369074864 0.9996845722198486
1814.3480700819382 0.9998509883880615
1814.3689032565683 1.0000399351119995
1814.389736431471 1.000211238861084
1814.410569606617 1.000220537185669
1814.4314027820908 1.000470519065857
1814.4522359578577 1.0005077123641968
1814.4730691340349 1.000690221786499
1814.4939023105817 1.000968098640442
1814.514735487599 1.0012049674987793
1814.53556866507 1.0014439821243286
1814.5564018431107 1.0010950565338135
1814.5772350216776 1.0016448497772217
1814.5980682009035 1.0020606517791748
1814.6189013807573 1.0021439790725708
1814.6397345613914 1.0023785829544067
1814.6605677427463 1.0024909973144531
1814.681400924996 1.002918004989624
1814.7022341080915 1.0029265880584717
1814.7230672922312 1.0029393434524536
1814.743900477336 1.003192663192749
1814.7647336636314 1.0032941102981567
1814.785566851047 1.0034829378128052
1814.80640003984 1.0034540891647339
1814.8272332298952 1.003624439239502
1814.8480664215358 1.0035029649734497
1814.8688996146318 1.0038727521896362
1814.8897328095147 1.0039422512054443
1814.9105660060682 1.0040521621704102
1814.9313992046666 1.0040591955184937
1814.952232405154 1.004124402999878
1814.9730656079516 1.0040013790130615
1814.9938988129024 1.0046603679656982
1815.014732020475 1.0050711631774902