1764.7026889663412 0.9944968819618225
1764.723522832353 0.9943516850471497
1764.744356694837 0.9944442510604858
1764.76519055388 0.9946355819702148
1764.7860244095596 0.9948027729988098
1764.8068582619526 0.9951652884483337
1764.8276921111444 0.9956026673316956
1764.8485259571903 0.9959637522697449
1764.869359800174 0.996522843837738
1764.8901936401664 0.9971874952316284
1764.9110274772383 0.9978548288345337
1764.9318613114685 0.9986469149589539
1764.9526951429025 0.9991592764854431
1764.9735289716157 1.0001609325408936
1764.9943627976706 1.0008623600006104
1765.0151966211279 1.0015816688537598
1765.0360304420565 1.0022706985473633
1765.0568642604933 1.0029281377792358
1765.077698076503 1.0034898519515991
1765.0985318901394 1.0041162967681885
1765.1193657014537 1.0045223236083984
1765.1401995105052 1.004980206489563
1765.1610333173217 1.005310297012329
1765.18186712196 1.0053703784942627
1765.2027009244641 1.0055358409881592
1765.2235347248775 1.005605936050415
1765.2443685232515 1.005606770515442
1765.2652023196058 1.0053913593292236
1765.2860361139897 1.0049635171890259
1765.3068699064404 1.0046701431274414
1765.3277036969935 1.0042760372161865
1765.3485374856837 1.0038107633590698
1765.3693712725553 1.0030609369277954
1765.3902050576198 1.0024985074996948
1765.4110388409188 1.001569390296936
1765.4318726224826 1.001102328300476
1765.4527064023503 1.0002399682998657
1765.4735401805299 0.9997444748878479
1765.494373957059 0.9989355802536011
1765.5152077319635 0.9982077479362488
1765.536041505269 0.9976069927215576
1765.5568752770102 0.9968622922897339
1765.5777090471906 0.9964824318885803
1765.5985428158433 0.9960667490959167
1765.619376582991 0.9957723021507263
1765.6402103486646 0.9953124523162842
1765.6610441128653 0.9950539469718933
1765.6818778756233 0.9950960278511047
1765.7027116369582 0.9950160384178162
1765.7235453968885 0.9949401617050171
1765.7443791554335 0.9950540661811829
1765.7652129126202 0.9952009320259094
1765.786046668446 0.9957540035247803
1765.806880422938 0.9959717392921448
1765.8277141761123 0.9962348937988281
1765.8485479279843 0.9969421029090881
1765.8693816785799 0.9975762367248535
1765.8902154278935 0.9979789853096008
1765.9110491759498 0.9987716674804688
1765.9318829227623 0.9995555281639099
1765.9527166683554 1.000235915184021
1765.9735504127216 1.0007133483886719
1765.994384155884 1.0015244483947754
1766.0152178978556 1.0022028684616089
1766.0360516386477 1.002734661102295
1766.0568853782827 1.0033900737762451
1766.077719116752 1.0037864446640015
1766.0985528540764 1.0044902563095093
1766.1193865902671 1.0048242807388306
1766.140220325345 1.0051336288452148
1766.1610540592997 1.0053085088729858
1766.1818877921519 1.0053484439849854
1766.2027215239111 1.0054434537887573
1766.223555254587 1.0053467750549316
1766.2443889841984 1.0050424337387085
1766.2652227127353 1.0047513246536255
1766.2860564402156 1.0044078826904297
1766.3068901666484 1.0038821697235107
1766.327723892042 1.0034348964691162
1766.3485576164146 1.0026997327804565
1766.3693913397542 1.0020251274108887
1766.3902250620788 1.001449704170227
1766.4110587833954 1.000698208808899
1766.431892503712 0.9999737739562988
1766.4527262230463 0.99922776222229
1766.4735599413843 0.9982402920722961
1766.4943936587435 0.9978853464126587
1766.515227375131 0.9971837401390076
1766.5360610905527 0.9965793490409851
1766.5568948050254 0.9959335327148438
1766.5777285185357 0.9954168200492859
1766.5985622310993 0.9950323104858398
1766.6193959427228 0.9947746396064758
1766.6402296534218 0.9944660067558289
1766.6610633631817 0.9943032264709473
1766.6818970720187 0.9941542148590088
1766.7027307799385 0.9943218231201172
1766.7235644869459 0.9942634701728821
1766.7443981930564 0.9945021271705627
1766.7652318982557 0.9949321746826172
1766.7860656025584 0.9953176975250244
1766.8068993059694 0.995719313621521
1766.827733008504 0.9963749051094055
1766.8485667101465 0.9969058036804199
1766.8694004109118 0.9974867105484009
1766.8902341108048 0.9981898069381714
1766.9110678098295 0.9989176988601685
1766.9319015080007 0.9996997117996216
1766.9527352053026 1.0004440546035767
1766.973568901749 1.0011566877365112
1766.9944025973448 1.0019657611846924
1767.015236292104 1.0025150775909424
1767.0360699860098 1.0032120943069458
1767.0569036790766 1.0037761926651
1767.0777373713088 1.0042929649353027
1767.0985710627094 1.0046641826629639
1767.1194047532924 1.0050458908081055
1767.1402384430417 1.005299687385559
1767.1610721319703 1.0054891109466553
1767.181905820082 1.0054839849472046
1767.2027395073906 1.0054140090942383
1767.2235731938788 1.0053198337554932
1767.2444068795603 1.0050770044326782
1767.2652405644387 1.004632830619812
1767.2860742485266 1.004289150238037
1767.3069079318072 1.0038436651229858
1767.3277416142942 1.0032724142074585
1767.3485752959903 1.0026589632034302
1767.369408976898 1.0019344091415405
1767.390242657031 1.0012121200561523
1767.411076336372 1.0005496740341187
1767.4319100149335 0.9999430775642395
1767.4527436927185 0.9991630911827087
1767.47357736974 0.9984970688819885
1767.4944110459803 0.9979388117790222
1767.5152447214525 0.9973261952400208
1767.536078396159 0.9967132806777954
1767.5569120701023 0.9962364435195923
1767.5777457432948 0.9957873225212097
1767.5985794157195 0.9956050515174866
1767.6194130873885 0.9952195882797241
1767.640246758304 0.9949945211410522
1767.6610804284792 0.9950379729270935
1767.6819140978955 0.994844913482666
1767.7027477665656 0.9952524304389954
1767.7235814344922 0.9952489137649536
1767.744415101677 0.9954803586006165
1767.7652487681323 0.9959613680839539
1767.7860824338406 0.9964103102684021
1767.8069160988136 0.9969210028648376
1767.8277497630536 0.9974597692489624
1767.8485834265728 0.9980078935623169
1767.8694170893532 0.9986430406570435
1767.8902507514065 0.9992895126342773
1767.9110844127354 0.9999529123306274
1767.9319180733412 1.00059974193573
1767.9527517332363 1.001410722732544
1767.9735853924024 1.0020073652267456
1767.994419050851 1.0027464628219604
1768.0152527085847 1.0032440423965454
1768.0360863656151 1.003656268119812
1768.0569200219238 1.0042768716812134
1768.0777536775227 1.0044896602630615
1768.098587332424 1.005039930343628
1768.1194209866085 1.005120873451233
1768.1402546400884 1.0053024291992188
1768.1610882928658 1.0051088333129883
1768.181921944942 1.0050817728042603
1768.2027555963284 1.0050443410873413
1768.223589247007 1.004931926727295
1768.2444228969896 1.004347801208496
1768.2652565462772 1.00409996509552
1768.286090194882 1.003316044807434
1768.3069238427852 1.0029011964797974
1768.3277574899982 1.0021518468856812
1768.348591136523 1.0014619827270508
1768.3694247823605 1.0006197690963745
1768.3902584275227 0.9999486207962036
1768.411092071991 0.9992201328277588
1768.4319257157765 0.9985181093215942
1768.452759358881 0.9979609847068787
1768.4735930013157 0.9971123337745667
1768.494426643062 0.9966613054275513
1768.5152602841315 0.9959920048713684
1768.5360939245256 0.9954537153244019
1768.5569275642551 0.995121419429779
1768.5777612033019 0.9946250915527344
1768.5985948416774 0.9222385883331299
1768.6194284793823 0.9942723512649536
1768.6402621164284 0.9939616918563843
1768.6610957527967 0.9942233562469482
1768.681929388499 0.9941408038139343
1768.702763023536 0.9942368865013123
1768.723596657909 0.9945181608200073
1768.7444302916294 0.9949387311935425
1768.7652639246783 0.9953474402427673
1768.786097557067 0.9959322214126587
1768.806931188797 0.9964941740036011
1768.827764819879 0.9971746802330017
1768.848598450294 0.9976786971092224
1768.8694320800541 0.9984540939331055
1768.8902657091694 0.9993526935577393
1768.9110993376216 1.0000121593475342
1768.931932965422 1.0007661581039429
1768.9527665925712 1.001363754272461
1768.9736002190705 1.0021523237228394
1768.9944338449313 1.0029397010803223
1769.0152674701342 1.003312349319458
1769.0361010946906 1.0039682388305664
1769.0569347186017 1.0044649839401245
1769.0777683418783 1.0048331022262573
1769.0986019645013 1.0050265789031982
1769.1194355864823 1.0051482915878296
1769.1402692078218 1.005355715751648
1769.1611028285308 1.0052571296691895
1769.1819364485912 1.0052369832992554
1769.2027700680128 1.0050081014633179
1769.2236036867973 1.0047187805175781
1769.244437304956 1.0043236017227173
1769.265270922469 1.003861427307129
1769.286104539348 1.0031946897506714
1769.3069381555938 1.0026146173477173
1769.327771771217 1.00190269947052
1769.3486053861989 1.0013206005096436
1769.3694390005508 1.000649094581604
1769.3902726142728 0.999907374382019
1769.4111062273764 0.9992265105247498
1769.4319398398427 0.9986442923545837
1769.452773451682 0.9980454444885254
1769.4736070628958 0.9974079728126526
1769.494440673495 0.9968667030334473
1769.5152742834603 0.9963774085044861
1769.5569415015225 0.9956182837486267
1769.5777751096314 0.9952782988548279
1769.59860871711 0.9950242042541504
1769.6194423239695 0.9948880672454834
1769.6402759302102 0.9949320554733276
1769.6611095358433 0.995071530342102
1769.6819431408499 0.9952054023742676
1769.7027767452403 0.9952946901321411
1769.7236103490156 0.9957353472709656
1769.744443952187 0.9962767958641052
1769.7652775547351 0.9966771602630615
1769.7861111566706 0.9973323941230774
1769.8069447580046 0.9978777766227722
1769.8277783587175 0.9983353018760681
1769.8486119588208 0.9990772008895874
1769.869445558315 0.9998533129692078
1769.8902791572007 1.0005934238433838
1769.911112755489 1.0011317729949951
1769.9319463531606 1.0018563270568848
1769.9527799502268 1.0025863647460938
1769.9736135466876 1.0031335353851318
1769.9944471425545 1.0036934614181519
1770.015280737808 1.0041391849517822
1770.036114332459 1.0045446157455444
1770.056947926518 1.0049560070037842
1770.0777815199665 1.0052490234375
1770.0986151128145 1.0053603649139404
1770.1194487050632 1.0053960084915161
1770.1402822967236 1.0052717924118042
1770.161115887776 1.0051411390304565
1770.1819494782317 1.0048811435699463
1770.2027830680913 1.0045028924942017
1770.2236166573655 1.0041780471801758
1770.2444502460348 1.0037145614624023
1770.265283834111 1.0029973983764648
1770.2861174215936 1.0023971796035767
1770.306951008494 1.001706838607788
1770.3277845947935 1.001020073890686
1770.3486181805017 1.000278115272522
1770.3694517656204 0.9995583891868591
1770.39028535016 0.9987581372261047
1770.411118934101 0.9980632662773132
1770.4319525174549 0.9974352121353149
1770.4527861002218 0.9966939091682434
1770.4736196824128 0.9962446689605713
1770.4944532640084 0.9956685304641724
1770.5152868450198 0.9951601028442383
1770.5361204254475 0.9947865009307861
1770.556954005302 0.9945914149284363
1770.577787584565 0.9943218231201172
1770.5986211632462 0.9942224621772766
1770.6194547413568 0.9939955472946167
1770.6402883188778 0.9942244291305542
1770.6611218958196 0.994371771812439
1770.6819554721833 0.9946335554122925
1770.7027890479796 0.9949958920478821
1770.723622623189 0.9954513311386108
1770.7444561978225 0.9959536194801331
1770.765289771881 0.996483325958252
1770.786123345375 0.9972213506698608
1770.8069569182853 0.9978141784667969
1770.827790490623 0.9984285831451416
1770.8486240623986 0.9991748332977295
1770.8694576335927 0.999963641166687
1770.8902912042167 1.0005908012390137
1770.9111247742705 1.0013649463653564
1770.9319583437657 1.002161979675293
1770.9527919126829 1.002838373184204
1770.9736254810325 1.0034613609313965
1770.9944590488155 1.0037857294082642
1771.015292616043 1.004379153251648
1771.0361261826954 1.0047715902328491
1771.0569597487836 1.0050855875015259
1771.0777933143086 1.0053415298461914
1771.0986268792806 1.0052884817123413
1771.119460443681 1.0053871870040894
1771.1402940075204 1.0053123235702515
1771.1611275708099 1.0050883293151855
1771.1819611335295 1.0048857927322388
1771.2027946956907 1.0044678449630737
1771.2236282572944 1.0039455890655518
1771.244461818341 1.003488302230835
1771.2652953788415 1.002944827079773
1771.2861289387768 1.0023425817489624
1771.3069624981574 1.0016553401947021
1771.3277960569944 1.0008859634399414
1771.3486296152687 1.0001850128173828
1771.369463172991 0.9994521737098694
1771.390296730162 0.9987404942512512
1771.411130286793 0.9981732964515686
1771.4319638428642 0.997521698474884
1771.452797398387 0.9970307946205139
1771.473630953372 0.9965184926986694
1771.4944645078 0.9961032867431641
1771.5152980616822 0.9955975413322449
1771.5361316150293 0.9953728914260864
1771.5569651678218 0.9951188564300537
1771.5777987200709 0.995063841342926
1771.5986322717777 0.9950056672096252
1771.6194658229426 0.9949461817741394
1771.640299373577 0.99515300989151
1771.6611329236614 0.9953619241714478
1771.6819664732068 0.9957406520843506
1771.7028000222142 0.9961153268814087
1771.7236335706946 0.9965283274650574
1771.7444671186286 0.9971218705177307
1771.765300666027 0.9976838231086731
1771.7861342129017 0.9982733726501465
1771.8069677592325 0.99897301197052
1771.827801305031 0.9996897578239441
1771.848634850308 1.0002769231796265
1771.8694683950444 1.0010435581207275
1771.8903019392508 1.0017566680908203
1771.911135482929 1.0024166107177734
1771.9319690260893 1.0030168294906616
1771.952802568713 1.003477931022644
1771.9736361108112 1.004196047782898
1771.9944696523944 1.004456639289856
1772.0153031934437 1.0047683715820312
1772.0361367339708 1.0051090717315674
1772.056970273976 1.005355954170227
1772.0778038134706 1.0054495334625244
1772.0986373524358 1.005354642868042
1772.1194708908822 1.0052053928375244
1772.140304428811 1.004988670349121
1772.1611379662338 1.0046895742416382
1772.1819715031309 1.0042386054992676
1772.2028050395138 1.003786563873291
1772.2236385753936 1.0032460689544678
1772.2444721107513 1.0026261806488037
1772.265305645598 1.0020209550857544
1772.2861391799347 1.0012680292129517
1772.3069727137731 1.0005719661712646
1772.3278062470936 0.9997836947441101
1772.348639779908 0.9991052150726318
1772.369473312227 0.9982584714889526
1772.3903068440318 0.9976990222930908
1772.4111403753338 0.9969998598098755
1772.4319739061343 0.9963328838348389
1772.4528074364441 0.9958810210227966
1772.4736409662448 0.9253974556922913
1772.4944744955476 0.9948887228965759
1772.5153080243633 0.994438886642456
1772.5361415526738 0.9942591786384583
1772.5569750804902 0.994004487991333
1772.5778086078133 0.9940581321716309
1772.598642134655 0.9941198229789734
1772.6194756609964 0.994429349899292
1772.6403091868488 0.994504451751709
1772.6611427122234 0.9948714375495911
1772.6819762371022 0.9951952695846558
1772.7028097614957 0.9957308769226074
1772.7236432854056 0.996252179145813
1772.7444768088437 0.9969362616539001
1772.765310331791 0.9975813031196594
1772.786143854259 0.9982708692550659
1772.8069773762595 0.9988125562667847
1772.8278108977736 0.9996946454048157
1772.8486444188127 1.0004667043685913
1772.8694779393888 1.0011107921600342
1772.8903114594827 1.0017014741897583
1772.9111449791067 1.0025312900543213
1772.9319784982622 1.0032985210418701
1772.9528120169603 1.003697156906128
1772.973645535183 1.0040371417999268
1772.994479052942 1.004610538482666
1773.0153125702489 1.0049654245376587
1773.0361460870852 1.0050777196884155
1773.0569796034627 1.0053362846374512
1773.0778131193829 1.005387783050537
1773.098646634858 1.0052160024642944
1773.1194801498693 1.005097508430481
1773.1403136644287 1.004884958267212
1773.1611471785482 1.0047026872634888
1773.1819806922097 1.0040556192398071
1773.2028142054246 1.003616452217102
1773.223647718195 1.0030159950256348
1773.2444812305332 1.0023528337478638
1773.2653147424205 1.0017013549804688
1773.2861482538692 1.0010279417037964
1773.3069817648916 1.0004407167434692
1773.327815275469 0.9996250867843628
1773.3486487856137 0.9989494681358337
1773.3694822953382 0.9982865452766418
1773.3903158046244 0.9976307153701782
1773.4111493134842 0.9970750212669373
1773.4319828219197 0.996562659740448
1773.4528163299437 0.9961339831352234
1773.473649837538 0.9956668615341187
1773.494483344715 0.9952772855758667
1773.5153168514871 0.9950100183486938
1773.5361503578363 0.9949305057525635
1773.5569838637753 0.9948557019233704
1773.5778173693166 0.9950522780418396
1773.5986508744422 0.995006263256073
1773.6194843791652 0.9953766465187073
1773.6403178834978 0.99543696641922
1773.6611513874225 0.9959210157394409
1773.6819848909522 0.9963247776031494
1773.7028183940895 0.9969491958618164
1773.7236518968468 0.997527539730072
1773.7444853992072 0.9979660511016846
1773.7653189011837 0.998663604259491
1773.7861524027785 0.9992552995681763
1773.8069859040052 1.000030517578125
1773.8278194048464 1.0007529258728027
1773.848652905315 1.0015217065811157
1773.8694864054244 1.0020109415054321
1773.8903199051574 1.0028607845306396
1773.9111534045273 1.0033868551254272
1773.9319869035476 1.0037007331848145
1773.9528204022013 1.004318356513977
1773.9736539005014 1.0046383142471313
1773.9944873984518 1.005103588104248
1774.0153208960662 1.0051381587982178
1774.0361543933277 1.005387783050537
1774.05698789025 1.0053538084030151
1774.0778213868468 1.005215048789978
1774.0986548831017 1.0050429105758667
1774.1403218746418 1.004411220550537
1774.1611553699247 1.0039432048797607
1774.1819888648918 1.0033851861953735
1774.2028223595569 1.0027339458465576
1774.2236558539043 1.0021557807922363
1774.2444893479483 1.0014235973358154
1774.2653228417034 1.0007039308547974
1774.286156335154 0.9999925494194031
1774.3069898283143 0.9993608593940735
1774.3278233211997 0.998436689376831
1774.3486568137946 0.9977273941040039
1774.3694903061137 0.9971207976341248
1774.3903237981622 0.9964233040809631
1774.411157289955 0.9960324764251709
1774.4319907814775 0.9954705834388733
1774.4528242727447 0.99514240026474
1774.4736577637725 0.9946247935295105
1774.494491254546 0.9943531155586243
1774.5153247450808 0.9942054748535156
1774.5361582353933 0.9940515160560608
1774.5569917254686 0.9942074418067932
1774.5778252153234 0.9943170547485352
1774.5986587049638 0.9944564700126648
1774.6194921944057 0.994742751121521
1774.640325683636 0.9951782822608948
1774.6611591726814 0.9955593347549438
1774.6819926615285 0.9961186051368713
1774.7028261501944 0.9968242645263672
1774.723659638686 0.9973835349082947
1774.7444931270209 0.9980868697166443
1774.7653266151865 0.9988113641738892
1774.7861601032005 0.9994986653327942
1774.8069935910705 1.0003104209899902
1774.8278270788148 1.0010194778442383
1774.848660566422 1.001797080039978
1774.86949405391 1.0024617910385132
1774.890327541298 1.0031903982162476
1774.9111610285747 1.0036568641662598
1774.9319945157592 1.0042469501495361
1774.9528280028712 1.0046131610870361
1774.9736614899002 1.0049151182174683
1774.9944949768762 1.00519859790802
1775.0153284637893 1.0054532289505005
1775.03616195066 1.0054019689559937
1775.0569954374992 1.0055172443389893
1775.0778289243278 1.0052391290664673
1775.0986624111379 1.0051175355911255
1775.140329384787 1.004302740097046
1775.1611628716414 1.0039316415786743
1775.1819963585356 1.0032416582107544
1775.2028298454927 1.0027071237564087
1775.2236633325065 1.0020760297775269
1775.244496819601 1.0014452934265137
1775.26533030679 1.0007356405258179
1775.2861637940994 0.9998869299888611
1775.3069972815233 0.9992260336875916
1775.327830769088 0.9986203908920288
1775.34866425682 0.9979943037033081
1775.3694977447155 0.9974097609519958
1775.390331232802 0.9967915415763855
1775.4111647211078 0.9962751269340515
1775.4319982096304 0.9960106015205383
1775.4528316983992 0.9955436587333679
1775.4736651874443 0.9954219460487366
1775.4944986767657 0.9951287508010864
1775.515332166394 0.9950506687164307
1775.5361656563616 0.9951877593994141
1775.5569991466705 0.9951546788215637
1775.5778326373538 0.995488703250885
1775.5986661284455 0.9956601858139038
1775.619499619951 0.9961246252059937
1775.6403331119052 0.996532142162323
1775.6611666043452 0.9969841241836548
1775.682000097279 0.9975022077560425
1775.702833590744 0.9981130957603455
1775.7236670847806 0.9989529848098755
1775.7445005793995 0.9995834827423096
1775.765334074642 1.0004360675811768
1775.7861675705512 1.0009105205535889
1775.8070010671418 1.0018121004104614
1775.8278345644585 1.0024765729904175
1775.8486680625383 1.003090500831604
1775.8695015614296 1.0038251876831055
1775.8903350611515 1.004521131515503
1775.9111685617654 1.0047481060028076
1775.932002063294 1.0052132606506348
1775.952835565791 1.005411982536316
1775.9736690693026 1.0056453943252563
1775.9945025738864 1.0057969093322754
1776.0153360795714 1.0058352947235107
1776.0361695864292 1.0057268142700195
1776.0570030944932 1.005952000617981
1776.0778366038278 1.0054268836975098
1776.0986701144902 1.0053519010543823
1776.11950362655 1.0050517320632935
1776.1403371400481 1.0046225786209106
1776.1611706550677 1.0038155317306519
1776.1820041716546 1.0031427145004272
1776.2028376898863 1.0023648738861084
1776.2236712098327 1.001783013343811
1776.2445047315757 1.001002311706543
1776.265338255169 1.0005273818969727
1776.2861717806986 0.9996029734611511
1777.7445210308056 1.0006978511810303
1777.7653545180476 1.0014300346374512
1777.7861880024282 1.0021157264709473
1777.8070214840202 1.0027292966842651
1777.8278549628956 1.0033316612243652
1777.8486884390945 1.0038710832595825
1777.8695219126848 1.0043118000030518
1777.8903553837329 1.004678726196289
1777.911188852274 1.004856824874878
1777.9320223183706 1.0048599243164062
1777.9528557820843 1.0053619146347046
1777.9736892434446 1.0052661895751953
1777.9945227025094 1.0052423477172852
1778.0153561593352 1.0051883459091187
1778.0361896139468 1.0048792362213135
1778.0570230663975 1.0046710968017578
1778.077856516739 1.0042264461517334
1778.0986899649922 1.0036146640777588
1778.1195234112154 1.003135085105896
1778.1403568554267 1.002472996711731
1778.1611902976729 1.0017155408859253
1778.1820237379986 1.0010501146316528
1778.202857176418 1.000372290611267
1778.2236906129742 0.9996238350868225
1778.2445240477086 0.9988889098167419
1778.2653574806318 0.9981870055198669
1778.286190911784 0.997442901134491
1778.3070243412033 0.9967653751373291
1778.3278577688975 0.9962904453277588
1778.348691194904 0.9955061078071594
1778.3695246192578 0.9951540231704712
1778.3903580419644 0.9948210716247559
1778.4111914630582 0.9947282075881958
1778.432024882573 0.9944047331809998
1778.4528583005108 0.9941062927246094
1778.473691716904 0.9941433668136597
1778.494525131784 0.9942389726638794
1778.5153585451515 0.9945059418678284
1778.5361919570462 0.9947030544281006
1778.5570253674678 0.9952053427696228
1778.5778587764448 0.9953048229217529
1778.5986921840058 0.9959567785263062
1778.6195255901487 0.9964464902877808
1778.6403589949 0.9971282482147217
1778.6611923982866 0.997742235660553
1778.682025800305 0.9984079003334045
1778.7028592009806 0.9991130232810974
1778.7236926003386 0.9999359250068665
1778.744525998374 1.0006961822509766
1778.765359395111 1.0013511180877686
1778.7861927905738 1.0020254850387573
1778.807026184756 1.002760648727417
1778.8278595776906 1.0032308101654053
1778.8486929693704 1.0039881467819214
1778.8695263598183 1.0044199228286743
1778.890359749056 1.0049083232879639
1778.9111931370755 1.0051560401916504
1778.9320265238985 1.0053656101226807
1778.9528599095459 1.005474328994751
1778.9736932940089 1.0054205656051636
1778.994526677308 1.005509614944458
1779.0153600594635 1.0052871704101562
1779.0361934404655 1.004896879196167
1779.0570268203442 1.0045115947723389
1779.0778601990885 1.0040528774261475
1779.0986935767182 1.003648281097412
1779.1195269532527 1.0030447244644165
1779.1403603286801 1.0023252964019775
1779.1611937030198 1.0018208026885986
1779.18202707629 1.0010939836502075
1779.202860448479 1.0003138780593872
1779.2236938196045 0.9997295141220093
1779.244527189685 0.9991397857666016
1779.265360558708 0.9982415437698364
1779.2861939267007 0.997677206993103
1779.3070272936504 0.997171938419342
1779.327860659575 0.9966725707054138
1779.3486940244907 0.9961651563644409
1779.3695273883848 0.9959274530410767
1779.390360751274 0.9954047203063965
1779.4111941131746 0.9952020049095154
1779.432027474073 0.9950255155563354
1779.4528608339958 0.9948995113372803
1779.4736941929289 0.9951424598693848
1779.494527550888 0.9953193068504333
1779.5153609078898 0.9953981637954712
1779.5361942639192 0.9957616925239563
1779.5570276189922 0.9960813522338867
1779.5778609731244 0.9965580701828003
1779.5986943263008 0.9971892833709717
1779.619527678537 0.9976651668548584
1779.6403610298485 0.9982603788375854
1779.6611943802195 0.998860776424408
1779.6820277296756 0.9995440244674683
1779.7028610782015 1.0002868175506592
1779.723694425812 1.001003623008728
1779.7445277725217 1.0016144514083862
1779.7653611183155 1.0023291110992432
1779.7861944632073 1.0029059648513794
1779.8070278072119 1.0034846067428589
1779.8278611503138 1.0041236877441406
1779.8486944925367 1.0044803619384766
1779.8695278338653 1.0047773122787476
1779.8903611743135 1.0051321983337402
1779.9111945138952 1.0054936408996582
1779.9320278525943 1.0054140090942383
1779.952861190425 1.0053226947784424
1779.9736945274008 1.0052539110183716
1779.9945278635055 1.0050938129425049
1780.0153611987628 1.0047181844711304
1780.0361945331563 1.0042887926101685
1780.0570278666994 1.003819465637207
1780.0778611994058 1.0033048391342163
1780.0986945312586 1.0027354955673218
1780.1195278622713 1.0020227432250977
1780.1403611924572 1.001402497291565
1780.1611945217999 1.0006409883499146
1780.1820278503221 0.9998770952224731
1780.202861178007 0.9991359710693359
1780.2236945048678 0.9984142780303955
1780.2445278309174 0.9977826476097107
1780.2653611561389 0.9970452189445496
1780.2861944805454 0.9964162111282349
1780.3070278041491 0.995905876159668
1780.3278611269336 0.9953736066818237
1780.3486944489216 0.9950321316719055
1780.3695277700954 0.9947208762168884
1780.3903610904676 0.9944943189620972
1780.4111944100518 0.9942148327827454
1780.4320277288298 0.9941568970680237
1780.4528610468142 0.9942150115966797
1780.4736943640182 0.9943529367446899
1780.4945276804235 0.9946231245994568
1780.5153609960428 0.9949922561645508
1780.536194310889 0.9953365325927734
1780.5570276249439 0.9957888126373291
1780.57786093823 0.9963487386703491
1780.59869425073 0.9968169331550598
1780.6195275624657 0.9975284934043884
1780.6403608734195 0.9981702566146851
1780.6611941836038 0.9988974332809448
1780.6820274930305 0.9997987151145935
1780.7028608016822 1.0004255771636963
1780.7236941095705 1.0011287927627563
1780.7445274167078 1.002001404762268
1780.7653607230761 1.002569317817688
1780.7861940286975 1.0032179355621338
1780.807027333554 1.003814935684204
1780.8278606376575 1.0043072700500488
1780.8486939410202 1.0047295093536377
1780.8695272436237 1.0050301551818848
1780.89036054548 1.005300760269165
1780.9111938466015 1.0054364204406738
1780.9320271469692 1.0055607557296753
1780.9528604466054 1.005407452583313
1780.973693745492 1.0053404569625854
1780.9945270436406 1.0050417184829712
1781.015360341063 1.0046682357788086
1781.0361936377408 1.004341721534729
1781.0570269336963 1.0038518905639648
1781.0778602289104 1.0032113790512085
1781.0986935233952 1.0026440620422363
1781.1195268171628 1.0018726587295532
1781.140360110194 1.001251459121704
1781.1611934025009 1.0006376504898071
1781.182026694095 0.9999832510948181
1781.2028599849577 0.9991092085838318
1781.223693275111 0.9983806610107422
1781.2445265645363 0.9977965354919434
1781.2653598532447 0.9972889423370361
1781.2861931412483 0.9967256784439087
1781.3070264285284 0.9962772727012634
1781.3278597151061 0.9959130883216858
1781.3486930009633 0.9955310821533203
1781.3695262861115 0.9953420162200928
1781.3903595705617 0.9950363636016846
1781.4111928542957 0.995053231716156
1781.432026137335 0.9950293898582458
1781.4528594196604 0.9952008128166199
1781.4736927012837 0.9952625036239624
1781.4945259822164 0.9956285357475281
1781.5153592624392 0.9960371851921082
1781.536192541964 0.9964384436607361
1781.5570258208024 0.9969627857208252
1781.5778590989348 0.9974256157875061
1781.598692376383 0.9981343150138855
1781.6195256531284 0.9986975193023682
1781.640358929182 0.9994636178016663
1781.6611922045552 1.000105381011963
1781.6820254792292 1.0008280277252197
1781.7028587532252 1.001387119293213
1781.7236920265243 1.0020949840545654
1781.744525299138 1.0028157234191895
1781.7653585710773 1.00331711769104
1781.7861918423232 0.9381216764450073
1781.8070251128972 1.0043649673461914
1781.8278583827805 1.0046340227127075
1781.848691651984 1.0049359798431396
1781.8695249205186 1.0051482915878296
1781.8903581883662 1.0052263736724854
1781.9111914555374 1.0053220987319946
1781.9320247220433 1.0053997039794922
1781.9528579878652 1.0051069259643555
1781.973691253024 1.0047740936279297
1781.9945245175008 1.004449725151062
1782.015357781317 1.0039945840835571
1782.0361910444535 1.003537893295288
1782.057024306921 1.0028380155563354
1782.0778575687311 1.002212643623352
1782.0986908298644 1.001532793045044
1782.1195240903319 1.0007760524749756
1782.1403573501452 0.9999582767486572
1782.1611906092849 0.999347448348999
1782.1820238677717 0.9985997676849365
1782.2028571255876 0.9978459477424622
1782.2236903827425 0.9972702860832214
1782.244523639248 0.9965811967849731
1782.2861901502743 0.9954169392585754
1782.307023404797 0.9950537085533142
1782.3278566586644 0.9945868253707886
1782.3486899118866 0.9943133592605591
1782.3695231644454 0.9940558075904846
1782.3903564163613 0.9939616918563843
1782.4111896676154 0.9941296577453613
1782.4320229182185 0.9940634369850159
1782.4528561681818 0.9943090081214905
1782.4736894174857 0.9947381615638733
1782.4945226661516 0.9950242638587952
1782.5153559141606 0.9954538345336914
1782.536189161523 0.9959318041801453
1782.5570224082498 0.9965208768844604
1782.5778556543223 0.9973002076148987
1782.598688899761 0.9978795647621155
1782.619522144547 0.9986279606819153
1782.6403553887014 0.9994129538536072
1782.6611886322046 1.0000485181808472
1782.6820218750677 1.0008573532104492
1782.7028551173014 1.001523494720459
1782.723688358887 1.0023524761199951
1782.744521599845 1.002949833869934
1782.765354840156 1.0035065412521362
1782.7861880798318 1.004136323928833
1782.8070213188823 1.0046429634094238
1782.8278545572887 1.0048720836639404
1782.848687795072 1.0051301717758179
1782.8695210322128 1.0052825212478638
1782.890354268722 1.0054079294204712
1782.9111875046103 1.0052541494369507
1782.932020739859 1.005218744277954
1782.952853974478 1.0049850940704346
1782.9736872084795 1.0047316551208496
1782.9945204418432 1.0042227506637573
1783.0153536745902 1.0037953853607178
1783.0361869067017 1.0032161474227905
1783.0570201381977 1.0027005672454834
1783.0778533690598 1.0020523071289062
1783.0986865993086 1.0014163255691528
1783.1195198289247 1.0006730556488037
1783.1403530579191 1.000091314315796
1783.1611862863026 0.9992892742156982
1783.182019514056 0.9986632466316223
1783.2028527411899 0.9979816675186157
1783.2236859677153 0.9973368644714355
1783.2445191936129 0.9968279004096985
1783.2653524189034 0.996329128742218
1783.2861856435682 0.9958940148353577
1783.3070188676272 0.9954630732536316
1783.3278520910617 0.9952906966209412
1783.3486853138825 0.9950886368751526
1783.3695185361 0.9949135184288025
1783.3903517576955 0.9950128793716431
1783.4111849786898 0.9951038956642151
1783.4320181990631 0.9950817823410034
1783.4528514188264 0.9954690337181091
1783.4736846379908 0.9957870841026306
1783.4945178565372 0.9962998628616333
1783.5153510744858 0.9967219829559326
1783.5361842918176 0.9972555041313171
1783.5570175085536 0.9979137182235718
1783.5778507246744 0.9984222650527954
1783.5986839401908 0.9991632699966431
1783.6195171551137 0.9997791051864624
1783.6403503694235 1.0004541873931885
1783.6611835831413 1.0013325214385986
1783.6820167962483 1.0019851922988892
1783.7028500087545 1.0024503469467163
1783.7236832206709 1.003177285194397
1783.7445164319786 1.003646731376648
1783.765349642698 1.0041590929031372
1783.7861828528103 1.0045316219329834
1783.807016062326 1.0049957036972046
1783.8278492712557 1.00518000125885
1783.8486824795805 1.0053024291992188
1783.8695156873214 1.0054051876068115
1783.8903488944586 1.0053083896636963
1783.9111821010033 1.005111813545227
1783.9320153069664 1.0048801898956299
1783.952848512328 1.0045561790466309
1783.9736817171097 1.004133939743042
1783.9945149212922 1.003668189048767
1784.0153481248956 1.0030370950698853
1784.0361813279014 1.002389907836914
1784.0570145303202 1.0017013549804688
1784.0778477321628 1.0011121034622192
1784.0986809334097 1.0003116130828857
1784.1195141340825 0.9994534850120544
1784.140347334161 0.9988404512405396
1784.1611805336568 0.9980176687240601
1784.1820137325806 0.9974015951156616
1784.2028469309128 0.9966553449630737
1784.2236801286745 0.9961588978767395
1784.2445133258466 0.9957597255706787
1784.2653465224496 0.995222806930542
1784.2861797184646 0.994833767414093
1784.3070129139026 0.9945595264434814
1784.327846108774 0.994406521320343
1784.3486793030602 0.9942158460617065
1784.3695124967815 0.994144856929779
1784.390345689919 0.9942184090614319
1784.4111788824835 0.9944494366645813
1784.4320120744856 0.994654655456543
1784.452845265917 0.9949859976768494
1784.4736784567674 0.9954589605331421
1784.4945116470485 0.9959893822669983
1784.515344836771 0.9965792298316956
1784.5361780259154 0.9971582889556885
1784.557011214503 0.997895359992981
1784.5778444025148 0.9985911250114441
1784.5986775899612 0.9992304444313049
1784.6195107768533 0.9999969005584717
1784.6403439631722 1.000769019126892
1784.6611771489386 1.0014617443084717
1784.6820103341333 1.002191424369812
1784.7028435187776 1.00279700756073
1784.723676702852 1.0033819675445557
1784.7445098863675 1.0039801597595215
1784.7653430693356 1.0045173168182373
1784.7861762517364 1.0047823190689087
1784.807009433591 1.0050801038742065
1784.827842614881 1.005307674407959
1784.8486757956268 1.0054618120193481
1784.8695089758094 1.0054690837860107
1784.89034215545 1.0052539110183716
1784.9111753345292 1.0051612854003906
1784.9320085130582 1.0047383308410645
1784.9528416910484 1.0044504404067993
1784.9736748684802 1.0040132999420166
1784.9945080453645 1.0034091472625732
1785.015341221713 1.0029656887054443
1785.036174397516 1.002276062965393
1785.0570075727653 1.0015473365783691
1785.077840747471 1.0009022951126099
1785.098673921645 1.0001803636550903
1785.119507095268 0.9994903802871704
1785.140340268361 0.9988377690315247
1785.1611734409053 0.998124897480011
1785.1820066129114 0.9975844025611877
1785.202839784391 0.996945321559906
1785.2236729553251 0.9965052604675293
1785.2445061257347 0.996005117893219
1785.2653392956008 0.9957711100578308
1785.286172464945 0.9953249096870422
1785.3070056337476 0.9950971603393555
1785.3278388020206 0.99507075548172
1785.3486719697748 0.9949299693107605
1785.3695051369914 0.9950321912765503
1785.3903383036914 0.9951233863830566
1785.4111714698563 0.9953931570053101
1785.4320046355072 0.9957243800163269
1785.452837800625 0.9960417747497559
1785.4736709652316 0.9965867400169373
1785.4945041293076 0.9970753788948059
1785.5153372928646 0.997680127620697
1785.536170455914 0.9982621669769287
1785.5570036184367 0.9988691210746765
1785.5778367804542 0.9995993375778198
1785.598669941948 1.0003280639648438
1785.619503102939 1.0010409355163574
1785.6403362634087 1.0016882419586182
1785.6611694233688 1.0024287700653076
1785.6820025828301 1.0029807090759277
1785.7028357417744 1.0035171508789062
1785.7236689002232 1.0040496587753296
1785.7445020581572 1.0044622421264648
1785.7653352155987 1.0049091577529907
1785.7861683725287 0.9369937777519226
1785.8070015289688 1.0051919221878052
1785.8278346849002 1.0051075220108032
1785.8486678403349 1.005328893661499
1785.8695009952842 1.0052289962768555
1785.8903341497294 1.004811406135559
1785.9111673036925 1.0046346187591553
1785.9320004571548 1.0040298700332642
1785.952833610138 1.0037143230438232
1785.9736667626235 1.003065586090088
1785.9944999146335 1.0024240016937256
1786.015333066149 1.001834750175476
1786.0361662171822 1.0011006593704224
1786.0569993677445 1.0003749132156372
1786.0778325178178 0.9997415542602539
1786.0986656674236 0.9988736510276794
1786.1194988165444 0.998033881187439
1786.1403319652009 0.9974867701530457
1786.1611651133758 0.9968799948692322
1786.1819982610907 0.9962095618247986
1786.2028314083275 0.9957757592201233
1786.223664555098 0.9953407645225525
1786.2444977014143 0.9949117302894592
1786.2653308472582 0.9944466352462769
1786.2861639926516 0.9943298697471619
1786.3069971375771 0.9941115379333496
1786.3278302820563 0.9940745234489441
1786.3486634260712 0.9942135810852051
1786.3694965696443 0.9942634105682373
1786.3903297127574 0.9945449233055115
1786.4111628554226 0.9949065446853638
1786.4319959976528 0.9953835606575012
1786.4528291394295 0.9957829117774963
1786.4736622807754 0.9963060617446899
1786.4944954216728 0.9969401359558105
1786.5153285621438 0.997636616230011
1786.536161702171 0.9982953667640686
1786.5569948417672 0.9989986419677734
1786.5778279809442 0.9997020363807678
1786.598661119685 1.0005948543548584
1786.6194942580116 1.0012903213500977
1786.6403273959077 1.001905918121338
1786.6611605333949 1.0025807619094849
1786.6819936704562 1.0032297372817993
1786.702826807115 1.0039451122283936
1786.723659943353 1.0042649507522583
1786.7444930791837 1.0046359300613403
1786.7653262146202 1.005136251449585
1786.7861593496448 1.0053437948226929
1786.806992484281 1.0053653717041016
1786.8278256185117 1.0053365230560303
1786.84865875236 1.0053761005401611
1786.869491885809 1.0051783323287964
1786.8903250188825 1.0050127506256104
1786.911158151563 1.0046395063400269
1786.9319912838641 1.0041630268096924
1786.9528244157998 1.003538966178894
1786.9736575473626 1.002881646156311
1786.9944906785468 1.0023856163024902
1787.0153238093658 1.0017677545547485
1787.036156939833 1.0010607242584229
1787.056990069933 1.00039803981781
1787.0778231996887 0.9996507167816162
1787.0986563290846 0.9989524483680725
1787.1194894581445 0.9983769059181213
1787.1403225868528 0.9976288676261902
1787.1611557152332 0.9970003962516785
1787.1819888432701 0.996411144733429
1787.2028219709882 0.9960132241249084
1787.2236550983716 0.9956392645835876
1787.244488225435 0.9952948689460754
1787.2653213521928 0.995201051235199
1787.2861544786301 0.9950393438339233
1787.3069876047714 0.9948886036872864
1787.3278207306018 0.9950255751609802
1787.348653856147 0.9951333999633789
1787.369486981391 0.9953427910804749
1787.39032010635 0.9955472946166992
1787.411153231039 0.9959631562232971
1787.4319863554438 0.9964037537574768
1787.4528194795896 0.9968612790107727
1787.473652603463 0.9974071383476257
1787.4944857270896 0.9979966282844543
1787.515318850455 0.9986732602119446
1787.5361519735866 0.9993030428886414
1787.5569850964696 1.0000030994415283
1787.577818219131 1.0007374286651611
1787.5986513415578 1.0013972520828247
1787.6194844637666 1.0021239519119263
1787.6403175857745 1.002751350402832
1787.661150707579 1.0032176971435547
1787.6819838291772 1.0038501024246216
1787.702816950587 1.0042119026184082
1787.7236500718261 1.0047370195388794
1787.7444831928824 1.0049209594726562
1787.7653163137845 1.0051997900009155
1787.7861494345207 1.0051970481872559
1787.8069825551197 1.0051124095916748
1787.8278156755703 1.0051850080490112
1787.8486487959021 1.0049949884414673
1787.8694819161044 1.0047295093536377
1787.8903150362066 1.0042304992675781
1787.9111481561993 1.0039429664611816
1787.9319812761123 1.0031834840774536
1787.9528143959365 1.002737045288086
1787.9736475156928 1.0021412372589111
1787.9944806354022 1.0013415813446045
1788.0153137550565 1.000558614730835
1788.0361468746876 0.999918520450592
1788.056979994288 0.9990716576576233
1788.0778131138898 0.9984448552131653
1788.0986462334865 0.997657299041748
1788.1194793531117 0.9970037937164307
1788.140312472759 0.996461808681488
1788.1611455924628 0.9959058165550232
1788.1819787122183 0.9953694343566895
1788.2028118320504 0.9951027035713196
1788.223644951985 0.9946060180664062
1788.244478072019 0.9943898916244507
1788.2653111921886 0.9941980242729187
1788.2861443124914 0.9939697980880737
1788.3069774329658 0.9941393733024597
1788.3278105536106 0.994297444820404
1788.3486436744645 0.9944977760314941
1788.3694767955285 0.994851291179657
1788.3903099168429 0.9951894879341125
1788.4111430384091 0.9957268834114075
1788.43197616027 0.9963069558143616
1788.4528092824282 0.9969446063041687
1788.4736424049283 0.9975441098213196
1788.494475527775 0.9980676770210266
1788.515308651014 0.9988255500793457
1788.5361417746524 0.9995625019073486
1788.5569748987286 1.0004055500030518
1788.577808023281 1.0011228322982788
1788.59864114832 1.0020320415496826
1788.6194742738974 1.0025758743286133
1788.6403074000254 1.0032504796981812
1788.6611405267586 1.0036535263061523
1788.6819736541122 1.0044670104980469
1788.702806782143 1.004811406135559
1788.7236399108695 1.0051928758621216
1788.7444730403522 1.0054749250411987
1788.7653061706128 1.0057255029678345
1788.7861393017145 1.0057717561721802
1788.8069724336833 1.0057483911514282
1788.827805566587 1.0057200193405151
1788.8486387004543 1.0051867961883545
1788.8694718353577 1.0051121711730957
1788.8903049713313 1.0048025846481323
1788.9111381084413 1.0042641162872314
1788.9319712467568 1.0038706064224243
1788.95280438633 1.0031824111938477
1788.9736375272144 1.0026954412460327
1788.9944706694882 1.0018945932388306
1789.0153038132316 1.0014667510986328
1789.0361369584978 1.0006024837493896
1789.0569701053837 0.9997977614402771
1789.0778032539497 0.999302327632904
1789.0986364042988 0.9989520311355591
1789.1194695564984 0.9980981945991516
1789.1403027106596 0.9976244568824768
1789.1611358668565 0.9972754120826721
1789.2028021857936 0.9964846968650818
1789.2236353487413 0.9963394403457642
1789.2444685141388 0.9963307976722717
1789.2653016821191 0.9962003231048584
1789.2861348527763 0.9961563348770142
1789.3069680262388 0.9963759183883667
1789.3278012026362 0.996601939201355
1789.3486343820794 0.9968239068984985
1789.3694675646793 0.9971415996551514
1789.3903007505671 0.9977160692214966
1789.4111339398703 0.998263955116272
1789.4319671326837 0.9986650943756104
1789.452800329135 0.9992377758026123
1789.4736335293042 1.0000035762786865
1789.4944667332986 1.0007390975952148
1789.5152999411723 1.0014287233352661
1789.5361331529996 1.0018521547317505
1789.5569663687918 1.0025678873062134
1789.5777995885733 1.003002643585205
1789.5986328122965 1.0036821365356445
1789.619466039915 1.004119634628296
1789.6402992713017 1.0045620203018188
1789.6611325063225 1.0049997568130493
1789.6819657447518 1.0052950382232666