1764.7018648569172 1.0027450323104858
1764.7226986403837 1.0028958320617676
1764.7435324207363 1.0027116537094116
1764.7643661980635 1.002774953842163
1764.7851999724444 1.0027580261230469
1764.8060337439556 1.0030369758605957
1764.8268675126826 1.002888560295105
1764.8477012786789 1.002718448638916
1764.8685350420265 1.0027797222137451
1764.889368802795 1.0025100708007812
1764.9102025610518 1.0027389526367188
1764.9310363168731 1.002676248550415
1764.9518700703015 1.002732515335083
1764.972703821409 1.0028223991394043
1764.9935375702546 1.0027514696121216
1765.0143713168948 1.0026122331619263
1765.0352050613953 1.0023486614227295
1765.0560388037889 1.002381682395935
1765.0768725441367 1.0018609762191772
1765.0977062824875 1.0019391775131226
1765.1185400188895 1.0019140243530273
1765.1393737533974 1.002201795578003
1765.1602074860352 1.0017616748809814
1765.1810412168559 1.0017006397247314
1765.2018749458991 1.0011972188949585
1765.2227086732044 1.0013154745101929
1765.2435423988193 1.001137137413025
1765.2643761227598 1.0009198188781738
1765.285209845071 0.9999693632125854
1765.3060435657865 1.0000406503677368
1765.3268772849383 0.9998109340667725
1765.3477110025576 0.9991515278816223
1765.3685447186847 0.9989579319953918
1765.3893784333277 0.9992565512657166
1765.410212146525 0.9980709552764893
1765.4310458583034 0.9982357025146484
1765.4518795686984 0.9974632859230042
1765.472713277715 0.9976916313171387
1765.4935469853876 0.9972515106201172
1765.514380691739 0.9966692924499512
1765.5352143967916 0.9966116547584534
1765.5560481005773 0.9960666298866272
1765.5768818030965 0.9956274032592773
1765.5977155043797 0.995928943157196
1765.6185492044463 0.9959797263145447
1765.639382903325 0.9956440329551697
1765.6602166010139 0.995111346244812
1765.681050297541 0.9955873489379883
1765.701883992923 0.9961386322975159
1765.722717687176 0.9953218698501587
1765.743551380317 0.9954351782798767
1765.7643850723703 0.9949454665184021
1765.7852187633312 0.9952970743179321
1765.8060524532245 0.994824230670929
1765.8268861420636 0.9945626854896545
1765.8477198298624 0.9945151209831238
1765.8685535166442 0.9947336912155151
1765.8893872024016 0.9943532347679138
1765.910220887157 0.9936985969543457
1765.9310545709222 0.9924610257148743
1765.9518882537193 0.9909995198249817
1765.972721935539 0.9908068776130676
1765.9935556164028 0.9929414987564087
1766.014389296321 0.9942258596420288
1766.0352229753044 0.9945359230041504
1766.0560566533723 0.9945172667503357
1766.0768903305154 0.9944316148757935
1766.0977240067525 0.9951561093330383
1766.118557682093 0.9953658580780029
1766.1393913565564 0.9956547617912292
1766.1602250301307 0.9958634376525879
1766.1810587028347 0.9960917234420776
1766.2018923746768 0.9960037469863892
1766.2227260456648 0.9966903924942017
1766.2435597158167 0.9964290261268616
1766.2643933851205 0.9972023367881775
1766.285227053593 0.9972690343856812
1766.3060607212417 0.9972743988037109
1766.3268943880737 0.9978617429733276
1766.347728054106 0.998242974281311
1766.368561719325 0.9982109665870667
1766.3893953837478 0.9989944696426392
1766.41022904738 0.9991349577903748
1766.4310627102284 0.9992496371269226
1766.4518963723092 0.9992884993553162
1766.4727300336078 0.9991561770439148
1766.4935636941402 0.9996227622032166
1766.5143973539125 0.9997984170913696
1766.5352310129294 1.000006079673767
1766.556064671207 0.9999939203262329
1766.5768983287303 1.0003498792648315
1766.5977319855144 1.0003108978271484
1766.6185656415641 1.0004336833953857
1766.639399296895 1.0008153915405273
1766.6602329514913 1.0006442070007324
1766.6810666053677 1.0013556480407715
1766.7019002585291 1.0016010999679565
1766.72273391098 1.0016446113586426
1766.7435675627344 1.001507043838501
1766.764401213777 1.0020030736923218
1766.785234864122 1.0023713111877441
1766.806068513773 1.0024664402008057
1766.8269021627448 1.0025646686553955
1766.8477358110208 1.0031278133392334
1766.868569458615 1.0031116008758545
1766.8894031055313 1.0034806728363037
1766.9102367517733 1.0032398700714111
1766.9310703973545 1.0035982131958008
1766.9519040422588 1.0037297010421753
1766.9727376864992 1.00394868850708
1766.9935713300795 1.0038366317749023
1767.0144049730131 1.0039161443710327
1767.035238615283 1.0036274194717407
1767.0560722569028 1.003538966178894
1767.0769058978753 1.003859281539917
1767.0977395382038 1.0034209489822388
1767.118573177901 1.0036429166793823
1767.1394068169504 1.0035771131515503
1767.1602404553646 1.0032323598861694
1767.1810740931464 1.0035176277160645
1767.2019077303091 1.0031646490097046
1767.2227413668347 1.0028692483901978
1767.2435750027366 1.002903699874878
1767.2644086380174 1.0025304555892944
1767.2852422726892 1.0028914213180542
1767.3060759067348 1.0026756525039673
1767.326909540167 1.0024876594543457
1767.3477431729884 1.0022382736206055
1767.368576805201 1.0019779205322266
1767.3894104368171 1.001964807510376
1767.4102440678196 1.0019149780273438
1767.4310776982204 1.001773476600647
1767.4519113280219 1.0016827583312988
1767.4727449572367 1.0013599395751953
1767.4935785858463 1.001340389251709
1767.5144122138634 1.0015677213668823
1767.53524584129 1.0010871887207031
1767.5560794681278 1.0008686780929565
1767.5769130943895 1.0007681846618652
1767.5977467200569 1.000538945198059
1767.618580345142 1.0003536939620972
1767.6394139696463 0.9999712705612183
1767.6602475935827 0.9998933672904968
1767.6810812169322 0.9994458556175232
1767.7019148397071 0.9997880458831787
1767.7227484619093 0.9988630414009094
1767.7435820835403 0.9986319541931152
1767.7644157046122 0.9987093210220337
1767.7852493251069 0.9985036849975586
1767.8060829450355 0.9985573291778564
1767.8269165644003 0.9983857274055481
1767.8477501832128 0.9980214834213257
1767.8685838014546 0.9977505207061768
1767.8894174191375 0.9975927472114563
1767.9102510362632 0.9974347352981567
1767.9310846528329 0.9970787763595581
1767.9519182688582 0.9971704483032227
1767.9727518843213 0.9971573948860168
1767.993585499233 0.9969285726547241
1768.014419113595 0.9968945980072021
1768.0352527274192 0.9962342381477356
1768.0560863406865 0.9969530701637268
1768.0769199534086 0.9964925646781921
1768.0977535655973 0.9963829517364502
1768.1185871772332 0.994815468788147
1768.139420788328 0.9960538744926453
1768.1602543988836 0.9962490797042847
1768.1810880089008 0.9967811703681946
1768.201921618391 0.9966540932655334
1768.2227552273357 0.9972100257873535
1768.243588835746 0.9971269369125366
1768.2644224436235 0.9970296621322632
1768.2852560509793 0.996991753578186
1768.3060896577945 0.9975999593734741
1768.3269232640805 0.9971822500228882
1768.3477568698388 0.9974249601364136
1768.36859047507 0.9977853894233704
1768.3894240797858 0.9972451329231262
1768.4102576839673 0.9974563121795654
1768.4310912876256 0.9975767135620117
1768.4519248907616 0.9979997873306274
1768.4727584933871 0.9971092343330383
1768.4935920954827 0.9978421330451965
1768.5144256970596 0.9978761076927185
1768.535259298119 0.9981856942176819
1768.556092898672 0.9983518719673157
1768.5769264986995 0.9981133937835693
1768.618593697213 0.9992821216583252
1768.6394272957111 0.9990957379341125
1768.660260893688 0.9997774362564087
1768.6810944911551 0.9996963143348694
1768.701928088113 0.9993928074836731
1768.7227616845626 0.9995986223220825
1768.7435952805156 1.0003236532211304
1768.7644288759523 1.0001615285873413
1768.785262470884 1.000380516052246
1768.8060960653117 1.000975251197815
1768.8269296592462 1.0010261535644531
1768.8477632526683 1.0002518892288208
1768.8685968455898 1.0008370876312256
1768.8894304380206 1.0013583898544312
1768.910264029942 1.001503348350525
1768.931097621365 1.0009815692901611
1768.9519312122907 1.0010799169540405
1768.9727648027197 1.0016467571258545
1768.993598392663 1.0019596815109253
1769.0144319821015 1.0012458562850952
1769.035265571046 1.001569151878357
1769.0560991594975 1.0016958713531494
1769.0769327474668 1.0019259452819824
1769.097766334935 1.0014007091522217
1769.1185999219126 1.0013270378112793
1769.1394335084005 1.0017956495285034
1769.1602670944096 1.0017917156219482
1769.181100679921 1.0019183158874512
1769.2019342649453 1.0019490718841553
1769.222767849483 1.0020047426223755
1769.2436014335458 1.0018988847732544
1769.2644350171136 1.001517653465271
1769.2852686001975 1.0016367435455322
1769.3061021827987 1.0017096996307373
1769.3269357649274 1.001935601234436
1769.3477693465647 1.0020534992218018
1769.3686029277217 1.0020734071731567
1769.3894365083986 1.0015876293182373
1769.4102700886062 1.0016887187957764
1769.431103668326 1.0019441843032837
1769.451937247568 1.0023822784423828
1769.472770826333 1.0017976760864258
1769.4936044046326 1.0015984773635864
1769.5144379824465 1.0015770196914673
1769.535271559786 1.0010017156600952
1769.556105136652 1.0010348558425903
1769.5769387130547 1.0007840394973755
1769.5977722889752 1.0002754926681519
1769.6186058644244 0.9998949766159058
1769.6394394394026 0.9996518492698669
1769.6602730139207 0.9997149109840393
1769.68110658796 0.9992309808731079
1769.70194016153 0.9986737966537476
1769.7227737346325 0.99854975938797
1769.743607307278 0.9982221126556396
1769.7644408794467 0.9981163144111633
1769.78527445115 0.9980924725532532
1769.8061080223981 0.9978330731391907
1769.826941593172 0.9973909854888916
1769.847775163482 0.9971888661384583
1769.8686087333297 0.9974713921546936
1769.8894423027148 0.9972183108329773
1769.9102758716483 0.9971764087677002
1769.9311094401112 0.9970381855964661
1769.951943008114 0.9970375299453735
1769.9727765756572 0.9966496825218201
1769.993610142752 0.9967222213745117
1770.0144437093786 0.9966919422149658
1770.035277275548 0.9963967800140381
1770.0561108412705 0.9964914917945862
1770.0769444065272 0.9958671927452087
1770.0977779713287 0.9960076808929443
1770.1186115356754 0.9958537220954895
1770.1394450995783 0.9957314133644104
1770.1602786630178 0.9954236149787903
1770.1811122260049 0.9951083660125732
1770.2019457885401 0.995474636554718
1770.222779350634 0.9949812889099121
1770.2436129122675 0.9948286414146423
1770.2644464734512 0.9928714632987976
1770.2852800341855 0.991868793964386
1770.3061135944813 0.9920756220817566
1770.3269471543194 0.9940251708030701
1770.3477807137103 0.9951258301734924
1770.3686142726547 0.9954307079315186
1770.3894478311634 0.9951589107513428
1770.4102813892168 0.995108962059021
1770.4311149468256 0.9956003427505493
1770.451948503991 0.9953679442405701
1770.472782060723 0.995590329170227
1770.4936156170024 0.99594646692276
1770.5144491728404 0.9962874054908752
1770.535282728237 0.9964172840118408
1770.5561162832032 0.9967201352119446
1770.57694983772 0.9966104030609131
1770.5977833917973 0.9970241785049438
1770.6186169454463 0.997252345085144
1770.6394504986479 0.9974223971366882
1770.660284051412 0.9977453947067261
1770.6811176037397 0.9978872537612915
1770.701951155642 0.9980602264404297
1770.7227847070992 0.9982808232307434
1770.743618258122 0.9987749457359314
1770.7644518087113 0.998957633972168
1770.7852853588774 0.9990174174308777
1770.8061189086013 0.9991942048072815
1770.8269524578939 0.9992175698280334
1770.8477860067653 0.999700665473938
1770.8686195551966 0.9997133016586304
1770.8894531031983 0.9999109506607056
1770.9102866507712 1.0001857280731201
1770.931120197926 1.0007084608078003
1770.9519537446433 1.0008745193481445
1770.9727872909339 1.0011736154556274
1770.9936208367985 1.0012543201446533
1771.0144543822478 1.0014476776123047
1771.0352879272623 1.0017426013946533
1771.056121471853 1.0017536878585815
1771.0769550160207 1.0019245147705078
1771.0977885597756 1.0018576383590698
1771.118622103099 1.0022341012954712
1771.1394556460011 1.002562165260315
1771.1602891884932 1.0026007890701294
1771.1811227305552 1.0025893449783325
1771.2019562721987 1.0026700496673584
1771.222789813424 1.0028631687164307
1771.2436233542319 1.003172516822815
1771.264456894633 1.003180980682373
1771.2852904346084 1.0034191608428955
1771.3061239741685 1.0034878253936768
1771.3269575133243 1.0037175416946411
1771.3477910520564 1.0035178661346436
1771.3686245903755 1.0036489963531494
1771.3894581282823 1.0037877559661865
1771.410291665788 1.0035719871520996
1771.4311252028729 1.0037082433700562
1771.4519587395478 1.0035605430603027
1771.472792275824 1.003757357597351
1771.4936258116816 1.0036174058914185
1771.5144593471318 1.0032440423965454
1771.5352928821853 1.003310203552246
1771.556126416823 1.003166675567627
1771.5769599510552 1.0027023553848267
1771.5977934848836 1.0027239322662354
1771.6186270183082 1.0029958486557007
1771.63946055134 1.0027780532836914
1771.6602940839603 1.0023623704910278
1771.6811276161793 1.0022902488708496
1771.701961147998 1.0022050142288208
1771.7227946794278 1.001991868019104
1771.7436282104486 1.0015270709991455
1771.764461741072 1.0018532276153564
1771.7852952713085 1.0016069412231445
1771.806128801139 1.0015742778778076
1771.8269623305744 1.0013254880905151
1771.8477958596256 1.001130223274231
1771.8686293882736 1.001031517982483
1771.889462916529 1.000993251800537
1771.9102964443932 1.0008820295333862
1771.9311299718763 1.0006699562072754
1771.95196349896 1.0007209777832031
1771.9727970256547 1.0003684759140015
1771.9936305519716 1.0000808238983154
1772.0144640778915 1.000227451324463
1772.0352976034255 1.000207543373108
1772.0561311285744 0.9999025464057922
1772.076964653349 0.9996002912521362
1772.0977981777307 0.9994593858718872
1772.1186317017302 0.9995039105415344
1772.1394652253484 0.9992592930793762
1772.1602987485965 0.9992255568504333
1772.1811322714555 0.99894779920578
1772.2019657939359 0.9985232353210449
1772.2227993160495 0.9984087347984314
1772.2436328377769 0.9983901977539062
1772.264466359129 0.9983000755310059
1772.285299880107 0.997970700263977
1772.3061334007225 0.9977685213088989
1772.3269669209556 0.9978118538856506
1772.347800440818 0.9977654218673706
1772.3686339603207 0.9975857734680176
1772.3894674794444 0.9976128339767456
1772.4103009982007 0.9977099895477295
1772.4311345165909 0.9968032836914062
1772.4519680346255 0.9961923956871033
1772.4936350695834 0.9970816969871521
1772.514468586529 0.9974921345710754
1772.5353021031037 0.9969202876091003
1772.5561356193193 0.9971249103546143
1772.5769691351766 0.9973915815353394
1772.5978026506866 0.9977744221687317
1772.6186361658313 0.9975384473800659
1772.639469680621 0.9977914690971375
1772.6603031950674 0.9981701374053955
1772.681136709152 0.9984949231147766
1772.7019702228858 0.9985513091087341
1772.7228037362702 0.9983670711517334
1772.7436372493166 0.9983648061752319
1772.764470762006 0.9988176226615906
1772.78530427435 0.998927116394043
1772.8061377863603 0.9988003969192505
1772.8269712980175 0.9991049766540527
1772.8478048093336 0.9992273449897766
1772.8686383203199 0.9993925094604492
1772.8894718309577 0.9992062449455261
1772.9103053412584 0.9995666742324829
1772.931138851224 1.0001537799835205
1772.9519723608655 0.9999294877052307
1772.9728058701642 1.0000405311584473
1772.9936393791322 0.9999879598617554
1773.0144728877808 1.000206470489502
1773.0353063960913 0.9998406767845154
1773.056139904076 1.0004740953445435
1773.0769734117355 1.0008023977279663
1773.0978069190821 1.000589370727539
1773.1186404260977 1.0011954307556152
1773.1394739327932 1.0014771223068237
1773.1603074391808 1.0016480684280396
1773.1811409452423 1.0016052722930908
1773.201974450989 1.0019161701202393
1773.222807956423 1.001815915107727
1773.243641461556 1.0019975900650024
1773.2644749663698 1.0024850368499756
1773.2853084708763 1.002680778503418
1773.3061419750875 1.0031955242156982
1773.3269754789849 1.003185749053955
1773.3478089825808 1.0028636455535889
1773.3686424858868 1.0035501718521118
1773.3894759888854 1.002768635749817
1773.410309491588 1.002855896949768
1773.431142993997 1.0032429695129395
1773.4519764961246 1.0040830373764038
1773.4728099979525 1.0036373138427734
1773.493643499493 1.002874732017517
1773.5144770007585 1.0045578479766846
1773.535310501731 1.0024645328521729
1773.5561440024223 1.0031567811965942
1773.5769775028457 1.0031628608703613
1773.5978110029823 1.003891944885254
1773.6186445028454 1.00330650806427
1773.639478002447 1.0027709007263184
1773.6603115017695 1.0022554397583008
1773.6811450008252 1.0027194023132324
1773.701978499617 1.002692461013794
1773.722811998157 1.0017015933990479
1773.7436454964281 1.002084493637085
1773.7644789944432 1.0016579627990723
1773.785312492204 1.001366138458252
1773.8061459897237 1.0014017820358276
1773.8269794869857 1.0010886192321777
1773.8478129840018 1.0011169910430908
1773.8686464807854 1.00098717212677
1773.8894799773195 1.000614881515503
1773.9103134736165 1.0007226467132568
1773.93114696969 1.000645637512207
1773.9519804655226 1.000106692314148
1773.9728139611277 1.0003769397735596
1773.9936474565084 1.000675916671753
1774.014480951678 1.0000361204147339
1774.0353144466196 1.0001020431518555
1774.0561479413466 0.9998022317886353
1774.0769814358725 0.9996606707572937
1774.0978149301807 0.9999810457229614
1774.1186484242846 0.9986736178398132
1774.1394819181983 0.998850405216217
1774.1603154119048 0.9985441565513611
1774.1811489054182 0.9981580972671509
1774.2019823987525 0.998002827167511
1774.222815891891 0.9976568818092346
1774.2436493848484 0.9969639778137207
1774.2644828776383 0.996766209602356
1774.285316370245 0.9965722560882568
1774.3061498626823 0.9966545104980469
1774.3269833549653 0.9964560866355896
1774.3478168470776 0.9955102801322937
1774.368650339034 0.9954699277877808
1774.3894838308393 0.9955993890762329
1774.4103173225076 0.9938650131225586
1774.431150814024 0.9960076808929443
1774.4519843054034 0.9954913854598999
1774.4728177966608 0.9962320923805237
1774.4936512877812 0.9947627782821655
1774.5144847787797 0.9960566163063049
1774.5353182696717 0.9956709146499634
1774.5561517604426 0.9959092736244202
1774.5769852511078 0.9955525398254395
1774.597818741673 0.9938663840293884
1774.6186522321543 0.9927038550376892
1774.6394857225373 0.992831289768219
1774.6603192128482 0.9948495626449585
1774.681152703073 0.9962301850318909
1774.701986193228 0.9962453842163086
1774.7228196833205 0.9965354800224304
1774.743653173366 0.9965243935585022
1774.7644866633518 0.9963495135307312
1774.7853201532953 0.9964452385902405
1774.8061536432028 0.9965801239013672
1774.826987133092 0.9964867234230042
1774.8478206229506 0.9961376190185547
1774.868654112796 0.9961372017860413
1774.8894876026463 0.9963576793670654
1774.9103210924895 0.9965938329696655
1774.9311545823434 0.9967797994613647
1774.951988072227 0.9966424703598022
1774.9728215621294 0.997051477432251
1774.9936550520786 0.9971895217895508
1775.014488542064 0.9968410134315491
1775.0353220321058 0.9976197481155396
1775.0561555222127 0.9976599216461182
1775.0769890124052 0.9977861046791077
1775.0978225026734 0.998120129108429
1775.1186559930372 0.9984477758407593
1775.1394894835182 0.9985378980636597
1775.1603229741072 0.9991050362586975
1775.1811564648253 0.999570369720459
1775.2019899556944 0.9996604919433594
1775.2228234467068 1.0002455711364746
1775.2436569378845 1.0007058382034302
1775.2644904292404 1.0006771087646484
1775.2853239207975 1.0010138750076294
1775.3061574125495 1.0015991926193237
1775.32699090452 1.0018296241760254
1775.3478243967338 1.002399206161499
1775.3686578891852 1.0025064945220947
1775.3894913818997 1.002705693244934
1775.4103248749032 1.002964735031128
1775.431158368191 1.0030629634857178
1775.4519918617905 1.0031658411026
1775.472825355729 1.00303316116333
1775.4936588500038 1.0029668807983398
1775.5144923446433 1.0029915571212769
1775.5353258396765 1.002772331237793
1775.556159335103 1.0027729272842407
1775.5769928309528 1.0030484199523926
1775.5978263272568 1.0029865503311157
1775.6186598240167 1.0028536319732666
1775.6394933212641 1.0027540922164917
1775.6603268190327 1.0028132200241089
1775.6811603173257 1.002543568611145
1775.701993816178 1.0030254125595093
1775.7228273156247 1.0028188228607178
1775.7436608156725 1.002601146697998
1775.764494316358 1.0025397539138794
1775.7853278177197 1.0020127296447754
1775.8061613197667 1.0023685693740845
1775.8269948225386 1.002488374710083
1775.847828326067 1.0027351379394531
1775.8686618303943 1.0024220943450928
1775.8894953355334 1.0024497509002686
1775.9103288415388 1.0030802488327026
1775.9311623484268 1.002608299255371
1775.951995856244 1.002779245376587
1775.9728293650282 1.0024335384368896
1775.99366287483 1.0022555589675903
1776.0144963856694 1.0019947290420532
1776.0353298976092 1.0021122694015503
1776.0561634106732 1.0005903244018555
1776.076996924916 1.000714659690857
1776.097830440385 0.9983626008033752
1776.118663957138 0.9986737370491028
1776.1394974752045 0.998201847076416
1776.1603309946556 0.9964634776115417
1776.1811645155244 0.997785210609436
1776.201998037874 0.9982605576515198
1776.2228315617606 0.9975411295890808
1776.2436650872505 0.9984942078590393
1776.2644986143819 0.997714638710022
1776.2853321432235 0.9976950883865356
1777.7436805541263 1.0044753551483154
1777.764514028836 1.004730463027954
1777.7853475010822 1.004715919494629
1777.806180970935 1.0050699710845947
1777.8270144384635 1.0050699710845947
1777.8478479037049 1.0054503679275513
1777.8686813667239 1.0050965547561646
1777.8895148275835 1.0051358938217163
1777.9103482863156 1.0048340559005737
1777.9311817429789 1.0032371282577515
1777.9520151976315 1.0035499334335327
1777.9728486502995 1.0038093328475952
1777.993682101037 1.0036423206329346
1778.0145155498965 1.0037935972213745
1778.0353489968998 1.0032658576965332
1778.0561824420956 1.003080129623413
1778.077015885533 1.0028977394104004
1778.0978493272282 1.0022813081741333
1778.1186827672368 1.0022766590118408
1778.139516205573 1.0018572807312012
1778.16034964228 1.0011119842529297
1778.1811830773988 1.0013282299041748
1778.2020165109404 1.0011227130889893
1778.2228499429445 1.0006319284439087
1778.2436833734491 1.000872015953064
1778.2645168024617 1.0003687143325806
1778.285350230019 0.9998908042907715
1778.3061836561562 0.9997953176498413
1778.3270170808782 0.9997754693031311
1778.3478505042187 0.9987325668334961
1778.3686839262107 0.9996066093444824
1778.3895173468559 0.9997312426567078
1778.4103507661864 0.9996928572654724
1778.4311841842325 0.999462366104126
1778.4520176009944 0.9989389181137085
1778.4728510165012 0.9990220069885254
1778.4936844307817 0.999315083026886
1778.514517843834 0.9991810917854309
1778.5353512556958 0.9988367557525635
1778.5561846663638 0.9991081357002258
1778.5770180758645 0.998633861541748
1778.5978514842236 0.9982110857963562
1778.618684891437 0.997952938079834
1778.6395182975289 0.9977023601531982
1778.6603517025242 0.9971598386764526
1778.681185106417 0.997416615486145
1778.7020185092304 0.996778666973114
1778.7228519109879 0.9968659281730652
1778.7436853116824 0.9965624213218689
1778.7645187113358 0.9962877035140991
1778.7853521099705 0.9958938956260681
1778.8061855075784 0.9958995580673218
1778.8270189041905 0.9955459833145142
1778.8478522997978 0.9957095980644226
1778.8686856944214 0.9958276152610779
1778.8895190880812 0.9955360889434814
1778.9103524807674 0.995575487613678
1778.9311858725002 0.9932324290275574
1778.952019263299 0.9923535585403442
1778.9728526531528 0.9929248690605164
1778.9936860420812 0.994612991809845
1779.0145194301026 0.995781660079956
1779.0353528172056 0.9959433078765869
1779.056186203419 0.9963845610618591
1779.0770195887303 0.9967790842056274
1779.0978529731576 0.9966688752174377
1779.118686356719 0.9975609183311462
1779.1395197394017 0.9971082806587219
1779.1603531212231 0.9971331357955933
1779.1811865022005 0.99755859375
1779.2020198823207 0.9974939823150635
1779.2228532616002 0.997571587562561
1779.2436866400562 0.9975503087043762
1779.264520017675 0.9981257915496826
1779.2853533944829 0.9976620078086853
1779.306186770466 0.9981400966644287
1779.3270201456405 0.9979090690612793
1779.3478535200218 0.9981088638305664
1779.368686893596 0.9984822869300842
1779.3895202663791 0.9982784390449524
1779.410353638386 0.9986188411712646
1779.431187009602 0.998645544052124
1779.452020380053 0.998721718788147
1779.4728537497233 0.998977541923523
1779.4936871186283 0.9994350671768188
1779.514520486783 0.9995629787445068
1779.5353538541722 0.9997471570968628
1779.5561872208104 1.0001424551010132
1779.5770205867123 1.0004539489746094
1779.5978539518624 1.000441074371338
1779.6186873162746 1.0012232065200806
1779.639520679964 1.0013364553451538
1779.6603540429144 1.001521348953247
1779.68118740515 1.0021018981933594
1779.7020207666549 1.002202033996582
1779.7228541274426 1.0023456811904907
1779.7436874875275 1.0025084018707275
1779.7645208468934 1.0029127597808838
1779.7853542055536 1.0027787685394287
1779.806187563522 1.0029194355010986
1779.8270209207824 1.0032888650894165
1779.8478542773578 1.00315260887146
1779.868687633232 1.0034281015396118
1779.8895209884186 1.0031343698501587
1779.91035434293 1.0034397840499878
1779.9311876967504 1.0033800601959229
1779.952021049893 1.0031710863113403
1779.9728544023699 1.0034255981445312
1779.993687754165 1.0034165382385254
1780.0145211053014 1.0035840272903442
1780.0353544557615 1.0034222602844238
1780.0561878055585 1.0033936500549316
1780.0770211547053 1.0032873153686523
1780.0978545031846 1.0035680532455444
1780.1186878510093 1.0034072399139404
1780.139521198192 1.0030467510223389
1780.1603545447153 1.0031663179397583
1780.181187890602 1.0031429529190063
1780.202021235834 1.0027220249176025
1780.222854580425 1.0032278299331665
1780.2436879243867 1.003125786781311
1780.2645212677014 1.0030802488327026
1780.285354610382 1.0031298398971558
1780.3061879524405 1.0033087730407715
1780.3270212938594 1.0030536651611328
1780.347854634661 1.00346040725708
1780.3686879748273 1.0031673908233643
1780.3895213143705 1.002996802330017
1780.4103546533033 1.0026346445083618
1780.4311879916074 1.0025465488433838
1780.452021329295 1.0025442838668823
1780.4728546663782 1.0022052526474
1780.4936880028388 1.0018482208251953
1780.514521338689 1.0018547773361206
1780.5353546739411 1.0017311573028564
1780.5561880085766 1.0013132095336914
1780.5770213426174 1.0012154579162598
1780.5978546760457 1.0008084774017334
1780.618688008883 1.0007392168045044
1780.6395213411115 1.0004063844680786
1780.660354672743 1.0000170469284058
1780.6811880037892 1.0002000331878662
1780.7020213342314 0.9999161958694458
1780.7228546640822 0.9995442628860474
1780.7436879933525 0.9993589520454407
1780.7645213220244 0.9990543127059937
1780.7853546501196 0.9993045926094055
1780.8061879776196 0.9992370009422302
1780.827021304536 0.9992696642875671
1780.8478546308806 0.9991419911384583
1780.8686879566346 0.9988972544670105
1780.8895212818097 0.9989533424377441
1780.9103546064177 0.998971164226532
1780.93118793044 0.9987844228744507
1780.9520212538978 0.9987269043922424
1780.972854576773 0.9988755583763123
1780.9936878990766 0.9989776015281677
1781.0145212208201 0.9989144206047058
1781.0353545419853 0.9994226098060608
1781.0561878625936 0.9990372061729431
1781.077021182626 0.9989603757858276
1781.097854502094 0.9983007311820984
1781.1186878210092 0.9979204535484314
1781.1395211393524 0.9977919459342957
1781.1603544571353 0.9986196160316467
1781.1811877743694 0.998760998249054
1781.2020210910355 0.9986348152160645
1781.2228544071552 0.9986728429794312
1781.2436877227096 0.9985756874084473
1781.26452103771 0.9982818961143494
1781.2853543521676 0.9984379410743713
1781.306187666064 0.998607873916626
1781.3270209794198 0.9987942576408386
1781.3478542922162 0.9985997080802917
1781.368687604465 0.9987671375274658
1781.3895209161767 0.9988468289375305
1781.4103542273328 0.9989696741104126
1781.4311875379547 0.9989256262779236
1781.4520208480228 0.9994000792503357
1781.4728541575487 0.9995699524879456
1781.4936874665436 0.9998109936714172
1781.5145207749883 0.9999929666519165
1781.535354082894 1.0001922845840454
1781.5561873902718 1.0006239414215088
1781.5770206971026 1.001006841659546
1781.5978540034075 1.0015288591384888
1781.618687309168 1.0013365745544434
1781.6395206143945 1.0015853643417358
1781.6603539190983 1.0016297101974487
1781.6811872232606 1.0018246173858643
1781.7020205269018 1.0019782781600952
1781.7228538300035 1.0020575523376465
1781.7436871325765 1.0023918151855469
1781.7645204346318 1.0025197267532349
1781.8061870371528 1.0022807121276855
1781.8270203376203 1.002058744430542
1781.8478536375642 1.0021711587905884
1781.868686936995 1.002137541770935
1781.8895202358935 1.00216805934906
1781.910353534271 1.0025557279586792
1781.9311868321383 1.002793788909912
1781.9520201294765 1.0023715496063232
1781.9728534263058 1.002185344696045
1781.993686722608 1.002519965171814
1782.0145200184033 1.003118872642517
1782.0353533136729 1.00370192527771
1782.0561866084274 1.0034475326538086
1782.077019902678 1.0036922693252563
1782.0978531964056 1.0038682222366333
1782.1186864896206 1.0032047033309937
1782.1395197823342 1.003612995147705
1782.1603530745272 1.0038063526153564
1782.1811863662203 1.0039613246917725
1782.2020196573947 1.004022479057312
1782.2228529480606 1.0044492483139038
1782.2436862382292 1.0042154788970947
1782.2645195278815 1.0042647123336792
1782.2853528170378 1.0040788650512695
1782.3061861056794 1.0038862228393555
1782.3270193938172 1.0035673379898071
1782.347852681461 1.0030200481414795
1782.3686859685927 1.0026990175247192
1782.389519255233 1.0026558637619019
1782.4103525413618 1.0030878782272339
1782.4311858269905 1.002676010131836
1782.45201911213 1.001527190208435
1782.4728523967608 1.0019338130950928
1782.4936856809036 1.001625657081604
1782.5145189645395 1.0017282962799072
1782.535352247679 1.0011401176452637
1782.5561855303329 1.0012006759643555
1782.577018812482 1.0011212825775146
1782.597852094147 1.000937819480896
1782.6186853753084 1.000390887260437
1782.6395186559876 1.0004408359527588
1782.6603519361647 0.9997820854187012
1782.6811852158507 0.9996746778488159
1782.7020184950563 0.9997060894966125
1782.7228517737624 0.9995502829551697
1782.7436850519894 0.9994308948516846
1782.7645183297182 0.9989271759986877
1782.7853516069595 0.9988577365875244
1782.806184883724 0.998966634273529
1782.8270181599923 0.9985746145248413
1782.8478514357857 0.998079240322113
1782.8686847110841 0.9985799193382263
1782.8895179858987 0.9977935552597046
1782.9103512602403 0.9980743527412415
1782.931184534089 0.9973107576370239
1782.952017807456 0.9975783228874207
1782.9728510803523 0.9972155094146729
1782.9936843527576 0.9972638487815857
1783.0145176246936 0.9971551895141602
1783.0353508961405 0.9967815279960632
1783.056184167119 0.996921956539154
1783.0770174376098 0.9967908263206482
1783.097850707634 0.9963496327400208
1783.1186839771717 0.9963443279266357
1783.139517246234 0.9962461590766907
1783.1603505148316 0.9963399171829224
1783.1811837829448 0.9963714480400085
1783.2020170505846 0.9959405660629272
1783.2228503177619 0.996570348739624
1783.243683584457 0.9958515167236328
1783.2645168506904 0.9941839575767517
1783.2853501164434 0.9923734664916992
1783.3061833817362 0.992805540561676
1783.3270166465495 0.99477618932724
1783.3478499108946 0.9959611892700195
1783.3686831747814 0.9960033893585205
1783.3895164381909 0.9962767362594604
1783.410349701144 0.9967633485794067
1783.431182963621 0.9965367317199707
1783.4520162256329 0.9966934323310852
1783.47284948719 0.9970572590827942
1783.4936827482736 0.996959388256073
1783.514516008904 0.9968037009239197
1783.5353492690615 0.9970670938491821
1783.5561825287677 0.9975256323814392
1783.5770157880024 0.9974647164344788
1783.5978490467767 0.9978878498077393
1783.6186823051016 0.9981036186218262
1783.639515562957 0.9982762336730957
1783.6603488203643 0.998610258102417
1783.6811820773041 0.9989237189292908
1783.7020153337867 0.9988795518875122
1783.722848589823 0.9988985657691956
1783.743681845394 0.9988144040107727
1783.7645151005197 0.9995395541191101
1783.7853483551812 0.9998245239257812
1783.8061816093896 0.9999248385429382
1783.8270148631548 0.9997770190238953
1783.847848116458 1.0001084804534912
1783.86868136932 1.000401258468628
1783.889514621721 1.0009191036224365
1783.9103478736722 1.0011547803878784
1783.9311811251841 1.0012263059616089
1783.9520143762375 1.001465082168579
1783.9728476268529 1.0017913579940796
1783.9936808770115 1.0017114877700806
1784.0145141267333 1.0018208026885986
1784.0353473759994 1.0019670724868774
1784.0561806248209 1.002309799194336
1784.0770138732078 1.0022485256195068
1784.097847121141 1.0026042461395264
1784.118680368642 1.0026401281356812
1784.1395136156905 1.0029027462005615
1784.1603468622977 1.0031994581222534
1784.1811801084746 1.003071904182434
1784.2020133542012 1.0032891035079956
1784.222846599499 1.0033513307571411
1784.2436798443484 1.0033740997314453
1784.2645130887702 1.0031960010528564
1784.285346332745 1.0034009218215942
1784.3061795762837 1.0036838054656982
1784.3270128193974 1.0036834478378296
1784.3478460620663 1.0034825801849365
1784.3686793043114 1.0038132667541504
1784.3895125461136 1.0037282705307007
1784.4103457874835 1.0037275552749634
1784.4311790284316 1.0037983655929565
1784.4520122689496 1.0039043426513672
1784.4728455090274 1.003899335861206
1784.493678748676 1.0038056373596191
1784.5145119879066 1.0035983324050903
1784.5353452266995 1.0041325092315674
1784.5561784650758 1.0039703845977783
1784.5770117030163 1.0035287141799927
1784.5978449405318 1.0039054155349731
1784.6186781776328 1.0035979747772217
1784.6395114143006 1.0035086870193481
1784.6603446505558 1.0035213232040405
1784.6811778863791 1.0033211708068848
1784.702011121792 1.0031183958053589
1784.7228443567744 1.0029618740081787
1784.743677591338 1.0026768445968628
1784.764510825493 1.002460241317749
1784.7853440592207 1.0023109912872314
1784.8061772925419 1.002129077911377
1784.8270105254373 1.0018070936203003
1784.847843757928 1.0014866590499878
1784.8686769899948 1.0011414289474487
1784.8895102216586 1.0010826587677002
1784.9103434529004 1.0007596015930176
1784.9311766837307 1.0005173683166504
1784.9520099141612 1.0006076097488403
1784.9728431441722 1.000350832939148
1784.9936763737746 1.0001342296600342
1785.01450960298 1.0001462697982788
1785.0353428317787 0.9999651312828064
1785.056176060162 0.9998647570610046
1785.0770092881405 0.9997685551643372
1785.097842515726 0.9996967315673828
1785.1186757428984 0.9997974038124084
1785.1395089696794 0.9997071623802185
1785.16034219605 0.999381422996521
1785.1811754220207 0.9992167353630066
1785.202008647603 0.9992066025733948
1785.222841872778 0.9991539716720581
1785.2436750975664 0.9990568161010742
1785.2645083219493 0.999233603477478
1785.285341545948 0.998849093914032
1785.3061747695435 0.9988189339637756
1785.3270079927465 0.9983829855918884
1785.347841215569 0.9982410073280334
1785.368674437991 0.9981655478477478
1785.3895076600343 0.998440682888031
1785.41034088168 0.9979760646820068
1785.431174102949 0.9972748756408691
1785.4520073238223 0.9968988299369812
1785.4728405443218 0.9971222877502441
1785.493673764428 0.9977811574935913
1785.514506984152 0.9980947375297546
1785.5353402035057 0.9982485175132751
1785.5561734224696 0.9983311295509338
1785.5770066410653 0.9986964464187622
1785.5978398592742 0.9987025856971741
1785.6186730771171 0.9988858699798584
1785.6395062945753 0.9986922740936279
1785.6603395116608 0.9990575313568115
1785.681172728384 0.9992836713790894
1785.7020059447266 0.9993369579315186
1785.72283916071 0.9996386170387268
1785.7436723763153 0.999860942363739
1785.764505591564 0.9997634291648865
1785.8061720209578 0.9992678761482239
1785.8270052351052 0.9992077946662903
1785.8478384488917 0.9995681047439575
1785.8686716623288 0.9995934367179871
1785.8895048753975 1.000009298324585
1785.91033808812 1.0001380443572998
1785.9311713004772 0.9999939203262329
1785.952004512491 1.0003235340118408
1785.9728377241427 1.000575065612793
1785.993670935454 1.0004388093948364
1786.0145041464064 1.000576376914978
1786.0353373570113 1.0009804964065552
1786.056170567281 1.0010408163070679
1786.0770037771965 1.0009206533432007
1786.0978369867796 1.0013548135757446
1786.1186701960123 1.0016508102416992
1786.1395034049158 1.0019820928573608
1786.160336613472 1.0020785331726074
1786.1811698217034 1.0022176504135132
1786.2020030295907 1.0024741888046265
1786.222836237146 1.0026711225509644
1786.243669444382 1.0028414726257324
1786.2645026512794 1.0029131174087524
1786.2853358578607 1.0033116340637207
1786.306169064108 1.0032720565795898
1786.3270022700426 1.0037992000579834
1786.3478354756467 1.0034704208374023
1786.3686686809428 1.003713846206665
1786.3895018859125 1.004183053970337
1786.410335090568 1.004277229309082
1786.4311682949215 1.0036442279815674
1786.4520014989548 1.0044265985488892
1786.47283470269 1.0044065713882446
1786.4936679061102 1.0038225650787354
1786.5145011092368 1.0042051076889038
1786.535334312052 1.0041543245315552
1786.5561675145689 1.0044304132461548
1786.5770007167991 1.0042048692703247
1786.5978339187252 1.0044105052947998
1786.6186671203698 1.0041102170944214
1786.6395003217153 1.0038334131240845
1786.660333522784 1.0039902925491333
1786.6811667235588 1.0038374662399292
1786.7019999240622 1.0038503408432007
1786.7228331242766 1.0035151243209839
1786.7436663242147 1.0032618045806885
1786.7644995238898 1.0034550428390503
1786.785332723284 1.0034254789352417
1786.8061659224204 1.0032024383544922
1786.826999121282 1.0031460523605347
1786.8478323198915 1.0030174255371094
1786.868665518232 1.002801775932312
1786.889498716327 1.0024960041046143
1786.9103319141586 1.002651572227478
1786.9311651117407 1.0025044679641724
1786.9519983090868 1.0022064447402954
1786.972831506189 1.0021926164627075
1786.9936647030418 1.0020465850830078
1787.0144978996582 1.001604676246643
1787.0353310960516 1.001689076423645
1787.0561642922053 1.0011157989501953
1787.0769974881437 1.000981330871582
1787.0978306838495 1.0007537603378296
1787.1186638793472 1.0003008842468262
1787.1394970746203 1.00022292137146
1787.1603302696928 1.0000903606414795
1787.1811634645485 0.9995880126953125
1787.201996659212 0.9993672966957092
1787.2228298536668 0.9991187453269958
1787.2436630479274 0.9988205432891846
1787.2644962420086 0.9987165331840515
1787.2853294358938 0.9984229803085327
1787.3061626296085 0.9983313083648682
1787.3269958231367 0.997874915599823
1787.3478290165037 0.9978089332580566
1787.3686622096936 0.9975058436393738
1787.3894954027219 0.9974267482757568
1787.4103285956037 0.99745112657547
1787.4311617883236 0.9970771670341492
1787.451994980907 0.9973617792129517
1787.47282817334 0.9971252083778381
1787.4936613656473 0.9970241189002991
1787.514494557815 0.9971228241920471
1787.5353277498687 0.9968450665473938
1787.5561609417944 0.996864378452301
1787.576994133618 0.9968236088752747
1787.597827325326 0.9948221445083618
1787.6186605169344 0.9937174916267395
1787.6394937084601 0.9939038753509521
1787.6603268998997 0.9957287907600403
1787.6811600912497 0.9970566034317017
1787.7019932825274 0.9972141981124878
1787.7228264737503 0.997162938117981
1787.7436596649052 0.9973199367523193
1787.7644928560198 0.9972591996192932
1787.7853260470824 0.9972496032714844
1787.8061592381202 0.9972752332687378
1787.8269924291221 0.9974347352981567
1787.8478256201163 0.9973785877227783
1787.8686588110913 0.9978930354118347
1787.889492002076 0.9979681372642517
1787.9103251930596 0.9982092380523682
1787.9311583840715 0.9978843331336975
1787.9519915751011 0.9983358979225159
1787.9728247661692 0.9988182783126831
1787.9936579572948 0.9984779953956604
1788.014491148469 0.998944878578186
1788.0353243397228 0.9991400837898254
1788.0561575310471 0.9990200400352478
1788.0769907224735 0.9994219541549683
1788.0978239139936 0.9995062947273254
1788.1186571056398 0.9997403025627136
1788.1394902974043 1.0004106760025024
1788.1603234893205 1.0005362033843994
1788.1811566813817 1.0007208585739136
1788.2019898736114 1.0010806322097778
1788.2228230660337 1.00111722946167
1788.2436562586438 1.0015769004821777
1788.2644894514765 1.0017470121383667
1788.2853226445272 1.0018644332885742
1788.3061558378326 1.0019407272338867
1788.326989031389 1.001930832862854
1788.347822225234 1.0023964643478394
1788.3686554193653 1.0025960206985474
1788.3894886138212 1.0026662349700928
1788.410321808601 1.0029690265655518
1788.4311550037448 1.0026702880859375
1788.4519881992528 1.002869725227356
1788.472821395166 1.0029605627059937
1788.4936545914868 1.0026044845581055
1788.5144877882578 1.0032316446304321
1788.535320985483 1.00319242477417
1788.5561541831964 1.003463864326477
1788.576987381434 1.0032514333724976
1788.5978205802019 1.003547191619873
1788.618653779548 1.0036640167236328
1788.63948697948 1.0034700632095337
1788.660320180048 1.0035221576690674
1788.6811533812631 1.0036635398864746
1788.7019865831767 1.0036108493804932
1788.7228197858024 1.0039851665496826
1788.7436529891947 1.0035405158996582
1788.7644861933702 1.004083514213562
1788.7853193983854 1.004002571105957
1788.8061526042598 1.003180980682373
1788.8269858110543 1.003373146057129
1788.8478190187905 1.0033198595046997
1788.868652227533 1.0034773349761963
1788.8894854373077 1.0032284259796143
1788.910318648172 1.003098487854004
1788.931151860186 1.002333164215088
1788.9519850733916 1.002113699913025
1788.9728182878325 1.002077579498291
1788.993651503575 1.0017001628875732
1789.0144847206877 0.9997013211250305
1789.0353179392116 0.9997602701187134
1789.0561511592296 0.9991467595100403
1789.0769843807882 0.9971187710762024
1789.097817603975 0.9959478378295898
1789.1186508288413 0.995629072189331
1789.1394840554808 0.9966673851013184
1789.1603172839489 0.9966314435005188
1789.2019837467285 0.9975953102111816
1789.2228169812038 0.9988019466400146
1789.2436502178355 0.9970182776451111
1789.2644834567309 0.9981072545051575
1789.2853166979578 0.997986912727356
1789.3061499416156 0.9965571165084839
1789.326983187804 0.9969684481620789
1789.3478164366013 0.9972957968711853
1789.3686496880853 0.9971219897270203
1789.389482942351 0.9967066645622253
1789.4103161994888 0.9976919889450073
1789.4311494595545 0.9984349608421326
1789.451982722635 0.9989022016525269
1789.4728159887688 0.9975387454032898
1789.4936492580202 0.9954476952552795
1789.5144825303992 0.9945434331893921
1789.5353158059365 0.9970642328262329
1789.5561490846003 0.9960683584213257
1789.5769823663725 0.9976086020469666
1789.597815651165 0.998458743095398
1789.6186489388947 0.9987991452217102
1789.639482229401 0.9984681606292725
1789.6603155225223 0.9993737936019897
1789.681148818012 0.999414324760437