1653.9504940965105 0.9938562512397766
1653.9713274632877 0.991770327091217
1653.9921608308891 0.9961990118026733
1654.0129941994767 0.9996491074562073
1654.033827568965 1.0001230239868164
1654.054660939487 1.0002683401107788
1654.0754943109507 1.000751256942749
1654.0963276834723 1.0011062622070312
1654.1171610569538 1.001369595527649
1654.137994431485 1.0010168552398682
1654.158827806978 1.000875473022461
1654.1796611835025 1.0005930662155151
1654.200494560969 1.0004289150238037
1654.221327939434 1.000010371208191
1654.2421613188103 0.9997813701629639
1654.262994699145 0.9967467784881592
1654.283828080353 0.9939536452293396
1654.3046614624689 0.9946051836013794
1654.325494845417 0.9982125759124756
1654.3463282292207 0.9986822605133057
1654.3671616138092 0.9986825585365295
1654.3879949992013 0.9990757703781128
1654.4088283853298 0.9985274076461792
1654.4296617722102 0.998189389705658
1654.4504951597762 0.9985103607177734
1654.471328548043 0.9984174966812134
1654.4921619369495 0.9979875683784485
1654.5338287166505 0.9977530241012573
1654.5546621073986 0.9982385635375977
1654.5754954986928 0.997276246547699
1654.5963288905416 0.9924085140228271
1654.617162282894 0.9906516075134277
1654.6379956757596 0.9957619309425354
1654.6588290690881 0.9987674355506897
1654.6796624628823 0.9995427131652832
1654.7004958571051 0.9996519684791565
1654.7213292517565 1.0002124309539795
1654.7421626467988 1.0005654096603394
1654.762996042232 1.0007869005203247
1654.7838294380217 1.0004446506500244
1654.8046628341701 1.0014064311981201
1654.8254962306426 1.000447154045105
1654.8463296274383 1.0002844333648682
1654.867163024531 1.0001379251480103
1654.887996421916 0.9993966817855835
1654.90882981957 0.9967076778411865
1654.92966321749 0.9936633110046387
1654.9504966156492 0.9959762096405029
1654.9713300140495 0.9992591142654419
1654.9921634126656 0.9997802972793579
1655.012996811496 0.9997802376747131
1655.033830210522 0.9997298121452332
1655.0546636097358 0.999388575553894
1655.0754970091243 1.000593900680542
1655.0963304086806 0.9992441534996033
1655.1171638083902 0.999204695224762
1655.137997208247 0.9992845058441162
1655.1588306082365 0.9991124868392944
1655.179664008356 0.9986404776573181
1655.2004974085946 0.9991123080253601
1655.221330808939 0.9974523186683655
1655.2421642093857 0.9930224418640137
1655.2629976099242 0.9912962317466736
1655.2838310105494 0.9961307644844055
1655.3046644112508 0.9999642968177795
1655.3254978120212 0.9997453093528748
1655.3463312128542 0.9998047947883606
1655.3671646137452 1.0002620220184326
1655.3879980146812 1.0003336668014526
1655.4088314156618 1.0003892183303833
1655.4296648166746 1.0004572868347168
1655.4504982177216 1.0008350610733032
1655.4713316187892 1.0007567405700684
1655.4921650198753 1.0007771253585815
1655.5129984209723 1.0006085634231567
1655.533831822078 1.000104308128357
1655.5546652231822 0.9974554181098938
1655.5754986242846 0.994266927242279
1655.596332025373 0.9963811635971069
1655.6171654264538 0.9995573163032532
1655.6379988275103 0.9997425079345703
1655.6588322285445 0.9995699524879456
1655.6796656295487 0.9997105598449707
1655.7004990305236 0.9998998045921326
1655.7213324314573 0.999265193939209
1655.742165832354 0.9993735551834106
1655.7629992332 0.9993645548820496
1655.7838326340022 0.9993321299552917
1655.8046660347447 0.9989359378814697
1655.8254994354356 0.9989279508590698
1655.846332836061 0.9988301992416382
1655.8671662366244 0.9973140954971313
1655.8879996371188 0.9924558997154236
1655.9088330375432 0.9916448593139648
1655.9296664378878 0.9969281554222107
1655.9504998381606 0.9993325471878052
1655.9713332383465 1.000221848487854
1655.992166638453 1.0005897283554077
1656.0130000384665 1.0007216930389404
1656.033833438394 1.0011547803878784
1656.054666838224 1.0014088153839111
1656.0755002379606 1.0010333061218262
1656.0963336375942 1.0013805627822876
1656.1171670371316 1.001323938369751
1656.1380004365587 1.0010838508605957
1656.1588338358845 1.0004688501358032
1656.1796672350943 1.0002213716506958
1656.2005006341974 0.9970942735671997
1656.2213340331814 0.9945343732833862
1656.2421674320526 0.9967615604400635
1656.2630008307992 0.9994202852249146
1656.2838342294306 0.9998705387115479
1656.3046676279296 0.9997775554656982
1656.325501026313 0.9998030662536621
1656.3463344245577 0.9996526837348938
1656.3671678226808 0.999504029750824
1656.3880012206644 0.9995661377906799
1656.4088346185208 0.999398946762085
1656.4296680162338 0.999389111995697
1656.4505014138158 0.9992688298225403
1656.471334811249 0.9991562366485596
1656.4921682085499 0.9990020990371704
1656.5130016056974 0.9970754981040955
1656.5338350027077 0.9925329685211182
1656.5546683995633 0.9924591183662415
1656.5755017962751 0.9982597231864929
1656.5963351928324 1.0001219511032104
1656.617168589241 1.0004236698150635
1656.6380019854898 1.0008883476257324
1656.658835381591 1.0009689331054688
1656.679668777527 1.0014750957489014
1656.7005021733119 1.0015168190002441
1656.721335568929 1.0014973878860474
1656.74216896439 1.0012905597686768
1656.7630023596819 1.0013353824615479
1656.7838357548176 1.0007336139678955
1656.8046691497789 1.0006306171417236
1656.825502544581 1.0002710819244385
1656.846335939205 0.9972915649414062
1656.8671693336694 0.9949804544448853
1656.888002727952 0.9969285726547241
1656.9088361220713 0.9998602867126465
1656.9296695160083 0.9997255206108093
1656.9505029097768 0.9996349811553955
1656.9713363033645 0.9997110366821289
1656.992169696781 0.9997994303703308
1657.0130030900082 1.0001866817474365
1657.0338364830661 1.0000932216644287
1657.0546698759342 1.0000265836715698
1657.075503268629 0.9996435046195984
1657.096336661132 0.9993941187858582
1657.1171700534583 0.9999902844429016
1657.1380034455913 0.9993411898612976
1657.1588368375467 0.9970836043357849
1657.1796702293059 0.9922629594802856
1657.2005036208852 0.9932732582092285
1657.2213370122643 0.9983544945716858
1657.2421704034637 1.0004788637161255
1657.2630037944646 1.000542163848877
1657.2838371852783 1.0008189678192139
1657.3046705758916 1.0011080503463745
1657.3255039663184 1.0014337301254272
1657.3671707465799 1.000257134437561
1657.3880041364112 1.0010459423065186
1657.4088375260558 0.9999263286590576
1657.4296709154905 0.9994157552719116
1657.4505043047352 0.9993075132369995
1657.4713376937693 0.9987248778343201
1657.4921710826104 0.9934737086296082
1657.5130044712412 0.993422269821167
1657.5338378596784 0.9969747066497803
1657.5546712479024 0.99944669008255
1657.5755046359316 0.9989814162254333
1657.596338023744 0.9988131523132324
1657.617171411362 0.9981392621994019
1657.6380047987657 0.9984261393547058
1657.6588381859676 0.998688817024231
1657.6796715729536 0.9995042681694031
1657.7005049597394 0.9997390508651733
1657.7213383463068 0.9994808435440063
1657.7421717326747 0.9985279440879822
1657.7630051188198 0.9992658495903015
1657.7838385047637 0.9990965127944946
1657.8046718904857 0.9961289763450623
1657.8255052760026 0.9916147589683533
1657.8463386612998 0.9928199648857117
1657.8671720463885 0.9980401396751404
1657.8880054312542 0.9996228814125061
1657.9088388159144 1.0002444982528687
1657.9296722003473 1.000787377357483
1657.9505055845752 1.0010337829589844
1657.9713389685737 1.000532627105713
1657.9921723523653 1.0014032125473022
1658.013005735928 1.0010310411453247
1658.0338391192795 1.0014950037002563
1658.054672502404 1.0007635354995728
1658.0755058853174 1.0013129711151123
1658.0963392679985 1.0010364055633545
1658.1171726504692 1.0000038146972656
1658.1380060327067 0.9970144629478455
1658.1588394147336 0.9952709674835205
1658.1796727965261 0.9984842538833618
1658.200506178103 0.9997356534004211
1658.2213395594486 1.0004515647888184
1658.2421729405764 0.9998284578323364
1658.2630063214717 0.9996674656867981
1658.2838397021505 1.0001065731048584
1658.3046730825918 1.000734567642212
1658.3255064628172 0.9999468922615051
1658.346339842805 1.000896692276001
1658.3671732225755 1.000220537185669
1658.3880066021072 1.0000814199447632
1658.4088399814186 0.9999817609786987
1658.4296733604922 1.0000951290130615
1658.450506739346 0.9969508647918701
1658.4713401179597 0.9928485155105591
1658.492173496353 0.9949296712875366
1658.5130068745036 1.0000563859939575
1658.5338402524342 1.001017689704895
1658.554673630122 1.001167893409729
1658.575507007588 1.0018059015274048
1658.5963403848104 1.0020405054092407
1658.6171737618101 1.002450704574585
1658.6380071385631 1.0024508237838745
1658.6588405150947 1.002756953239441
1658.67967389138 1.0026473999023438
1658.7005072674426 1.0024312734603882
1658.7213406432581 1.0018142461776733
1658.7421740188474 1.001922845840454
1658.7630073941907 1.000465750694275
1658.783840769306 0.9972510933876038
1658.8046741441772 0.9961565136909485
1658.82550751882 0.9993452429771423
1658.8463408932116 1.0015004873275757
1658.8671742673778 1.0014441013336182
1658.8880076412943 1.0014476776123047
1658.9088410149827 1.0018690824508667
1658.9296743884208 1.001379132270813
1658.9505077616277 1.0014313459396362
1658.9713411345865 1.0015279054641724
1658.9921745073148 1.0013333559036255
1659.0130078797897 1.0010442733764648
1659.0338412520355 1.0013856887817383
1659.0546746240277 1.0006624460220337
1659.0755079957894 1.0005244016647339
1659.0963413672978 0.9971698522567749
1659.1171747385736 0.99310302734375
1659.1380081095967 0.9958947896957397
1659.1588414803869 1.0006327629089355
1659.1796748509205 1.00156831741333
1659.2005082212213 1.0023094415664673
1659.2213415912665 1.0026192665100098
1659.2421749610799 1.0028914213180542
1659.2630083306358 1.0028332471847534
1659.2838416999562 1.0028249025344849
1659.3046750690205 1.0025964975357056
1659.325508437848 1.002658486366272
1659.3463418064193 1.0023213624954224
1659.3671751747574 1.0027090311050415
1659.3880085428327 1.00201416015625
1659.4088419106736 1.000892162322998
1659.4296752782554 0.9971773624420166
1659.4505086455995 0.9963871836662292
1659.4713420126855 0.9998237490653992
1659.492175379532 1.0014575719833374
1659.5130087461202 1.0011998414993286
1659.5338421124711 1.0013583898544312
1659.554675478558 1.0016082525253296
1659.575508844407 1.0013445615768433
1659.5963422099944 1.0014773607254028
1659.6171755753421 1.0012271404266357
1659.6380089404277 1.0010885000228882
1659.6588423052724 1.0009390115737915
1659.679675669855 1.00107741355896
1659.700509034197 1.0010474920272827
1659.7213423982755 1.000334620475769
1659.742175762113 0.9968576431274414
1659.7630091256842 0.9929007887840271
1659.7838424890158 0.9957839846611023
1659.8046758520825 1.0004972219467163
1659.8255092149068 1.0013247728347778
1659.846342577466 1.0017040967941284
1659.8671759397814 1.0022863149642944
1659.8880093018313 1.0020235776901245
1659.9088426636374 1.0023314952850342
1659.9296760251766 1.0025330781936646
1659.9505093864752 1.0025079250335693
1659.9713427475033 1.0022857189178467
1659.9921761082874 1.0021677017211914
1660.0130094688043 1.001642107963562
1660.0338428290754 1.0014556646347046
1660.0546761890791 1.0002002716064453
1660.0755095488385 0.99672931432724
1660.0963429083258 0.9961624145507812
1660.1171762675692 0.9995169639587402
1660.1380096265418 1.001013159751892
1660.1588429852693 1.0008810758590698
1660.1796763437264 1.0009124279022217
1660.2005097019369 1.0007811784744263
1660.2213430598763 1.000495195388794
1660.2421764175683 1.0005137920379639
1660.263009774987 1.000503420829773
1660.28384313216 1.000662088394165
1660.30467648906 1.0005526542663574
1660.3255098457134 0.9999950528144836
1660.3463432020935 1.000171422958374
1660.3671765582237 0.9994015693664551
1660.3880099140817 0.9955101609230042
1660.4088432696885 0.9921625256538391
1660.4296766250247 0.9960106015205383
1660.4505099801108 1.0003265142440796
1660.47134333492 1.0006866455078125
1660.4921766894806 1.0009599924087524
1660.5130100437668 1.0014065504074097
1660.5338433978009 1.001333236694336
1660.5546767515607 1.0021172761917114
1660.5755101050693 1.0019075870513916
1660.596343458302 1.0018138885498047
1660.6171768112831 1.001693606376648
1660.6380101639857 1.0011497735977173
1660.6588435164376 1.0011144876480103
1660.6796768686122 1.000827670097351
1660.7005102205355 0.9988720417022705
1660.7421769235716 0.9953804016113281
1660.7630102746855 0.9980271458625793
1660.7838436255456 0.999057412147522
1660.8046769761252 0.999064564704895
1660.8255103264544 0.9993651509284973
1660.8463436765007 0.9996539354324341
1660.867177026294 0.9988890290260315
1660.888010375808 0.999663770198822
1660.9088437250657 1.0000087022781372
1660.9296770740443 1.0
1660.9505104227671 0.9996087551116943
1660.9713437712094 0.9992320537567139
1660.9921771193954 0.9991471767425537
1661.0130104672983 0.9985579252243042
1661.0338438149463 0.9944012761116028
1661.0546771623128 0.9911932349205017
1661.0755105094208 0.9953027367591858
1661.096343856249 0.9996609687805176
1661.1171772028174 1.00057852268219
1661.1380105491037 1.0000134706497192
1661.1588438951312 1.0000287294387817
1661.1796772408752 1.000859260559082
1661.2005105863616 1.0007885694503784
1661.2213439315642 1.001551866531372
1661.2421772765076 1.0015125274658203
1661.2630106211668 1.0005791187286377
1661.283843965565 1.0004839897155762
1661.3046773096796 1.0005007982254028
1661.3255106535328 1.0002349615097046
1661.3463439971017 0.998099684715271
1661.3671773404099 0.9948232769966125
1661.388010683431 0.9954012036323547
1661.4088440261921 0.9987601637840271
1661.4296773686667 0.9993086457252502
1661.4505107108776 0.999127209186554
1661.4713440528046 0.9994239211082458
1661.4921773944682 0.9992561936378479
1661.5130107358432 0.999687671661377
1661.5338440769567 0.9995684623718262
1661.554677417781 1.0002957582473755
1661.575510758343 0.9995113015174866
1661.5963440986166 0.9988606572151184
1661.6171774386241 0.9990560412406921
1661.6380107783466 0.999345064163208
1661.6588441178008 0.9985098242759705
1661.6796774569673 0.993768036365509
1661.7005107958691 0.9914414286613464
1661.7213441344793 0.9959926009178162
1661.7421774728255 0.9998531341552734
1661.7630108108806 1.0008370876312256
1661.7838441486697 1.0004689693450928
1661.8046774861677 1.0011329650878906
1661.8255108233973 1.001017451286316
1661.846344160337 1.001373291015625
1661.8671774970096 1.0014208555221558
1661.8880108333885 1.0011605024337769
1661.9088441695021 1.0009546279907227
1661.9296775053206 1.0008257627487183
1661.950510840872 1.0008519887924194
1661.9713441761298 1.0006873607635498
1661.992177511117 0.9982432723045349
1662.0130108458118 0.9949861764907837
1662.0338441802367 0.9958510398864746
1662.0546775143684 0.9990609884262085
1662.0755108482297 0.9998838305473328
1662.0963441817944 0.9995460510253906
1662.11717751509 0.9999406337738037
1662.1380108480892 0.9994496703147888
1662.1588441808158 1.0002788305282593
1662.1796775132477 0.9997667670249939
1662.2005108454082 0.999792754650116
1662.2213441772712 0.9995250105857849
1662.2421775088626 0.9996837973594666
1662.263010840155 0.9993191957473755
1662.2838441711754 0.9995169639587402
1662.3046775018954 0.998243510723114
1662.3255108323467 0.9929255247116089
1662.3463441624965 0.9918962717056274
1662.3671774923705 0.9965028762817383
1662.3880108219466 0.9996098279953003
1662.4088441512486 1.0001014471054077
1662.4296774802488 1.000650405883789
1662.4505108089754 1.0005227327346802
1662.4713441374006 1.001293420791626
1662.49217746555 1.0011430978775024
1662.5130107933978 1.0013288259506226
1662.5338441209674 1.0012153387069702
1662.5546774482364 1.0009444952011108
1662.5755107752277 1.0005598068237305
1662.5963441019167 1.0006194114685059
1662.6171774283282 1.0002435445785522
1662.6380107544358 0.9977391362190247
1662.6588440802655 0.9946253299713135
1662.6796774057902 0.9956516027450562
1662.7005107310342 0.9992514252662659
1662.7213440559747 0.999657928943634
1662.7421773806352 0.9995383024215698
1662.7630107049904 0.9998899698257446
1662.7838440290664 0.9995825886726379
1662.8046773528324 0.9996508359909058
1662.8255106763208 0.999787449836731
1662.8463439994985 0.9992956519126892
1662.8671773223969 0.9993048906326294
1662.8880106449867 0.9990161657333374
1662.9088439672935 0.9990425109863281
1662.9296772892928 0.9988042116165161
1662.9505106110087 0.9980096817016602
1662.9713439324132 0.9930934309959412
1662.9921772535342 0.9922278523445129
1663.0130105743442 0.9966060519218445
1663.0338438948713 1.0001001358032227
1663.0546772150865 1.0000816583633423
1663.0755105350167 1.0007202625274658
1663.0963438546344 1.0006884336471558
1663.117177173965 1.0013662576675415
1663.1380104929835 1.001080870628357
1663.1588438117144 1.0012214183807373
1663.179677130131 1.0009918212890625
1663.2005104482612 1.000610113143921
1663.2213437660762 1.0008915662765503
1663.242177083603 1.000341773033142
1663.263010400814 0.9997762441635132
1663.2838437177338 0.9971578121185303
1663.3046770343387 0.9942561984062195
1663.3255103506547 0.9961726069450378
1663.3463436666498 0.9987695217132568
1663.367176982356 0.9994386434555054
1663.3880102977437 0.9995920658111572
1663.4088436128395 0.9998146295547485
1663.4296769276157 0.9994552135467529
1663.4505102420974 0.999732255935669
1663.4713435562603 0.9998897314071655
1663.49217687013 0.9992945790290833
1663.5130101836764 0.9994708895683289
1663.5338434969299 0.999504566192627
1663.5546768098604 0.9989172220230103
1663.5755101224959 0.9989591240882874
1663.596343434807 0.9974311590194702
1663.617176746821 0.9926527142524719
1663.6380100585102 0.9919725060462952
1663.6588433699023 0.9973747730255127
1663.6796766809691 0.9998285174369812
1663.7005099917387 1.0004481077194214
1663.7213433021789 1.0006872415542603
1663.7421766123211 1.0005197525024414
1663.7630099221349 1.0012346506118774
1663.7838432316464 1.000823974609375
1663.8046765408303 1.0009939670562744
1663.8255098497118 1.0001959800720215
1663.8463431582634 1.000694751739502
1663.8671764665137 1.0002305507659912
1663.88800977443 0.9998669028282166
1663.9088430820436 0.9996308088302612
1663.9296763893221 0.9963670969009399
1663.9505096962976 0.9936851859092712
1663.9713430029385 0.995922327041626
1663.9921763092727 0.9988486170768738
1664.0130096152716 0.9990089535713196
1664.0338429209648 0.9991959929466248
1664.0546762263184 0.9994668960571289
1664.0755095313648 0.9987871050834656
1664.1171761404685 0.9986276626586914
1664.138009444526 0.9977045059204102
1664.158842748272 0.9982334971427917
1664.1796760516775 0.9989017844200134
1664.2005093547702 0.9982234239578247
1664.22134265752 0.9983292818069458
1664.242175959956 0.9972501397132874
1664.2630092620457 0.9923423528671265
1664.283842563822 0.992697536945343
1664.3046758652522 0.9973613619804382
1664.3255091663646 1.0002869367599487
1664.3463424671304 0.9998852014541626
1664.367175767578 1.0004488229751587
1664.388009067676 1.0003513097763062
1664.4088423674543 1.0008387565612793
1664.4296756668796 1.0011842250823975
1664.4505089659851 1.0005884170532227
1664.4713422647371 1.000428318977356
1664.4921755631672 1.0003279447555542
1664.513008861242 1.0001469850540161
1664.5338421589927 0.9991129040718079
1664.5546754563863 0.9993283748626709
1664.575508753454 0.995966374874115
1664.5963420501607 0.9938575625419617
1664.6171753465417 0.9958522319793701
1664.6380086425606 0.9994075298309326
1664.6588419382508 0.9984213709831238
1664.6796752335783 0.9993005394935608
1664.700508528574 0.9993268847465515
1664.7213418232045 0.9994210600852966
1664.7421751174995 0.9990009069442749
1664.7630084114294 0.9994684457778931
1664.7838417050236 0.9988295435905457
1664.8046749982473 0.9995331764221191
1664.8255082911344 0.9992743730545044
1664.8463415836497 0.9987621307373047
1664.8671748758252 0.9987627863883972
1664.8880081676264 0.996711254119873
1664.9088414590835 0.9916307926177979
1664.9296747501658 0.9933162331581116
1664.9505080409037 0.9982401728630066
1664.9713413312616 0.9994595646858215
1664.9921746212735 1.0005781650543213
1665.0130079109015 1.000423550605774
1665.0338412001822 1.000480055809021
1665.0546744890803 1.0006866455078125
1665.0755077776228 1.0010312795639038
1665.0963410657794 1.0008054971694946
1665.117174353582 1.000728726387024
1665.1380076409926 1.000413417816162
1665.1588409280473 0.9999812841415405
1665.1796742147064 1.0003297328948975
1665.2005075010077 0.9998549222946167
1665.221340786913 0.996711790561676
1665.2421740724535 0.9944280385971069
1665.2630073575951 0.9965426325798035
1665.2838406423698 0.999547004699707
1665.3671737776076 1.000057339668274
1665.3880070604203 0.999967634677887
1665.4088403428575 0.9995028972625732
1665.4296736248798 0.9999645352363586
1665.450506906522 0.9997978806495667
1665.4713401877464 0.9999030828475952
1665.492173468588 0.9997320771217346
1665.5130067490047 0.9995231032371521
1665.5338400290364 0.9971156120300293
1665.55467330864 0.992068350315094
1665.575506587855 0.9941027164459229
1665.5963398666372 0.9989020824432373
1665.6171731450236 1.0001097917556763
1665.6380064229743 1.0001287460327148
1665.658839700526 1.000837802886963
1665.6796729776343 1.001440167427063
1665.7005062543408 1.001306414604187
1665.7213395305994 1.0018559694290161
1665.742172806451 1.0010477304458618
1665.7630060818515 1.0012714862823486
1665.7838393568368 1.000840187072754
1665.8046726313642 1.0005229711532593
1665.825505905473 1.0008530616760254
1665.8463391791197 0.9998449087142944
1665.8671724523424 0.9967377185821533
1665.8880057250944 0.994479238986969
1665.9088389974177 0.9977433085441589
1665.9296722692652 1.000261902809143
1665.950505540677 0.9999514222145081
1665.9713388116063 1.0000354051589966
1665.9921720820917 1.000104546546936
1666.0130053520893 1.0001819133758545
1666.0338386216386 1.0003570318222046
1666.0546718906896 1.0000110864639282
1666.0755051592866 1.0001658201217651
1666.0963384273766 1.0001975297927856
1666.1171716950064 1.000225305557251
1666.1380049621246 0.9998918771743774
1666.1588382287691 1.0003628730773926
1666.179671494894 0.9968917965888977
1666.200504760541 0.9925486445426941
1666.2213380256549 0.9940746426582336
1666.2421712902858 0.9988908171653748
1666.263004554373 1.000285267829895
1666.2838378179677 1.0008577108383179
1666.3046710810122 1.0013984441757202
1666.325504343551 1.0014276504516602
1666.3463376055292 1.0017882585525513
1666.367170866993 1.001654028892517
1666.3880041278849 1.0018912553787231
1666.4088373882516 1.0014923810958862
1666.4296706480334 1.001213550567627
1666.4505039072817 1.0010398626327515
1666.4713371659327 1.0008785724639893
1666.4921704240373 1.0002636909484863
1666.5130036815312 0.9969378113746643
1666.5338369384656 0.9953378438949585
1666.5546701947762 0.9979328513145447
1666.5755034505144 1.0001882314682007
1666.596336705613 1.0003670454025269
1666.6171699601275 1.0001665353775024
1666.6380032139855 1.0001662969589233
1666.6588364672448 1.0004215240478516
1666.6796697198329 1.0007874965667725
1666.700502971803 1.0004392862319946
1666.721336223085 1.0000981092453003
1666.7421694737368 1.0003740787506104
1666.7630027236764 1.0000946521759033
1666.7838359729697 0.9999692440032959
1666.8046692215316 0.9994510412216187
1666.8255024694297 0.9966211915016174
1666.8463357165763 0.9929332137107849
1666.8671689630344 0.9951239228248596
1666.8880022087221 0.9998428225517273
1666.9088354537012 1.0009359121322632
1666.9296686978832 1.0013924837112427
1666.9505019413366 1.0018179416656494
1666.971335183966 1.0017716884613037
1666.9921684258425 1.0021958351135254
1667.0130016668702 1.0019360780715942
1667.0338349071194 1.0019503831863403
1667.0546681464907 1.0017147064208984
1667.0755013850585 1.001552939414978
1667.096334622717 1.001296043395996
1667.117167859544 1.000917911529541
1667.1380010954283 0.9997559189796448
1667.1588343304516 0.9963846206665039
1667.1796675644998 0.995899498462677
1667.200500797657 0.9987446069717407
1667.2213340298033 1.0003507137298584
1667.2421672610242 1.0011157989501953
1667.263000491199 1.0008211135864258
1667.2838337204146 1.0013130903244019
1667.3046669485414 1.0007365942001343
1667.3255001756775 1.0006548166275024
1667.3463334016844 1.0008801221847534
1667.3671666266637 1.0007115602493286
1667.387999850476 1.000810980796814
1667.4088330732206 1.0006674528121948
1667.4296662947593 1.000723958015442
1667.4504995151929 0.9998713135719299
1667.471332734381 0.9964093565940857
1667.4921659524284 0.9928138256072998
1667.5129991691904 0.9952236413955688
1667.5338323847784 1.000322937965393
1667.5546655990472 1.0012366771697998
1667.5754988121075 1.001701831817627
1667.5963320238209 1.0019971132278442
1667.6171652343 1.0029006004333496
1667.6379984434093 1.0022623538970947
1667.6588316512664 1.0022854804992676
1667.6796648577392 1.0025616884231567
1668.6379917357779 1.0015405416488647
1668.6588249382037 1.0007117986679077
1668.6796581414415 1.000968098640442
1668.7004913454205 1.000760555267334
1668.7213245501737 1.0005823373794556
1668.742157755634 1.0000712871551514
1668.7629909618204 0.9952338337898254
1668.7838241686748 0.9927375912666321
1668.8046573762106 0.9958273768424988
1668.825490584372 1.0000625848770142
1668.8463237931705 1.0004228353500366
1668.8671570025497 1.000102162361145
1668.8879902125213 1.0015162229537964
1668.908823423034 1.0011743307113647
1668.9296566340927 1.0015853643417358
1668.9504898456548 1.0002162456512451
1668.9713230577217 1.000862956047058
1668.992156270252 1.001189112663269
1669.0129894832485 1.0000383853912354
1669.0338226966687 1.0004546642303467
1669.0546559105205 1.0000338554382324
1669.0754891247593 0.998749852180481
1669.0963223393915 0.9953041076660156
1669.1171555543817 0.9946021437644958
1669.137988769728 0.9986511468887329
1669.158821985402 0.9999903440475464
1669.1796552014011 0.9991210103034973
1669.2004884176965 1.0001537799835205
1669.2213216342868 0.999950110912323
1669.242154851147 0.9997703433036804
1669.2629880682753 0.9999192953109741
1669.2838212856464 0.9998509287834167
1669.304654503256 1.0
1669.3254877210861 0.9998504519462585
1669.3463209391289 0.9992201924324036
1669.3671541573701 0.9995241165161133
1669.3879873758026 0.9986023902893066
1669.4088205944088 0.9949362874031067
1669.4296538131855 0.9919238090515137
1669.4504870321168 0.996143639087677
1669.4713202511966 0.9997342824935913
1669.492153470412 1.0006638765335083
1669.5129866897548 1.0008573532104492
1669.5338199092175 1.0013980865478516
1669.5546531287912 1.0013082027435303
1669.5754863484653 1.0011916160583496
1669.5963195682339 1.0010277032852173
1669.617152788086 1.0012006759643555
1669.637986008018 1.001236915588379
1669.658819228023 1.0007188320159912
1669.6796524480865 1.0001819133758545
1669.7004856682088 1.000698447227478
1669.721318888379 0.9979003667831421
1669.7421521085926 0.9947657585144043
1669.7629853288415 0.9956139922142029
1669.7838185491212 0.9993063807487488
1669.804651769423 0.9999551177024841
1669.8254849897455 0.999662458896637
1669.8463182100772 0.9996399283409119
1669.8671514304199 0.999910831451416
1669.8879846507589 1.0001485347747803
1669.9088178710979 1.0001517534255981
1669.9296510914248 0.9997796416282654
1669.9504843117386 0.9997088313102722
1669.9713175320321 1.0001680850982666
1669.9921507523054 0.9994322657585144
1670.0129839725457 0.9998694658279419
1670.033817192758 0.9988161325454712
1670.0546504129272 0.9938014149665833
1670.0754836330632 0.9921851754188538
1670.0963168531473 0.9966084957122803
1670.1171500731843 0.9996304512023926
1670.1379832931657 1.0003997087478638
1670.1588165130931 1.0009655952453613
1670.179649732956 1.0011874437332153
1670.200482952759 1.0014522075653076
1670.2213161724871 1.0013346672058105
1670.2421493921506 1.001574993133545
1670.2629826117343 1.0013724565505981
1670.2838158312447 1.0010877847671509
1670.3046490506686 1.00086510181427
1670.3254822700121 1.000658392906189
1670.3463154892638 1.0002310276031494
1670.3671487084305 0.9980704188346863
1670.387981927496 0.9944419264793396
1670.4088151464728 0.9957442879676819
1670.429648365344 0.9988078474998474
1670.4504815841203 0.9997556209564209
1670.4713148027859 0.9998988509178162
1670.4921480213509 0.9997667074203491
1670.5129812398 1.0001295804977417
1670.5338144581435 1.0002257823944092
1670.5546476763643 0.9997923970222473
1670.5754808944766 0.999869704246521
1670.5963141124623 0.9995666146278381
1670.6171473303343 1.000276803970337
1670.637980548076 0.999542772769928
1670.6588137656968 0.9995743036270142
1670.679646983185 0.9981868863105774
1670.70048020055 0.9932801127433777
1670.7213134177762 0.9919911026954651
1670.7421466348756 0.9970235824584961
1670.762979851831 1.0001006126403809
1670.7838130686564 1.0001925230026245
1670.8046462853354 1.0008456707000732
1670.825479501878 1.001023292541504
1670.846312718272 1.0013571977615356
1670.8671459345273 1.0008323192596436
1670.8879791506308 1.0010969638824463
1670.9088123665917 1.0008033514022827
1670.9296455823946 1.0007375478744507
1670.950478798054 1.000339388847351
1670.9713120135507 1.0003286600112915
1670.992145228902 0.9999943971633911
1671.0129784440892 0.9974742531776428
1671.0338116591254 0.9947617053985596
1671.0546448739956 0.9957809448242188
1671.0754780887123 0.9992983937263489
1671.0963113032592 0.9997255802154541
1671.1171445176506 0.999668538570404
1671.1379777318668 1.0000892877578735
1671.1588109459267 0.9999074339866638
1671.179644159811 0.9998525977134705
1671.2004773735334 0.9995803833007812
1671.2213105870785 0.999865710735321
1671.2421438004583 0.9998365044593811
1671.262977013659 0.9997565746307373
1671.2838102266944 0.999403715133667
1671.304643439546 0.9995275735855103
1671.32547665223 0.9984560012817383
1671.3463098647283 0.9930091500282288
1671.3671430770553 0.9922935962677002
1671.387976289198 0.9976221323013306
1671.4088095011687 1.0000954866409302
1671.4296427129484 1.0001640319824219
1671.450475924552 1.000514030456543
1671.4713091359617 1.000771164894104
1671.4921423471967 1.0011897087097168
1671.5129755582368 1.0012497901916504
1671.5338087690989 1.001347303390503
1671.5546419797645 1.0007013082504272
1671.575475190248 1.0006612539291382
1671.5963084005348 1.000454306602478
1671.6171416106401 1.0002715587615967
1671.637974820544 1.0000289678573608
1671.6588080302652 0.9969834089279175
1671.679641239782 0.9945393800735474
1671.700474449118 0.9959408044815063
1671.721307658248 0.999175488948822
1671.742140867189 0.999687910079956
1671.7629740759262 0.9995962381362915
1671.783807284474 0.9994540810585022
1671.8046404928155 0.9997395277023315
1671.825473700967 0.9994151592254639
1671.8463069089073 0.9998147487640381
1671.8671401166584 0.9997820258140564
1671.8879733241986 1.0000393390655518
1671.9088065315461 0.999332070350647
1671.9296397386813 0.9992548823356628
1671.9504729456214 0.9996815919876099
1671.9713061523487 0.9981455206871033
1671.9921393588804 0.9928929805755615
1672.012972565195 0.9922678470611572
1672.0338057713145 0.9968277812004089
1672.0754721829214 0.9996632933616638
1672.096305388409 1.000211477279663
1672.1171385936957 1.0011303424835205
1672.1379717987638 0.9993023872375488
1672.158805003631 1.0006985664367676
1672.1796382082757 1.000718593597412
1672.2004714127206 1.000442624092102
1672.221304616943 1.0005604028701782
1672.2421378209629 1.000055193901062
1672.2629710247595 0.9997141361236572
1672.2838042283502 0.9993676543235779
1672.3046374317207 0.9966051578521729
1672.3254706348819 0.994107723236084
1672.3463038378195 0.9965543746948242
1672.367137040551 0.9993372559547424
1672.3879702430545 0.9996179938316345
1672.4088034453519 0.9993952512741089
1672.4296366474214 0.999052882194519
1672.4504698492804 0.9993227124214172
1672.4713030509126 0.9987813234329224
1672.4921362523355 0.9993374347686768
1672.5129694535285 0.9995436668395996
1672.5338026545112 0.9995031952857971
1672.5546358552617 0.99927818775177
1672.575469055802 0.9994621276855469
1672.5963022561084 0.9993878602981567
1672.6171354562046 0.9970685839653015
1672.6379686560676 0.9925093054771423
1672.6588018557168 0.9926324486732483
1672.6796350551328 0.9970483779907227
1672.7004682543359 0.9998546242713928
1672.721301453302 0.9999861717224121
1672.7421346520543 1.000756025314331
1672.7629678505689 1.0006566047668457
1672.7838010488692 1.000680685043335
1672.8046342469333 1.0006816387176514
1672.8254674447799 1.0003544092178345
1672.8463006423895 1.000545620918274
1672.8671338397799 1.0005550384521484
1672.8879670369358 1.0003348588943481
1672.9088002338717 0.9999869465827942
1672.9296334305661 0.9996069669723511
1672.9504666270436 0.9963629245758057
1672.9712998232808 0.9939799904823303
1672.9921330192974 0.9962381720542908
1673.012966215074 0.9991039037704468
1673.033799410628 0.9994478821754456
1673.0546326059423 0.9997978210449219
1673.0754658010364 0.9996660947799683
1673.0962989958857 1.000111699104309
1673.1171321905144 1.0001893043518066
1673.1379653848985 0.9995932579040527
1673.158798579061 0.999122142791748
1673.1796317729797 0.9995579123497009
1673.2004649666728 0.9996439814567566
1673.2212981601233 0.9991858601570129
1673.2421313533496 0.9995988607406616
1673.2629645463294 0.9970316886901855
1673.2837977390864 0.9919439554214478
1673.3046309315953 0.9931309819221497
1673.3254641238798 0.9981008172035217
1673.346297315917 1.000160813331604
1673.3671305077264 1.0004384517669678
1673.387963699291 1.0008153915405273
1673.408796890629 1.0010457038879395
1673.4296300817189 1.0010319948196411
1673.4504632725802 1.0010641813278198
1673.4712964631929 1.001440405845642
1673.4921296535776 1.0011045932769775
1673.5129628437128 1.0008527040481567
1673.5337960336176 1.0008827447891235
1673.5546292232739 1.000652551651001
1673.5754624127 0.9998092651367188
1673.5962956018764 0.9965317845344543
1673.617128790823 0.9944441318511963
1673.6379619795161 0.9972706437110901
1673.6587951679828 1.0000015497207642
1673.6796283561932 0.9998083114624023
1673.7004615441751 0.9999870657920837
1673.7212947319042 0.9999293088912964
1673.742127919401 1.000089406967163
1673.762961106645 1.0003845691680908
1673.7837942936574 1.0000965595245361
1673.8046274804137 1.000218152999878
1673.8254606669395 0.9997692108154297
1673.846293853211 0.999995768070221
1673.867127039249 1.0000708103179932
1673.8879602250322 0.9995662569999695
1673.908793410581 0.9965932965278625
1673.9296265958749 0.9924681782722473
1673.9504597809328 0.9940542578697205
1673.971292965736 0.9985660314559937
1673.992126150305 1.0004481077194214
1674.0129593346164 1.0008039474487305
1674.0337925186943 1.000681757926941
1674.054625702514 1.0010089874267578
1674.075458886097 1.0013377666473389
1674.0962920694233 1.0015393495559692
1674.1171252525114 1.0011396408081055
1674.137958435343 1.0011601448059082
1674.158791617938 1.0008833408355713
1674.179624800273 1.000749111175537
1674.200457982372 1.0005730390548706
1674.2212911642116 0.9995612502098083
1674.2421243458134 0.9962120056152344
1674.2629575271553 0.9948546290397644
1674.2837907082571 0.9979194402694702
1674.3046238891004 1.0000267028808594
1674.3254570697054 0.999681830406189
1674.346290250048 0.9996123313903809
1674.367123430153 0.9997261166572571
1674.3879566099963 1.0003423690795898
1674.4087897896002 1.0002954006195068
1674.4296229689407 1.000540018081665
1674.450456148042 1.0001484155654907
1674.471289326881 1.000236988067627
1674.492122505479 0.999924898147583
1674.512955683815 0.9998865127563477
1674.5337888619101 0.9996223449707031
1674.5546220397398 0.9965429902076721
1674.5754552173323 0.9921236038208008
1674.5962883946588 0.9944528341293335
1674.6171215717413 0.9993783831596375
1674.6379547485617 1.0005048513412476
1674.6587879251388 1.0009344816207886
1674.6796211014519 1.0010924339294434
1674.7004542775223 1.0014771223068237
1674.7212874533254 1.0014654397964478
1674.7421206288877 1.0016533136367798
1674.7629538041838 1.0018783807754517
1674.7837869792365 1.0009766817092896
1674.8046201540228 1.0013684034347534
1674.8254533285644 1.001116156578064
1674.8462865028391 1.001023530960083
1674.8671196768714 0.9997738599777222
1674.8879528506334 0.9963465332984924
1674.908786024153 0.9948931932449341
1674.9296191974045 0.9980608820915222
1674.9504523704109 1.0001697540283203
1674.971285543149 1.0005242824554443
1674.9921187156406 1.0002554655075073
1675.0129518878634 1.000659465789795
1675.0337850598405 1.000543475151062
1675.054618231549 1.0007061958312988
1675.0754514030116 1.0005143880844116
1675.0962845742035 1.0006815195083618
1675.1171177451504 1.0003604888916016
1675.1379509158262 1.000283122062683
1675.158784086254 1.000130295753479
1675.179617256412 0.9997931718826294
1675.2004504263205 0.9965177178382874
1675.2212835959601 0.9923630356788635
1675.2421167653515 0.9949593544006348
1675.2629499344705 1.0001637935638428
1675.283783103343 1.0011640787124634
1675.3046162719406 1.0011379718780518
1675.3254494402915 1.001899003982544
1675.34628260837 1.0018994808197021
1675.367115776198 1.0021774768829346
1675.3879489437545 1.0020579099655151
1675.4087821110613 1.002174973487854
1675.450448444878 1.0012842416763306
1675.4712816113865 1.0009658336639404
1675.4921147776447 1.0009329319000244
1675.5129479436296 1.0000776052474976
1675.5337811093627 0.9964219331741333
1675.5546142748221 0.9959938526153564
1675.5754474400294 0.999090313911438
1675.5962806049613 1.0005853176116943
1675.6171137696426 1.000509262084961
1675.6379469340484 1.0007861852645874
1675.658780098202 1.0007396936416626
1675.6796132620796 1.001355767250061
1675.7004464257036 1.0013076066970825
1675.7212795890523 1.0011062622070312
1675.7421127521459 1.00131356716156
1675.7629459149655 1.0012942552566528
1675.7837790775297 1.001221776008606
1675.8046122398177 1.0010895729064941
1675.825445401852 1.0006994009017944
1675.8462785636073 0.9966768026351929
1675.8671117251095 0.9929113388061523
1675.8879448863333 0.996269166469574
1675.9087780473005 1.0008018016815186
1675.929611207991 1.0014959573745728
1675.9504443684264 1.001735806465149
1675.9712775285825 1.0024749040603638
1675.9921106884829 1.0024561882019043
1676.012943848103 1.0028958320617676
1676.033777007468 1.0030699968338013
1676.0546101665527 1.002709984779358
1676.0754433253792 1.0024515390396118
1676.096276483927 1.0020253658294678
1676.1171096422172 1.0016628503799438
1676.1379428002283 1.0018324851989746
1676.1587759579809 1.000341534614563
1676.179609115451 0.9967342615127563
1676.2004422726645 0.9961258172988892
1676.221275429596 1.000085711479187
1676.2421085862672 1.0010020732879639
1676.262941742658 1.0011497735977173
1676.2837748987902 1.0013402700424194
1676.3046080546392 1.0015432834625244
1676.3254412102294 1.001408338546753
1676.3462743655348 1.0016862154006958
1676.367107520582 1.0015101432800293
1676.387940675343 1.00130033493042
1676.4087738298463 1.0011197328567505
1676.429606984065 1.0010461807250977
1676.4504401380232 1.0010892152786255
1676.4712732916964 1.0009785890579224
1676.4921064451087 0.9965094923973083
1676.5129395982347 0.9930338263511658
1676.5337727511 0.996738076210022
1676.5546059036774 1.0011441707611084
1676.5754390559948 1.0019617080688477
1676.596272208026 1.0019539594650269
1676.6171053597946 1.002353549003601
1676.6379385112764 1.0028725862503052
1676.658771662494 1.0027379989624023
1676.6796048134252 1.0027575492858887
1676.7004379640932 1.0024937391281128
1676.721271114471 1.00248122215271
1676.742104264587 1.0023066997528076
1676.762937414416 1.0020817518234253
1676.783770563977 1.0019235610961914
1676.8046037132508 1.000171184539795
1676.8254368622588 0.9964249134063721
1676.8462700109778 0.9959169030189514
1676.8671031594315 0.99967360496521
1676.8879363075928 1.0007083415985107
1676.9087694554905 1.001078724861145
1676.9296026030972 1.0010035037994385
1676.9504357504375 1.001229166984558
1676.9712688974862 1.0014612674713135
1676.9921020442669 1.0013881921768188
1677.0129351907565 1.0011988878250122
1677.033768336979 1.0010594129562378
1677.0546014829063 1.0007516145706177
1677.0754346285687 1.0012630224227905
1677.0962677739358 1.000952959060669
1677.1171009190355 0.9999857544898987
1677.1379340638412 0.9954812526702881
1677.1587672083767 0.9925989508628845
1677.1796003526185 0.9971194267272949
1677.2004334965889 1.001049280166626
1677.221266640266 1.001603364944458
1677.2420997836748 1.0018953084945679
1677.2629329267838 1.0021530389785767
1677.2837660696237 1.002505898475647
1677.3045992121672 1.0022333860397339
1677.3254323544384 1.002161979675293
1677.3462654964133 1.0020405054092407
1677.3670986381142 1.0020127296447754
1677.3879317795208 1.0019701719284058
1677.408764920653 1.0012362003326416
1677.4295980614847 1.0011147260665894
1677.4504312020451 0.9988448619842529
1677.471264342305 0.9957582950592041
1677.4920974822921 0.9960572719573975
1677.5129306219792 0.999354362487793
1677.5337637613918 1.0004016160964966
1677.5545969005025 1.0009857416152954
1677.575430039339 1.0002743005752563
1677.5962631778727 1.0006403923034668
1677.6170963161317 1.001004934310913
1677.6379294540875 1.0008500814437866
1677.6587625917666 1.0004355907440186
1677.6795957291456 1.0005697011947632
1677.7004288662442 1.0008325576782227
1677.721262003039 1.0005667209625244
1677.742095139556 1.000464916229248
1677.7629282757694 0.9993906021118164
1677.7837614117036 0.9945542216300964
1677.8045945473316 0.9924731254577637
1677.825427682682 0.9969457983970642
1677.8462608177251 1.0009572505950928
1677.867093952486 1.0010411739349365
1677.8879270869427 1.0013114213943481
1677.9087602211152 1.0015496015548706
1677.9295933549818 1.0016257762908936
1677.9504264885663 1.0015865564346313
1677.9712596218421 1.0015902519226074
1677.992092754835 1.001582384109497
1678.0129258875163 1.0013397932052612
1678.033759019916 1.0009746551513672
1678.054592152005 1.0007275342941284
1678.0754252838087 1.0003396272659302
1678.0962584153015 0.9981386065483093
1678.1170915465102 0.9951601028442383
1678.137924677404 0.9960094690322876
1678.1587578080128 0.9996209740638733
1678.1795909383068 1.0003730058670044
1678.2004240683139 1.0004541873931885
1678.221257198007 1.0000301599502563
1678.2420903274112 1.0003803968429565
1678.2629234565018 1.000516653060913
1678.2837565853013 1.0003551244735718
1678.304589713785 1.0003782510757446
1678.325422841979 1.0000051259994507
1678.3462559698528 1.000188946723938
1678.3670890974377 1.0001575946807861
1678.3879222247037 1.0001416206359863
1678.4087553516777 0.9989851713180542
1678.4295884783312 0.9939925670623779
1678.450421604691 0.9924581050872803
1678.4712547307302 0.9969196915626526
1678.492087856475 1.0000522136688232
1678.5129209819 1.0007981061935425
1678.5337541070376 1.0005336999893188
1678.5545872318428 1.0007039308547974
1678.57542035635 1.0011591911315918
1678.5962534805321 1.0013784170150757
1678.6170866044154 1.0008454322814941
1678.6379197279734 1.0010673999786377
1678.6587528512327 1.0010401010513306
1678.6795859741642 1.001029133796692
1678.7004190967955 1.0005245208740234
1678.7212522190957 1.0003780126571655
1678.7420853410968 0.9978083372116089
1678.7629184627672 0.9944286942481995
1678.7837515841338 0.9959586262702942
1678.8254178259012 0.9998809695243835
1678.8462509462995 0.999657392501831
1678.8670840663924 1.000251054763794
1678.8879171861481 1.0000730752944946
1678.908750305599 1.0001410245895386
1678.929583424713 1.0002230405807495
1678.9504165435187 1.0002120733261108
1678.9712496619863 1.0000715255737305
1678.992082780143 1.0003209114074707
1679.0129158979605 1.000078797340393
1679.0337490154668 0.9994649291038513
1679.0545821326293 0.9987073540687561
1679.0754152494828 0.9936496615409851
1679.0962483659885 0.9925989508628845
1679.1170814821817 0.9974604249000549
1679.1379145980293 0.999732255935669
1679.1587477135595 1.000219464302063
1679.1795808287434 1.0005964040756226
1679.200413943608 1.0008476972579956
1679.2212470581242 1.0011117458343506
1679.2420801723215 1.0010566711425781
1679.2629132861641 1.001134991645813
1679.283746399687 1.0012460947036743
1679.3045795128562 1.0007935762405396
1679.3254126257007 1.000510334968567
1679.346245738191 1.0000998973846436
1679.367078850354 0.9998907446861267
1679.3879119621583 0.9974237084388733
1679.4087450736358 0.9945106506347656
1679.4295781847518 0.9960479736328125
1679.450411295539 0.9992883801460266
1679.471244405964 0.9992830157279968
1679.4920775160547 0.9994505047798157
1679.5129106257807 0.999501645565033
1679.5337437351711 0.9994620680809021
1679.5545768441937 0.9995483756065369
1679.5754099528797 0.9998630881309509
1679.596243061195 0.9995847940444946
1679.617076169171 0.9998390078544617
1679.637909276772 0.9993395209312439
1679.658742384032 0.9990749955177307
1679.679575490915 0.999409556388855
1679.7004085974515 0.9976091384887695
1679.7212417036123 0.9930282831192017
1679.742074809423 0.9922157526016235
1679.7629079148492 0.9971285462379456
1679.7837410199268 0.999880850315094
1679.8045741246171 1.0001585483551025
1679.8254072289549 1.0003819465637207
1679.8462403329038 1.0007121562957764
1679.867073436494 1.0008666515350342
1679.887906539692 1.0008398294448853
1679.9087396425282 1.0008352994918823
1679.9295727449692 1.001216173171997
1679.950405847047 1.0002588033676147
1679.9712389487236 1.0006747245788574
1679.9920720500334 1.0004446506500244
1680.0129051509384 0.9998206496238708
1680.0337382514715 0.9968204498291016
1680.0545713515965 0.9944969415664673
1680.0754044513449 0.9961733222007751
1680.096237550684 0.9987008571624756
1680.1170706496423 0.999175488948822
1680.1379037481804 0.9994991421699524
1680.1587368463377 0.9996297955513
1680.1795699440709 1.0001070499420166
1680.2004030414178 1.000245213508606
1680.2212361383376 1.000067949295044
1680.2420692348635 0.999955415725708
1680.2629023309573 0.9999702572822571
1680.2837354266544 0.9995352625846863
1680.3045685219104 1.0000417232513428
1680.3254016167666 0.9998248219490051
1680.3462347111783 0.9981959462165833
1680.3670678051828 0.9926934242248535
1680.3879008987362 0.9932293891906738
1680.4087339918763 0.9979979395866394
1680.4295670845602 1.0003234148025513
1680.4504001768241 1.0003963708877563
1680.4712332686256 1.0005658864974976
1680.492066360003 1.0007903575897217
1680.5128994509066 1.001183032989502
1680.5337325413811 1.0013725757598877
1680.5545656313773 1.0010442733764648
1680.5753987209353 1.0010427236557007
1680.5962318100069 1.0006400346755981
1680.6170648986324 1.000548005104065
1680.6378979867634 1.000383973121643
1680.6587310744428 0.9998403787612915
1680.679564161618 0.9964536428451538
1680.7003972483344 0.9943753480911255
1680.7212303345361 0.9968493580818176
1680.7420634202701 0.9994143843650818
1680.7628965054816 0.999497652053833
1680.7837295902143 0.999720573425293
1680.8045626744163 0.9997101426124573
1680.82539575813 0.9997764229774475
1680.8462288412984 0.9998420476913452
1680.8670619239715 1.0001708269119263
1680.8878950060885 0.9999979734420776
1680.9087280876986 1.0004366636276245
1680.9295611687428 0.9998356699943542
1680.9503942492656 0.999462366104126
1680.9712273292096 0.9995195269584656
1680.9920604086203 0.9975698590278625
1681.012893487439 0.9919912219047546
1681.0337265657163 0.9928397536277771
1681.054559643381 0.998111367225647
1681.0753927204905 1.000125527381897
1681.0962257969761 1.0003563165664673
1681.117058872889 1.0011041164398193
1681.1378919481624 1.0009090900421143
1681.1587250228492 1.00110924243927
1681.1795580968776 1.0011850595474243
1681.200391170303 1.0011540651321411
1681.2212242430492 1.0010977983474731
1681.2420573151774 1.0005853176116943
1681.2628903866082 1.0004513263702393
1681.2837234574004 1.000300645828247
1681.3045565274736 0.9994649291038513
1681.3253895968874 0.9962133765220642
1681.3462226655604 0.9947655200958252
1681.367055733555 0.9968040585517883
1681.3878888007812 0.9996717572212219
1681.4087218673055 0.9992002844810486
1681.429554933037 0.9998915791511536
1681.450387998044 0.9994655251502991
1681.4712210622301 1.0002187490463257
1681.4920541256647 1.000030755996704
1681.5128871882484 0.9999359250068665
1681.5337202500523 0.9996569156646729
1681.5545533109744 0.9996969103813171
1681.5753863710872 0.9992685317993164
1681.5962194302842 0.9997801780700684
1681.617052488642 0.9991014003753662
1681.6378855460466 0.9965934157371521
1681.6587186025777 0.9920441508293152
1681.679551658118 0.9928196668624878
1681.7003847127507 0.9981616139411926
1681.7212177663514 0.9999974370002747
1681.7420508190069 1.0004146099090576
1681.7628838705853 1.0008597373962402
1681.7837169211818 1.0011696815490723
1681.8045499706589 1.0010565519332886
1681.825383019111 1.0012108087539673
1681.8462160663976 1.000737190246582
1681.8670491126156 1.0010650157928467
1681.8878821576225 1.0004335641860962
1681.9087152015197 1.0004925727844238
1681.9295482441555 1.0004607439041138
1681.9503812856387 0.9992769360542297
1681.9712143258143 0.995893657207489
1681.9920473647967 0.9943507313728333
1682.0128804024323 0.9973037838935852
1682.0337134388292 0.9997771978378296
1682.0545464738414 0.9997662305831909
1682.075379507583 0.9995498061180115
1682.0962125399094 1.000047206878662
1682.1170455709403 0.9998149275779724
1682.1378786005353 0.9992715120315552
1682.1587116288183 0.9995214343070984
1682.2003776811998 0.9996060132980347
1682.2212107053233 0.9996696710586548
1682.2420437281482 0.9991909265518188
1682.262876749611 0.9994605779647827
1682.283709769824 0.996146559715271
1682.3045427887541 0.9916839003562927
1682.3253758065125 0.9930672645568848
1682.3462088231076 0.9987925291061401