1764.7034485893748 0.9869698882102966
1764.7242825179233 0.9866890907287598
1764.7451164426434 0.9871311187744141
1764.7659503636157 0.9868574142456055
1764.7867842808917 0.9871766567230225
1764.8076181945532 0.987160325050354
1764.8284521046733 0.9867550134658813
1764.8492860113226 0.9871203303337097
1764.8701199145835 0.9870134592056274
1764.8909538145058 0.9869304299354553
1764.911787711169 0.9871728420257568
1764.932621604641 0.9873642921447754
1764.9534554949887 0.987622082233429
1764.9742893822868 0.9877084493637085
1764.995123266579 0.9878842234611511
1765.0159571479371 0.9876038432121277
1765.036791026421 0.987748384475708
1765.0576249020896 0.9874749779701233
1765.0784587750095 0.9873901605606079
1765.0992926452157 0.9876775145530701
1765.1201265127713 0.987729549407959
1765.1409603777288 0.9880951642990112
1765.1617942401376 0.9880305528640747
1765.1826281000467 0.9881818890571594
1765.203461957513 0.9876433610916138
1765.2242958125616 0.9884779453277588
1765.2451296652466 0.988253653049469
1765.265963515611 0.9879899024963379
1765.2867973637053 0.9881302118301392
1765.3076312095498 0.9880267977714539
1765.328465053193 0.9883826971054077
1765.3492988946716 0.987903892993927
1765.3701327340223 0.9883413910865784
1765.3909665712897 0.9884530305862427
1765.4118004064871 0.9871773719787598
1765.432634239658 0.9883243441581726
1765.4534680708334 0.9876126646995544
1765.474301900054 0.9884106516838074
1765.4951357273294 0.9879777431488037
1765.5159695526984 0.9880099296569824
1765.5368033761883 0.988106369972229
1765.5576371978264 0.9873595237731934
1765.5784710176388 0.9877040982246399
1765.5993048356604 0.9883026480674744
1765.6201386518958 0.9881449341773987
1765.6409724663788 0.9883977770805359
1765.661806279132 0.9877021908760071
1765.682640090178 0.988660454750061
1765.7034738995485 0.9891768097877502
1765.7243077072442 0.9885866045951843
1765.7451415132955 0.9888752102851868
1765.7659753177227 0.9881736636161804
1765.786809120554 0.9890608787536621
1765.8076429217883 0.9888876676559448
1765.8284767214543 0.9877749085426331
1765.849310519569 0.9883059859275818
1765.8701443161494 0.9887109994888306
1765.8909781112227 0.9885810613632202
1765.9118119047841 0.9888167381286621
1765.9326456968602 0.9892064929008484
1765.9534794874658 0.9891443252563477
1765.9743132766155 0.9883175492286682
1765.995147064334 0.9886749982833862
1766.0159808506157 0.989306628704071
1766.0368146354836 0.9893874526023865
1766.0576484189512 0.9894027709960938
1766.0784822010417 0.9892023205757141
1766.0993159817478 0.9903973340988159
1766.1201497610914 0.9899290800094604
1766.1409835390846 0.9905593991279602
1766.1618173157394 0.990466833114624
1766.1826510910767 0.990272581577301
1766.2034848650878 0.9904963970184326
1766.2243186377939 0.9912129044532776
1766.2451524092048 0.9906318187713623
1766.2659861793313 0.9904838800430298
1766.2868199481939 0.990549623966217
1766.3076537157813 0.9906556010246277
1766.3284874821138 0.9905468225479126
1766.3493212472008 0.9912964105606079
1766.3701550110509 0.9907638430595398
1766.3909887736836 0.9921094179153442
1766.4118225350874 0.9914568662643433
1766.4326562952806 0.9918114542961121
1766.4534900542715 0.9910221695899963
1766.4743238120789 0.9910396933555603
1766.4951575686898 0.9912347197532654
1766.5159913241225 0.9915483593940735
1766.536825078385 0.9915800094604492
1766.5576588314836 0.9917637705802917
1766.5784925834266 0.9922489523887634
1766.5993263342307 0.9920790791511536
1766.6201600838829 0.9918230175971985
1766.6409938323998 0.9921021461486816
1766.6618275797885 0.9918974041938782
1766.6826613260653 0.9921202659606934
1766.7034950712164 0.9925360083580017
1766.7243288152583 0.9921866059303284
1766.745162558197 0.9918506741523743
1766.7659963000485 0.9925016164779663
1766.7868300407993 0.9930806756019592
1766.807663780464 0.9923197627067566
1766.828497519049 0.9929362535476685
1766.84933125656 0.9923034310340881
1766.870164993012 0.9927735328674316
1766.8909987283903 0.9927919507026672
1766.9118324627104 0.9925466179847717
1766.9326661959774 0.9929735064506531
1766.953499928196 0.9925297498703003
1766.9743336593815 0.992859959602356
1766.9951673895184 0.992886483669281
1767.0160011186217 0.9933074712753296
1767.0368348466961 0.9930393695831299
1767.057668573756 0.9930264353752136
1767.078502299786 0.9933730959892273
1767.0993360248003 0.9933164715766907
1767.1201697488034 0.9934869408607483
1767.1410034717994 0.9933567047119141
1767.1618371938027 0.993277370929718
1767.1826709147972 0.9938992857933044
1767.2035046347971 0.9935725331306458
1767.2243383538064 0.9935644865036011
1767.2451720718384 0.993951678276062
1767.2660057888775 0.9938555359840393
1767.2868395049375 0.9940592646598816
1767.3076732200218 0.9941208958625793
1767.328506934144 0.9946334362030029
1767.349340647288 0.9940459728240967
1767.3701743594668 0.9937154650688171
1767.3910080706844 0.993476390838623
1767.4118417809439 0.9939250946044922
1767.4326754902586 0.9937021732330322
1767.4535091986118 0.9938646554946899
1767.474342906017 0.9937354326248169
1767.4951766124768 0.9940503239631653
1767.5160103179949 0.9947068691253662
1767.536844022584 0.9936516284942627
1767.5576777262277 0.9942596554756165
1767.5785114289383 0.9939939975738525
1767.599345130719 0.994645893573761
1767.620178831583 0.9937785863876343
1767.6410125315126 0.9938575625419617
1767.661846230521 0.9946337342262268
1767.6826799286107 0.9934089183807373
1767.7035136257946 0.9944513440132141
1767.7243473220553 0.9940157532691956
1767.7451810174057 0.9945570826530457
1767.766014711848 0.9947531819343567
1767.7868484053847 0.9940835237503052
1767.8076820980289 0.9950298070907593
1767.8285157897626 0.9948074221611023
1767.8493494805982 0.9943247437477112
1767.870183170539 0.9945603609085083
1767.891016859596 0.9954196810722351
1767.9118505477525 0.9949222207069397
1767.9326842350208 0.9940319657325745
1767.9535179214029 0.9942188262939453
1767.974351606911 0.994344174861908
1767.9951852915276 0.9948244094848633
1768.0160189752648 0.9941915273666382
1768.0368526581246 0.9934367537498474
1768.0576863401195 0.9951568245887756
1768.078520021231 0.9941751956939697
1768.0993537014717 0.9954801201820374
1768.1201873808438 0.9941332340240479
1768.141021059359 0.9953226447105408
1768.161854736999 0.9943046569824219
1768.1826884137765 0.9952179789543152
1768.203522089693 0.9944480657577515
1768.2243557647503 0.994459867477417
1768.245189438961 0.9953954219818115
1768.2660231123061 0.995235800743103
1768.286856784798 0.9952204823493958
1768.3076904564382 0.9949566721916199
1768.328524127239 0.995972216129303
1768.3493577971815 0.9955585598945618
1768.3701914662784 0.9956675171852112
1768.3910251345305 0.9952169060707092
1768.41185880194 0.9951155185699463
1768.4326924685188 0.9956648349761963
1768.453526134248 0.9958292841911316
1768.4743597991398 0.9952602386474609
1768.4951934632056 0.9963889122009277
1768.5160271264272 0.9961366057395935
1768.5368607888158 0.9960351586341858
1768.557694450374 0.9956167936325073
1768.5785281111118 0.9957025051116943
1768.6201954300861 0.9971128702163696
1768.6410290883348 0.9968565702438354
1768.6618627457603 0.9968177080154419
1768.6826964023742 0.9970065355300903
1768.7035300581572 0.9964863657951355
1768.7243637131214 0.996587872505188
1768.7451973672685 0.9972406625747681
1768.766031020609 0.9966562986373901
1768.786864673125 0.9967854022979736
1768.807698324828 0.9975236058235168
1768.8285319757188 0.9970179200172424
1768.8493656258092 0.9959816336631775
1768.8701992750805 0.9966936111450195
1768.8910329235443 0.9969928860664368
1768.9118665712015 0.9968928098678589
1768.9327002180635 0.9971259832382202
1768.953533864112 0.9963674545288086
1768.9743675093575 0.9977413415908813
1768.995201153802 0.9974556565284729
1769.016034797457 0.9972339272499084
1769.036868440303 0.9973544478416443
1769.0577020823514 0.9975343346595764
1769.0785357236039 0.9979570508003235
1769.0993693640614 0.9968159794807434
1769.120203003735 0.9971309900283813
1769.1410366426064 0.9976524114608765
1769.1618702806863 0.9980772733688354
1769.1827039179861 0.9981531500816345
1769.2035375544872 0.9988151788711548
1769.2243711902004 0.9978085160255432
1769.2452048251268 0.9984411001205444
1769.266038459278 0.9974635243415833
1769.2868720926347 0.9986428618431091
1769.3077057252083 0.9979300498962402
1769.328539357 0.9982048869132996
1769.3493729880104 0.9984428286552429
1769.3702066182511 0.9984580278396606
1769.3910402477034 0.9980297088623047
1769.4118738763777 0.9981721639633179
1769.4327075042754 0.9989709854125977
1769.453541131408 0.9994529485702515
1769.4743747577556 0.9987835884094238
1769.4952083833302 0.9992382526397705
1769.5160420081427 0.9991053938865662
1769.5368756321736 0.9989641308784485
1769.5577092554342 0.9992106556892395
1769.578542877926 0.9998974204063416
1769.5993764996595 0.9995059967041016
1769.6202101206156 0.9990042448043823
1769.641043740806 0.9993023872375488
1769.6618773602308 0.9995683431625366
1769.6827109788917 0.9991076588630676
1769.7035445967997 0.9989070296287537
1769.724378213935 0.9987186193466187
1769.7452118303095 0.9992530941963196
1769.766045445934 0.999751627445221
1769.786879060789 0.9997922778129578
1769.8077126748858 0.9992250204086304
1769.8285462882254 0.9992924332618713
1769.8493799008186 0.9988055229187012
1769.8702135126462 0.9997959136962891
1769.8910471237198 1.000223159790039
1769.9118807340396 0.9998139142990112
1769.932714343617 0.9998998641967773
1769.9535479524327 0.9997017979621887
1769.9743815604975 0.9997782111167908
1769.9952151678128 0.9998628497123718
1770.0160487743892 0.9998369216918945
1770.0368823802075 0.9994696378707886
1770.057715985279 1.0000914335250854
1770.0785495896043 0.9996834993362427
1770.0993831931944 0.9999752044677734
1770.12021679603 0.999592661857605
1770.1410503981224 0.9997377991676331
1770.1618839994724 0.999849796295166
1770.1827176000904 0.9999480843544006
1770.2035511999577 1.000190258026123
1770.2243847990856 1.0002151727676392
1770.245218397474 1.0002021789550781
1770.2660519951346 0.9995583891868591
1770.286885592048 1.000300407409668
1770.3077191882248 1.000073790550232
1770.3285527836663 1.000357747077942
1770.3493863783833 1.0003196001052856
1770.3702199723564 1.0006272792816162
1770.3910535655966 1.000022530555725
1770.4118871581152 1.000540852546692
1770.4327207498923 1.0006272792816162
1770.453554340939 1.00032377243042
1770.4743879312566 1.0009413957595825
1770.4952215208555 1.0002691745758057
1770.5160551097165 1.0007754564285278
1770.536888697851 1.000248670578003
1770.5577222852592 1.0004029273986816
1770.5785558719522 0.9999737739562988
1770.5993894579112 1.0006248950958252
1770.6202230431466 1.0002261400222778
1770.6410566276593 1.0004113912582397
1770.6618902114606 1.000597357749939
1770.6827237945306 1.0003021955490112
1770.7035573768806 1.0008184909820557
1770.7243909585216 1.0004267692565918
1770.7452245394338 1.000958800315857
1770.7660581196287 1.0006381273269653
1770.7868916991072 1.000685453414917
1770.8077252778794 1.0009336471557617
1770.8285588559268 1.0003807544708252
1770.8493924332602 1.0005767345428467
1770.87022600988 1.0001792907714844
1770.8910595857976 1.000450611114502
1770.9118931609937 1.0007038116455078
1770.9327267354788 1.000720739364624
1770.953560309254 1.0010994672775269
1770.9743938823303 1.0008221864700317
1770.9952274546883 1.0009487867355347
1771.0160610263388 1.0008106231689453
1771.036894597293 1.0006693601608276
1771.0577281675314 1.0005578994750977
1771.078561737065 1.000588059425354
1771.0993953058949 1.0006697177886963
1771.1202288740315 1.000638723373413
1771.141062441456 1.0010228157043457
1771.161896008179 1.0008708238601685
1771.1827295742014 1.000592589378357
1771.2035631395343 1.0003232955932617
1771.2243967041586 1.0008492469787598
1771.2452302680847 1.0005327463150024
1771.2660638313237 1.0001813173294067
1771.2868973938566 1.0010465383529663
1771.3077309556945 1.0006450414657593
1771.3285645168378 1.0011223554611206
1771.3493980772976 1.0007679462432861
1771.3702316370548 1.0004851818084717
1771.39106519612 1.001116156578064
1771.4118987544946 1.0006730556488037
1771.4327323121893 1.0012288093566895
1771.4535658691848 1.0006552934646606
1771.474399425492 1.0007598400115967
1771.4952329811222 1.0005204677581787
1771.5160665360559 1.0007115602493286
1771.536900090304 1.0004433393478394
1771.5577336438678 1.0011718273162842
1771.5785671967578 1.0005502700805664
1771.5994007489553 1.0001312494277954
1771.620234300471 1.00045645236969
1771.641067851306 1.0008437633514404
1771.6619014014707 1.0005159378051758
1771.682734950947 1.0006574392318726
1771.703568499745 1.0007572174072266
1771.7244020478759 1.0007078647613525
1771.7452355953208 1.000327467918396
1771.7660691420906 1.0006921291351318
1771.786902688186 1.000878930091858
1771.8077362336187 1.000496745109558
1771.828569778369 1.000177025794983
1771.8494033224479 1.0003726482391357
1771.870236865867 1.000197410583496
1771.8910704086065 1.0003018379211426
1771.9119039506777 1.0005227327346802
1771.9327374920822 1.0005650520324707
1771.95357103283 1.00055992603302
1771.9744045729028 1.0002572536468506
1771.9952381123119 1.000309705734253
1772.0160716510575 1.0004853010177612
1772.036905189151 1.0002270936965942
1772.0577387265737 1.000389575958252
1772.0785722633364 1.000334620475769
1772.0994057994503 1.0003856420516968
1772.1202393348965 1.0006417036056519
1772.141072869686 1.0003769397735596
1772.1619064038198 1.0003734827041626
1772.1827399373094 1.000156044960022
1772.2035734701356 1.0
1772.2244070023091 1.0003774166107178
1772.2452405338422 0.9998778104782104
1772.2660740647148 1.0003740787506104
1772.2869075949388 0.9999111890792847
1772.3077411245154 1.0002599954605103
1772.328574653455 0.9999383687973022
1772.3494081817396 0.9998644590377808
1772.3702417093803 0.9995508790016174
1772.391075236388 0.9997762441635132
1772.411908762744 0.9999906420707703
1772.4327422884596 0.9997115731239319
1772.453575813536 0.9996991753578186
1772.495242861786 0.9998406171798706
1772.5160763849524 1.000491976737976
1772.5369099074946 0.9989991784095764
1772.5577434293941 0.9992749094963074
1772.5785769506622 0.9996797442436218
1772.5994104713 1.0004889965057373
1772.620243991319 0.999683141708374
1772.6410775107006 1.0002044439315796
1772.6619110294562 1.000471591949463
1772.682744547587 1.0008385181427002
1772.7035780651047 1.000480055809021
1772.7244115819904 1.0004538297653198
1772.7452450982555 1.0008071660995483
1772.766078613912 1.00108003616333
1772.7869121289407 1.002593994140625
1772.8077456433534 1.0041217803955078
1772.828579157162 1.0041524171829224
1772.8494126703472 1.0047969818115234
1772.870246182921 1.0055047273635864
1772.891079694885 1.0034539699554443
1772.9119132062508 1.00330650806427
1772.9327467169996 1.0040810108184814
1772.9535802271437 1.0072835683822632
1772.974413736694 1.008185863494873
1772.9952472456328 1.0058929920196533
1773.0160807539714 1.0033222436904907
1773.0369142617214 1.0031557083129883
1773.0577477688648 1.003441333770752
1773.0785812754134 1.00509512424469
1773.0994147813785 1.0050350427627563
1773.1202482867425 1.005614161491394
1773.1410817915169 1.0062203407287598
1773.1619152957035 1.00607168674469
1773.1827487993041 1.0066149234771729
1773.2035823023311 1.005751609802246
1773.2244158047658 1.0061296224594116
1773.2452493066205 1.0063774585723877
1773.2660828079074 1.0070198774337769
1773.2869163086077 1.0078412294387817
1773.3077498087341 1.0082354545593262
1773.3285833082987 1.0077885389328003
1773.349416807283 1.007190227508545
1773.3702503056998 1.0066125392913818
1773.3910838035608 1.0074468851089478
1773.4119173008485 1.0044385194778442
1773.4327507975747 1.0094608068466187
1773.4535842937523 1.0196049213409424
1773.4744177893629 1.0180598497390747
1773.4952512844193 1.0166736841201782
1773.5160847789239 1.0148038864135742
1773.5369182728887 1.015257477760315
1773.5577517662962 1.0143629312515259
1773.5785852591594 1.014499545097351
1773.5994187514802 1.0153963565826416
1773.6202522432716 1.0151865482330322
1773.6410857345159 1.0139940977096558
1773.6619192252263 1.0111175775527954
1773.6827527154146 1.0100882053375244
1773.703586205064 1.0100250244140625
1773.7244196941876 1.0088920593261719
1773.7452531827978 1.0086910724639893
1773.7660866708777 1.0096383094787598
1773.7869201584401 1.0095255374908447
1773.807753645488 1.009575366973877
1773.8285871320345 1.0119539499282837
1773.8494206180628 1.012930989265442
1773.870254103586 1.0146480798721313
1773.8910875886168 1.0210137367248535
1773.9119210731394 1.030155897140503
1773.9327545571664 1.034654140472412
1773.9535880407113 1.0374362468719482
1773.974421523758 1.0360183715820312
1773.9952550063194 1.0418199300765991
1774.0160884884094 1.0398893356323242
1774.036921970012 1.0434885025024414
1774.05775545114 1.0412839651107788
1774.078588931798 1.0418367385864258
1774.099422412 1.0365098714828491
1774.1202558917294 1.0258591175079346
1774.1410893710001 1.0259573459625244
1774.1619228498269 1.0274378061294556
1774.1827563281934 1.0295040607452393
1774.2035898061142 1.0331456661224365
1774.2244232836038 1.031699299812317
1774.245256760646 1.0355063676834106
1774.266090237256 1.0346351861953735
1774.2869237134385 1.0383166074752808
1774.307757189208 1.0397439002990723
1774.328590664549 1.0385686159133911
1774.3494241394772 1.0398201942443848
1774.370257614007 1.037599802017212
1774.3910910881239 1.0352609157562256
1774.4119245618433 1.0398821830749512
1774.4327580351805 1.039175271987915
1774.453591508121 1.0331292152404785
1774.4744249806806 1.0140469074249268
1774.4952584528749 1.0237514972686768
1774.5160919246896 1.0231298208236694
1774.5369253961417 1.0167187452316284
1774.5577588672363 1.016710877418518
1774.5785923379904 1.0195331573486328
1774.5994258083904 1.0166953802108765
1774.620259278453 1.0172159671783447
1774.6410927481948 1.0176688432693481
1774.6619262176027 1.0172556638717651
1774.6827596866947 1.017859935760498
1774.7035931554872 1.0185198783874512
1774.7244266239682 1.0164406299591064
1774.7452600921554 1.0117682218551636
1774.7660935600666 1.006738305091858
1774.78692702769 1.0134073495864868
1774.8077604950438 1.0106971263885498
1774.8285939621467 1.015221357345581
1774.8494274289874 1.014501690864563
1774.870260895585 1.014661431312561
1774.8910943619487 1.0119699239730835
1774.9119278280982 1.0095176696777344
1774.932761294023 1.0075304508209229
1774.9535947597533 1.0077699422836304
1774.9744282252793 1.0050554275512695
1774.9952616906219 1.003219485282898
1775.0160951557914 1.0041279792785645
1775.0369286208095 1.0494132041931152
1775.057762085668 1.0253818035125732
1775.0785955503882 1.004141092300415
1775.0994290149924 1.0036683082580566
1775.1202624794737 1.0056138038635254
1775.1410959438547 1.0043472051620483
1775.1619294081586 1.0030992031097412
1775.1827628723795 1.003976821899414
1775.2035963365415 1.0039002895355225
1775.224429800669 1.0000529289245605
1775.2452632647576 0.9999887943267822
1775.266096728832 0.9995256662368774
1775.2869301929193 0.9991942644119263
1775.3077636570154 0.9988635182380676
1775.3285971211474 0.998650312423706
1775.3494305853333 0.9997270107269287
1775.370264049601 0.9986687898635864
1775.3910975139497 0.9997525215148926
1775.4119309784085 1.000462532043457
1775.432764443008 0.9995499849319458
1775.4535979077486 1.0005037784576416
1775.474431372662 0.9992479681968689
1775.4952648377805 0.9997498393058777
1775.5160983031071 1.0014772415161133
1775.536931768676 1.0022226572036743
1775.5577652345216 1.0028846263885498
1775.5785987006495 1.0027616024017334
1775.5994321670964 1.0037134885787964
1775.6202656338999 1.0055835247039795
1775.6410991010684 1.0072681903839111
1775.6619325686415 1.0086854696273804
1775.6827660366598 1.0091975927352905
1775.7035995051356 1.0109553337097168
1775.7244329741113 1.0118271112442017
1775.7452664436316 1.015269160270691
1775.7660999137124 1.015682578086853
1775.7869333844003 1.0201334953308105
1775.807766855734 1.0215516090393066
1775.8286003277635 1.0282317399978638
1775.84943380051 1.0259389877319336
1775.8702672740371 1.0298861265182495
1775.8911007483698 1.0303744077682495
1775.9119342235645 1.0353448390960693
1775.93276769967 1.0411067008972168
1775.953601176747 1.04780113697052
1775.9744346548277 1.0643280744552612
1775.9952681339773 1.0847517251968384
1776.0161016142627 1.167062759399414
1776.0369350957226 1.0427943468093872
1776.0577685784292 0.15646995604038239
1776.0786020624566 0.34817561507225037
1776.099435547851 --
1776.1202690346922 0.20387159287929535
1776.1411025230623 0.22048906981945038
1776.1619360130155 0.18388035893440247
1776.18276950464 0.32758986949920654
1776.203602998026 0.05180155485868454
1776.2244364932376 --
1776.2452699903706 --
1776.266103489525 --
1776.2869369907726 --
1777.7452857177257 1.0196352005004883
1777.7661192023172 1.0193995237350464
1777.786952683729 1.0190411806106567
1777.8077861620345 1.0189443826675415
1777.8286196372746 1.0188682079315186
1777.84945310952 1.0187681913375854
1777.8702865788398 1.0187371969223022
1777.8911200452708 1.018176794052124
1777.9119535088892 1.0178182125091553
1777.9327869697292 1.015155553817749
1777.9536204278536 1.015950083732605
1777.9744538833236 1.0159974098205566
1777.9952873361692 1.0160372257232666
1778.0161207864485 1.0166642665863037
1778.036954234218 1.0156354904174805
1778.057787679504 1.016074776649475
1778.0786211223694 1.016596794128418
1778.0994545628373 1.0160075426101685
1778.1202880009591 1.016235113143921
1778.1411214367843 1.0161712169647217
1778.1619548703318 1.015548825263977
1778.1827883016495 1.0161094665527344
1778.203621730783 1.015744686126709
1778.2244551577478 1.0152534246444702
1778.2452885825878 1.015701413154602
1778.266122005346 1.015647053718567
1778.2869554260342 1.0152734518051147
1778.3077888446937 1.0159327983856201
1778.3286222613638 1.0154932737350464
1778.349455676054 1.0138790607452393
1778.3702890888023 1.0154415369033813
1778.391122499646 1.0154355764389038
1778.4119559085912 1.015539288520813
1778.432789315674 1.0151084661483765
1778.4536227209287 1.0146421194076538
1778.4744561243597 1.0148565769195557
1778.4952895260103 1.0149261951446533
1778.5161229258833 1.0151524543762207
1778.5369563240101 1.0147048234939575
1778.5577897204228 1.0152323246002197
1778.578623115122 1.0152629613876343
1778.599456508137 1.0148825645446777
1778.6202898994984 1.0143990516662598
1778.6411232892046 1.0147674083709717
1778.6619566772843 1.014804482460022
1778.682790063765 1.0146299600601196
1778.7036234486445 1.0141916275024414
1778.7244568319495 1.014728307723999
1778.7452902137068 1.014548897743225
1778.7661235939122 1.014217734336853
1778.7869569725913 1.01397705078125
1778.807790349769 1.0141500234603882
1778.8286237254408 1.0140748023986816
1778.8494570996402 1.0141445398330688
1778.8702904723616 1.0138543844223022
1778.8911238436287 1.0138800144195557
1778.9119572134646 1.0139981508255005
1778.9327905818623 1.0135512351989746
1778.9536239488446 1.0131230354309082
1778.9744573144333 1.013184905052185
1778.9952906786204 1.0135655403137207
1779.0161240414384 1.0128535032272339
1779.0369574028778 1.013296365737915
1779.05779076296 1.012985110282898
1779.0786241217058 1.0130298137664795
1779.099457479106 1.013046145439148
1779.1202908351804 1.0127559900283813
1779.1411241899498 1.0128809213638306
1779.1619575434033 1.0121909379959106
1779.1827908955609 1.0129828453063965
1779.2036242464421 1.012568712234497
1779.2244575960358 1.0124236345291138
1779.245290944361 1.0122734308242798
1779.2661242914367 1.0124799013137817
1779.286957637251 1.0124520063400269
1779.3077909818323 1.0121663808822632
1779.3286243251696 1.0121599435806274
1779.34945766728 1.0119547843933105
1779.3702910081815 1.0120713710784912
1779.3911243478622 1.0119024515151978
1779.4119576863388 1.0115753412246704
1779.4327910236293 1.0118553638458252
1779.4536243597208 1.0115821361541748
1779.4744576946302 1.0111993551254272
1779.4952910283741 1.0115745067596436
1779.5161243609396 1.0113965272903442
1779.5369576923536 1.0111817121505737
1779.5577910226016 1.0106755495071411
1779.5786243517007 1.0113985538482666
1779.5994576796668 1.0105196237564087
1779.620291006486 1.0113414525985718
1779.6411243321745 1.0110150575637817
1779.661957656748 1.0107355117797852
1779.6827909801918 1.010606050491333
1779.7036243025223 1.0109729766845703
1779.7244576237545 1.0104135274887085
1779.7452909438737 1.0101959705352783
1779.7661242629054 1.0106725692749023
1779.7869575808352 1.0098137855529785
1779.8077908976773 1.009981632232666
1779.8286242134473 1.0101206302642822
1779.8494575281302 1.0097756385803223
1779.8702908417504 1.0101263523101807
1779.891124154293 1.0096518993377686
1779.9119574657727 1.010148286819458
1779.9327907762035 1.0095350742340088
1779.9536240855705 1.009545922279358
1779.9744573938879 1.0094153881072998
1779.9952907011698 1.0089372396469116
1780.0161240074005 1.0093388557434082
1780.0369573126047 1.0087904930114746
1780.0577906167662 1.0095018148422241
1780.0786239198985 1.0092673301696777
1780.0994572220166 1.0094051361083984
1780.1202905231034 1.009507417678833
1780.1411238231733 1.0088268518447876
1780.16195712224 1.0087180137634277
1780.1827904202871 1.0085774660110474
1780.2036237173281 1.0084034204483032
1780.2244570133773 1.0086960792541504
1780.2452903084172 1.008379340171814
1780.266123602472 1.0082621574401855
1780.2869568955248 1.008186936378479
1780.3077901875895 1.0084978342056274
1780.3286234786785 1.0079728364944458
1780.3494567687758 1.0082106590270996
1780.3702900579044 1.0083096027374268
1780.3911233460472 1.0082297325134277
1780.4119566332174 1.0080373287200928
1780.4327899194286 1.007850170135498
1780.4536232046632 1.0079506635665894
1780.4744564889345 1.0078892707824707
1780.4952897722553 1.007775068283081
1780.5161230546082 1.0072963237762451
1780.5369563360166 1.0077354907989502
1780.5577896164632 1.0073660612106323
1780.5786228959603 1.0077224969863892
1780.5994561745208 1.007544755935669
1780.620289452128 1.007275104522705
1780.6411227287936 1.0065069198608398
1780.6619560045306 1.0072426795959473
1780.682789279322 1.0071043968200684
1780.7036225531895 1.0070903301239014
1780.7244558261164 1.0070267915725708
1780.7452890981147 1.0071029663085938
1780.7661223691969 1.0062475204467773
1780.7869556393453 1.0071332454681396
1780.8077889085826 1.0062671899795532
1780.8286221768908 1.0069472789764404
1780.8494554442823 1.006612777709961
1780.8702887107697 1.0064340829849243
1780.8911219763347 1.0063806772232056
1780.9119552409898 1.0060489177703857
1780.9327885047474 1.0062510967254639
1780.9536217675889 1.0057363510131836
1780.9744550295372 1.0058993101119995
1780.9952882905743 1.0058072805404663
1781.016121550712 1.0057462453842163
1781.036954809962 1.0060539245605469
1781.0577880683074 1.0060242414474487
1781.0786213257693 1.005844235420227
1781.0994545823298 1.0054717063903809
1781.1202878380016 1.005412220954895
1781.1411210927954 1.0050965547561646
1781.1619543466938 1.005040168762207
1781.1827875997087 1.0053929090499878
1781.2036208518523 1.0046970844268799
1781.2244541031055 1.0050357580184937
1781.2452873534908 1.0048085451126099
1781.26612060299 1.004744052886963
1781.2869538516145 1.004500150680542
1781.3077870993761 1.0048259496688843
1781.3286203462571 1.0048466920852661
1781.3494535922684 1.004591464996338
1781.3702868374223 1.0042905807495117
1781.3911200817004 1.0043020248413086
1781.4119533251242 1.0042797327041626
1781.432786567675 1.0041812658309937
1781.4536198093654 1.0043542385101318
1781.474453050206 1.004374623298645
1781.495286290179 1.004023551940918
1781.5161195293058 1.0039362907409668
1781.5369527675678 1.0035905838012695
1781.5577860049764 1.004148244857788
1781.578619241544 1.0039043426513672
1781.5994524772511 1.0041512250900269
1781.6202857121195 1.0038485527038574
1781.6411189461312 1.0032904148101807
1781.6619521792968 1.0035510063171387
1781.6827854116284 1.0034468173980713
1781.7036186431073 1.0033824443817139
1781.7244518737548 1.0036100149154663
1781.745285103552 1.003385305404663
1781.7661183325213 1.0032562017440796
1781.807784787929 1.0031317472457886
1781.8286180143905 1.0022692680358887
1781.8494512400089 1.0027318000793457
1781.8702844647955 1.002255916595459
1781.8911176887618 1.0023266077041626
1781.9119509118889 1.0021315813064575
1781.932784134188 1.0022598505020142
1781.9536173556708 1.002429723739624
1781.974450576318 1.0015743970870972
1781.9952837961512 1.0018056631088257
1782.0161170151516 1.0016112327575684
1782.0369502333308 1.0029851198196411
1782.0577834506994 1.002140760421753
1782.078616667239 1.0021848678588867
1782.0994498829707 1.0022292137145996
1782.1202830978757 1.0007418394088745
1782.141116311965 1.001529574394226
1782.1619495252505 1.0019073486328125
1782.1827827377126 1.0018880367279053
1782.2036159493725 1.001713514328003
1782.224449160212 1.0015493631362915
1782.2452823702415 1.0019704103469849
1782.2661155794726 1.001531720161438
1782.2869487878863 1.0012189149856567
1782.3077819955038 1.001111388206482
1782.3286152023059 1.0010902881622314
1782.3494484083142 1.0008606910705566
1782.3702816135092 1.0006096363067627
1782.3911148179025 1.000766396522522
1782.4119480215052 1.0011895895004272
1782.4327812242977 1.0003700256347656
1782.4536144263018 1.0000591278076172
1782.4744476274984 1.0000700950622559
1782.4952808278981 1.000150442123413
1782.5161140275127 1.0004128217697144
1782.5369472263226 1.0000399351119995
1782.5577804243492 0.9996272325515747
1782.5786136215731 1.0005265474319458
1782.599446818006 1.000012755393982
1782.6202800136584 0.9998948574066162
1782.6411132085113 1.0000240802764893
1782.6619464025862 0.9995773434638977
1782.6827795958632 0.9997973442077637
1782.7036127883541 1.0000985860824585
1782.7244459800697 0.9997506141662598
1782.745279170991 0.9993977546691895
1782.7661123611383 0.9997763633728027
1782.7869455504938 0.9992237091064453
1782.8077787390673 0.9998970031738281
1782.8286119268705 0.9996854662895203
1782.849445113884 0.9992355704307556
1782.8702783001293 0.9999327659606934
1782.8911114855864 0.9994449019432068
1782.9119446702668 0.9998320937156677
1782.9327778541817 0.9988833665847778
1782.9536110373115 0.9996671676635742
1782.9744442196775 0.999824047088623
1782.9952774012604 0.999553382396698
1783.0161105820712 0.9993940591812134
1783.0369437621207 0.9991636276245117
1783.0577769413903 0.9998619556427002
1783.0786101199003 0.9994739294052124
1783.0994432976318 0.998836100101471
1783.120276474596 0.9995627403259277
1783.1411096508034 0.9991354942321777
1783.161942826235 0.9996999502182007
1783.1827760009119 0.9992918968200684
1783.2036091748148 0.9995540976524353
1783.2244423479544 0.9995737671852112
1783.2452755203424 0.9991137981414795
1783.2661086919586 0.9995835423469543
1783.2869418628243 0.9984797239303589
1783.307775032921 0.9987356066703796
1783.3286082022685 0.998945951461792
1783.3494413708484 0.9991908669471741
1783.3702745386815 0.9986578822135925
1783.3911077057485 0.9990217685699463
1783.4119408720603 0.9991419315338135
1783.432774037628 0.9988034963607788
1783.4536072024318 0.9992059469223022
1783.4744403664833 0.9986675381660461
1783.4952735297932 0.9989797472953796
1783.5161066923422 0.9983165860176086
1783.536939854151 0.9986741542816162
1783.5577730152008 0.9990067481994629
1783.5786061755123 0.9984846115112305
1783.5994393350663 0.9992786049842834
1783.620272493874 0.9985643625259399
1783.6411056519455 0.9992167949676514
1783.6619388092624 0.9991769194602966
1783.6827719658452 0.9987366795539856
1783.703605121675 0.9983954429626465
1783.7244382767624 0.9984159469604492
1783.7452714311182 0.9985132217407227
1783.7661045847237 0.9984707832336426
1783.7869377375991 0.998614490032196
1783.8077708897256 0.9984385967254639
1783.8286040411244 0.998002290725708
1783.8494371917757 0.9981743097305298
1783.8702703416907 0.9982990026473999
1783.8911034908804 0.998855471611023
1783.9119366393252 0.9981479048728943
1783.932769787046 0.9986189007759094
1783.9536029340243 0.9979866147041321
1783.9744360802702 0.9981102347373962
1783.9952692257948 0.9979554414749146
1784.0161023705793 0.9982330203056335
1784.036935514644 0.9981276988983154
1784.0577686579702 0.9980058073997498
1784.0786018005786 0.9980307817459106
1784.0994349424498 0.9982664585113525
1784.120268083595 0.9979397654533386
1784.141101224025 0.9983150959014893
1784.1619343637208 0.9979363679885864
1784.1827675027027 0.9981482625007629
1784.2036006409523 0.9979267120361328
1784.22443377849 0.9980456829071045
1784.2452669152967 0.99806809425354
1784.2661000513838 0.9971645474433899
1784.2869331867614 0.9976766109466553
1784.3077663214106 0.9979391098022461
1784.3285994553528 0.9973822832107544
1784.349432588568 0.9974697828292847
1784.3702657210679 0.9982235431671143
1784.3910988528633 0.9976621866226196
1784.4119319839344 0.9977114796638489
1784.4327651143028 0.9978189468383789
1784.453598243949 0.9975473284721375
1784.4744313728943 0.9981411695480347
1784.4952645011192 0.9973715543746948
1784.5160976286347 0.9975617527961731
1784.5369307554522 0.9979771971702576
1784.5577638815519 0.9980499148368835
1784.5785970069549 0.9977553486824036
1784.5994301316425 0.9976237416267395
1784.6202632556253 0.9976944327354431
1784.6410963789142 0.9975005388259888
1784.6619295014905 0.9978479146957397
1784.6827626233746 0.9975196123123169
1784.7035957445478 0.9978777766227722
1784.7244288650313 0.9976527094841003
1784.7452619848054 0.9976422190666199
1784.7660951038815 0.9977648258209229
1784.7869282222705 0.9976180195808411
1784.8077613399535 0.997275173664093
1784.8285944569511 0.9974901080131531
1784.8494275732446 0.9975388050079346
1784.8702606888548 0.9976716637611389
1784.891093803763 0.9971558451652527
1784.91192691799 0.9968511462211609
1784.9327600315169 0.9972841739654541
1784.9535931443543 0.9976304769515991
1784.9744262565139 0.99730384349823
1784.9952593679761 0.9974962472915649
1785.0160924787624 0.9972751140594482
1785.0369255888538 0.9973893165588379
1785.057758698271 0.9974784851074219
1785.0785918069953 0.9971921443939209
1785.0994249150378 0.9978929162025452
1785.1202580224096 0.9973047375679016
1785.1410911290916 0.9972316026687622
1785.1619242351048 0.9965074062347412
1785.182757340431 0.9970993399620056
1785.2035904450806 0.9969361424446106
1785.2244235490648 0.9973227381706238
1785.2452566523652 0.997136116027832
1785.2660897550022 0.9970098733901978
1785.2869228569575 0.9970524311065674
1785.3077559582523 0.9972106218338013
1785.3285890588675 0.9966110587120056
1785.3494221588141 0.9970442652702332
1785.370255258104 0.9970194101333618
1785.3910883567175 0.9974071979522705
1785.4119214546765 0.99698805809021
1785.432754551962 0.9972546100616455
1785.4535876485952 0.9972181916236877
1785.4744207445572 0.9971923828125
1785.4952538398697 0.9969826936721802
1785.5160869345134 0.9965019226074219
1785.5369200285002 0.9967243075370789
1785.557753121841 0.9965195059776306
1785.578586214517 0.996986448764801
1785.5994193065499 0.9968148469924927
1785.620252397921 0.997064471244812
1785.641085488651 0.9969654083251953
1785.6619185787222 0.9965755939483643
1785.6827516681556 0.9966225028038025
1785.7035847569323 0.9969269037246704
1785.7244178450642 0.997054398059845
1785.7452509325624 0.9965503811836243
1785.7660840194085 0.9966950416564941
1785.8077501911903 0.9952329397201538
1785.8285832761287 0.995630145072937
1785.849416360421 0.9954485297203064
1785.8702494440888 0.9961692094802856
1785.8910825271134 0.9951992630958557
1785.9119156095064 0.9962856769561768
1785.9327486912796 0.9958876371383667
1785.9535817724147 0.9962586164474487
1785.9744148529328 0.9957948327064514
1785.995247932816 0.9959293007850647
1786.016081012086 0.9959995150566101
1786.0369140907244 0.996012806892395
1786.0577471687427 0.9963855743408203
1786.078580246153 0.9956857562065125
1786.0994133229367 0.996009111404419
1786.120246399116 0.9960330128669739
1786.1410794746726 0.9957667589187622
1786.161912549628 0.9961132407188416
1786.1827456239644 0.9956043362617493
1786.2035786977037 0.9962596297264099
1786.2244117708278 0.9964086413383484
1786.2452448433485 0.9956947565078735
1786.2660779152782 0.9962790608406067
1786.2869109865983 0.9959181547164917
1786.307744057331 0.9964722990989685
1786.328577127459 0.9965925812721252
1786.3494101970036 0.9959657788276672
1786.3702432659472 0.9963812828063965
1786.3910763343124 0.9961637854576111
1786.411909402081 0.9966069459915161
1786.432742469265 0.9958575963973999
1786.4535755358772 0.9973151683807373
1786.4744086018995 0.9967077374458313
1786.4952416673543 0.9964606761932373
1786.5160747322245 0.996780514717102
1786.536907796532 0.9965714812278748
1786.5577408602592 0.9976105690002441
1786.578573923429 0.9968240261077881
1786.5994069860237 0.9967986941337585
1786.6202400480558 0.9969156384468079
1786.6410731095386 0.9972046613693237
1786.661906170454 0.9969973564147949
1786.6827392308248 0.9967466592788696
1786.7035722906342 0.9971877336502075
1786.724405349905 0.9969721436500549
1786.7452384086198 0.9972529411315918
1786.7660714668016 0.9971930980682373
1786.7869045244336 0.9973623752593994
1786.8077375815385 0.9979194402694702
1786.8285706380998 0.9979655146598816
1786.8494036941306 0.9978088736534119
1786.8702367496437 0.9972826242446899
1786.8910698046227 0.9977307319641113
1786.9119028590912 0.9975182414054871
1786.932735913032 0.9974828958511353
1786.953568966469 0.9974992275238037
1786.974402019386 0.9978055953979492
1786.995235071796 0.9976103901863098
1787.016068123713 0.9975823163986206
1787.0369011751209 0.997983992099762
1787.0577342260433 0.9974358677864075
1787.0785672764641 0.9979047179222107
1787.099400326408 0.9975171685218811
1787.1202333758579 0.9981303811073303
1787.1410664248388 0.9979500770568848
1787.1618994733349 0.998414158821106
1787.1827325213703 0.9980993866920471
1787.2035655689297 0.9976763129234314
1787.2243986160377 0.9982506632804871
1787.2452316626786 0.9982724785804749
1787.2660647088676 0.9981268644332886
1787.2868977546193 0.9980557560920715
1787.3077307999185 0.998113214969635
1787.3285638447908 0.9983474016189575
1787.3493968892212 0.9976589679718018
1787.3702299332347 0.9980984330177307
1787.3910629768172 0.9983109831809998
1787.411896019994 0.9984066486358643
1787.4327290627512 0.9986855983734131
1787.4535621051043 0.9985458850860596
1787.4743951470693 0.998653769493103
1787.4952281886428 0.9989936947822571
1787.5160612298205 0.9986134171485901
1787.5368942706193 0.9983463883399963
1787.557727311056 0.9987050294876099
1787.5785603511165 0.9989486336708069
1787.5993933908287 0.998771071434021
1787.6202264301796 0.9985843300819397
1787.641059469196 0.9989156126976013
1787.661892507866 0.9988885521888733
1787.6827255462174 0.999457061290741
1787.7035585842375 0.9990435838699341
1787.7243916219552 0.9993239045143127
1787.7452246593587 0.999320387840271
1787.766057696466 0.9997217059135437
1787.7868907332968 0.9996246695518494
1787.80772376984 1.0000821352005005
1787.8285568061249 0.999907374382019
1787.849389842141 0.9999761581420898
1787.8702228779184 1.0007474422454834
1787.8910559134472 1.0006284713745117
1787.9118889487581 1.0004898309707642
1787.932721983842 1.0003306865692139
1787.9535550187297 1.0003201961517334
1787.9743880534131 1.0003029108047485
1787.9952210879242 1.0001248121261597
1788.0160541222544 1.0006237030029297
1788.0368871564272 1.0012067556381226
1788.0577201904655 1.0010473728179932
1788.0785532243622 1.0014513731002808
1788.0993862581515 1.0014156103134155
1788.120219291828 1.0023976564407349
1788.1410523254262 1.001712441444397
1788.1618853589416 1.0022002458572388
1788.1827183924097 1.0021333694458008
1788.2035514258273 1.001546025276184
1788.224384459231 1.002272367477417
1788.2452174926182 1.003050446510315
1788.2660505260276 1.0024824142456055
1788.2868835594572 1.0029298067092896
1788.3077165929471 1.0033625364303589
1788.3285496264973 1.0032882690429688
1788.3493826601384 1.0034326314926147
1788.3702156939023 1.0044664144515991
1788.3910487277917 1.004881501197815
1788.4118817618496 1.0053232908248901
1788.43271479608 1.004667043685913
1788.4535478305288 1.0059245824813843
1788.4743808652013 1.0067545175552368
1788.4952139001452 1.0074758529663086
1788.5160469353689 1.0072449445724487
1788.5368799709213 1.0093331336975098
1788.5577130068132 1.0093344449996948
1788.5785460430966 1.0099108219146729
1788.5993790797845 1.0103468894958496
1788.6202121169315 1.0121231079101562
1788.6410451545537 1.0119038820266724
1788.6618781927086 1.0120389461517334
1788.6827112314154 1.0141208171844482
1788.7035442707252 1.0147249698638916
1788.7243773106904 1.016647219657898
1788.7452103513358 1.0181368589401245
1788.7660433927283 1.019290566444397
1788.7868764348962 1.022844910621643
1788.8077094779103 1.0254191160202026
1788.8285425218048 1.030289649963379
1788.8493755666545 1.0314013957977295
1788.8702086124986 1.036994457244873
1788.8910416594176 1.038682222366333
1788.911874707456 1.0409743785858154
1788.9327077567007 1.0480412244796753
1788.953540807202 1.057192087173462
1788.974373859054 1.0831773281097412
1788.9952069123128 1.1361762285232544
1789.0160399670804 1.2876739501953125
1789.0368730234215 0.2431686371564865
1789.0577060814344 --
1789.0785391412228 --
1789.099372202874 --
1789.1202052664803 0.275138258934021
1789.1410383321584 0.10817910730838776
1789.1618714000306 0.6094561219215393
1789.2035375427872 --
1789.2243706179208 --
1789.2452036957454 --
1789.266036776378 --
1789.2868698599807 --
1789.3077029466788 --
1789.3285360366428 0.4058386981487274
1789.3493691300066 --
1789.3702022269456 --
1789.3910353275974 --
1789.4118684321395 --
1789.4327015407077 --
1789.453534653464 --
1789.4743677705637 --
1789.4952008921327 0.10243483632802963
1789.5160340182838 1.409193515777588
1789.5368671491328 1.1223422288894653
1789.5577002847724 1.061703085899353
1789.5785334252391 1.0468863248825073
1789.599366570576 1.0344104766845703
1789.6201997207472 1.0254027843475342
1789.6410328757115 1.0192276239395142
1789.6618660353379 1.0142488479614258
1789.6826991994787 1.00997793674469