1653.9501199995375 1.000292181968689
1653.9709535142035 1.0004485845565796
1653.9917870297386 1.0001327991485596
1654.0126205462598 1.000208854675293
1654.0334540636813 0.9999379515647888
1654.0542875820963 1.0002655982971191
1654.0751211014165 1.0000038146972656
1654.0959546217218 0.999987006187439
1654.1167881429205 1.0004161596298218
1654.1376216650701 0.999894380569458
1654.1584551880921 0.9990491271018982
1654.1792887120275 0.9993876218795776
1654.2001222367971 0.9998114705085754
1654.2209557624333 0.9997870326042175
1654.2417892888595 0.9995719790458679
1654.2626228161027 0.9989564418792725
1654.2834563440895 0.999454140663147
1654.3042898728363 0.999025821685791
1654.32512340228 0.9989521503448486
1654.3459569324284 0.9998353123664856
1654.3667904632232 0.9994178414344788
1654.3876239946699 0.9994394183158875
1654.4084575267138 0.9994820356369019
1654.4292910593588 0.9987503886222839
1654.450124592551 0.9989452362060547
1654.4709581262953 0.999039351940155
1654.4917916605434 0.9984668493270874
1654.5334587305033 0.9988400936126709
1654.5542922661728 0.9992704391479492
1654.5751258022588 0.9989956021308899
1654.5959593387622 0.9986706972122192
1654.6167928756438 0.9991645812988281
1654.6376264129065 0.9987152218818665
1654.6584599505113 0.998942494392395
1654.6792934884543 0.999235212802887
1654.7001270267099 0.9989396929740906
1654.7209605652713 0.9996069073677063
1654.7417941041124 0.9999467730522156
1654.7626276432277 0.9995894432067871
1654.783461182592 0.9991960525512695
1654.8042947222032 0.9996523261070251
1654.8251282620363 0.9998846650123596
1654.8459618020856 0.9995052218437195
1654.8667953423344 0.9995103478431702
1654.8876288827732 0.9992114305496216
1654.908462423388 0.9992491006851196
1654.9292959641718 0.9988759160041809
1654.9501295051057 1.000100016593933
1654.970963046188 1.0000293254852295
1654.9917965874017 0.9995434284210205
1655.0126301287414 1.0000972747802734
1655.0334636701962 0.9997501373291016
1655.054297211755 0.9998458623886108
1655.0751307534117 1.0000896453857422
1655.0959642951568 0.9997279047966003
1655.1167978369822 0.9998310208320618
1655.1376313788792 0.9998775124549866
1655.1584649208396 1.0001087188720703
1655.179298462858 0.9999549388885498
1655.2001320049299 1.000205636024475
1655.2209655470392 1.0000470876693726
1655.2417990891886 1.0004175901412964
1655.2626326313648 0.9997078776359558
1655.2834661735687 0.9991204738616943
1655.304299715787 1.0003995895385742
1655.3251332580187 1.0000866651535034
1655.3459668002542 0.999703049659729
1655.3668003424946 0.9997602105140686
1655.387633884725 0.9993867874145508
1655.4084674269493 0.9997981190681458
1655.4293009691537 0.9994710683822632
1655.4501345113445 0.9997233748435974
1655.4709680535066 1.000115990638733
1655.4918015956418 0.9998037815093994
1655.512635137741 1.0001877546310425
1655.5334686798062 1.0004136562347412
1655.5543022218255 1.000695824623108
1655.575135763803 1.0000323057174683
1655.5959693057243 0.9999879002571106
1655.6168028476002 1.0005830526351929
1655.6376363894124 0.9999102354049683
1655.6584699311659 0.999690592288971
1655.6793034728523 1.0004732608795166
1655.7001370144756 1.0004414319992065
1655.7209705560224 0.9997819662094116
1655.7418040975 0.9997775554656982
1655.7626376388941 0.9999873042106628
1655.7834711802147 1.0002717971801758
1655.8043047214444 0.9999313950538635
1655.825138262594 0.9999708533287048
1655.8459718036488 1.000281810760498
1655.8668053446154 1.0002367496490479
1655.8876388854856 0.9999017119407654
1655.908472426261 0.9999370574951172
1655.9293059669308 1.0000158548355103
1655.9501395075054 0.9999257326126099
1655.9709730479692 1.0001933574676514
1655.991806588332 0.9999192357063293
1656.0126401285797 1.0000191926956177
1656.0334736687207 1.0001643896102905
1656.054307208744 1.000252604484558
1656.0751407486546 0.9998366832733154
1656.095974288443 1.0002013444900513
1656.1168078281178 0.9998713135719299
1656.1376413676644 0.9999294877052307
1656.1584749070935 0.999833881855011
1656.17930844639 1.0001448392868042
1656.200141985565 1.0002057552337646
1656.2209755246058 1.0002291202545166
1656.2418090635201 1.0002624988555908
1656.2626426022957 0.9999861717224121
1656.2834761409438 1.000382900238037
1656.3043096794468 1.000320553779602
1656.3251432178229 0.9998952150344849
1656.3459767560485 1.0002893209457397
1656.3668102941424 0.9998263120651245
1656.3876438320865 1.000227689743042
1656.408477369894 0.9998793005943298
1656.429310907549 0.9998046159744263
1656.4501444450646 0.999891996383667
1656.4709779824234 1.0000404119491577
1656.4918115196422 1.0000969171524048
1656.5126450567006 0.9997835755348206
1656.5334785936157 1.0002045631408691
1656.5543121303697 0.9998970031738281
1656.5751456669745 1.000251054763794
1656.5959792034196 1.000366449356079
1656.6168127397116 0.999950110912323
1656.6376462758394 1.000326156616211
1656.6584798118156 0.9998024106025696
1656.6793133476235 1.000015377998352
1656.7001468832773 1.0000877380371094
1656.7209804187607 1.0002624988555908
1656.741813954086 1.0003437995910645
1656.7626474892406 0.9998878240585327
1656.7834810242373 1.000045895576477
1656.8043145590589 1.0002479553222656
1656.8251480937206 1.0000743865966797
1656.8459816282043 0.9999909400939941
1656.8668151625282 1.0004571676254272
1656.8876486966712 1.000551700592041
1656.9084822306515 0.9999937415122986
1656.9293157644513 0.9999817609786987
1656.9501492980835 0.999957263469696
1656.9709828315372 1.0002636909484863
1656.991816364822 0.9993302822113037
1657.01264989792 1.0001070499420166
1657.0334834308517 0.9998465776443481
1657.0543169635966 1.0000697374343872
1657.075150496172 0.9999538064002991
1657.0959840285593 0.9994539618492126
1657.116817560774 0.9999678134918213
1657.1376510928003 0.9997180700302124
1657.1584846246533 1.0000399351119995
1657.1793181563155 1.0000653266906738
1657.200151687803 0.9997724294662476
1657.220985219096 0.9996745586395264
1657.2418187502149 0.9997729659080505
1657.262652281142 1.0002609491348267
1657.2834858118879 1.000062346458435
1657.3043193424403 1.000244379043579
1657.325152872813 0.9997085928916931
1657.3668199329884 0.9991878271102905
1657.387653462788 1.0003647804260254
1657.4084869924072 0.9985194802284241
1657.4293205218264 0.9987056255340576
1657.4501540510641 0.9992519021034241
1657.4709875801002 0.9986149072647095
1657.4918211089519 0.9972242712974548
1657.5126546376027 0.9988657832145691
1657.5334881660692 0.9991531372070312
1657.5543216943327 0.9993789792060852
1657.5751552224103 0.9984511733055115
1657.595988750282 0.998932957649231
1657.6168222779688 0.9987823367118835
1657.6376558054526 0.9981564283370972
1657.6584893327447 0.9985334277153015
1657.6793228598324 0.9993571639060974
1657.7001563867302 0.9992589950561523
1657.7209899134216 0.9990874528884888
1657.7418234399245 0.99852055311203
1657.7626569662168 0.9993811249732971
1657.7834904923193 0.9996321797370911
1657.8043240182126 0.9992119073867798
1657.8251575439124 0.9993017315864563
1657.8459910694055 0.9992305040359497
1657.8668245947024 0.9993059635162354
1657.8876581197896 0.9988045692443848
1657.9084916446834 0.9998050332069397
1657.9293251693641 0.9994229674339294
1657.9501586938525 0.999299168586731
1657.9709922181255 0.9988088607788086
1657.9918257422046 0.9996689558029175
1658.0126592660695 0.9989136457443237
1658.0334927897363 1.0001137256622314
1658.0543263131913 0.9993457198143005
1658.0751598364486 0.9999973773956299
1658.095993359489 0.9997869729995728
1658.1168268823328 0.9997653365135193
1658.137660404959 1.000045895576477
1658.158493927389 0.9992961287498474
1658.1793274496004 1.000002384185791
1658.2001609716108 0.9996081590652466
1658.2209944934057 0.9996784329414368
1658.241828014998 0.9990413784980774
1658.2626615363738 0.9992033243179321
1658.2834950575486 0.9995126128196716
1658.3043285785025 1.0000839233398438
1658.325162099256 0.9998064041137695
1658.345995619789 0.9998550415039062
1658.36682914012 0.9999707937240601
1658.3876626602296 0.9998309016227722
1658.4084961801348 1.0001657009124756
1658.4293296998198 1.0005067586898804
1658.4501632193014 0.9997824430465698
1658.4709967385604 0.9998988509178162
1658.4918302576157 0.999957799911499
1658.5126637764463 0.9998972415924072
1658.5334972950732 1.0001046657562256
1658.5543308134759 1.0001928806304932
1658.5751643316737 0.9999013543128967
1658.5959978496464 1.0002613067626953
1658.6168313674136 0.999983012676239
1658.6376648849532 1.0000190734863281
1658.6584984022882 1.0002225637435913
1658.6793319193962 0.9997138977050781
1658.7001654362991 1.000257968902588
1658.7209989529742 1.000199317932129
1658.7418324694406 1.0003776550292969
1658.7626659856808 0.9999924898147583
1658.7834995017108 1.0003044605255127
1658.8043330175167 1.000557541847229
1658.8251665331118 1.0000354051589966
1658.8460000484763 1.0003238916397095
1658.8668335636332 1.0007386207580566
1658.8876670785612 1.0001200437545776
1658.9085005932793 0.9999408721923828
1658.9293341077673 1.0000466108322144
1658.9501676220432 1.000521183013916
1658.9710011360914 0.9998566508293152
1658.991834649928 1.0002065896987915
1659.012668163532 1.000647783279419
1659.033501676926 1.0005241632461548
1659.0543351900874 1.0001131296157837
1659.0751687030377 1.000147819519043
1659.0960022157558 1.0010180473327637
1659.1168357282606 1.000512719154358
1659.1376692405345 1.0001063346862793
1659.1585027525944 1.0004745721817017
1659.1793362644198 1.000518560409546
1659.200169776032 1.00004243850708
1659.2210032874104 1.0004287958145142
1659.2418367985767 0.9999156594276428
1659.2626703095077 1.0003535747528076
1659.2835038202231 0.9996390342712402
1659.3043373307048 1.0000673532485962
1659.3251708409696 0.9999731183052063
1659.3460043510008 1.0000123977661133
1659.3668378608188 1.0003259181976318
1659.3876713703964 1.0006264448165894
1659.4085048797604 1.0000807046890259
1659.4293383888878 1.0004090070724487
1659.4501718977983 1.0001388788223267
1659.4710054064733 1.000605821609497
1659.4918389149295 1.000093936920166
1659.5126724231507 1.0000141859054565
1659.5335059311556 1.0006729364395142
1659.5543394389192 1.000201940536499
1659.5751729464662 1.0003552436828613
1659.5960064537746 1.0003080368041992
1659.6168399608646 1.0002050399780273
1659.6376734677158 0.9998077750205994
1659.6585069743476 1.000535488128662
1659.6793404807406 1.0004162788391113
1659.7001739869147 1.000180959701538
1659.721007492849 1.0002481937408447
1659.7418409985637 1.0002995729446411
1659.7626745040359 1.0002143383026123
1659.7835080092902 0.9998914003372192
1659.8043415143036 1.000108003616333
1659.8251750190966 1.0005075931549072
1659.8460085236482 1.0004886388778687
1659.8668420279782 1.0001548528671265
1659.887675532067 1.0004570484161377
1659.908509035934 1.0003184080123901
1659.9293425395583 1.0001894235610962
1659.9501760429641 1.0001798868179321
1659.9710095461242 1.0003291368484497
1659.9918430490623 1.0002875328063965
1660.012676551758 0.9996889233589172
1660.0335100542302 1.000388503074646
1660.0543435564598 1.0005335807800293
1660.0751770584675 1.0002343654632568
1660.0960105602278 1.000063419342041
1660.116844061767 0.9999978542327881
1660.1376775630604 0.9999210834503174
1660.1585110641313 0.9999878406524658
1660.179344564957 1.0000271797180176
1660.2001780655587 1.000142216682434
1660.221011565915 0.9999426007270813
1660.2418450660462 0.9998756051063538
1660.2626785659297 1.0002025365829468
1660.2835120655905 0.9996853470802307
1660.3043455650036 1.000002384185791
1660.3251790641934 1.0001633167266846
1660.3460125631354 1.0002381801605225
1660.3668460618503 1.000074863433838
1660.3876795603192 1.0001322031021118
1660.40851305856 1.000270128250122
1660.4293465565556 1.0001001358032227
1660.4501800543248 1.0003111362457275
1660.471013551843 1.0001505613327026
1660.4918470491361 0.999883770942688
1660.5126805461805 0.999853253364563
1660.5335140429966 1.000245213508606
1660.5543475395643 1.0004332065582275
1660.5751810359045 1.0003852844238281
1660.5960145319953 0.9998522400856018
1660.6168480278575 1.0001319646835327
1660.637681523468 1.000213384628296
1660.6585150188516 1.0000240802764893
1660.679348513984 0.9998810291290283
1660.7001820088892 1.0001788139343262
1660.7418489979657 0.9992552399635315
1660.7626824921383 0.9992862343788147
1660.7835159860813 0.9992971420288086
1660.8043494797703 0.9988505840301514
1660.8251829732335 0.9994354248046875
1660.84601646644 0.999849796295166
1660.866849959418 0.9995564222335815
1660.8876834521434 0.9999039769172668
1660.9085169446369 0.999564528465271
1660.929350436878 0.9997982978820801
1660.9501839288878 1.0000665187835693
1660.971017420644 0.9993411302566528
1660.9918509121685 0.9997098445892334
1661.0126844034369 0.9999136924743652
1661.033517894475 1.0000865459442139
1661.0543513852588 0.999438464641571
1661.0751848758086 0.9998133182525635
1661.0960183661057 0.9991868734359741
1661.1168518561678 0.9997991323471069
1661.1376853459753 0.9991587996482849
1661.1585188355486 0.9995633959770203
1661.179352324866 0.9994603395462036
1661.2001858139506 0.9993651509284973
1661.2210193027788 0.9999400973320007
1661.2418527913726 0.9996206760406494
1661.26268627971 0.9991697072982788
1661.2835197678112 0.9994041323661804
1661.3043532556565 0.9998506307601929
1661.3251867432655 0.9997040629386902
1661.3460202306178 0.9995650053024292
1661.3668537177348 0.9996384978294373
1661.3876872045923 0.999244213104248
1661.408520691215 0.9994356036186218
1661.4293541775792 0.9997292160987854
1661.4501876637048 0.9993839263916016
1661.4710211495744 0.9994367957115173
1661.4918546352062 0.9998190402984619
1661.5126881205774 0.9999719858169556
1661.5335216057124 0.9997472167015076
1661.5543550905863 1.0003217458724976
1661.5751885752234 0.9998233914375305
1661.5960220596003 0.9992542862892151
1661.6168555437366 0.9993837475776672
1661.6376890276163 1.0001760721206665
1661.6585225112533 0.9999932646751404
1661.679355994631 0.9996909499168396
1661.7001894777693 0.999523401260376
1661.7210229606446 1.000035047531128
1661.7418564432817 1.0000481605529785
1661.762689925656 1.0002596378326416
1661.7835234077907 0.9998132586479187
1661.8043568896621 0.9995959401130676
1661.8251903712915 1.0000807046890259
1661.8460238526593 1.0003135204315186
1661.8668573337861 0.999902606010437
1661.887690814648 0.9998536705970764
1661.9085242952706 1.000158429145813
1661.9293577756268 1.000243902206421
1661.950191255742 1.0001425743103027
1661.9710247355924 1.0001119375228882
1661.9918582151986 1.0003018379211426
1662.0126916945408 1.0000249147415161
1662.0335251736396 1.0000165700912476
1662.0543586524743 1.0004931688308716
1662.075192131065 1.0002102851867676
1662.0960256093877 1.000204086303711
1662.116859087468 1.0003257989883423
1662.137692565281 0.9997727274894714
1662.158526042848 1.000325083732605
1662.179359520149 1.000350832939148
1662.2001929972057 1.0005205869674683
1662.2210264739938 1.000421404838562
1662.241859950537 1.0
1662.2626934268103 1.0002472400665283
1662.2835269028387 1.0000561475753784
1662.304360378596 1.000076413154602
1662.325193854111 1.0000754594802856
1662.346027329354 1.0002905130386353
1662.3668608043483 1.0002801418304443
1662.3876942790741 1.0000990629196167
1662.4085277535526 1.000553011894226
1662.429361227759 1.0001908540725708
1662.4501947017188 0.9999788403511047
1662.471028175407 1.0005409717559814
1662.4918616488462 1.0001780986785889
1662.5126951220136 1.00043523311615
1662.53352859493 1.0000308752059937
1662.5543620675755 0.9999987483024597
1662.5751955399705 1.0001685619354248
1662.5960290120931 0.9999969601631165
1662.6168624839659 1.000331997871399
1662.6376959555641 1.0003831386566162
1662.658529426912 0.9996641874313354
1662.6793628979851 1.000244140625
1662.7001963688049 1.0002366304397583
1662.7210298393513 0.9998165369033813
1662.7418633096452 0.9999155402183533
1662.7626967796637 1.000266432762146
1662.783530249431 1.0001978874206543
1662.8043637189185 1.0000578165054321
1662.825197188156 1.0001412630081177
1662.846030657113 0.9999499320983887
1662.8668641258187 1.0001479387283325
1662.8876975942462 0.9999151825904846
1662.9085310624182 1.0000134706497192
1662.9293645303137 0.9997743964195251
1662.9501979979534 0.9999995231628418
1662.9710314653125 0.9999392628669739
1662.991864932416 1.0002923011779785
1663.0126983992395 1.0003703832626343
1663.0335318658078 1.0000301599502563
1663.0543653320951 0.9997662901878357
1663.0751987981257 1.0000252723693848
1663.0960322638746 0.9999170303344727
1663.1168657293647 0.9997787475585938
1663.1376991945735 1.0002408027648926
1663.1585326595232 1.0002046823501587
1663.1793661241898 1.000059723854065
1663.2001995885983 0.9998892545700073
1663.2210330527228 1.0002411603927612
1663.2418665165876 1.000338077545166
1663.2626999801678 1.000107765197754
1663.2835334434856 1.0002864599227905
1663.3043669065198 1.0002144575119019
1663.325200369294 1.0002554655075073
1663.3460338317786 0.9996846914291382
1663.3668672940034 1.0000687837600708
1663.387700755941 1.0001919269561768
1663.4085342176156 1.000112533569336
1663.4293676790026 0.9999141097068787
1663.450201140124 1.0002961158752441
1663.4710346009583 1.0002940893173218
1663.4918680615285 0.9997951984405518
1663.5127015218077 0.9996896982192993
1663.5335349818229 0.9998123645782471
1663.5543684415472 0.9998674392700195
1663.5752019010058 1.0001819133758545
1663.5960353601727 1.000381588935852
1663.6168688190717 0.9998611807823181
1663.637702277678 1.0000392198562622
1663.6585357360168 1.0002788305282593
1663.679369194063 1.0003914833068848
1663.7002026518417 0.9998464584350586
1663.7210361093234 0.9999300241470337
1663.741869566537 0.9997619986534119
1663.762703023455 1.000174641609192
1663.7835364801006 0.999843955039978
1663.8043699364514 1.000199794769287
1663.82520339253 0.9998136758804321
1663.8460368483118 1.0004030466079712
1663.8668703038225 1.000087857246399
1663.8877037590323 1.0000323057174683
1663.9085372139698 0.9998289346694946
1663.9293706686053 0.9999123215675354
1663.9502041229687 0.9996179342269897
1663.9710375770308 0.999754011631012
1663.991871030817 0.9990159273147583
1664.0127044843014 0.9998800158500671
1664.033537937511 0.9995900392532349
1664.0543713904149 0.9998470544815063
1664.0752048430425 0.9996363520622253
1664.1168717474077 0.9993712306022644
1664.1377051991458 0.9985721111297607
1664.1585386506038 0.9987515807151794
1664.1793721017552 1.0001215934753418
1664.2002055526261 0.9994300603866577
1664.221039003188 0.9993837475776672
1664.2418724534682 1.0000728368759155
1664.2627059034367 1.0003656148910522
1664.2835393531236 0.9998576641082764
1664.3043728024995 0.9999347925186157
1664.3252062515896 1.0004140138626099
1664.3460397003685 1.0000405311584473
1664.3668731488613 0.9996461272239685
1664.38770659704 0.9998514652252197
1664.4085400449317 0.9999192953109741
1664.4293734925056 0.9997549057006836
1664.450206939793 0.9993641972541809
1664.4710403867625 1.0001516342163086
1664.491873833443 0.9997052550315857
1664.5127072798045 0.9993778467178345
1664.5335407258751 0.9989538788795471
1664.554374171625 0.999495804309845
1664.5752076170825 0.9995063543319702
1664.5960410622158 0.9997438192367554
1664.6168745070568 0.9994804859161377
1664.6377079515728 1.0003966093063354
1664.6585413957941 0.9991592764854431
1664.6793748396901 0.9997656941413879
1664.7002082832885 1.0001083612442017
1664.7210417265594 0.9997714161872864
1664.7418751695293 0.9997428059577942
1664.762708612172 0.9997345805168152
1664.7835420545139 0.9996306896209717
1664.8043754965236 1.0000791549682617
1664.8252089382315 0.9996691942214966
1664.8460423796066 0.9998846650123596
1664.8668758206773 0.9997668862342834
1664.8877092614127 0.9995437264442444
1664.9085427018397 0.9998288154602051
1664.9293761419317 0.9998487830162048
1664.9502095817152 0.9994804859161377
1664.9710430211585 0.999692440032959
1664.9918764602924 1.000211238861084
1665.0127098990827 1.000508189201355
1665.0335433375624 0.9995285868644714
1665.0543767757003 0.9997617602348328
1665.0752102135198 0.9999603629112244
1665.096043650995 0.9994990825653076
1665.1168770881536 1.0000942945480347
1665.1377105249621 0.9999571442604065
1665.1585439614528 0.9997351169586182
1665.17937739759 1.0001778602600098
1665.2002108334082 0.9998713135719299
1665.221044268873 0.999931812286377
1665.241877704012 1.0000603199005127
1665.2627111387953 0.9996502995491028
1665.2835445732517 1.0006157159805298
1665.366878307638 1.000385046005249
1665.387711740347 0.9998296499252319
1665.4085451727215 0.999509871006012
1665.429378604727 1.0002256631851196
1665.4502120363943 0.999973714351654
1665.4710454676906 0.9997200965881348
1665.4918788986465 1.0000431537628174
1665.5127123292248 1.0001472234725952
1665.5335457594615 0.9995437860488892
1665.5543791893185 0.9997518062591553
1665.5752126188306 1.000704050064087
1665.596046047959 1.0000094175338745
1665.6168794767361 0.9997073411941528
1665.6377129051277 0.9998080134391785
1665.6585463331658 0.9998665452003479
1665.6793797608113 1.0000604391098022
1665.7002131881015 1.0000540018081665
1665.7210466149959 1.000053882598877
1665.7418800415303 1.0001962184906006
1665.7627134676663 0.99996417760849
1665.7835468934356 1.0002726316452026
1665.8043803188011 0.9996770024299622
1665.8252137437976 0.9999184012413025
1665.8460471683866 1.0000101327896118
1665.8668805926022 1.000219464302063
1665.8877140164038 0.9999341368675232
1665.908547439828 1.000031590461731
1665.929380862834 0.9999943375587463
1665.9502142854574 1.000328779220581
1665.971047707657 0.9999926090240479
1665.991881129467 1.0000554323196411
1666.0127145508495 1.000080943107605
1666.0335479718392 1.0000507831573486
1666.054381392393 1.0000486373901367
1666.0752148125498 1.0001964569091797
1666.096048232263 1.0002213716506958
1666.1168816515744 1.000190019607544
1666.13771507044 1.0000646114349365
1666.1585484888922 0.9999751448631287
1666.1793819068919 1.0001229047775269
1666.200215324476 0.9999890327453613
1666.2210487415962 0.9998111128807068
1666.2418821582971 1.000116229057312
1666.262715574526 1.0000032186508179
1666.2835489903282 0.9999493360519409
1666.3043824056545 1.0000531673431396
1666.3252158205426 1.0000509023666382
1666.3460492349468 0.9999930262565613
1666.3668826489065 0.9995667934417725
1666.3877160623736 1.0003317594528198
1666.4085494753879 0.9999828338623047
1666.4293828878997 0.9997771382331848
1666.4502162999531 0.9997451305389404
1666.471049711494 1.0001167058944702
1666.4918831225668 1.0004947185516357
1666.5127165331173 1.000058650970459
1666.5335499431894 1.0003178119659424
1666.5543833527297 0.9999117851257324
1666.5752167617816 0.999680757522583
1666.59605017029 0.9999401569366455
1666.616883578302 1.0000276565551758
1666.6377169857572 1.000044345855713
1666.6585503927056 1.0000349283218384
1666.679383799087 1.0000414848327637
1666.700217204946 1.000264048576355
1666.7210506102263 0.9999039173126221
1666.7418840149762 1.0000354051589966
1666.7627174191284 0.999975323677063
1666.783550822739 0.9999358654022217
1666.8043842257387 0.9996495246887207
1666.825217628184 0.9998195171356201
1666.8460510300042 1.0000243186950684
1666.8668844312515 1.0000462532043457
1666.8877178318612 0.9997870922088623
1666.9085512318836 1.0000213384628296
1666.9293846312494 1.0004312992095947
1666.9502180300144 1.0001734495162964
1666.9710514281032 1.0001342296600342
1666.9918848255747 1.0001858472824097
1667.012718222354 1.000035285949707
1667.0335516184973 1.0000687837600708
1667.0543850139288 1.0001169443130493
1667.0752184087082 1.0001028776168823
1667.0960518027541 0.9998227953910828
1667.116885196129 1.000169038772583
1667.1377185887484 1.0001533031463623
1667.1585519806774 0.99970543384552
1667.17938537183 1.0003492832183838
1667.2002187622734 0.9997719526290894
1667.2210521519175 1.0000197887420654
1667.24188554083 1.0002361536026
1667.2627189289221 1.000037431716919
1667.2835523162616 0.9997401237487793
1667.3043857027537 0.9998533725738525
1667.3252190884757 1.0000864267349243
1667.3460524733264 0.9998235702514648
1667.366885857385 0.9997785687446594
1667.3877192405525 1.0000181198120117
1667.4085526229044 0.9996576905250549
1667.4293860043451 0.9998477101325989
1667.450219384951 0.9998071789741516
1667.4710527646266 0.9998675584793091
1667.4918861434505 0.9999585747718811
1667.5127195213258 0.9999011158943176
1667.5335528983358 1.0001012086868286
1667.5543862743866 1.0001535415649414
1667.5752196495582 1.000048041343689
1667.5960530237664 0.9998654723167419
1667.616886397091 0.9998842477798462
1667.6377197694535 1.0000269412994385
1667.6585531409357 1.0003334283828735
1667.6793865114648 1.0002347230911255
1668.6377213156788 1.000045895576477
1668.6585546925137 0.9998197555541992
1668.6793880700088 0.9999914765357971
1668.7002214481065 0.9998387098312378
1668.7210548268215 0.9995588660240173
1668.7418882060997 0.9996281862258911
1668.7627215859447 0.9997040033340454
1668.7835549663125 1.0000035762786865
1668.8043883472021 0.9996505975723267
1668.8252217285713 0.9996175765991211
1668.8460551104201 0.9996576905250549
1668.8668884927047 0.9990753531455994
1668.8877218754262 0.9996153116226196
1668.9085552585464 0.9997840523719788
1668.9293886420603 0.9997950196266174
1668.950222025938 0.9984920620918274
1668.9710554101723 0.9997421503067017
1668.9918887947342 0.9991951584815979
1669.0127221796179 0.9992005825042725
1669.0335555647935 0.9991922378540039
1669.0543889502612 0.9994478225708008
1669.075222335988 0.9996036887168884
1669.0960557219735 0.9996092319488525
1669.1168891081936 0.9990968108177185
1669.1377224946398 0.9995642900466919
1669.1585558812947 1.0000543594360352
1669.1793892681496 0.9988226890563965
1669.2002226551863 0.9996427297592163
1669.2210560423973 0.9998945593833923
1669.2418894297682 0.9995728135108948
1669.2627228172917 1.0000933408737183
1669.283556204952 1.0005064010620117
1669.3043895927399 0.9998448491096497
1669.3252229806467 0.9999951720237732
1669.3460563686597 0.9997850060462952
1669.3668897567736 1.0001063346862793
1669.3877231449765 0.9996998310089111
1669.4085565332598 1.000013828277588
1669.4293899216157 0.9997782111167908
1669.4502233100363 0.9999357461929321
1669.4710566985118 0.9995427131652832
1669.491890087037 0.9999173879623413
1669.5127234755996 0.9993560910224915
1669.5335568642 0.999609649181366
1669.554390252825 1.0000360012054443
1669.5752236414714 0.9999937415122986
1669.59605703013 0.9992976188659668
1669.6168904187966 0.9997933506965637
1669.6377238074638 0.9998831152915955
1669.6585571961316 0.9999014139175415
1669.679390584782 0.9997057318687439
1669.700223973422 0.9998149275779724
1669.7210573620373 0.999864399433136
1669.7418907506296 0.999941885471344
1669.7627241391879 1.0002361536026
1669.783557527713 0.9998158812522888
1669.8043909161936 1.0001343488693237
1669.825224304634 0.9994038343429565
1669.8460576930197 0.9995757937431335
1669.866891081358 0.9997493624687195
1669.8877244696316 0.9997177124023438
1669.9085578578492 0.9999560117721558
1669.9293912459962 0.9999842643737793
1669.9502246340762 1.0001980066299438
1669.97105802208 0.9999622702598572
1669.991891410012 0.9998586177825928
1670.0127247978573 1.0004136562347412
1670.0335581856255 1.0004583597183228
1670.054391573299 1.000011682510376
1670.0752249608922 0.9998562932014465
1670.096058348384 1.0000836849212646
1670.1168917357836 0.9998616576194763
1670.1377251230801 1.0000029802322388
1670.1585585102798 0.9998741149902344
1670.1793918973694 1.0002628564834595
1670.2002252843577 1.0004328489303589
1670.2210586712276 0.9998829364776611
1670.2418920579933 1.0000852346420288
1670.2627254446375 1.0000488758087158
1670.2835588311705 1.0003336668014526
1670.304392217577 1.0001598596572876
1670.325225603867 1.000165343284607
1670.346058990027 1.000389575958252
1670.3668923760667 1.0003461837768555
1670.387725761969 1.0001145601272583
1670.4085591477492 1.0004011392593384
1670.4293925333889 0.9996276497840881
1670.4502259189014 1.0002989768981934
1670.47105930427 1.000051498413086
1670.4918926895073 1.0002954006195068
1670.512726074597 0.9999748468399048
1670.5335594595513 1.0004982948303223
1670.5543928443524 1.0003751516342163
1670.5752262290173 0.9999819993972778
1670.596059613526 1.000360131263733
1670.6168929978942 1.0001662969589233
1670.6377263821043 0.999891996383667
1670.6585597661676 0.9998832941055298
1670.6793931500717 0.9999086856842041
1670.7002265338278 1.0001941919326782
1670.72105991742 1.0000331401824951
1670.7418933008616 0.999768853187561
1670.762726684135 1.0001095533370972
1670.783560067256 1.0002453327178955
1670.804393450207 0.9997277855873108
1670.8252268330007 0.9999586939811707
1670.8460602156233 1.000004529953003
1670.8668935980868 0.9999734163284302
1670.8877269803772 0.9996724128723145
1670.9085603625058 1.0001577138900757
1670.929393744456 1.0001885890960693
1670.9502271262445 0.9995390772819519
1670.9710605078506 0.9998341202735901
1670.991893889294 1.0004181861877441
1671.0127272705547 1.0001651048660278
1671.0335606516478 0.9997029304504395
1671.0543940325572 0.9999843835830688
1671.0752274132976 0.9998663663864136
1671.0960607938514 1.0002931356430054
1671.1168941742344 1.0000905990600586
1671.1377275544264 1.0003294944763184
1671.1585609344481 1.0
1671.179394314279 1.0000503063201904
1671.2002276939343 1.0000792741775513
1671.2210610733982 1.000093698501587
1671.241894452684 0.9998005032539368
1671.2627278317775 1.000265121459961
1671.283561210693 1.0002838373184204
1671.3043945894124 1.0000860691070557
1671.3252279679525 1.0000108480453491
1671.3460613462948 1.0000123977661133
1671.3668947244553 1.0001798868179321
1671.3877281024193 1.000338077545166
1671.4085614802007 1.0000752210617065
1671.4293948577813 1.0005333423614502
1671.4502282351762 0.9998449087142944
1671.4710616123675 1.000279188156128
1671.491894989375 1.0006444454193115
1671.5127283661784 0.9998016357421875
1671.5335617427952 0.9998632669448853
1671.5543951192067 0.999792754650116
1671.5752284954285 1.0003530979156494
1671.5960618714453 1.000199556350708
1671.616895247273 0.9998935461044312
1671.6377286228922 1.0000336170196533
1671.6585619983216 1.0003654956817627
1671.6793953735398 0.9999708533287048
1671.700228748571 1.0005717277526855
1671.7210621233892 1.0002472400665283
1671.7418954980128 1.0003454685211182
1671.762728872427 1.0001195669174194
1671.7835622466462 1.0000290870666504
1671.8043956206536 1.0000977516174316
1671.8252289944662 1.0000770092010498
1671.8460623680628 1.0000112056732178
1671.8668957414657 0.9998717308044434
1671.887729114653 1.0005061626434326
1671.9085624876438 1.0000545978546143
1671.9293958604187 1.000077724456787
1671.9502292329944 1.000395655632019
1671.971062605354 0.9997400045394897
1671.991895977515 0.9996911287307739
1672.0127293494556 1.0000566244125366
1672.0335627211987 1.0000503063201904
1672.0752294640445 0.9994680285453796
1672.0960628351486 0.9998952150344849
1672.1168962060492 0.9999855756759644
1672.1377295767297 0.997913658618927
1672.1585629472077 0.9995781779289246
1672.1793963174619 0.9996123313903809
1672.200229687515 0.9998303055763245
1672.2210630573443 0.9996699094772339
1672.2418964269707 0.9999698400497437
1672.262729796373 0.9997676014900208
1672.283563165569 0.9996953010559082
1672.3043965345441 1.0003376007080078
1672.32522990331 1.00003981590271
1672.3460632718522 1.0000382661819458
1672.3668966401885 0.9993272423744202
1672.3877300082975 0.9999058246612549
1672.4085633762004 0.9995803236961365
1672.4293967438764 0.9996331334114075
1672.4502301113428 0.999744176864624
1672.4710634785836 0.9996213316917419
1672.4918968456157 0.9993159174919128
1672.5127302124195 0.9995552897453308
1672.5335635790143 1.0000642538070679
1672.5543969453788 1.0000090599060059
1672.5752303115346 0.9995831847190857
1672.5960636774587 1.0000290870666504
1672.6168970431743 0.9998553395271301
1672.6377304086593 0.999618649482727
1672.6585637739322 0.9997002482414246
1672.679397138975 1.0000901222229004
1672.700230503807 1.0001178979873657
1672.7210638684055 1.00007963180542
1672.7418972327923 1.0002228021621704
1672.7627305969447 1.0001615285873413
1672.783563960886 0.9997171759605408
1672.8043973245944 0.9996864795684814
1672.8252306880886 0.9996036887168884
1672.8460640513495 1.0002442598342896
1672.8668974143945 0.9998489022254944
1672.8877307772093 0.9996888041496277
1672.9085641398074 1.0000375509262085
1672.9293975021685 0.9996975064277649
1672.9502308643164 0.9997748136520386
1672.9710642262287 0.9998430013656616
1672.9918975879243 1.0000779628753662
1673.0127309493848 0.99984210729599
1673.033564310627 0.9999383687973022
1673.0543976716347 1.00029456615448
1673.0752310324262 1.000272512435913
1673.0960643929786 1.0001296997070312
1673.116897753315 1.0002361536026
1673.1377311134122 1.0002696514129639
1673.158564473293 0.9999019503593445
1673.1793978329351 1.0001225471496582
1673.200231192357 1.000336766242981
1673.2210645515422 0.9999874830245972
1673.2418979105084 1.000552773475647
1673.2627312692343 0.9998911619186401
1673.2835646277429 1.0002729892730713
1673.3043979860097 0.9998664855957031
1673.3252313440578 0.999986469745636
1673.346064701865 1.0001517534255981
1673.3668980594507 0.9999994039535522
1673.3877314167978 0.9999452233314514
1673.408564773924 1.000015377998352
1673.429398130809 1.000216007232666
1673.4502314874724 0.9999341368675232
1673.4710648438938 1.0000568628311157
1673.4918982000938 1.000475525856018
1673.5127315560514 1.0002676248550415
1673.533564911785 1.0003000497817993
1673.554398267278 1.0003092288970947
1673.5752316225473 1.0003445148468018
1673.5960649775743 1.0000367164611816
1673.6168983323787 1.0001075267791748
1673.637731686937 0.9999950528144836
1673.6585650412762 1.0002471208572388
1673.6793983953673 1.0004243850708008
1673.7002317492368 0.9999961256980896
1673.7210651028613 1.0003044605255127
1673.741898456261 1.000150442123413
1673.7627318094164 1.0001623630523682
1673.7835651623475 1.0005663633346558
1673.804398515031 1.0003122091293335
1673.8252318674915 1.0000934600830078
1673.8460652197061 1.000073790550232
1673.8668985716954 1.0000265836715698
1673.8877319234382 1.0002187490463257
1673.9085652749548 1.0000077486038208
1673.929398626225 1.0002989768981934
1673.9502319772675 1.0002713203430176
1673.9710653280642 0.999815821647644
1673.9918986786352 1.0001018047332764
1674.012732028957 1.0002480745315552
1674.0335653790542 0.9998980164527893
1674.0543987289022 0.9999618530273438
1674.075232078522 0.9999821782112122
1674.0960654278945 1.0001412630081177
1674.1168987770372 1.0000183582305908
1674.137732125933 0.999923586845398
1674.1585654746011 1.0003981590270996
1674.1793988230188 0.9999001622200012
1674.200232171209 1.0002521276474
1674.2210655191498 1.0002042055130005
1674.2418988668617 1.0001970529556274
1674.2627322143235 0.9997338652610779
1674.2835655615543 0.9998069405555725
1674.3043989085365 1.0000829696655273
1674.3252322552896 1.0001777410507202
1674.3460656017905 1.0002690553665161
1674.366898948063 0.9996483325958252
1674.387732294084 1.0002861022949219
1674.408565639875 0.9999892115592957
1674.429398985413 1.0000076293945312
1674.4502323307208 0.9997705221176147
1674.4710656757775 1.000320315361023
1674.4918990206024 1.0000571012496948
1674.512732365176 0.9998271465301514
1674.5335657095181 1.0002585649490356
1674.5543990536055 0.9999583959579468
1674.5752323974657 1.0001027584075928
1674.5960657410706 1.0002647638320923
1674.6168990844415 1.0005011558532715
1674.6377324275609 1.0001428127288818
1674.658565770447 1.0002999305725098
1674.67939911308 1.0003219842910767
1674.700232455481 1.000390887260437
1674.7210657976252 1.0000075101852417
1674.7418991395389 1.0001168251037598
1674.7627324811974 1.0004916191101074
1674.783565822623 0.9999887347221375
1674.8043991637935 1.0001283884048462
1674.8252325047292 1.0002652406692505
1674.8460658454098 1.000352382659912
1674.8668991858583 1.0003145933151245
1674.887732526048 1.0001897811889648
1674.9085658660056 1.0004374980926514
1674.9293992057069 1.0001970529556274
1674.9502325451735 1.0003118515014648
1674.9710658843835 1.0002412796020508
1674.991899223358 1.0004867315292358
1675.012732562075 1.0001600980758667
1675.0335659005573 1.0002342462539673
1675.0543992387827 1.0005714893341064
1675.0752325767728 1.0000377893447876
1675.0960659145044 1.0001760721206665
1675.1168992520018 0.999933660030365
1675.1377325892402 1.000158429145813
1675.1585659262414 0.9998058676719666
1675.179399262985 1.0003331899642944
1675.2002325994902 1.0001975297927856
1675.2210659357386 0.9999656677246094
1675.24189927175 0.9999262690544128
1675.262732607501 1.0001055002212524
1675.283565943017 1.0001254081726074
1675.3043992782702 1.000060796737671
1675.325232613288 0.9997731447219849
1675.3460659480459 1.0001740455627441
1675.3668992825646 1.0001219511032104
1675.3877326168242 0.9998433589935303
1675.4085659508457 0.9999980926513672
1675.4502326181282 0.9995421767234802
1675.471065951388 0.9994964003562927
1675.4918992844089 0.9998685717582703
1675.5127326171694 0.999918520450592
1675.5335659496895 0.999578595161438
1675.5543992819487 0.9997778534889221
1675.5752326139675 1.0002200603485107
1675.596065945724 0.9997893571853638
1675.6168992772414 0.9997762441635132
1675.6377326084962 1.0000232458114624
1675.6585659395107 1.000290870666504
1675.6793992702621 1.0001524686813354
1675.7002326007719 1.0003947019577026
1675.7210659310194 0.9999906420707703
1675.7418992610237 1.0002176761627197
1675.7627325907672 1.0002038478851318
1675.7835659202674 1.000123381614685
1675.8043992495045 1.0003927946090698
1675.8252325785 0.9999950528144836
1675.8460659072296 1.0004183053970337
1675.8668992357182 1.0003103017807007
1675.8877325639419 1.0000194311141968
1675.908565891921 0.9998404383659363
1675.929399219637 1.0002248287200928
1675.9502325471099 1.0000382661819458
1675.9710658743172 1.0001683235168457
1675.991899201281 1.000046730041504
1676.0127325279782 1.0002096891403198
1676.0335658544325 1.0000196695327759
1676.05439918062 1.0001254081726074
1676.0752325065619 0.9999136328697205
1676.0960658322388 1.0000284910202026
1676.1168991576703 1.0001440048217773
1676.1377324828366 0.9997819066047668
1676.158565807757 1.0002052783966064
1676.1793991324087 0.9998968243598938
1676.2002324568161 0.9997420907020569
1676.2210657809555 0.9997880458831787
1676.2418991048473 1.0000526905059814
1676.2627324284726 0.9998787641525269
1676.283565751852 0.9999908804893494
1676.3043990749622 1.0001752376556396
1676.3252323978263 1.0001091957092285
1676.3460657204198 1.0000547170639038
1676.3668990427677 0.9996304512023926
1676.3877323648437 0.9999419450759888
1676.4085656866748 0.9997372627258301
1676.4293990082354 0.9999523758888245
1676.4502323295485 0.9998988509178162
1676.4710656505908 0.9998248219490051
1676.4918989713851 0.9998355507850647
1676.5127322919072 1.0001128911972046
1676.5335656121822 1.0000207424163818
1676.5543989321834 0.999911904335022
1676.5752322519377 0.999515950679779
1676.59606557142 1.0001599788665771
1676.6168988906531 1.0000368356704712
1676.6377322096137 0.9998997449874878
1676.6585655283236 1.0001550912857056
1676.6793988467614 1.0002483129501343
1676.7002321649493 1.000250220298767
1676.7210654828616 1.000135064125061
1676.7418988005254 1.000008463859558
1676.762732117917 1.0000886917114258
1676.7835654350538 0.9998577237129211
1676.8043987519181 0.9998641610145569
1676.8252320685303 1.0001487731933594
1676.8460653848683 1.0001220703125
1676.8668987009542 1.0001088380813599
1676.8877320167628 0.9998524785041809
1676.9085653323211 1.0001035928726196
1676.9293986476034 1.000187635421753
1676.950231962633 0.999821662902832
1676.971065277386 1.0001511573791504
1676.9918985918848 1.000052809715271
1677.0127319061075 1.0001945495605469
1677.0335652200765 0.9999247193336487
1677.0543985337658 0.9997402429580688
1677.0752318472041 1.0001660585403442
1677.096065160362 0.9998916387557983
1677.1168984732662 1.0000908374786377
1677.137731785892 1.0001530647277832
1677.1585650982613 0.9997873902320862
1677.1793984103526 1.0000213384628296
1677.2002317221861 1.0002447366714478
1677.2210650337418 1.0001050233840942
1677.2418983450432 0.9998311996459961
1677.2627316560602 1.0002049207687378
1677.2835649668223 1.0000343322753906
1677.3043982773036 1.0001329183578491
1677.3252315875268 0.9999256730079651
1677.3460648974692 0.9999763369560242
1677.3668982071517 1.0003796815872192
1677.387731516556 1.0002425909042358
1677.4085648257 1.0003348588943481
1677.429398134559 1.0003275871276855
1677.4502314431613 0.999628484249115
1677.4710647514792 0.9999253749847412
1677.4918980595385 0.9998693466186523
1677.5127313673136 1.000247597694397
1677.5335646748288 0.9999562501907349
1677.554397982058 1.0001667737960815
1677.5752312890277 1.000304102897644
1677.596064595711 1.0003021955490112
1677.6168979021338 1.0001953840255737
1677.6377312082698 0.9998081922531128
1677.6585645141438 1.0000497102737427
1677.679397819734 0.9996180534362793
1677.7002311250587 0.9997863173484802
1677.7210644300958 0.9999780058860779
1677.7418977348698 1.0001939535140991
1677.7627310393568 1.00015389919281
1677.7835643435797 0.9999857544898987
1677.8043976475128 0.9997356534004211
1677.8252309511834 0.9998188614845276
1677.8460642545633 0.9997806549072266
1677.866897557676 1.000368595123291
1677.8877308605015 0.9997100234031677
1677.908564163058 0.9997565150260925
1677.9293974653253 0.9999313354492188
1677.950230767326 0.999906063079834
1677.9710640690348 0.999782919883728
1677.9918973704762 1.0001640319824219
1678.0127306716229 1.0003432035446167
1678.0335639725035 0.9999268651008606
1678.0543972730907 0.9998770356178284
1678.075230573408 0.999945878982544
1678.0960638734316 0.9999664425849915
1678.116897173187 1.0000317096710205
1678.1377304726448 1.0001486539840698
1678.1585637718333 1.0001976490020752
1678.1793970707247 0.9999607801437378
1678.200230369345 0.9999147057533264
1678.221063667669 1.0003042221069336
1678.2418969657203 1.000298261642456
1678.2627302634753 0.9999656081199646
1678.2835635609556 1.0000953674316406
1678.304396858138 1.000029444694519
1678.3252301550467 0.9998835325241089
1678.3460634516534 0.9999425411224365
1678.3668967479878 1.0005463361740112
1678.387730044021 1.0004037618637085
1678.4085633397788 0.9998786449432373
1678.4293966352345 0.9996888637542725
1678.4502299304131 1.000200629234314
1678.4710632252898 1.000020146369934
1678.4918965198888 1.0000507831573486
1678.5127298141858 0.9997450113296509
1678.5335631082123 1.0000847578048706
1678.5543964019255 0.999703586101532
1678.575229695358 0.9996259808540344
1678.5960629884844 0.9997340440750122
1678.6168962813292 0.9998769164085388
1678.6377295738678 0.9999158382415771
1678.6585628661248 0.9999762177467346
1678.6793961580736 1.0000895261764526
1678.7002294497395 0.9998919367790222
1678.7210627410939 0.9997727274894714
1678.7418960321666 1.0001147985458374
1678.7627293229284 1.0001535415649414
1678.7835626134045 0.9998859763145447
1678.8252291934482 1.0001673698425293
1678.8460624830136 0.999883234500885
1678.866895772292 0.9999143481254578
1678.8877290612534 0.9997273087501526
1678.9085623499284 1.0000426769256592
1678.929395638287 0.9995484948158264
1678.9502289263562 1.000438928604126
1678.9710622141076 1.0001535415649414
1678.9918955015671 1.0001955032348633
1679.0127287887085 0.9998667240142822
1679.0335620755577 1.0000183582305908
1679.054395362084 0.9997736811637878
1679.075228648321 1.0002673864364624
1679.0960619342316 1.000117301940918
1679.116895219849 1.0003383159637451
1679.1377285051426 1.000187873840332
1679.158561790139 0.9997084140777588
1679.1793950748106 1.000167727470398
1679.2002283591833 0.9999350309371948
1679.2210616432296 0.9999127984046936
1679.2418949269775 0.9998747110366821
1679.2627282103933 0.999949038028717
1679.2835614935102 1.0002074241638184
1679.3043947762962 0.9996489882469177
1679.3252280587783 0.9998044371604919
1679.3460613409297 0.9998940229415894
1679.366894622775 0.9996432065963745
1679.3877279042852 0.9995981454849243
1679.4085611854903 0.9997802376747131
1679.4293944663577 0.9999134540557861
1679.4502277469182 0.9995781183242798
1679.4710610271409 0.9996816515922546
1679.4918943070518 0.9995688199996948
1679.5127275866228 0.9993663430213928
1679.5335608658806 0.9995288252830505
1679.5543941447959 0.9994893074035645
1679.5752274233978 0.999957263469696
1679.5960607016546 0.9993909597396851
1679.6168939795955 0.9999204874038696
1679.6377272571874 0.999669075012207
1679.6585605344624 0.9999288320541382
1679.6793938113872 0.9995604157447815
1679.7002270879896 0.9998505711555481
1679.7210603642434 0.9999392628669739
1679.741893640172 0.9999806880950928
1679.7627269157438 0.9999440908432007
1679.7835601909924 0.9998605251312256
1679.8043934658822 1.0001211166381836
1679.825226740445 0.9995483160018921
1679.846060014648 0.9998274445533752
1679.8668932885187 0.9999148845672607
1679.8877265620267 1.0001139640808105
1679.9085598351996 1.0001776218414307
1679.9293931080078 1.0000077486038208
1679.9502263804804 0.9998756051063538
1679.9710596525827 0.9997643232345581
1679.9918929243463 1.0002176761627197
1680.0127261957368 1.00021231174469
1680.0335594667845 0.999910831451416
1680.0543927374565 1.000166416168213
1680.0752260077818 0.9997729063034058
1680.0960592777308 0.9999858736991882
1680.1168925473294 0.9999595284461975
1680.1377258165421 0.9998852014541626
1680.1585590854052 0.9999216794967651
1680.1793923538792 0.9999454617500305
1680.2002256219992 0.9999682307243347
1680.2210588897283 1.0003156661987305
1680.2418921570963 1.0000852346420288
1680.2627254240692 0.9998759031295776
1680.2835586906795 1.0001065731048584
1680.304391956887 1.0004711151123047
1680.3252252227298 0.9998330473899841
1680.3460584881673 1.0003740787506104
1680.3668917532339 1.0002142190933228
1680.38772501789 0.9999586939811707
1680.40855828217 1.000232458114624
1680.4293915460357 1.0000700950622559
1680.4502248095203 1.0003416538238525
1680.4710580725853 0.9998080730438232
1680.4918913352665 1.0001699924468994
1680.5127245975186 1.0003191232681274
1680.5335578593829 0.9998764991760254
1680.5543911208151 0.9997541904449463
1680.575224381852 1.0002427101135254
1680.5960576424507 1.0003763437271118
1680.6168909026478 1.0001810789108276
1680.6377241624002 1.000242829322815
1680.658557421747 0.9999450445175171
1680.6793906806415 1.0002199411392212
1680.7002239391254 1.0002310276031494
1680.7210571971486 1.0002048015594482
1680.7418904547535 1.0001282691955566
1680.7627237118927 1.0004252195358276
1680.7835569686042 0.9998990893363953
1680.8043902248446 1.000259518623352
1680.8252234806503 1.000572919845581
1680.846056735972 1.0002782344818115
1680.866889990855 0.9998670816421509
1680.887723245246 1.0003342628479004
1680.9085564991892 1.0002405643463135
1680.9293897526336 1.0001039505004883
1680.9502230056185 1.0002403259277344
1680.9710562580947 1.0001273155212402
1680.9918895101025 1.0000399351119995
1681.0127227615924 1.0000054836273193
1681.0335560126086 1.000450849533081
1681.0543892630903 1.0002059936523438
1681.075222513088 1.0002243518829346
1681.0960557625438 1.0002803802490234
1681.1168890115018 1.000466227531433
1681.137722259907 1.0001726150512695
1681.1585555078045 0.9998134970664978
1681.1793887551348 1.000272512435913
1681.2002220019458 1.0002237558364868
1681.221055248174 0.999995768070221
1681.2418884938727 1.0003890991210938
1681.262721738976 1.0004147291183472
1681.2835549835345 1.0001676082611084
1681.3043882274824 1.0002055168151855
1681.3252214708702 1.0003173351287842
1681.3460547136324 0.9999160170555115
1681.3668879558218 1.0002564191818237
1681.3877211973654 1.000387191772461
1681.4085544383195 1.0002124309539795
1681.4293876786114 0.9999299049377441
1681.4502209182983 0.9999901056289673
1681.4710541573043 1.0002132654190063
1681.4918873956865 1.0002942085266113
1681.5127206333673 1.0002477169036865
1681.5335538704048 1.0000159740447998
1681.5543871067207 1.0001896619796753
1681.575220342374 1.000135064125061
1681.5960535772833 1.0002145767211914
1681.6168868115105 1.0005154609680176
1681.6377200449695 1.0002555847167969
1681.6585532777237 0.9998530745506287
1681.6793865096865 0.9997667074203491
1681.7002197409236 1.0001513957977295
1681.7210529713427 0.9997530579566956
1681.7418862010131 0.9998282194137573
1681.7627194298382 1.0002790689468384
1681.7835526578933 1.000126838684082
1681.8043858850792 0.9999896883964539
1681.825219111469 1.000149130821228
1681.8460523369642 1.000317931175232
1681.8668855616388 1.0002334117889404
1681.887718785395 0.9999889135360718
1681.9085520083104 0.9999327659606934
1681.929385230281 1.000401496887207
1681.9502184513897 1.0000345706939697
1681.9710516715338 1.0003407001495361
1681.991884890799 1.000044822692871
1682.0127181090882 0.9998113512992859
1682.0335513264781 1.000020146369934
1682.0543845428833 1.0000901222229004
1682.075217758384 1.0002593994140625
1682.0960509728995 1.0001024007797241
1682.1168841865128 0.9999697804450989
1682.1377173991502 0.999333918094635
1682.1585506108963 0.9994803071022034
1682.2002170316284 0.9998428821563721
1682.2210502406656 0.9993823170661926
1682.2418834488753 0.9995335936546326
1682.262716656259 0.9996404647827148
1682.283549862884 0.9995015859603882
1682.3043830687764 0.9998217821121216
1682.325216274001 0.9999802112579346
1682.3460494786173 0.9992669224739075