1790.6816370655429 0.9825479984283447
1790.7024709130344 0.9823471903800964
1790.7233047582918 0.9838364124298096
1790.74413860147 0.9824206829071045
1790.764972442497 0.9824837446212769
1790.7858062815221 0.9815099239349365
1790.806640118475 0.9837044477462769
1790.8274739534977 0.9833239912986755
1790.848307786522 0.9836591482162476
1790.869141617684 0.982444167137146
1790.889975446916 0.9840049743652344
1790.91080927435 0.9846292734146118
1790.9316430999188 0.9870878458023071
1790.952476923749 0.986320972442627
1790.9733107457744 0.9864741563796997
1790.9941445661168 0.9885566234588623
1791.014978384711 0.9909530878067017
1791.0358122016744 0.9925705194473267
1791.0566460169428 0.9962889552116394
1791.077479830629 0.9965986609458923
1791.0983136426698 0.999507486820221
1791.3899868549981 1.0523571968078613
1791.410820645445 1.0569300651550293
1791.4316544345484 1.0624809265136719
1791.452488222393 1.0681476593017578
1791.473322008922 1.0720319747924805
1791.4941557942184 1.0776410102844238
1791.5149895782263 1.0832207202911377
1791.5358233610261 1.0860275030136108
1791.5566571425625 1.0887153148651123
1791.5774909229149 1.0914849042892456
1791.5983247020276 1.0952178239822388
1791.619158479978 1.0989784002304077
1791.6399922567116 1.102434754371643
1791.6608260323037 1.1049044132232666
1791.6816598067007 1.1083468198776245
1791.7024935799764 1.1117814779281616
1791.7233273520767 1.1133040189743042
1791.7441611230747 1.1177045106887817
1791.764994892917 1.1186271905899048
1791.785828661674 1.1216683387756348
1791.8066624292944 1.1224437952041626
1791.8274961958466 1.1245044469833374
1791.8483299612792 1.1245297193527222
1791.8691637256602 1.1253405809402466
1791.8899974889378 1.1266379356384277
1791.910831251179 1.1269659996032715
1791.931665012333 1.1276344060897827
1791.9524987724653 1.1249921321868896
1791.9733325315256 1.1259709596633911
1791.9941662895778 1.1246333122253418
1792.0150000465721 1.1233490705490112
1792.035833802572 1.1217375993728638
1792.0566675575212 1.1196463108062744
1792.0775013114824 1.1182043552398682
1792.0983350644194 1.1158314943313599
1792.1191688163929 1.111538052558899
1792.1400025673481 1.1089367866516113
1792.160836317345 1.1070703268051147
1792.1816700663358 1.1025795936584473
1792.2025038143795 1.1002135276794434
1792.2233375614283 1.0959690809249878
1792.2441713075407 1.0923030376434326
1792.2650050526693 1.0874747037887573
1792.285838796871 1.0850577354431152
1792.3066725401002 1.0810726881027222
1792.3275062824125 1.0759567022323608
1792.3483400237617 1.0712014436721802
1792.3691737642037 1.0675746202468872
1792.390007503692 1.0636104345321655
1792.410841242282 1.0592886209487915
1792.431674979928 1.0552066564559937
1792.4525087166844 1.0511809587478638
1792.4733424525057 1.0465928316116333
1792.4941761874452 1.0429530143737793
1792.5150099214586 1.0385197401046753
1792.535843654598 1.0353151559829712
1792.5566773868195 1.0324722528457642
1792.577511118175 1.026909589767456
1792.5983448486204 1.0244680643081665
1792.619178578207 1.0205352306365967
1792.6400123068913 1.0172255039215088
1792.6608460347236 1.0132724046707153
1792.6816797616611 1.0103869438171387
1792.702513487764 1.0059585571289062
1792.723347212959 1.007155179977417
1792.7441809373356 1.0022077560424805
1792.7650146608112 0.9994666576385498
1792.7858483834748 0.9982271790504456
1792.806682105244 0.9951741695404053
1792.8275158262074 0.99382483959198
1792.8483495462829 0.99199378490448
1792.8691832655586 0.989743173122406
1792.8900169839524 0.9888004660606384
1792.910850701552 0.9879694581031799
1792.9316844182756 0.9872466325759888
1792.9525181342108 0.9852628707885742
1792.9733518492756 0.9857197403907776
1792.9941855635573 0.9832770228385925
1793.0150192769743 0.9832137823104858
1793.035852989613 0.9826823472976685
1793.056686701393 0.9832946062088013
1793.0775204123995 0.9832125902175903
1793.098354122562 0.9830073118209839
1793.1191878319362 0.9835706949234009
1793.1400215404815 0.9835195541381836
1793.160855248243 0.9841684103012085
1793.1816889551706 0.9847575426101685
1793.2025226613391 0.9844191074371338
1793.2233563666784 0.9851722717285156
1793.2441900712427 0.9856522679328918
1793.2650237749924 0.9864726066589355
1793.2858574779714 0.9864943623542786
1793.3066911801304 0.9874739646911621
1793.3275248815428 0.9871127009391785
1793.3483585821396 0.9884500503540039
1793.3691922819737 0.9879152774810791
1793.3900259810061 0.9900407791137695
1793.4108596792798 0.9898560643196106
1793.431693376756 0.9900581240653992
1793.4525270734773 0.990176796913147
1793.4733607694052 0.991770327091217
1793.4941944645818 0.9925110936164856
1793.5150281589686 0.993170440196991
1793.5358618526075 0.9927968382835388
1793.5566955454603 0.9927060008049011
1793.5775292375693 0.9937845468521118
1793.5983629288955 0.9936813116073608
1793.619196619481 0.994118332862854
1793.6400303092876 0.9940406084060669
1793.6608639983563 0.993381142616272
1793.6816976866498 0.9924708604812622
1793.7025313742088 0.9931034445762634
1793.7233650609955 0.992092490196228
1793.744198747061 0.991034984588623
1793.7650324323376 0.9913812875747681
1793.7858661168957 0.9912628531455994
1793.8066998006882 0.9907720685005188
1793.8275334837654 0.9899460673332214
1793.8483671660597 0.9893482327461243
1793.8692008476514 0.9887640476226807
1793.8900345284635 0.9875616431236267
1793.9108682085755 0.9876691699028015
1793.931701887911 0.987557053565979
1793.9525355665494 0.9873532056808472
1793.9733692444138 0.9862445592880249
1793.9942029215838 0.9853000640869141
1794.0150365979828 0.9855588674545288
1794.0358702736894 0.9839624166488647
1794.056703948628 0.9850481152534485
1794.0775376228771 0.9850103855133057
1794.0983712963705 0.9844043254852295
1794.1192049691567 0.983994722366333
1794.1400386412 0.984472393989563
1794.1608723125382 0.9845399260520935
1794.181705983126 0.9843312501907349
1794.2025396530316 0.9859470725059509
1794.223373322189 0.9869307279586792
1794.2442069906463 0.9871938228607178
1794.2650406583678 0.9877669215202332
1794.2858743253914 0.9896430969238281
1794.3067079916816 0.9907265901565552
1794.3275416572762 0.9917980432510376
1794.3483753221399 0.9930699467658997
1794.3692089863098 0.9947077631950378
1794.3900426497507 0.9968757629394531
1794.4108763125002 0.9996091723442078
1794.431709974523 1.0004534721374512
1794.4525436358565 1.0035954713821411
1794.4733772964653 1.0057342052459717
1794.4942109563967 1.008597493171692
1794.5150446155858 1.0115361213684082
1794.5358782741089 1.015073537826538
1794.5567119318919 1.0171467065811157
1794.5775455890112 1.022157907485962
1794.5983792453922 1.0248620510101318
1794.6192129011113 1.0280166864395142
1794.6400465560941 1.0312718152999878
1794.6608802104167 1.0357823371887207
1794.681713864005 1.0395804643630981
1794.702547516935 1.0440912246704102
1794.7233811691424 1.0467846393585205
1794.7442148206735 1.051343560218811
1794.7650484714936 1.056817889213562
1794.785882121639 1.0613945722579956
1794.8067157710655 1.06528902053833
1794.827549419839 1.067287564277649
1794.8483830678954 1.0704870223999023
1794.8692167152803 1.0763580799102783
1794.8900503619598 1.08040189743042
1794.9108840079693 1.0848294496536255
1794.9317176532752 1.0871883630752563
1794.9733849418485 1.0961025953292847
1794.9942185851176 1.098987340927124
1795.0150522276863 1.1028964519500732
1795.0358858695897 1.1054385900497437
1795.056719510793 1.109622597694397
1795.077553151332 1.112095832824707
1795.098386791175 1.1141815185546875
1795.1192204303666 1.1173017024993896
1795.1400540688426 1.1179620027542114
1795.1608877066778 1.1198080778121948
1795.1817213437987 1.1221071481704712
1795.2025549802806 1.1227039098739624
1795.22338861605 1.1230624914169312
1795.2442222511813 1.1241252422332764
1795.2650558856014 1.1243785619735718
1795.2858895193851 1.1241034269332886
1795.306723152459 1.1244378089904785
1795.3275567848978 1.1235271692276
1795.3483904166285 1.12126886844635
1795.369224047725 1.1206475496292114
1795.3900576781252 1.119204044342041
1795.4108913078726 1.1172919273376465
1795.4317249369342 1.1164222955703735
1795.4525585653448 1.1133588552474976
1795.4733921930715 1.1098583936691284
1795.4942258201481 1.108049988746643
1795.5150594465422 1.1054282188415527
1795.5358930722873 1.1022409200668335
1795.556726697351 1.0977643728256226
1795.5775603217674 1.0938645601272583
1795.5983939455036 1.0895144939422607
1795.6192275686035 1.086150050163269
1795.6400611910046 1.08292818069458
1795.6608948127807 1.0782873630523682
1795.681728433859 1.0749783515930176
1795.7025620543136 1.0695819854736328
1795.723395674072 1.0653307437896729
1795.7442292932076 1.0621676445007324
1795.7650629116483 1.0581178665161133
1795.7858965294674 1.0530084371566772
1795.8067301465924 1.0503431558609009
1795.8275637630973 1.0454597473144531
1795.8483973789196 1.0419260263442993
1795.8692309941023 1.0368492603302002
1795.8900646086138 1.0336261987686157
1795.910898222487 1.030570149421692
1795.93173183569 1.0268474817276
1795.9525654482559 1.0229644775390625
1795.973399060153 1.0187355279922485
1795.9942326714138 1.0168808698654175
1796.015066282007 1.0143920183181763
1796.035899891975 1.0102715492248535
1796.0567335012563 1.0067574977874756
1796.0775671099236 1.0045884847640991
1796.0984007179056 1.0028363466262817
1796.1192343252746 0.9994838833808899
1796.1400679319593 0.9971617460250854
1796.160901538032 0.9954531192779541
1796.1817351434213 0.9937348961830139
1796.2025687481998 0.9913622736930847
1796.2234023522965 0.9898779392242432
1796.244235955783 0.9892088174819946
1796.2650695585987 0.9879266023635864
1796.2859031607854 0.9873098731040955
1796.306736762312 0.986021876335144
1796.327570363211 0.9854657053947449
1796.3484039634511 0.9838391542434692
1796.3692375630644 0.984178364276886
1796.39007116202 0.9837093353271484
1796.4109047603497 0.9819705486297607
1796.4317383580224 0.9826814532279968
1796.4525719550704 0.9831249713897705
1796.473405551463 0.9840817451477051
1796.4942391472414 0.983218789100647
1796.5150727423454 0.9831925630569458
1796.5359063368464 0.9841054677963257
1796.5567399306738 0.9844699501991272
1796.5775735238992 0.9851256012916565
1796.5984071164523 0.9855627417564392
1796.6192407084045 0.9854847192764282
1796.6400742996952 0.9854360222816467
1796.6609078903657 0.9865549206733704
1796.6817414803759 0.9869424700737
1796.702575069787 0.9881426095962524
1796.7234086585388 0.9884339570999146
1796.7442422466725 0.9888134598731995
1796.7650758341579 0.9883179664611816
1796.785909421026 0.9906207919120789
1796.8067430072465 0.9904301762580872
1796.8275765928513 0.9909593462944031
1796.8484101778097 0.9925002455711365
1796.8692437621628 0.9927436709403992
1796.8900773458506 0.992628276348114
1796.910910928944 0.992935836315155
1796.9317445113734 0.9938392639160156
1796.9525780932092 0.9947697520256042
1796.973411674382 0.9938344359397888
1796.9942452549624 0.9932958483695984
1797.0150788348806 0.9925322532653809
1797.0359124142074 0.9920505881309509
1797.0567459928727 0.9923520088195801
1797.0775795709478 0.9925178289413452
1797.0984131483729 0.992402970790863
1797.1192467251883 0.9906947612762451
1797.1400803013646 0.9902772307395935
1797.1609138769322 0.9901334643363953
1797.1817474518618 0.9890519976615906
1797.202581026184 0.9889496564865112
1797.2234145998689 0.9879752993583679
1797.2442481729572 0.9878321290016174
1797.2650817453898 0.9877154231071472
1797.2859153172365 0.9865740537643433
1797.306748888428 0.9860407114028931
1797.327582459035 0.9863315224647522
1797.3484160289881 0.9850132465362549
1797.3692495983576 0.9837733507156372
1797.3900831670842 0.9838911294937134
1797.410916735208 0.9836943745613098
1797.4317503027 0.9838039875030518
1797.4525838695904 0.9837530255317688
1797.47341743585 0.9833987355232239
1797.494251001509 0.9833801984786987
1797.5150845665382 0.984012246131897
1797.5359181309777 0.9839978218078613
1797.5567516947685 0.9840843677520752
1797.5775852579807 0.9851846098899841
1797.5984188205455 0.9859402179718018
1797.6192523825325 0.9870567321777344
1797.6400859438736 0.9883289337158203
1797.6609195046376 0.9897315502166748
1797.6817530647563 0.991786539554596
1797.7025866242996 0.9924736618995667
1797.7234201832089 0.9941228628158569
1797.7442537415236 0.996842622756958
1797.7650872992153 0.9976963400840759
1797.7859208563134 0.9997053742408752
1797.8067544127898 1.003337025642395
1797.827587968674 1.0052982568740845
1797.8484215239375 1.0082262754440308
1797.8692550786195 1.0103710889816284
1797.8900886326624 1.0136140584945679
1797.910922186135 1.017737865447998
1797.931755738969 1.0209267139434814
1797.9525892912343 1.0245610475540161
1797.9734228428626 1.0284616947174072
1797.994256393923 1.0319489240646362
1798.015089944358 1.0361900329589844
1798.0359234942057 1.0391504764556885
1798.056757043439 1.0451561212539673
1798.0775905920866 1.0489534139633179
1798.0984241401216 1.0516432523727417
1798.1192576875717 1.0559533834457397
1798.1400912344102 1.0595471858978271
1798.1609247806755 1.0646198987960815
1798.18175832631 1.0683772563934326
1798.2025918713728 1.0723774433135986
1798.2234254158266 1.0763773918151855
1798.2442589597094 1.080368161201477
1798.2650925029648 1.0852620601654053
1798.2859260456603 1.0884649753570557
1798.3067595877296 1.0927166938781738
1798.327593129241 1.0951018333435059
1798.3484266701375 1.0986546277999878
1798.3692602104572 1.1028281450271606
1798.3900937501737 1.106411099433899
1798.4109272893145 1.1078311204910278
1798.4317608278534 1.1107664108276367
1798.4525943658182 1.1126846075057983
1798.4734279031832 1.1158019304275513
1798.494261439985 1.1180193424224854
1798.5150949761685 1.1215382814407349
1798.5359285118006 1.1218608617782593
1798.5567620468155 1.123198390007019
1798.5775955812808 1.1225755214691162
1798.598429115131 1.124491810798645
1798.6192626484326 1.1237703561782837
1798.640096181131 1.1250971555709839
1798.6609297132622 1.1238552331924438
1798.6817632448017 1.1229443550109863
1798.702596775776 1.1210969686508179
1798.7234303061607 1.121351957321167
1798.7442638359917 1.1190569400787354
1798.7650973652144 1.1170885562896729
1798.7859308938955 1.1154173612594604
1798.80676442197 1.1121550798416138
1798.8275979495047 1.110487699508667
1798.848431476435 1.1056267023086548
1798.8692650028272 1.1037455797195435
1798.8900985286268 1.1006691455841064
1798.9109320538703 1.0966168642044067
1798.931765578533 1.0926157236099243
1798.9525991026417 1.0891060829162598
1798.973432626172 1.0864275693893433
1798.99426614916 1.0822595357894897
1799.015099671552 1.078246831893921
1799.0359331934133 1.0733059644699097
1799.0567667147002 1.0698336362838745
1799.0776002354764 1.066169023513794
1799.0984337556422 1.0612003803253174
1799.119267275264 1.0558924674987793
1799.140100794307 1.0529547929763794
1799.160934312806 1.0482728481292725
1799.181767830738 1.0444979667663574
1799.2234348649554 1.0366542339324951
1799.2442683812428 1.0333940982818604
1799.265101896969 1.0306259393692017
1799.2859354121683 1.0253124237060547
1799.306768926789 1.0228688716888428
1799.3276024408954 1.0196027755737305
1799.3484359544261 1.015778660774231
1799.3692694674453 1.0130274295806885
1799.3901029798917 1.0096156597137451
1799.4109364918293 1.006994366645813
1799.431770003207 1.0046700239181519
1799.4526035140589 1.0019330978393555
1799.4734370243646 0.9997053146362305
1799.4942705341468 0.9970561265945435
1799.5151040433861 0.9946665167808533
1799.5359375521055 0.9931672215461731
1799.5567710602847 0.9911472201347351
1799.5776045679577 0.9898617267608643
1799.5984380750745 0.9890948534011841
1799.6192715816976 0.9874163269996643
1799.6401050877787 0.9864663481712341
1799.6609385933496 0.9851882457733154
1799.681772098392 0.9839109778404236
1799.702605602928 0.9840937256813049
1799.7234391069398 0.9830268621444702
1799.7442726104491 0.9820396304130554
1799.7651061134382 0.981544554233551
1799.7859396159386 0.9817820191383362
1799.806773117903 0.9820752143859863
1799.827606619393 0.98256915807724
1799.8484401203523 0.9815244674682617
1799.8692736208409 0.9822229146957397
1799.8901071208036 0.9818707704544067
1799.9109406203002 0.9836143851280212
1799.9317741192856 0.9830648303031921
1799.9526076177901 0.9832442402839661
1799.9734411157988 0.9840989708900452
1799.9942746133313 0.9857054352760315
1800.0151081103736 0.9856078624725342
1800.0359416069546 0.9846107363700867
1800.0567751030314 0.9859262704849243
1800.0776085986624 0.9862476587295532
1800.0984420937955 0.9870060682296753
1800.1192755884883 0.9878503084182739
1800.1401090826996 0.9880606532096863
1800.1609425764566 0.9895328283309937
1800.1817760697486 0.9894070029258728
1800.202609562593 0.990512490272522
1800.2234430549797 0.9915232062339783
1800.244276546925 0.9917942881584167
1800.26511003842 0.9913995265960693
1800.2859435294906 0.9921176433563232
1800.3067770200994 0.9917128682136536
1800.327610510301 0.9911455512046814
1800.3484440000486 0.9914569854736328
1800.369277489397 0.9913163185119629
1800.3901109783108 0.9898186922073364
1800.410944466813 0.9903385639190674
1800.4317779548996 0.98941969871521
1800.452611442584 0.9888371825218201
1800.4734449298628 0.989283561706543
1800.494278416758 0.9888192415237427
1800.5151119032384 0.9886903166770935
1800.5359453893548 0.9887641668319702
1800.5567788750675 0.987464964389801
1800.5776123604267 0.9869274497032166
1800.598445845404 0.9870915412902832
1800.6192793300188 0.9853753447532654
1800.640112814274 0.9862900972366333
1800.6609462981783 0.9856109619140625
1800.6817797817366 0.9845997095108032
1800.7026132649567 0.9847407937049866
1800.7234467478447 0.9842833876609802
1800.7442802304176 0.9838168621063232
1800.765113712654 0.983515202999115
1800.785947194599 0.9824236631393433
1800.806780676224 0.9824209213256836
1800.8276141575725 0.982933759689331
1800.8484476386286 0.9835907220840454
1800.8692811194044 0.9832078814506531
1800.890114599916 0.9835768342018127
1800.9109480801644 0.9852124452590942
1800.9317815601692 0.9831337332725525
1800.9526150399392 0.9846675395965576
1800.9734485194667 0.9868549704551697
1800.9942819987898 0.987251341342926
1801.0151154778932 0.9879270792007446
1801.035948956813 0.9894689917564392
1801.0567824355485 0.9923120141029358
1801.0776159141037 0.9925032258033752
1801.0984493925114 0.9953241944313049
1801.1192828707633 0.9976366758346558
1801.1401163488965 0.9995906949043274
1801.1609498269108 1.0023831129074097
1801.181783304818 1.003717303276062
1801.2026167826457 1.008461594581604
1801.2234502603999 1.0105233192443848
1801.2442837381059 1.0124784708023071
1801.2651172157855 1.0170948505401611
1801.285950693431 1.0195180177688599
1801.3067841711006 1.023697853088379
1801.327617648773 1.0281203985214233
1801.3484511265135 1.0313215255737305
1801.3692846043073 1.0334932804107666
1801.3901180821968 1.0378444194793701
1801.4109515601936 1.0429102182388306
1801.4317850383388 1.0461443662643433
1801.4526185166399 1.0508545637130737
1801.4734519951564 1.0537692308425903
1801.494285473862 1.0590369701385498
1801.5151189528558 1.062195062637329
1801.5359524320966 1.066720962524414
1801.5567859116952 1.0725929737091064
1801.5776193916047 1.0757880210876465
1801.5984528719484 1.0781153440475464
1801.6192863526837 1.081377625465393
1801.6401198339174 1.0863540172576904
1801.66095331563 1.0904347896575928
1801.6817867979444 1.094239354133606
1801.7026202808042 1.0968565940856934
1801.723453764379 1.0991634130477905
1801.7442872485942 1.1044808626174927
1801.765120733639 1.1099128723144531
1801.7859542194399 1.1117581129074097
1801.8067877061776 1.1105574369430542
1801.8276211937987 1.114198923110962
1801.848454682498 1.1171064376831055
1801.8692881722113 1.1189857721328735
1801.8901216631696 1.1190662384033203
1801.9109551552665 1.1173118352890015
1801.9317886487931 1.118103265762329
1801.9526221436195 1.1189919710159302
1801.9734556400686 1.122734785079956
1801.9942891380063 1.1212209463119507
1802.0151226377602 1.1244062185287476
1802.0359561392097 1.1265007257461548
1802.0567896427165 1.1233712434768677
1802.077623148141 1.1210979223251343
1802.0984566558784 1.115038275718689
1802.119290165741 1.1165257692337036
1802.1401236782092 1.117199182510376
1802.1609571930726 1.1153088808059692
1802.1817907108166 1.1104352474212646
1802.2026242312375 1.105880856513977
1802.2234577548538 1.108634114265442
1802.2442912814083 1.1044663190841675
1802.2651248114726 1.0953307151794434
1802.285958344756 1.0907108783721924
1802.3067918818356 1.0863851308822632
1802.3276254223988 1.0814416408538818
1802.348458967002 1.078255295753479
1802.3692925153239 1.0774331092834473
1802.3901260678344 1.0742987394332886
1802.410959624229 1.0684630870819092
1802.4317931848668 1.0659546852111816
1803.473471372812 0.9931584596633911
1803.4943048801008 0.9921941161155701
1803.5151383851407 0.9932191371917725
1803.5359718881245 0.9937499761581421
1803.5568053889508 0.9936783909797668
1803.5776388877757 0.9949957728385925
1803.598472384529 0.9941678047180176
1803.6193058793613 0.9957097768783569
1803.6401393721737 0.99522465467453
1803.6609728631408 0.9958164691925049
1803.6818063521555 0.9951599836349487
1803.702639839387 0.9952388405799866
1803.7234733247387 0.9939541220664978
1803.7443068083455 0.9947216510772705
1803.7651402901415 0.9952664971351624
1803.7859737702568 0.9936588406562805
1803.8068072485964 0.9931887984275818
1803.8276407253168 0.9937916398048401
1803.848474200323 0.9925031661987305
1803.8693076737375 0.9920240044593811
1803.8901411454963 0.9913302659988403
1803.9109746157078 0.9902706146240234
1803.9318080843095 0.9902122020721436
1803.9526415514058 0.9903790354728699
1803.9734750169348 0.9890677332878113
1803.994308481008 0.989787757396698
1804.0151419435333 0.9879984855651855
1804.0359754046497 0.987838864326477
1804.0568088642663 0.9865702986717224
1804.0776423224886 0.9862196445465088
1804.0984757792564 0.9851952195167542
1804.1193092346723 0.9851596355438232
1804.140142688647 0.9856292605400085
1804.1609761413104 0.9860979914665222
1804.181809592564 0.9848665595054626
1804.2026430425356 0.9855480194091797
1804.2234764911364 0.9867202043533325
1804.2443099384625 0.9861153960227966
1804.2651433844555 0.9865269660949707
1804.2859768292099 0.987971842288971
1804.3068102726377 0.9872649312019348
1804.3276437148609 0.9896754622459412
1804.3484771557924 0.9899424910545349
1804.369310595522 0.991858720779419
1804.3901440339935 0.9928795695304871
1804.4109774712847 0.9946483969688416
1804.4318109073406 0.9965994358062744
1804.452644342247 0.997653603553772
1804.4734777759186 0.9995999336242676
1804.49431120847 1.0019882917404175
1804.515144639807 1.0041931867599487
1804.5359780700423 1.0072360038757324
1804.5568114990924 1.0099197626113892
1804.5776449270384 1.0128958225250244
1804.598478353827 1.0168511867523193
1804.6193117795383 1.020263433456421
1804.6401452040893 1.0227540731430054
1804.660978627589 1.0258933305740356
1804.681812049945 1.0295319557189941
1804.7026454712643 1.0330642461776733
1804.723478891466 1.0362595319747925
1804.7443123106254 1.0412442684173584
1804.7651457286913 1.0439127683639526
1804.7859791457392 1.048514723777771
1804.8068125616883 1.052519679069519
1804.827645976642 1.0574718713760376
1804.8484793905204 1.0617960691452026
1804.8693128033963 1.0639092922210693
1804.8901462152191 1.0696544647216797
1804.9109796260518 1.0729142427444458
1804.931813035844 1.0769294500350952
1804.9526464446672 1.0802584886550903
1804.973479852442 1.0860613584518433
1804.9943132592687 1.0881811380386353
1805.0151466650582 1.092404842376709
1805.03598006991 1.0959850549697876
1805.056813473746 1.0996973514556885
1805.077646876644 1.1019794940948486
1805.0984802785263 1.1060917377471924
1805.1193136794905 1.1081610918045044
1805.140147079449 1.1119472980499268
1805.1609804784987 1.1143708229064941
1805.1818138765625 1.1151905059814453
1805.2026472737061 1.117078185081482
1805.223480669883 1.117967128753662
1805.2443140651583 1.1213105916976929
1805.2651474594556 1.1227293014526367
1805.2859808528697 1.1232575178146362
1805.3068142453244 1.1232229471206665
1805.3276476368837 1.1226913928985596
1805.348481027502 1.1229088306427002
1805.369314417242 1.1239066123962402
1805.390147806029 1.122558832168579
1805.4109811939554 1.1205917596817017
1805.4318145809361 1.1200454235076904
1805.4526479670633 1.1176079511642456
1805.4734813522623 1.115782380104065
1805.4943147365943 1.1145192384719849
1805.515148120015 1.1120665073394775
1805.5359815025856 1.109582781791687
1805.5568148842317 1.1062415838241577
1805.577648265044 1.1036627292633057
1805.5984816449486 1.100311040878296
1805.6193150240051 1.0965126752853394
1805.64014840217 1.0926165580749512
1805.6609817794933 1.0890334844589233
1805.6818151559312 1.0850846767425537
1805.7026485315428 1.0795567035675049
1805.723481906255 1.076480507850647
1805.7443152801563 1.073506236076355
1805.765148653174 1.0696003437042236
1805.7859820253664 1.0647774934768677
1805.8068153966906 1.0607609748840332
1805.8276487672047 1.0559147596359253
1805.8484821368359 1.0529325008392334
1805.8693155056717 1.0482109785079956
1805.89014887363 1.0445356369018555
1805.910982240798 1.0420200824737549
1805.9318156071035 1.0369484424591064
1805.952648972603 1.032361626625061
1805.973482337255 1.0298991203308105
1805.994315701116 1.0275397300720215
1806.0151490641138 1.022887110710144
1806.0359824263346 1.0201048851013184
1806.0568157877133 1.0160976648330688
1806.0776491483048 1.0124287605285645
1806.0984825080568 1.0103055238723755
1806.1193158670249 1.0072873830795288
1806.1401492251434 1.004250168800354
1806.1609825824976 1.0020997524261475
1806.1818159390068 0.9998428225517273
1806.2026492947552 0.9981151223182678
1806.2234826496726 0.9956106543540955
1806.244316003813 0.9947178363800049
1806.2651493571361 0.9932296872138977
1806.2859827096963 0.9908495545387268
1806.3068160614232 0.9899839758872986
1806.3276494124004 0.9883661270141602
1806.3484827625584 0.9881978631019592
1806.36931611195 0.9870882630348206
1806.3901494605357 0.9873012900352478
1806.4109828083685 0.9848570823669434
1806.4318161553795 0.9857596755027771
1806.4526495016505 0.9837766885757446
1806.473482847103 0.9840937256813049
1806.494316191819 0.9844786524772644
1806.5151495357297 0.9845021367073059
1806.5359828788871 0.9856883883476257
1806.5568162212526 0.9839847683906555
1806.5776495628777 0.9845056533813477
1806.598482903694 0.9856138825416565
1806.619316243783 0.9859433770179749
1806.640149583076 0.9864316582679749
1806.660982921625 0.9866322875022888
1806.681816259391 0.9868856072425842
1806.7026495964255 0.9875091910362244
1806.7234829326605 0.9876196980476379
1806.7443162681761 0.9884210824966431
1806.7651496029055 0.989621639251709
1806.7859829368983 0.9895219206809998
1806.8068162701172 0.99038165807724
1806.8276496026126 0.9905793070793152
1806.8484829343167 0.9907770156860352
1806.8693162653094 0.9920641779899597
1806.890149595514 0.9919543862342834
1806.9109829250099 0.9923691153526306
1806.93181625373 0.993729293346405
1806.9526495817338 0.9932457804679871
1806.9734829089543 0.9936752915382385
1806.9943162354707 0.99391770362854
1807.0151495612067 0.993953287601471
1807.035982886241 0.9938591122627258
1807.0568162105071 0.9938512444496155
1807.0776495340538 0.9947153925895691
1807.0984828568448 0.992959201335907
1807.1193161789283 0.9930008053779602
1807.1401495002385 0.9929498434066772
1807.160982820854 0.9922809600830078
1807.1818161407082 0.9922760128974915
1807.2026494598495 0.9909670948982239
1807.2234827782418 0.9899073243141174
1807.244316095933 0.9902910590171814
1807.265149412858 0.9896694421768188
1807.285982729094 0.9890551567077637
1807.3068160445753 0.9878411889076233
1807.32764935935 0.9874048829078674
1807.3484826733823 0.9855726361274719
1807.3693159867094 0.9871702194213867
1807.3901492992964 0.9857536554336548
1807.4109826111905 0.9854486584663391
1807.431815922336 0.9844192266464233
1807.4526492327807 0.9853429198265076
1807.473482542489 0.9846856594085693
1807.4943158514977 0.9831334352493286
1807.5151491597721 0.9849382638931274
1807.5359824673592 0.9836361408233643
1807.5568157741936 0.9849053025245667
1807.5776490803526 0.9842778444290161
1807.5984823857707 0.9859384894371033
1807.6193156904947 0.9857882857322693
1807.6401489944901 0.9873090386390686
1807.6609822978032 0.9880982041358948
1807.6818156003692 0.9891866445541382
1807.7026489022649 0.9898363947868347
1807.723482203425 0.9912252426147461
1807.744315503896 0.9924598336219788
1807.7651488036436 0.9946010708808899
1807.785982102714 0.9964942336082458
1807.8068154010425 0.9967604875564575
1807.8276486987052 0.9995356798171997
1807.8484819956377 1.0026352405548096
1807.8693152918859 1.0047492980957031
1807.8901485874155 1.007387638092041
1807.9109818822726 1.010932445526123
1807.9318151763928 1.0138039588928223
1807.9526484698517 1.0172476768493652
1807.9734817625854 1.0196644067764282
1808.0151483459792 1.0268350839614868
1808.035981636641 1.0313297510147095
1808.0568149265907 1.0338964462280273
1808.0776482158733 1.038458228111267
1808.0984815044353 1.042620301246643
1808.1193147923218 1.046839952468872
1808.140148079499 1.0500723123550415
1808.1609813660023 1.0551611185073853
1808.1818146517978 1.0591192245483398
1808.2026479369306 1.0630276203155518
1808.2234812213371 1.0661323070526123
1808.2443145050918 1.069689393043518
1808.265147788132 1.0754612684249878
1808.2859810705022 1.0796692371368408
1808.3068143521687 1.0834904909133911
1808.3276476331764 1.0871975421905518
1808.3484809134723 1.0918391942977905
1808.3693141931 1.0946193933486938
1808.3901474720276 1.097563624382019
1808.410980750299 1.1022131443023682
1808.4318140278506 1.1047217845916748
1808.4526473047574 1.1079410314559937
1808.473480580956 1.1108856201171875
1808.4943138564909 1.1134825944900513
1808.515147131329 1.1160885095596313
1808.5359804055047 1.1176962852478027
1808.556813678985 1.120583176612854
1808.5776469518137 1.1208451986312866
1808.5984802239284 1.123059630393982
1808.6193134954026 1.1247446537017822
1808.640146766174 1.1252708435058594
1808.6609800362965 1.1243008375167847
1808.6818133057072 1.1253412961959839
1808.70264657448 1.1254819631576538
1808.7234798425422 1.1246057748794556
1808.744313109968 1.123663306236267
1808.7651463766945 1.122238039970398
1808.7859796427754 1.1211378574371338
1808.806812908148 1.1190896034240723
1808.8276461728865 1.1177767515182495
1808.8484794369176 1.115808129310608
1808.8693127003157 1.1131988763809204
1808.890145963018 1.1102406978607178
1808.9109792250783 1.1074410676956177
1808.931812486434 1.1045854091644287
1808.9526457471584 1.1000696420669556
1808.973479007189 1.0970211029052734
1808.99431226657 1.0940841436386108
1809.0151455252687 1.089733362197876
1809.0359787833283 1.0851346254348755
1809.0568120406867 1.0809651613235474
1809.0776452974173 1.078424096107483
1809.0984785534577 1.073299527168274
1809.119311808851 1.068799376487732
1809.1401450635658 1.064780831336975
1809.1609783176445 1.0618526935577393
1809.1818115710257 1.056200385093689
1809.2026448237818 1.0528697967529297
1809.223478075841 1.0486716032028198
1809.2443113272766 1.0454363822937012
1809.2651445780266 1.0413941144943237
1809.2859778281438 1.0381008386611938
1809.3068110775664 1.033881664276123
1809.3276443263671 1.0295573472976685
1809.3484775744744 1.0260224342346191
1809.3693108219609 1.0226225852966309
1809.390144068765 1.0201821327209473
1809.4109773149394 1.0160739421844482
1809.4318105604225 1.0125616788864136
1809.4526438052865 1.0099518299102783
1809.4734770494601 1.0078630447387695
1809.4943102930163 1.004278540611267
1809.5151435358932 1.0026566982269287
1809.535976778143 0.9995383024215698
1809.556810019705 0.997272253036499
1809.5776432606508 0.9957578182220459
1809.5984765009093 0.9936724901199341
1809.6193097405533 0.9915033578872681
1809.640142979521 0.9898683428764343
1809.6609762178648 0.9900001287460327
1809.6818094555238 0.9875450730323792
1809.7026426925695 0.9874422550201416
1809.723475928941 0.98600172996521
1809.7443091646808 0.9854183197021484
1809.7651423997577 0.9849317669868469
1809.7859756342134 0.9836600422859192
1809.8068088679875 0.9837125539779663
1809.827642101151 0.9834908246994019
1809.8484753336438 0.9844111204147339
1809.8693085655073 0.9842631220817566
1809.8901417967113 0.9841522574424744
1809.910975027297 0.9849705696105957
1809.9318082572138 0.9831377267837524
1809.9526414865034 0.984233021736145
1809.9734747151351 0.9850859642028809
1809.9943079431505 0.9855914115905762
1810.0151411704894 0.9867885112762451
1810.0359743972228 0.9872527122497559
1810.0568076232908 0.9872170090675354
1810.077640848734 0.987288773059845
1810.0984740735228 0.9881719946861267
1810.119307297698 0.9887236952781677
1810.1401405212 0.9905434846878052
1810.1609737440992 0.9907951354980469
1810.1818069663361 0.9905471205711365
1810.2026401879514 0.991283118724823
1810.2234734089152 0.9923162460327148
1810.2443066292685 0.9925949573516846
1810.2651398489515 0.9934388399124146
1810.2859730680348 0.9935895204544067
1810.3068062864588 0.9936066269874573
1810.327639504264 0.9937934279441833
1810.3484727214213 0.9931054711341858
1810.369305937971 0.9930614233016968
1810.3901391538534 0.9938907623291016
1810.4109723691392 0.9938498139381409
1810.431805583769 0.9940710663795471
1810.4526387977828 0.9937142133712769
1810.473472011152 0.9927966594696045
1810.4943052239164 0.9919328689575195
1810.5151384360272 0.9914638996124268
1810.535971647524 0.9923695921897888
1810.5568048583784 0.9917495846748352
1810.5776380686298 0.9908976554870605
1810.59847127822 0.9894323945045471
1810.6193044872184 0.9900743365287781
1810.6401376955664 0.9899075627326965
1810.6609709033037 0.9886155724525452
1810.681804110402 0.9885882139205933
1810.7026373169003 0.9874165654182434
1810.7234705227409 0.9864706993103027
1810.7443037279927 0.9859216213226318
1810.765136932598 0.9861747026443481
1810.7859701365953 0.9858191013336182
1810.8068033399572 0.9858602285385132
1810.8276365427225 0.9852623343467712
1810.8484697448337 0.985587477684021
1810.8693029463593 0.9852572083473206
1810.8901361472417 0.9853764176368713
1810.9109693475302 0.9857755899429321
1810.9318025471664 0.98638516664505
1810.9526357462194 0.9863450527191162
1810.9734689446218 0.987282931804657
1810.9943021424424 0.9872938990592957
1811.0151353396234 0.9875636100769043
1811.0359685362139 0.9883602261543274
1811.056801732156 0.9903128743171692
1811.0776349275184 0.9914830327033997
1811.098468122244 0.992881178855896
1811.1193013163713 0.9955416321754456
1811.1401345098732 0.996441662311554
1811.160967702788 0.9992407560348511
1811.1818008950584 1.0004184246063232
1811.2026340867528 1.0028940439224243
1811.2234672778145 1.005523443222046
1811.244300468282 1.0086824893951416
1811.2651336581278 1.011519193649292
1811.2859668473905 1.0131721496582031
1811.306800036013 1.0176289081573486
1811.3276332240637 1.020313024520874
1811.3484664114858 1.0245603322982788
1811.3692995983276 1.0282015800476074
1811.3901327845322 1.0312514305114746
1811.4109659701678 1.0348833799362183
1811.4317991551777 1.0387240648269653
1811.4526323395999 1.0427515506744385
1811.473465523408 1.04688560962677
1811.4942987066404 1.050737738609314
1811.5151318892401 1.0548897981643677
1811.535965071275 1.0590296983718872
1811.5567982526893 1.0630617141723633
1811.57763143353 1.06739342212677
1811.5984646137422 1.0719705820083618
1811.6192977933924 1.0761040449142456
1811.6401309724256 1.0795987844467163
1811.6609641508785 1.0839072465896606
1811.6817973287257 1.0882259607315063
1811.7026305060047 1.0906410217285156
1811.72346368266 1.094972848892212
1811.7442968587584 1.097744107246399
1811.7651300342452 1.1009135246276855
1811.7859632091668 1.1053385734558105
1811.8067963834683 1.108006238937378
1811.8276295572168 1.1107100248336792
1811.8484627303476 1.113476276397705
1811.8692959029268 1.1160414218902588
1811.8901290749 1.1181696653366089
1811.9109622463138 1.1201817989349365
1811.9317954171136 1.1210774183273315
1811.952628587366 1.1226226091384888
1811.9734617570168 1.123279333114624
1811.9942949261022 1.1247221231460571
1812.015128094598 1.1250903606414795
1812.0359612625405 1.125335693359375
1812.0567944298755 1.1255099773406982
1812.0776275966693 1.1255112886428833
1812.0984607628686 1.1225227117538452
1812.1192939285188 1.1225078105926514
1812.1401270935667 1.1205211877822876
1812.160960258078 1.1191352605819702
1812.181793421999 1.1170848608016968
1812.2026265853658 1.1140261888504028
1812.2234597481558 1.1130362749099731
1812.2442929104036 1.1098095178604126
1812.2651260720572 1.1063178777694702
1812.2859592331813 1.1034971475601196
1812.3067923937238 1.0999504327774048
1812.3276255537194 1.0962927341461182
1812.3484587131468 1.0916510820388794
1812.3692918720399 1.0879648923873901
1812.3901250303577 1.084862470626831
1812.410958188134 1.080310583114624
1812.431791345348 1.0767194032669067
1812.4526245020338 1.072421669960022
1812.4734576581407 1.0674630403518677
1812.5151239687586 1.0602200031280518
1812.5359571232625 1.0555654764175415
1812.5567902771945 1.0510776042938232
1812.577623430618 1.0476856231689453
1812.5984565834733 1.0427945852279663
1812.6192897358233 1.0386297702789307
1812.640122887619 1.0360515117645264
1812.6609560389031 1.032113790512085
1812.681789189627 1.0291662216186523
1812.7026223398527 1.0256462097167969
1812.723455489533 1.0219438076019287
1812.7442886386991 1.0188655853271484
1812.765121787334 1.0148812532424927
1812.785954935469 1.0130616426467896
1812.806788083057 1.009049892425537
1812.8276212301596 1.0058226585388184
1812.8484543767304 1.0032031536102295
1812.86928752281 1.0010974407196045
1812.8901206683533 0.9994955658912659
1812.91095381342 0.9967333078384399
1812.9317869579656 0.9949325919151306
1812.9526201020196 0.9926534295082092
1812.9734532455684 0.9923353791236877
1812.9942863886408 0.9905756711959839
1813.0151195312037 0.9878965020179749
1813.0359526732857 0.9866862893104553
1813.0567858148747 0.9860706329345703
1813.0776189559986 0.985680103302002
1813.0984520966158 0.982955813407898
1813.1192852367842 0.9831931591033936
1813.1401183764629 0.9823843240737915
1813.1609515156788 0.9827849864959717
1813.1817846544227 0.9819064736366272
1813.2026177927207 0.9826826453208923
1813.2234509305442 0.9815179705619812
1813.2442840679194 0.9824745655059814
1813.265117204838 0.9832149147987366
1813.2859503413251 0.9831315875053406
1813.3067834773449 0.9826321005821228
1813.327616612952 0.982338011264801
1813.3484497481102 0.9835553765296936
1813.3692828828541 0.9842859506607056
1813.390116017149 0.9851123690605164
1813.4109491510485 0.984819769859314
1813.4317822845196 0.9847559928894043
1813.4526154175849 0.9859915971755981
1813.4734485502427 0.9874451756477356
1813.4942816825148 0.9877488613128662
1813.5151148143814 0.9877781867980957
1813.5359479458627 0.9889825582504272
1813.556781076961 0.9899685382843018
1813.5776142076961 0.9892137050628662
1813.5984473380413 0.9895477890968323
1813.6192804680456 0.990621030330658
1813.6401135976844 0.9912894368171692
1813.660946726975 0.9910526275634766
1813.6817798559255 0.9940826892852783
1813.7026129845524 0.992927074432373
1813.7234461128453 0.9931766986846924
1813.7442792408199 0.9922504425048828
1813.7651123684877 0.9932271838188171
1813.7859454958632 0.9934878349304199
1813.8067786229315 0.9931952953338623
1813.8276117497346 0.9932035803794861
1813.8484448762608 0.9906997680664062
1813.8692780025308 0.9914170503616333
1813.8901111285356 0.9910115003585815
1813.9109442543142 0.9894587993621826
1813.9317773798516 0.990378201007843
1813.9526105051852 0.9877110123634338
1813.9734436303127 0.9874734282493591
1813.99427675525 0.9873359203338623
1814.015109879999 0.9860125780105591
1814.0359430045935 0.9857948422431946
1814.0567761290401 0.9850731492042542
1814.07760925334 0.9852498769760132
1814.0984423775349 0.9842751026153564
1814.1192755016232 0.9826835989952087
1814.1401086256324 0.9834675192832947
1814.160941749558 0.9837504625320435
1814.1817748734538 0.9831303954124451
1814.2026079973125 0.9845898747444153
1814.2234411211737 0.9829723834991455
1814.2442742450273 0.9847619533538818
1814.2651073689406 0.9834908843040466
1814.2859404929 0.9846251010894775
1814.3067736169505 0.9849157929420471
1814.327606741105 0.9868626594543457
1814.3484398654177 0.9873359203338623
1814.3692729898667 0.9877539277076721
1814.3901061145468 0.9888569116592407
1814.4109392394319 0.9892746210098267
1814.431772364608 0.9912344813346863
1814.4526054900427 0.9907627701759338
1814.4734386158564 0.9931377172470093
1814.4942717420106 0.9946092963218689
1814.5151048686093 0.9950163960456848
1814.5359379956383 1.0
1814.5567711232186 1.0016013383865356
1814.577604251308 1.0053151845932007
1814.598437380046 1.0086246728897095
1814.6192705094027 1.0105985403060913
1814.6401036395384 1.0132266283035278
1814.6609367703945 1.017524242401123
1814.6817699021558 1.021918535232544
1814.7026030347724 1.0259549617767334
1814.7234361684568 1.0275678634643555
1814.7442693031276 1.0329095125198364
1814.7651024390282 1.0348721742630005
1814.7859355760843 1.0403789281845093
1814.8067687145747 1.0445154905319214
1814.82760185438 1.0494993925094604
1814.8484349958485 1.050708293914795
1814.8692681388445 1.053338646888733
1814.8901012837307 1.0559794902801514
1814.9109344303824 1.0576364994049072
1814.9317675792122 1.0704385042190552
1814.9526007300537 1.0702705383300781
1814.9734338833734 1.0773916244506836
1814.9942670390012 1.0836803913116455
1815.01510019746 1.085000991821289