1764.7034201877784 1.187031865119934
1764.7242538472553 1.188767910003662
1764.7450875027737 1.1829777956008911
1764.7659211544315 1.1912424564361572
1764.7867548022964 1.1878241300582886
1764.8075884464663 1.1874083280563354
1764.8284220870269 1.1772754192352295
1764.849255724063 1.1666628122329712
1764.8700893576677 1.1490988731384277
1764.8909229879025 1.1373403072357178
1764.9117566148561 1.133219599723816
1764.932590238606 1.1231470108032227
1764.9534238592275 1.1214616298675537
1764.9742574768027 1.1264554262161255
1764.9950910913828 1.1263123750686646
1765.015924703046 1.1161271333694458
1765.036758311858 1.1214970350265503
1765.0575919178832 1.1213643550872803
1765.0784255211934 1.114194631576538
1765.099259121828 1.113397240638733
1765.1200927198547 1.1014655828475952
1765.1409263153294 1.082858920097351
1765.1617599083054 1.0684388875961304
1765.1825934988344 1.0561459064483643
1765.2034270869767 1.0496059656143188
1765.22426067276 1.0409873723983765
1765.2450942562411 1.0293657779693604
1765.2659278374651 1.030043363571167
1765.2867614164845 0.9988083839416504
1765.3075949933213 1.0088285207748413
1765.328428568026 1.0039329528808594
1765.349262140637 0.9805688858032227
1765.3700957111917 0.9592689871788025
1765.3909292797368 0.9727396965026855
1765.4117628462866 0.9137718677520752
1765.432596410885 0.9139196872711182
1765.4534299735647 0.8790186643600464
1765.4742635343669 0.9084482789039612
1765.4950970933016 0.8947613835334778
1765.515930650409 0.8895707726478577
1765.5367642057167 0.8973456621170044
1765.5575977592525 0.8583733439445496
1765.5784313110428 0.8900871276855469
1765.5992648611232 0.8806604743003845
1765.6200984094983 0.8846545815467834
1765.6409319562024 0.8737359642982483
1765.6617655012585 0.8574058413505554
1765.6825990446891 0.8846129775047302
1765.7034325865266 0.8850183486938477
1765.724266126771 0.8445993065834045
1765.7450996654536 0.8576761484146118
1765.765933202594 0.8378276228904724
1765.786766738221 0.8675010204315186
1765.8076002723337 0.8656426668167114
1765.8284338049602 0.8409688472747803
1765.8492673361175 0.8347927331924438
1765.8701008658231 0.8662804961204529
1765.8909343941034 0.8379737734794617
1765.9117679209544 0.8434774875640869
1765.9326014464013 0.8428077101707458
1765.95343497046 0.8505996465682983
1765.9742684931446 0.8282642960548401
1765.9951020144795 0.8411129117012024
1766.0159355344588 0.8443282246589661
1766.0367690531054 0.851146399974823
1766.0576025704331 0.864891767501831
1766.0784360864643 0.8715020418167114
1766.0992696011915 0.9124208092689514
1766.120103114637 0.9072621464729309
1766.1409366268122 0.9284899234771729
1766.1617701377288 0.9328863620758057
1766.1826036474079 0.9222583770751953
1766.2034371558402 0.9217424392700195
1766.2242706630468 0.9419365525245667
1766.2451041690374 0.9356977343559265
1766.2659376738222 0.9401068687438965
1766.2867711774215 0.940727949142456
1766.3076046798244 0.9404171109199524
1766.3284381810504 0.9617619514465332
1766.3492716811086 0.9797816872596741
1766.3701051800074 0.9829884767532349
1766.3909386777661 1.0158196687698364
1766.4117721743733 1.0200425386428833
1766.4326056698465 1.0134390592575073
1766.4534391641942 1.0111162662506104
1766.4742726574343 1.0001542568206787
1766.4951061495542 1.0393621921539307
1766.5159396405718 1.0509274005889893
1766.5367731304946 1.0486118793487549
1766.5576066193291 1.046048641204834
1766.5784401070828 1.0823166370391846
1766.5992735937725 1.0789767503738403
1766.6201070793848 1.074575662612915
1766.640940563936 1.0963330268859863
1766.6617740474333 1.0773392915725708
1766.6826075298923 1.090564489364624
1766.7034410112994 1.0887939929962158
1766.7242744916707 1.082493543624878
1766.745107971012 1.0639276504516602
1766.7659414493387 1.090468406677246
1766.7867749266372 1.0831106901168823
1766.8076084029224 1.0658228397369385
1766.8284418781998 1.0656304359436035
1766.8492753524752 1.085618495941162
1766.8701088257633 1.0854421854019165
1766.8909422980491 1.0703328847885132
1766.9117757693482 1.0677212476730347
1766.9326092396648 1.0857125520706177
1766.953442709004 1.0876165628433228
1766.974276177381 1.0832303762435913
1766.9951096447796 1.0815818309783936
1767.0159431112147 1.0828449726104736
1767.036776576691 1.0630216598510742
1767.0576100412222 1.0714902877807617
1767.078443504793 1.0676220655441284
1767.0992769674178 1.0433597564697266
1767.1201104291004 1.0616445541381836
1767.140943889845 1.0647631883621216
1767.1617773496655 1.0611709356307983
1767.1826108085456 1.0804617404937744
1767.2034442664994 1.0554286241531372
1767.2242777235308 1.0500503778457642
1767.245111179653 1.0379555225372314
1767.26594463485 1.0404493808746338
1767.2867780891354 1.0312029123306274
1767.3076115425124 1.054573893547058
1767.3284449949947 1.047211766242981
1767.349278446566 1.0509860515594482
1767.3701118972388 1.0558830499649048
1767.390945347017 1.0741655826568604
1767.4117787959037 1.0790177583694458
1767.432612243912 1.1018730401992798
1767.4534456910249 1.0845630168914795
1767.474279137256 1.0853939056396484
1767.4951125826076 1.0820626020431519
1767.515946027083 1.0765599012374878
1767.536779470695 1.0719391107559204
1767.557612913427 1.0856024026870728
1767.578446355291 1.064753770828247
1767.5992797962901 1.0690370798110962
1767.6201132364376 1.0576159954071045
1767.6409466757154 1.047287106513977
1767.6617801141367 1.0676143169403076
1767.682613551704 1.0583546161651611
1767.7034469884295 1.0755964517593384
1767.7242804242962 1.0500341653823853
1767.7451138593167 1.039973497390747
1767.7659472934927 1.023446798324585
1767.7867807268274 1.0306951999664307
1767.807614159333 1.0260518789291382
1767.8284475909916 1.0358364582061768
1767.8492810218158 1.0446557998657227
1767.8701144518081 1.040447473526001
1767.89094788098 1.0441228151321411
1767.9117813093144 1.0519449710845947
1767.9326147368236 1.0457172393798828
1767.9534481635092 1.069705605506897
1767.9742815893837 1.07052743434906
1767.9951150144293 1.075834035873413
1768.0159484386577 1.0653687715530396
1768.0367818620712 1.065542459487915
1768.0576152846818 1.0594532489776611
1768.0784487064716 1.0686808824539185
1768.0992821274524 1.066084861755371
1768.1201155476265 1.0874651670455933
1768.1409489670052 1.0798794031143188
1768.1617823855709 1.0901260375976562
1768.1826158033357 1.0822304487228394
1768.2034492203006 1.0908710956573486
1768.2242826364682 1.0964045524597168
1768.2451160518501 1.0914616584777832
1768.2659494664279 1.085364818572998
1768.2867828802134 1.0955595970153809
1768.3076162932089 1.0893325805664062
1768.3284497054253 1.0738959312438965
1768.3492831168446 1.0827938318252563
1768.370116527479 1.092991590499878
1768.3909499373294 1.0964953899383545
1768.411783346398 1.1038243770599365
1768.432616754696 1.1065056324005127
1768.4534501622054 1.1195874214172363
1768.4742835689374 1.1108113527297974
1768.495116974904 1.1244453191757202
1768.5159503800865 1.126033067703247
1768.5367837844963 1.1215413808822632
1768.5576171881355 1.1103613376617432
1768.5784505910149 1.1158089637756348
1768.6201173944514 1.0634158849716187
1768.6409507950214 1.047974705696106
1768.6617841948278 1.063778042793274
1768.682617593882 1.0461868047714233
1768.7034509921655 1.0338479280471802
1768.7242843896895 1.0304818153381348
1768.7451177864557 1.0188769102096558
1768.7659511824754 1.020635962486267
1768.7867845777296 0.9955185055732727
1768.8076179722302 1.0104761123657227
1768.8284513659783 0.9944573044776917
1768.849284758985 0.9813882112503052
1768.870118151232 0.9882001280784607
1768.8909515427304 1.0023757219314575
1768.9117849334814 0.9752780199050903
1768.9326183234964 0.9861963987350464
1768.953451712757 0.9793046116828918
1768.9742851012736 1.0231624841690063
1768.9951184890483 1.0105644464492798
1769.015951876092 1.0007075071334839
1769.0367852623858 1.026100754737854
1769.057618647941 1.014633059501648
1769.078452032759 1.0082695484161377
1769.0992854168408 1.0221275091171265
1769.1201188001974 1.001389980316162
1769.1409521828107 0.9869398474693298
1769.161785564691 0.979777455329895
1769.1826189458498 0.9898266792297363
1769.2034523262685 0.9922004342079163
1769.224285705958 0.9946985840797424
1769.2451190849192 0.9928188920021057
1769.2659524631638 0.9637436270713806
1769.2867858406726 0.967693030834198
1769.3076192174565 0.9453092813491821
1769.3284525935169 0.9413996338844299
1769.349285968855 0.9389994740486145
1769.3701193434813 0.9295952916145325
1769.3909527173776 0.9165689945220947
1769.4117860905544 0.9154298305511475
1769.4326194630132 0.9333151578903198
1769.4534528347651 0.970017671585083
1769.4742862057906 0.9486421942710876
1769.4951195761012 0.9711816906929016
1769.5159529457078 0.972996175289154
1769.5367863145914 0.9613451361656189
1769.557619682763 0.968784511089325
1769.578453050224 0.9585220813751221
1769.599286416985 0.9418584108352661
1769.6201197830271 0.941253125667572
1769.6409531483614 0.942379355430603
1769.6617865129888 0.9461648464202881
1769.6826198769104 0.9315773248672485
1769.7034532401372 0.9290104508399963
1769.72428660265 0.9341216087341309
1769.7451199644597 0.9255328178405762
1769.765953325578 0.9346907138824463
1769.786786685985 0.930835485458374
1769.807620045692 0.9195362329483032
1769.8284534047002 0.9093185067176819
1769.8492867630202 0.9092442989349365
1769.8701201206331 0.9019925594329834
1769.8909534775503 0.9205162525177002
1769.9117868337719 0.9282172918319702
1769.9326201893093 0.9258773326873779
1769.9534535441435 0.94124835729599
1769.9742868982853 0.9309653639793396
1769.9951202517354 0.9352584481239319
1770.0159536045055 0.9380740523338318
1770.036786956576 0.9537863731384277
1770.0576203079577 0.9729851484298706
1770.0784536586518 0.9491880536079407
1770.099287008669 0.9483814239501953
1770.1201203579903 0.9534657597541809
1770.1409537066268 0.9427129030227661
1770.1617870545792 0.9578503966331482
1770.1826204018587 0.9484232068061829
1770.2034537484458 0.9561038017272949
1770.2242870943517 0.9433427453041077
1770.2451204395772 0.9592463970184326
1770.2659537841332 0.9565508961677551
1770.286787128001 0.9620852470397949
1770.3076204711906 0.9677374362945557
1770.3284538137036 0.9876953959465027
1770.3492871555509 0.9870643615722656
1770.370120496713 0.9841018915176392
1770.390953837201 0.9844394326210022
1770.4117871770263 0.9884454011917114
1770.432620516169 0.9948768019676208
1770.4534538546402 1.0025677680969238
1770.4742871924414 1.0026408433914185
1770.4951205295827 1.015702486038208
1770.5159538660453 1.0122382640838623
1770.53678720184 1.0068261623382568
1770.557620536968 1.0178594589233398
1770.57845387144 1.018211007118225
1770.5992872052368 1.025983214378357
1770.6201205383693 1.019266128540039
1770.6409538708385 1.0226759910583496
1770.6617872026554 1.0134060382843018
1770.6826205338007 0.9917731881141663
1770.7034538642852 1.0032336711883545
1770.7242871941203 1.0085744857788086
1770.7451205232862 1.0183587074279785
1770.7659538517942 1.0251457691192627
1770.7867871796454 1.0158950090408325
1770.8076205068503 1.0337185859680176
1770.8284538333899 1.0394366979599
1770.8492871592753 1.0410405397415161
1770.870120484507 1.047298789024353
1770.8909538090961 1.0574196577072144
1770.9117871330238 1.0656380653381348
1770.9326204563006 1.0742372274398804
1770.9534537789275 1.0718297958374023
1770.9742871009157 1.0809251070022583
1770.9951204222457 1.0894231796264648
1771.0159537429286 1.0875571966171265
1771.0367870629757 1.093725562095642
1771.057620382367 1.0758966207504272
1771.078453701114 1.09219491481781
1771.099287019218 1.0713609457015991
1771.1201203366893 1.076037883758545
1771.140953653509 1.0754719972610474
1771.1617869696884 1.0690745115280151
1771.1826202852278 1.0557804107666016
1771.2034536001383 1.0450055599212646
1771.2242869144013 1.0216480493545532
1771.2451202280272 1.0209013223648071
1771.2659535410273 1.022132158279419
1771.2867868533824 1.0153874158859253
1771.3076201651036 1.0252538919448853
1771.3284534761917 1.0161210298538208
1771.3492867866576 1.0155881643295288
1771.3701200964827 1.037337303161621
1771.3909534056772 1.0272928476333618
1771.4117867142427 1.028438925743103
1771.4326200221901 1.024389624595642
1771.4534533295002 1.0098440647125244
1771.4742866361842 1.006977915763855
1771.4951199422528 1.0099310874938965
1771.5159532476873 0.9836362600326538
1771.5367865524984 0.989052951335907
1771.5576198566876 1.0032577514648438
1771.5784531602653 1.00294828414917
1771.599286463213 0.9995473623275757
1771.6201197655416 0.9874671101570129
1771.640953067252 0.9764224290847778
1771.6617863683553 0.9710473418235779
1771.6826196688326 0.9612069725990295
1771.7034529686948 0.961760938167572
1771.724286267953 0.9489014148712158
1771.7451195665888 0.9413897395133972
1771.7659528646122 0.9521053433418274
1771.786786162025 0.9481367468833923
1771.8076194588386 0.9619255661964417
1771.8284527550331 0.972735583782196
1771.8492860506203 0.9761921763420105
1771.8701193456116 0.9986382722854614
1771.890952639987 1.0057790279388428
1771.9117859337587 1.0043193101882935
1771.9326192269275 1.0039082765579224
1771.953452519504 0.9916136264801025
1771.97428581147 1.0019216537475586
1771.9951191028367 0.9990231394767761
1772.0159523936047 1.0
1772.0367856837854 1.0089175701141357
1772.0576189733604 1.015074372291565
1772.0784522623403 1.014511227607727
1772.0992855507366 1.0175436735153198
1772.1201188385307 1.030998945236206
1772.1409521257333 1.0179667472839355
1772.161785412346 1.0275139808654785
1772.18261869838 1.011401653289795
1772.2034519838164 1.0048191547393799
1772.2242852686666 1.0055426359176636
1772.245118552942 1.0158053636550903
1772.2659518366233 1.008117437362671
1772.2867851197225 1.0172524452209473
1772.3076184022407 1.0142065286636353
1772.3284516841888 1.0238107442855835
1772.3492849655486 1.0362552404403687
1772.3701182463315 1.0371805429458618
1772.3909515265484 1.0400612354278564
1772.411784806181 1.058941125869751
1772.4326180852408 1.037650465965271
1772.4534513637288 1.0306458473205566
1772.4951179190057 1.0058282613754272
1772.5159511957875 1.0113601684570312
1772.5367844720133 1.0034708976745605
1772.5576177476648 0.9834772944450378
1772.5784510227536 0.9980344772338867
1772.5992842972805 1.010154366493225
1772.6201175712577 1.0119465589523315
1772.6409508446666 1.042672038078308
1772.6617841175187 1.04075026512146
1772.6826173898153 1.0531238317489624
1772.7034506615685 1.049736499786377
1772.7242839327591 1.046013355255127
1772.7451172033996 1.0352083444595337
1772.7659504735013 1.0340596437454224
1772.7867837430456 1.0288095474243164
1772.8076170120444 1.0066304206848145
1772.8284502805095 1.026480793952942
1772.8492835484224 0.9449554681777954
1772.8701168157947 0.9523131251335144
1772.890950082629 0.9986908435821533
1772.9117833489358 1.0107578039169312
1772.9326166146977 0.9905481934547424
1772.9534498799264 2.4282779693603516
1772.9742831446338 2.3670313358306885
1772.9951164088013 0.9635108709335327
1773.0159496724416 0.9689443707466125
1773.0367829355657 0.9489492177963257
1773.0576161981562 0.9334315657615662
1773.0784494602249 0.9184041023254395
1773.0992827217838 0.8839766979217529
1773.1201159828145 0.88680100440979
1773.1409492433297 0.8494164943695068
1773.1617825033309 0.8235973119735718
1773.1826157628204 0.8007538318634033
1773.2034490218107 0.7599710822105408
1773.2242822802832 0.7427488565444946
1773.2451155382507 0.7269960641860962
1773.2659487957253 0.7214891314506531
1773.286782052689 0.675369143486023
1773.307615309154 0.6555485725402832
1773.3284485651332 0.667789101600647
1773.3492818206084 0.6577348709106445
1773.370115075592 0.7230813503265381
1773.3909483300968 2.290462017059326
1773.4117815841048 3.008129119873047
1773.4326148376285 2.7824771404266357
1773.453448090681 2.2555742263793945
1773.474281343244 1.6665092706680298
1773.4951145953305 1.137291669845581
1773.5159478469436 0.9145044088363647
1773.5367810980952 0.7747599482536316
1773.5576143487683 0.6962583661079407
1773.5784475989758 0.6313329339027405
1773.5992808487206 0.6211614608764648
1773.6201140980152 0.6097866296768188
1773.6409473468423 0.5972696542739868
1773.6617805952158 0.6040499210357666
1773.6826138431475 0.6160686612129211
1773.7034470906212 0.6228771805763245
1773.72428033765 0.625476062297821
1773.7451135842466 0.6215397119522095
1773.7659468303943 0.6271308064460754
1773.7867800761067 0.5943320393562317
1773.8076133213867 0.5695525407791138
1773.8284465662477 0.5118709802627563
1773.8492798106736 0.5338842272758484
1773.8701130546772 0.5315810441970825
1773.8909462982722 0.5359509587287903
1773.9117795414427 0.5144771337509155
1773.9326127842016 0.5256496071815491
1773.9534460265631 0.5420820116996765
1773.974279268511 0.5446366667747498
1773.995112510059 0.533329427242279
1774.0159457512211 0.5211756825447083
1774.0367789919815 0.5459816455841064
1774.057612232354 0.5444669723510742
1774.0784454723425 0.5277504324913025
1774.0992787119621 0.5017597079277039
1774.1201119511963 0.4394880533218384
1774.14094519006 0.49936631321907043
1774.1617784285675 0.5171751976013184
1774.182611666703 0.5293780565261841
1774.2034449044818 0.5304701924324036
1774.2242781419186 0.5531058311462402
1774.2451113789978 0.5628939867019653
1774.2659446157345 0.5845663547515869
1774.2867778521343 0.5765802264213562
1774.3076110882116 0.5845866203308105
1774.328444323952 0.6074923872947693
1774.349277559371 0.6710636019706726
1774.370110794484 0.6587827801704407
1774.3909440292762 0.6791384220123291
1774.411777263764 0.6841610670089722
1774.4326104979627 0.6694734692573547
1774.4534437318587 0.6677243113517761
1774.4742769654679 0.6762999892234802
1774.4951101988063 0.6716091632843018
1774.5159434318607 0.6526785492897034
1774.5367766646475 0.6084897518157959
1774.557609897173 0.5841541886329651
1774.5784431294546 0.5836309194564819
1774.599276361479 0.5818842053413391
1774.6201095932631 0.5857563018798828
1774.6409428248246 0.5501241087913513
1774.6617760561508 0.5503160357475281
1774.6826092872593 0.5548702478408813
1774.703442518168 0.5645782947540283
1774.7242757488648 0.6079675555229187
1774.7451089793683 0.7150355577468872
1774.7659422096965 0.715276300907135
1774.7867754398383 0.7223575711250305
1774.8076086698125 0.7106705904006958
1774.8284418996377 0.7333291172981262
1774.8492751293038 0.7438986301422119
1774.8701083588303 0.7694122791290283
1774.8909415882265 0.7710379362106323
1774.9117748175129 0.8038302659988403
1774.9326080466797 0.8185176849365234
1774.9534412757573 0.8371571898460388
1774.9742745047365 0.8479710817337036
1774.9951077336389 0.8737027645111084
1775.0159409624753 0.8829697966575623
1775.0367741912678 0.7580134868621826
1775.0576074200085 0.7517797350883484
1775.0784406487198 0.8412428498268127
1775.0992738774244 0.8529731035232544
1775.1201071061155 0.8460559844970703
1775.1409403348164 0.8521106243133545
1775.1617735635512 0.9021415114402771
1775.1826067923143 0.8885425925254822
1775.20344002113 0.9038689732551575
1775.2242732500238 0.9142342805862427
1775.2451064789911 0.9351304769515991
1775.265939708058 0.9376434087753296
1775.286772937251 0.9317092895507812
1775.3076061665677 0.9198468327522278
1775.3284393960348 0.9087017178535461
1775.349272625671 0.9021017551422119
1775.3701058555048 0.9083943963050842
1775.3909390855354 0.8998516798019409
1775.4117723157926 0.9039347171783447
1775.4326055463077 0.898870050907135
1775.4534387770811 0.8956773281097412
1775.474272008145 0.8768914937973022
1775.4951052395322 0.8742806315422058
1775.5159384712456 0.8662340044975281
1775.5367717033196 0.8538241982460022
1775.5576049357896 0.8443265557289124
1775.5784381686606 0.8463062644004822
1775.5992714019699 0.8166646957397461
1775.620104635755 0.8140740990638733
1775.6409378700246 0.8040118217468262
1775.6617711048182 0.8109375834465027
1775.682604340176 0.7940972447395325
1775.703437576111 0.8006629347801208
1775.7242708126644 0.8097642660140991
1775.7451040498813 0.7735410928726196
1775.7659372877772 0.7738019824028015
1775.7867705263977 0.7526953220367432
1775.8076037657816 0.7338044047355652
1775.8284370059778 0.7241652607917786
1775.8492702470069 0.7074248194694519
1775.8701034889314 0.6754605770111084
1775.8909367317754 0.6466679573059082
1775.9117699755936 0.5785795450210571
1775.932603220434 0.45301195979118347
1775.953436466355 0.20886322855949402
1775.9742697133872 --
1775.9951029615936 0.1619981825351715
1776.015936211039 --
1776.0367694617591 --
1776.0576027138231 --
1776.078435967302 --
1776.0992692222383 --
1776.1201024787074 --
1776.1409357367868 --
1776.161768996526 --
1776.1826022580071 --
1776.203435521315 --
1776.2242687865055 --
1776.245102053668 --
1776.2659353228937 --
1776.2867685942456 --
1777.7451001373734 0.9671289920806885
1777.765933360841 0.9729746580123901
1777.7867665811234 0.9702262282371521
1777.8075997983021 0.9755433201789856
1777.828433012426 0.9789493680000305
1777.8492662235733 0.9883701801300049
1777.8700994318197 0.9755935668945312
1777.890932637208 0.9580008387565613
1777.9117658398202 0.9346280694007874
1777.9325990396962 0.8637933731079102
1777.9534322369032 0.8787183165550232
1777.974265431507 0.9160682559013367
1777.995098623542 0.8960468173027039
1778.0159318130693 0.9136015176773071
1778.0367650001497 0.9196165800094604
1778.0575981848122 0.9278699159622192
1778.0784313671227 0.9430424571037292
1778.099264547107 0.9522708654403687
1778.1200977248193 0.9540143013000488
1778.1409309003109 0.9917855858802795
1778.161764073603 0.9768667817115784
1778.1825972447455 0.9781245589256287
1778.2034304137856 0.9884524941444397
1778.2242635807402 0.9720441102981567
1778.2450967456552 0.9884913563728333
1778.2659299085744 0.9956262707710266
1778.2867630695114 0.9762365818023682
1778.307596228508 0.9982210397720337
1778.328429385605 0.9922804236412048
1778.3492625408123 0.9793271422386169
1778.3700956941693 1.018536925315857
1778.3909288457135 1.0124489068984985
1778.4117619954523 1.028906226158142
1778.4325951434216 1.0061765909194946
1778.453428289657 1.00369131565094
1778.4742614341633 1.0418132543563843
1778.4950945769835 1.0276458263397217
1778.5159277181217 1.0351866483688354
1778.5367608576094 1.0295133590698242
1778.5575939954783 1.0376118421554565
1778.57842713173 1.0481466054916382
1778.5992602663941 1.043030858039856
1778.6200933995005 1.0624794960021973
1778.6409265310488 1.068821907043457
1778.661759661067 1.0656719207763672
1778.6825927895832 1.0749787092208862
1778.703425916595 1.0642054080963135
1778.7242590421295 1.0916928052902222
1778.7450921662128 1.067665457725525
1778.7659252888413 1.0693305730819702
1778.7867584100404 1.046829104423523
1778.8075915298352 1.0509110689163208
1778.8284246482206 1.0461947917938232
1778.8492577652305 1.0442218780517578
1778.8700908808592 1.0492937564849854
1778.89092399513 1.0434080362319946
1778.911757108066 1.0596318244934082
1778.9325902196604 1.0462068319320679
1778.9534233299353 1.0562140941619873
1778.974256438913 1.0649579763412476
1778.9950895465852 1.081992506980896
1779.0159226529836 1.0833275318145752
1779.0367557580992 1.0857514142990112
1779.057588861953 1.0765647888183594
1779.0784219645661 1.093437910079956
1779.0992550659282 1.0765327215194702
1779.1200881660598 1.0898866653442383
1779.140921264981 1.0784353017807007
1779.161754362681 1.0819209814071655
1779.1825874591796 1.0951769351959229
1779.2034205544958 1.1031043529510498
1779.2242536486185 1.0805147886276245
1779.2450867415664 1.067919373512268
1779.2659198333586 1.0641552209854126
1779.2867529239827 1.0439385175704956
1779.3075860134672 1.041093111038208
1779.3284191018004 1.0332781076431274
1779.3492521889996 1.0202637910842896
1779.3700852750824 1.0228900909423828
1779.3909183600367 1.0138499736785889
1779.4117514438794 1.0236647129058838
1779.4325845266278 1.040785312652588
1779.4534176082686 1.038599967956543
1779.4742506888192 1.047958493232727
1779.4950837682957 1.0665088891983032
1779.5159168466848 1.0767791271209717
1779.536749924013 1.0710079669952393
1779.5575830002665 1.0711146593093872
1779.578416075461 1.0590393543243408
1779.5992491496136 1.0545586347579956
1779.6200822227088 1.0620392560958862
1779.6409152947633 1.0451879501342773
1779.6617483657924 1.046012043952942
1779.6825814357817 1.0715755224227905
1779.7034145047464 1.0732066631317139
1779.7242475727026 1.0572792291641235
1779.7450806396344 1.059096336364746
1779.7659137055673 1.0548222064971924
1779.7867467704868 1.032857060432434
1779.807579834407 1.0227640867233276
1779.8284128973435 1.024121642112732
1779.8492459592806 1.0211362838745117
1779.8700790202429 1.0159742832183838
1779.890912080215 1.0164498090744019
1779.9117451392117 1.0306075811386108
1779.9325781972468 1.0318620204925537
1779.953411254305 1.0413028001785278
1779.9742443104005 1.056469202041626
1779.9950773655473 1.067542314529419
1780.0159104197296 1.0560681819915771
1780.0367434729717 1.0479047298431396
1780.0575765252568 1.0295501947402954
1780.0784095765991 1.0425537824630737
1780.099242627013 1.0462584495544434
1780.120075676481 1.0440094470977783
1780.1409087250179 1.042081594467163
1780.161741772637 1.006596326828003
1780.1825748193214 1.0262538194656372
1780.2034078650852 1.0147795677185059
1780.2242409099415 1.0402462482452393
1780.2450739538735 1.0209887027740479
1780.265906996905 1.0257295370101929
1780.286740039019 1.0070515871047974
1780.3075730802288 1.00858736038208
1780.3284061205475 1.0043127536773682
1780.3492391599582 0.9861897230148315
1780.3700721984842 1.004042148590088
1780.390905236108 1.0071558952331543
1780.411738272843 0.997552216053009
1780.432571308702 0.9977092146873474
1780.453404343668 1.0240566730499268
1780.4742373777535 1.0282336473464966
1780.495070410972 1.0396754741668701
1780.5159034433052 1.053449273109436
1780.5367364747767 1.0509438514709473
1780.557569505369 1.0493649244308472
1780.5784025350943 1.0317212343215942
1780.5992355639655 1.0266281366348267
1780.6200685919655 1.0250258445739746
1780.6409016191062 1.0408387184143066
1780.6617346454004 1.0376824140548706
1780.6825676708306 1.04518723487854
1780.703400695419 1.0487617254257202
1780.7242337191483 1.049545168876648
1780.7450667420308 1.0482333898544312
1780.7658997640785 1.047010898590088
1780.7867327852737 1.0581878423690796
1780.8075658056393 1.0397461652755737
1780.8283988251567 1.03508460521698
1780.8492318438387 1.0236400365829468
1780.8700648616973 1.0230522155761719
1780.8908978787144 1.0207622051239014
1780.9117308949023 1.0276267528533936
1780.9325639102733 1.033942461013794
1780.953396924809 1.0539345741271973
1780.9742299385318 1.0439143180847168
1780.9950629514237 1.0644001960754395
1781.0158959634964 1.0693275928497314
1781.0367289747621 1.088178038597107
1781.057561985203 1.067922830581665
1781.0783949948404 1.0601561069488525
1781.0992280036564 1.07802152633667
1781.1200610116632 1.072165846824646
1781.1408940188721 1.0666805505752563
1781.1617270252655 1.0582393407821655
1781.1825600308548 1.071100115776062
1781.203393035652 1.064603328704834
1781.2242260396388 1.0720785856246948
1781.2450590428366 1.0615642070770264
1781.265892045228 1.0492451190948486
1781.2867250468237 1.0561308860778809
1781.307558047636 1.0549159049987793
1781.3283910476464 1.0653696060180664
1781.3492240468665 1.036859154701233
1781.370057045308 1.0366157293319702
1781.3908900429526 1.0225878953933716
1781.4117230398215 1.0244140625
1781.4325560358968 1.0071191787719727
1781.45338903119 1.0193183422088623
1781.4742220257122 1.0223642587661743
1781.495055019445 1.0057744979858398
1781.5158880124106 1.0153447389602661
1781.53672100459 1.0126756429672241
1781.5575539959943 1.0023187398910522
1781.578386986636 1.0019562244415283
1781.5992199764953 1.0291638374328613
1781.6200529655946 1.009818434715271
1781.6408859539151 0.9947919249534607
1781.661718941468 0.9964926838874817
1781.682551928265 0.9951905608177185
1781.7033849142874 0.9976195693016052
1781.7242178995562 1.0039420127868652
1781.7450508840532 1.009901762008667
1781.7658838677999 1.0172514915466309
1781.8075498329963 0.9876877665519714
1781.8283828144693 0.9732557535171509
1781.8492157951766 0.9973704218864441
1781.8700487751303 0.97589111328125
1781.890881754341 0.9689732193946838
1781.9117147327906 0.9791626930236816
1781.9325477104899 0.969502329826355
1781.9533806874504 0.9450684189796448
1781.974213663653 0.9341906309127808
1781.9950466391192 0.9560486078262329
1782.0158796138303 0.9845364093780518
1782.0367125877976 1.0172219276428223
1782.057545561032 0.9911556243896484
1782.0783785335148 0.9954189658164978
1782.0992115052675 0.9872182011604309
1782.1200444762706 0.9648626446723938
1782.1408774465358 0.9663605690002441
1782.1617104160741 0.9769461750984192
1782.1825433848667 0.981244683265686
1782.2033763529348 0.948769748210907
1782.2242093202594 0.9545018076896667
1782.245042286852 0.9628625512123108
1782.265875252723 0.953839898109436
1782.286708217854 0.9503554701805115
1782.3075411822663 0.9454330801963806
1782.3283741459404 0.9341036081314087
1782.3492071088983 0.9113906025886536
1782.37004007112 0.9096316695213318
1782.3908730326173 0.8999118208885193
1782.4117059934013 0.9085693955421448
1782.4325389534526 0.8968228697776794
1782.4533719127926 0.8712725043296814
1782.4742048714024 0.8902408480644226
1782.4950378292929 0.8595954179763794
1782.515870786475 0.8840973973274231
1782.5367037429303 0.8809837698936462
1782.557536698679 0.8969665765762329
1782.5783696537028 0.8992281556129456
1782.5992026080128 0.9135149717330933
1782.6200355616193 0.9104992151260376
1782.6408685145038 0.906663179397583
1782.6617014666874 0.9002704620361328
1782.682534418151 0.8912550210952759
1782.7033673689054 0.9071415066719055
1782.724200318962 0.9045733213424683
1782.7450332683013 0.9011237621307373
1782.7658662169445 0.8936342000961304
1782.786699164873 0.9067488312721252
1782.8075321120969 0.9160165786743164
1782.828365058628 0.9289394617080688
1782.8491980044466 0.940984845161438
1782.8700309495746 0.962067723274231
1782.8908638939918 0.9618216156959534
1782.91169683771 0.9527183771133423
1782.93252978074 0.9503017663955688
1782.9533627230626 0.9689161777496338
1782.9741956646985 0.9676453471183777
1782.9950286056294 0.9861498475074768
1783.0158615458654 0.9973688125610352
1783.0366944854181 1.0016478300094604
1783.0575274242683 1.001357078552246
1783.0783603624363 1.0205308198928833
1783.0991932999038 1.0253709554672241
1783.120026236682 1.0268363952636719
1783.1408591727807 1.032572865486145
1783.1616921081816 1.048741340637207
1783.1825250429056 1.0360360145568848
1783.2033579769334 1.0315985679626465
1783.2241909102759 1.0288963317871094
1783.2450238429444 1.0439634323120117
1783.2658567749195 1.0388832092285156
1783.286689706222 1.0385940074920654
1783.3075226368333 1.0319944620132446
1783.3283555667736 1.0578473806381226
1783.3491884960245 1.054227590560913
1783.3700214246066 1.0598781108856201
1783.3908543525008 1.0797450542449951
1783.411687279718 1.098183512687683
1783.4325202062696 1.0889322757720947
1783.4533531321358 1.0718352794647217
1783.4741860573276 1.0626978874206543
1783.4950189818564 1.0750664472579956
1783.5158519057027 1.067441701889038
1783.5366848288875 1.076310157775879
1783.557517751392 1.1049962043762207
1783.5783506732364 1.0949794054031372
1783.5991835944021 1.119481086730957
1783.6200165149003 1.1121299266815186
1783.6408494347413 1.1152467727661133
1783.6616823539064 1.134433627128601
1783.6825152724161 1.1431734561920166
1783.703348190252 1.1184780597686768
1783.7241811074243 1.1032975912094116
1783.7450140239443 1.1002442836761475
1783.765846939793 1.1213953495025635
1783.7866798549908 1.1189079284667969
1783.807512769519 1.124606966972351
1783.8283456833988 1.098968744277954
1783.8491785966105 1.1118695735931396
1783.8700115091654 1.1218842267990112
1783.8908444210742 1.1312423944473267
1783.911677332318 1.1337759494781494
1783.9325102429175 1.1331369876861572
1783.9533431528541 1.1270934343338013
1783.9741760621382 1.1224080324172974
1783.9950089707809 1.1012609004974365
1784.0158418787632 1.0820002555847168
1784.036674786106 1.0932729244232178
1784.05750769279 1.0816268920898438
1784.0783405988368 1.0728482007980347
1784.0991735042267 1.0863621234893799
1784.1200064089705 1.0776234865188599
1784.14083931308 1.0831971168518066
1784.1616722165354 1.0984236001968384
1784.1825051193578 1.0915627479553223
1784.2033380215282 1.0816041231155396
1784.2241709230677 1.0838977098464966
1784.245003823957 1.0805436372756958
1784.2658367242075 1.0386645793914795
1784.2866696238295 1.0497337579727173
1784.3075025228045 1.038907527923584
1784.3283354211533 1.0407421588897705
1784.3491683188568 1.0293298959732056
1784.370001215926 1.037575125694275
1784.3908341123722 1.034263253211975
1784.411667008176 1.0274500846862793
1784.4324999033586 1.0313570499420166
1784.4533327979007 1.0140594244003296
1784.4741656918238 1.0148799419403076
1784.4949985851083 1.0071913003921509
1784.5158314777657 0.9742128849029541
1784.536664369807 0.9855045080184937
1784.557497261213 0.9844184517860413
1784.5783301520048 0.9556627869606018
1784.5991630421636 0.9511726498603821
1784.6199959317 0.9671645760536194
1784.6408288206253 0.9638590812683105
1784.6616617089207 0.9742100834846497
1784.6824945966073 0.963390052318573
1784.7033274836656 0.950021505355835
1784.7241603701175 0.9502641558647156
1784.7449932559432 0.9366176724433899
1784.7658261411543 0.936385452747345
1784.7866590257622 0.9502305388450623
1784.8074919097471 0.937342643737793
1784.8283247931308 0.9376207590103149
1784.8491576758943 0.9370825886726379
1784.8699905580584 0.9342702627182007
1784.8908234396044 0.9443911910057068
1784.911656320554 0.9470226168632507
1784.9324892008872 0.9506388902664185
1784.9533220806159 0.954252302646637
1784.9741549597516 0.9451326131820679
1784.9949878382745 0.9576395153999329
1785.0158207162062 0.9573492407798767
1785.0366535935282 0.9503721594810486
1785.0574864702612 0.9583631753921509
1785.0783193463867 0.9598652124404907
1785.0991522219163 0.9529184103012085
1785.11998509686 0.9464736580848694
1785.1408179712002 0.94881272315979
1785.1616508449576 0.9277394413948059
1785.1824837181139 0.9506602883338928
1785.2033165906798 0.9672472476959229
1785.2241494626667 0.9718150496482849
1785.2449823340564 0.9569026231765747
1785.2658152048693 0.9580866694450378
1785.2866480750874 0.9487661719322205
1785.307480944732 0.9529809355735779
1785.3283138137842 0.9439064860343933
1785.3491466822552 0.9492800235748291
1785.3699795501568 0.9578424692153931
1785.39081241747 0.9584684371948242
1785.411645284216 0.9511067271232605
1785.432478150377 0.956523060798645
1785.4533110159734 0.9686019420623779
1785.4741438809874 0.9717555642127991
1785.4949767454402 0.9728259444236755
1785.515809609313 0.9703493714332581
1785.5366424726176 0.9660142064094543
1785.5574753353656 0.96437668800354
1785.5783081975378 0.9614925384521484
1785.5991410591562 0.9661173224449158
1785.6199739202025 0.9648949503898621
1785.6408067806979 0.9545057415962219
1785.6616396406241 0.9667854905128479
1785.6824725000029 0.96361243724823
1785.7033053588152 0.9724681973457336
1785.7241382170735 0.9747201204299927
1785.744971074789 0.9796299934387207
1785.765803931943 0.9856684803962708
1785.807469644615 0.9346837997436523
1785.8283025001356 0.9186817407608032
1785.8491353551021 0.9215810894966125
1785.8699682095364 0.927386462688446
1785.8908010634195 0.9232355356216431
1785.9116339167635 0.9402838945388794
1785.9324667695805 0.9465286731719971
1785.9532996218522 0.9434917569160461
1785.9741324736003 0.9488177299499512
1785.9949653248068 0.9666587114334106
1786.0157981754937 0.9756523370742798
1786.036631025643 0.9695175290107727
1786.057463875266 0.9722873568534851
1786.0782967243756 0.9746963381767273
1786.0991295729534 0.969465970993042
1786.1199624210212 0.966110348701477
1786.1407952685615 0.9762592315673828
1786.1616281155962 0.9744536280632019
1786.1824609621074 0.9884147644042969
1786.2032938081175 0.9897277355194092
1786.2241266536082 0.9912145733833313
1786.2449594985922 0.9916858077049255
1786.2657923430816 0.9814278483390808
1786.2866251870585 0.993118405342102
1786.3074580305454 0.9905281662940979
1786.3282908735246 0.9974839687347412
1786.3491237160185 0.9867976307868958
1786.3699565580093 0.9795682430267334
1786.3907893995201 0.9814348220825195
1786.4116222405328 1.0053836107254028
1786.43245508106 0.989837110042572
1786.4532879211147 1.0224411487579346
1786.4741207606787 1.027255892753601
1786.4949535997753 1.0068196058273315
1786.5157864383873 1.0318331718444824
1786.536619276537 1.0246198177337646
1786.5574521142073 1.0542285442352295
1786.5782849514214 1.0481857061386108
1786.5991177881615 1.0568046569824219
1786.6199506244411 1.0465553998947144
1786.640783460273 1.043493390083313
1786.6616162956402 1.0505343675613403
1786.6824491305656 1.0454434156417847
1786.7032819650326 1.0603091716766357
1786.7241147990644 1.0592299699783325
1786.744947632644 1.0641005039215088
1786.7657804657947 1.0700335502624512
1786.7866132985005 1.0705430507659912
1786.8074461307838 1.0693590641021729
1786.8282789626285 1.0729084014892578
1786.8491117940487 1.0777982473373413
1786.8699446250569 1.0677299499511719
1786.8907774556376 1.0569771528244019
1786.9116102858145 1.0697890520095825
1786.932443115571 1.059778094291687
1786.9532759449312 1.0573031902313232
1786.9741087738794 1.0775587558746338
1786.9949416024288 1.0856984853744507
1787.015774430594 1.0930840969085693
1787.0366072583597 1.090171217918396
1787.0574400857492 1.0718210935592651
1787.0782729127475 1.0700819492340088
1787.099105739379 1.0591843128204346
1787.1199385656278 1.0579161643981934
1787.1407713915187 1.0475910902023315
1787.161604217037 1.0448672771453857
1787.1824370422066 1.0408838987350464
1787.2032698670132 1.031496524810791
1787.2241026914817 1.0273077487945557
1787.2449355155966 1.0323389768600464
1787.2657683393738 1.0277639627456665
1787.2866011628287 1.0280617475509644
1787.307433985946 1.0390154123306274
1787.3282668087522 1.0294886827468872
1787.3490996312328 1.010925054550171
1787.3699324534132 1.0170930624008179
1787.3907652752796 1.027138590812683
1787.4115980968584 1.0230823755264282
1787.4324309181359 1.0254324674606323
1787.4532637391278 1.0182229280471802
1787.4740965598514 1.0161408185958862
1787.4949293803033 1.011473298072815
1787.51576220048 1.009107232093811
1787.5365950203986 1.0081409215927124
1787.5574278400768 1.0121122598648071
1787.5782606595014 1.0056484937667847
1787.5990934787003 0.9881545901298523
1787.6199262976613 0.9729959964752197
1787.640759116412 0.9655689001083374
1787.6615919349408 0.9596882462501526
1787.6824247532763 0.9487016797065735
1787.7032575714065 0.9451500773429871
1787.7240903893608 0.9316819906234741
1787.7449232071278 0.9248262047767639
1787.7657560247271 0.9195226430892944
1787.786588842178 0.9257869720458984
1787.8074216594703 0.9223876595497131
1787.8282544766341 0.9309926629066467
1787.8490872936597 0.9242697954177856
1787.869920110578 0.9225232601165771
1787.8907529273795 0.9096822142601013
1787.9115857440954 0.911785364151001
1787.932418560718 0.9128170013427734
1787.953251377278 0.9208311438560486
1787.9740841937687 0.9160807728767395
1787.9949170102223 0.917081356048584
1788.0157498266315 0.9128735661506653
1788.03658264302 0.9297109842300415
1788.0574154594117 0.9280825853347778
1788.0782482758002 0.9339395761489868
1788.0990810922206 0.9391753673553467
1788.1199139086682 0.9251768589019775
1788.140746725178 0.924232542514801
1788.161579541746 0.9118992686271667
1788.1824123584095 0.9119516611099243
1788.2032451751654 0.8964391350746155
1788.2240779920508 0.8986575603485107
1788.2449108090645 0.8956946134567261
1788.2657436262457 0.9059270024299622
1788.286576443593 0.8977254629135132
1788.3074092611473 0.8974534273147583
1788.3282420789096 0.9000629782676697
1788.349074896911 0.902635395526886
1788.3699077151841 0.9056733250617981
1788.3907405337325 0.9017165899276733
1788.4115733525998 0.8827729821205139
1788.432406171791 0.8810542225837708
1788.453238991352 0.8693962097167969
1788.4740718112896 0.868351936340332
1788.4949046316515 0.8607887029647827
1788.515737452447 0.8530154228210449
1788.5365702737254 0.8452387452125549
1788.557403095498 0.8534736037254333
1788.5782359178177 0.847003698348999
1788.5990687406975 0.8444126844406128
1788.6199015641926 0.835163414478302
1788.6407343883195 0.8238273859024048
1788.6615672131356 0.8332679271697998
1788.6824000386607 0.8076867461204529
1788.7032328649461 0.7739690542221069
1788.7240656920437 0.7528579235076904
1788.7448985199787 0.7415359616279602
1788.7657313488176 0.7478650212287903
1788.7865641785882 0.7205538749694824
1788.8073970093612 0.7118515968322754
1788.8282298411698 0.7033514976501465
1788.8490626740884 0.6713868379592896
1788.8698955081543 0.6591469645500183
1788.8907283434478 0.6203785538673401
1788.9115611800116 0.5477845668792725
1788.9323940179304 0.3715020418167114
1788.9532268572527 0.06612767279148102
1788.9740596980698 --
1788.9948925404362 --
1789.0157253844493 --
1789.0365582301704 --
1789.057391077694 --
1789.0782239271186 --
1789.0990567785263 --
1789.1198896320027 --
1789.1407224876577 --
1789.1615553456056 --
1789.2032210687737 --
1789.2240539342217 --
1789.2448868024164 --
1789.2657196734608 --
1789.2865525475008 --
1789.3073854246447 --
1789.3282183050428 --
1789.349051188807 --
1789.3698840760878 --
1789.3907169669967 --
1789.4115498616807 --
1789.432382760242 --
1789.4532156628068 --
1789.4740485694904 --
1789.4948814803747 --
1789.5157143955257 --
1789.5365473150075 --
1789.5573802388583 --
1789.5782131670558 --
1789.5990460995808 --
1789.6198790363337 0.017104683443903923
1789.6407119772057 0.2512667179107666
1789.6615449219978 0.43460139632225037
1789.6823778704945 0.5352577567100525