1764.7031391720866 1.0000083446502686
1764.7239727615486 1.0000269412994385
1764.744806347139 1.0000112056732178
1764.7656399289617 0.9999674558639526
1764.7864735071093 0.9999713897705078
1764.8073070816738 0.9999476671218872
1764.8281406527542 1.0000009536743164
1764.8489742204188 1.0000317096710205
1764.8698077847635 0.9999700784683228
1764.8906413458717 0.9999096393585205
1764.9114749038245 0.999954879283905
1764.9323084587108 0.9999551177024841
1764.953142010587 0.9999988675117493
1764.973975559537 1.000004529953003
1764.994809105632 1.0000197887420654
1765.0156426489411 1.000002145767212
1765.0364761895407 0.9999166131019592
1765.0573097274755 0.9999388456344604
1765.0781432628169 0.999906599521637
1765.0989767956248 0.9999182224273682
1765.119810325957 0.9999622106552124
1765.1406438538784 0.9999683499336243
1765.1614773794224 0.9999895691871643
1765.1823109026511 0.9999373555183411
1765.2031444236131 0.9999006390571594
1765.2239779423564 0.9999867081642151
1765.2448114589374 0.9999882578849792
1765.2656449733797 0.9999837279319763
1765.286478485736 0.9999171495437622
1765.3073119960477 0.9999549984931946
1765.3281455043536 1.0000172853469849
1765.3489790106926 0.9999715089797974
1765.369812515111 0.999897301197052
1765.3906460176242 0.9999677538871765
1765.4114795182763 0.9998178482055664
1765.4323130171006 0.9999125003814697
1765.4531465141383 0.9998368620872498
1765.4739800094003 0.9998435378074646
1765.4948135029263 0.9998442530632019
1765.5156469947444 0.9998583197593689
1765.5364804848825 0.999760091304779
1765.5573139733772 0.9997217655181885
1765.578147460234 0.9997386336326599
1765.5989809454882 0.9998569488525391
1765.6198144291634 0.9997818470001221
1765.6406479112927 0.999760091304779
1765.6614813918789 0.9997457265853882
1765.6823148709539 0.9999107718467712
1765.703148348538 0.9999120831489563
1765.7239818246521 0.9997004866600037
1765.744815299316 0.9997242093086243
1765.7656487725585 0.9997494220733643
1765.786482244378 0.9997824430465698
1765.8073157148028 0.9996911287307739
1765.82814918385 0.9996800422668457
1765.8489826515363 0.9997162818908691
1765.8698161178881 0.9997848272323608
1765.8906495829017 0.9996650815010071
1765.9114830466017 0.9997621774673462
1765.9323165090034 0.9997624754905701
1765.9531499701316 0.9998340606689453
1765.9739834299796 0.9996362924575806
1765.9948168885717 0.9997996687889099
1766.015650345921 0.999729335308075
1766.03648380204 0.9996420741081238
1766.0573172569516 0.9997342228889465
1766.078150710648 0.9997301697731018
1766.098984163151 0.99988853931427
1766.119817614472 0.9998332262039185
1766.1406510646323 0.9998430013656616
1766.1614845136226 0.9998841881752014
1766.1823179614637 0.9998925924301147
1766.2031514081661 0.9998481869697571
1766.2239848537397 0.9998889565467834
1766.244818298204 0.9998486638069153
1766.2656517415492 0.9998435378074646
1766.286485183794 0.9998727440834045
1766.3073186249476 0.9998446702957153
1766.3281520650194 0.9999080300331116
1766.348985504027 0.9998900294303894
1766.3698189419597 0.999906063079834
1766.3906523788355 0.9999483227729797
1766.411485814662 0.9999080300331116
1766.4323192494471 0.9999253749847412
1766.453152683209 0.9998804926872253
1766.4739861159346 0.9998432397842407
1766.4948195476413 0.9999273419380188
1766.5156529783364 0.9999841451644897
1766.5364864080263 0.9999242424964905
1766.5573198367283 0.999967634677887
1766.578153264429 0.9999867677688599
1766.5989866911443 0.9999223351478577
1766.619820116881 0.999909520149231
1766.6406535416556 0.999929666519165
1766.6614869654534 0.9998921155929565
1766.6823203882905 0.9999216198921204
1766.7031538101733 0.9999607801437378
1766.7239872311065 0.9999375939369202
1766.7448206511062 0.9998202919960022
1766.765654070158 0.9999346733093262
1766.7864874882769 0.9999252557754517
1766.807320905468 0.9999121427536011
1766.8281543217468 0.9999262094497681
1766.8489877370976 0.9999340176582336
1766.869821151536 0.9999437928199768
1766.8906545650664 0.9998828172683716
1766.9114879776935 0.9998813271522522
1766.932321389432 0.9999765157699585
1766.9531548002665 0.9999121427536011
1766.973988210211 1.000002384185791
1766.99482161927 0.9999712705612183
1767.0156550274583 0.9999349117279053
1767.0364884347591 0.9999402761459351
1767.057321841187 0.9999551177024841
1767.0781552467463 0.9999751448631287
1767.0989886514403 0.9998785257339478
1767.119822055283 0.9999515414237976
1767.1406554582588 0.9999508857727051
1767.1614888603806 0.9999223947525024
1767.1823222616524 0.9999914765357971
1767.203155662088 0.9999054670333862
1767.2239890616704 0.9999015927314758
1767.2448224604134 0.9999922513961792
1767.2656558583203 0.9999610185623169
1767.2864892554046 0.9999561309814453
1767.3073226516492 0.9999999403953552
1767.3281560470675 0.9999881386756897
1767.348989441663 0.9999257326126099
1767.3698228354383 0.9999303221702576
1767.3906562284067 0.9999195337295532
1767.4114896205513 0.9999452829360962
1767.4323230118846 0.9998837113380432
1767.45315640241 0.9999105930328369
1767.4739897921404 0.999860942363739
1767.494823181058 0.999940812587738
1767.5156565691761 0.9999526739120483
1767.5364899564975 0.9998828768730164
1767.5573233430243 0.9998409748077393
1767.5781567287697 0.9998824596405029
1767.5989901137161 0.9999051690101624
1767.6198234978758 0.9998622536659241
1767.6406568812517 0.9997406601905823
1767.6614902638564 0.9999382495880127
1767.6823236456717 0.9997664093971252
1767.7031570267104 0.9998675584793091
1767.723990406975 0.9998201131820679
1767.7448237864676 0.9997628927230835
1767.7656571652003 0.9998866319656372
1767.786490543156 0.9998947381973267
1767.8073239203463 0.9999397397041321
1767.8281572967737 0.9999120235443115
1767.8489906724506 0.999836266040802
1767.8698240473584 0.9998165965080261
1767.8906574215098 0.9998484253883362
1767.9114907949067 0.9998030066490173
1767.9323241675513 0.9997486472129822
1767.9531575394553 0.999731719493866
1767.9739909106013 0.9998527765274048
1767.9948242810005 0.9997913241386414
1768.0156576506552 0.9997473955154419
1768.0364910195774 0.9995747208595276
1768.0573243877488 0.9997861981391907
1768.0781577551813 0.9996981620788574
1768.0989911218871 0.9999291300773621
1768.1198244878476 0.9996472597122192
1768.1406578530746 0.9998478889465332
1768.16149121757 0.9995664358139038
1768.1823245813357 0.9997591376304626
1768.203157944383 0.9997220635414124
1768.2239913066942 0.9998288750648499
1768.2448246682802 0.9997519254684448
1768.2656580291434 0.9997811913490295
1768.2864913892952 0.9997379183769226
1768.307324748717 0.9997954368591309
1768.3281581074207 0.999778151512146
1768.3489914654078 0.9997691512107849
1768.36982482268 0.9998311400413513
1768.3906581792482 0.9997742772102356
1768.411491535095 0.9997607469558716
1768.432324890231 0.9998021721839905
1768.453158244658 0.9997851252555847
1768.4739915983878 0.9996535778045654
1768.4948249514014 0.999785840511322
1768.5156583037106 0.9997519850730896
1768.5364916553167 0.9998018741607666
1768.557325006231 0.9997469186782837
1768.578158356435 0.9996965527534485
1768.619825054748 0.9999154210090637
1768.6406584028696 0.9998374581336975
1768.6614917502861 0.9998188018798828
1768.6823250970097 0.9998096823692322
1768.7031584430408 0.999763548374176
1768.723991788381 0.99969881772995
1768.744825133042 0.9998600482940674
1768.7656584770048 0.9996931552886963
1768.7864918202804 0.9997726082801819
1768.8073251628705 0.9998288750648499
1768.828158504786 0.9997937679290771
1768.8489918460082 0.9996455907821655
1768.8698251865487 0.9996834397315979
1768.8906585264185 0.9997720122337341
1768.9114918655985 0.999761700630188
1768.9323252041004 0.9997367858886719
1768.953158541925 0.999619722366333
1768.9739918790735 0.9997499585151672
1768.9948252155577 0.9998413324356079
1769.0156585513578 0.9997429847717285
1769.0364918864855 0.9997454285621643
1769.057325220942 0.9998646378517151
1769.0781585547381 0.9998348355293274
1769.0989918878552 0.9996933341026306
1769.1198252203044 0.9997613430023193
1769.1406585520865 0.9999125003814697
1769.1614918832129 0.9999064803123474
1769.1823252136646 0.9998528957366943
1769.2031585434527 0.9999043345451355
1769.2239918725784 0.9998224377632141
1769.2448252010527 0.9998911619186401
1769.2656585288562 0.9998030662536621
1769.2864918560006 0.9998711943626404
1769.3073251824867 0.9997621178627014
1769.3281585083255 0.999850332736969
1769.348991833498 0.9998404383659363
1769.3698251580156 0.9998375773429871
1769.3906584818787 0.9998112916946411
1769.4114918050986 0.9998425841331482
1769.432325127657 0.9999743700027466
1769.4531584495635 1.0000438690185547
1769.47399177082 0.9999557137489319
1769.4948250914376 0.9999545812606812
1769.5156584113968 1.0000011920928955
1769.5364917307086 0.999901533126831
1769.5573250493746 0.9998926520347595
1769.5781583674052 0.999946653842926
1769.5989916847814 0.999930739402771
1769.6198250015143 0.99992436170578
1769.640658317605 0.9999736547470093
1769.6614916330639 1.0000985860824585
1769.6823249478728 0.999949038028717
1769.7031582620418 0.999913215637207
1769.7239915755724 0.9998902082443237
1769.7448248884755 1.0000004768371582
1769.7656582007314 0.9999908804893494
1769.7864915123519 0.9999958276748657
1769.8073248233475 0.9999250173568726
1769.8281581336992 0.9999683499336243
1769.8489914434176 0.9998815655708313
1769.8698247525042 1.0000410079956055
1769.8906580609594 1.0000325441360474
1769.9114913687943 1.0000005960464478
1769.9323246759898 1.0000569820404053
1769.953157982557 1.000050663948059
1769.9739912884966 0.9999966621398926
1769.9948245938192 0.9999426603317261
1770.0156578985063 0.9999465346336365
1770.0364912025686 0.9999704360961914
1770.0573245060166 1.0000125169754028
1770.0781578088317 0.9999304413795471
1770.0989911110246 1.0000407695770264
1770.119824412596 0.9999889731407166
1770.1406577135572 1.0000026226043701
1770.1614910138885 1.0000231266021729
1770.1823243136012 1.0000382661819458
1770.2031576126963 1.0000427961349487
1770.223990911184 1.000102162361145
1770.244824209046 1.0000029802322388
1770.2656575062929 1.0000226497650146
1770.2864908029253 1.0000661611557007
1770.3073240989543 1.0000531673431396
1770.3281573943607 1.0000659227371216
1770.3489906891555 1.0000522136688232
1770.3698239833393 1.000156044960022
1770.3906572769233 1.0000865459442139
1770.4114905698882 1.0000437498092651
1770.4323238622446 1.0000747442245483
1770.4531571539942 1.0000284910202026
1770.473990445147 1.0000184774398804
1770.4948237356841 1.0000503063201904
1770.5156570256167 1.0000466108322144
1770.5364903149452 1.0000592470169067
1770.5573236036807 1.0001157522201538
1770.5781568918044 1.0000308752059937
1770.5989901793266 1.0000509023666382
1770.6198234662584 1.0000059604644775
1770.640656752581 1.000064730644226
1770.6614900383047 1.0000536441802979
1770.6823233234304 1.0000572204589844
1770.7031566079697 1.000057578086853
1770.7239898919026 1.0000144243240356
1770.7448231752405 1.0000790357589722
1770.7656564579843 1.0001717805862427
1770.7864897401446 1.000045657157898
1770.8073230217024 1.0000762939453125
1770.8281563026687 1.0000154972076416
1770.848989583054 1.000152826309204
1770.8698228628396 1.000038981437683
1770.8906561420363 1.0000303983688354
1770.9114894206448 1.0000916719436646
1770.9323226986762 1.0000652074813843
1770.9531559761115 1.000101923942566
1770.9739892529612 1.0001020431518555
1770.9948225292264 1.0000494718551636
1771.0156558049182 1.000057339668274
1771.0364890800172 1.0001139640808105
1771.0573223545346 1.0000178813934326
1771.078155628471 1.0001722574234009
1771.0989889018374 0.9999849796295166
1771.119822174615 1.0000792741775513
1771.1406554468142 1.0001194477081299
1771.1614887184464 1.0001095533370972
1771.1823219894923 1.0001249313354492
1771.2031552599628 1.0001286268234253
1771.223988529859 1.0000731945037842
1771.2448217991816 1.0000778436660767
1771.265655067942 1.0000929832458496
1771.2864883361206 1.0001842975616455
1771.3073216037285 1.0001217126846313
1771.3281548707769 1.0001600980758667
1771.3489881372466 1.0001187324523926
1771.3698214031483 1.0001137256622314
1771.3906546684834 1.000139832496643
1771.4114879332628 1.0000650882720947
1771.4323211974672 1.0001239776611328
1771.4531544611077 1.000065565109253
1771.4739877241955 1.0000956058502197
1771.4948209867111 1.000045895576477
1771.5156542486661 1.0000569820404053
1771.5364875100713 1.0001347064971924
1771.5573207709074 1.0001009702682495
1771.5781540311857 1.0000720024108887
1771.5989872909072 1.0000602006912231
1771.6198205500727 1.0000600814819336
1771.6406538086937 1.0001399517059326
1771.6614870667509 1.000117301940918
1771.6823203242552 1.0001087188720703
1771.703153581208 1.0001273155212402
1771.7239868376203 1.0000724792480469
1771.744820093473 1.0000908374786377
1771.765653348777 1.0001144409179688
1771.786486603544 1.000108242034912
1771.8073198577545 1.0000896453857422
1771.8281531114196 1.0000478029251099
1771.8489863645511 1.0000567436218262
1771.8698196171292 1.0000344514846802
1771.8906528691655 1.000085711479187
1771.9114861206613 1.0000942945480347
1771.9323193716273 1.0001311302185059
1771.9531526220449 1.0001105070114136
1771.9739858719252 1.0000240802764893
1771.994819121279 1.0000643730163574
1772.0156523700882 1.000075101852417
1772.0364856183637 0.9999849200248718
1772.0573188661062 1.0000731945037842
1772.0781521133274 1.0001152753829956
1772.0989853600086 1.000115156173706
1772.1198186061604 1.0000700950622559
1772.1406518517847 1.000056266784668
1772.1614850968924 1.0001046657562256
1772.182318341465 1.0001006126403809
1772.2031515855133 1.0000289678573608
1772.223984829049 1.0000793933868408
1772.244818072053 1.0000962018966675
1772.265651314537 1.0000731945037842
1772.286484556502 1.0000786781311035
1772.30731779796 1.0000061988830566
1772.328151038891 1.000048041343689
1772.3489842793076 1.0000920295715332
1772.3698175192208 1.0000678300857544
1772.3906507586114 1.0000529289245605
1772.4114839974914 1.0000885725021362
1772.4323172358622 1.000001311302185
1772.4531504737347 0.9999598264694214
1772.494816947942 0.9999491572380066
1772.5156501842994 1.0000907182693481
1772.5364834201444 0.9998024106025696
1772.5573166554889 0.9998575448989868
1772.578149890334 0.999906063079834
1772.5989831246916 1.0000070333480835
1772.6198163585432 0.9999449849128723
1772.6406495918998 0.9999970197677612
1772.6614828247734 1.000048041343689
1772.682316057146 1.0001583099365234
1772.7031492890283 1.0001033544540405
1772.7239825204222 1.0000362396240234
1772.7448157513397 1.0000786781311035
1772.7656489817623 1.0000792741775513
1772.7864822117012 1.000002384185791
1772.807315441169 1.0000544786453247
1772.8281486701467 1.0000637769699097
1772.8489818986461 1.0001529455184937
1772.8698151266792 1.0001543760299683
1772.8906483542276 1.0001472234725952
1772.9114815813032 1.0001147985458374
1772.9323148079077 1.0000394582748413
1772.953148034053 1.0000994205474854
1772.9739812597209 1.0002739429473877
1772.9948144849236 1.0001558065414429
1773.0156477096725 0.9998976588249207
1773.0364809339496 1.0000396966934204
1773.0573141577675 1.000136375427246
1773.0781473811276 1.0001133680343628
1773.0989806040418 1.0000959634780884
1773.1198138264926 1.0000356435775757
1773.1406470484917 1.000103235244751
1773.1614802700512 1.0001318454742432
1773.1823134911535 1.0001329183578491
1773.2031467118104 1.000162124633789
1773.2239799320243 1.0001764297485352
1773.2448131518076 0.9999963641166687
1773.2656463711419 1.0001535415649414
1773.28647959004 1.000207781791687
1773.3073128085143 1.0002622604370117
1773.3281460265464 1.0001200437545776
1773.3489792441494 1.000045895576477
1773.3698124613352 1.000274658203125
1773.390645678087 1.0004843473434448
1773.4114788944162 1.0002353191375732
1773.432312110326 1.000342845916748
1773.4531453258287 1.0000660419464111
1773.473978540907 1.0004879236221313
1773.4948117555734 1.00031578540802
1773.5156449698409 1.000213623046875
1773.5364781836915 1.0001486539840698
1773.5573113971386 1.0000922679901123
1773.5781446101948 1.0001307725906372
1773.5989778228427 1.000101089477539
1773.6198110350952 1.0001773834228516
1773.6406442469656 1.0000650882720947
1773.6614774584366 1.0001784563064575
1773.682310669521 1.0001368522644043
1773.7031438802223 1.0001970529556274
1773.7239770905533 1.0001987218856812
1773.7448103004972 1.000114917755127
1773.7656435100673 1.0001072883605957
1773.7864767192666 1.0001683235168457
1773.8073099281087 1.00016188621521
1773.8281431365772 1.0000027418136597
1773.8489763446848 1.0001578330993652
1773.8698095524455 1.0001041889190674
1773.890642759843 1.0002434253692627
1773.9114759668907 1.00016450881958
1773.932309173602 1.0002222061157227
1773.9531423799613 1.0001293420791626
1773.9739755859816 1.0001152753829956
1773.9948087916673 1.0002851486206055
1774.0156419970326 1.0001587867736816
1774.0364752020607 1.0002278089523315
1774.0573084067664 1.0002496242523193
1774.0781416111636 1.0002073049545288
1774.0989748152365 1.0002490282058716
1774.1198080189995 1.0001811981201172
1774.1406412224674 1.0002497434616089
1774.161474425624 1.0002206563949585
1774.182307628484 1.0001749992370605
1774.2031408310627 1.0002385377883911
1774.2239740333441 1.0001784563064575
1774.2448072353434 1.0000909566879272
1774.2656404370757 1.0002636909484863
1774.2864736385259 1.0002144575119019
1774.3073068397089 1.0002433061599731
1774.3281400406406 1.0002444982528687
1774.3489732413057 1.000199556350708
1774.36980644172 1.0001113414764404
1774.390639641889 1.000185489654541
1774.4114728418285 1.0002217292785645
1774.432306041524 1.0002154111862183
1774.453139240992 1.000241994857788
1774.4739724402484 1.0002706050872803
1774.494805639279 1.0002634525299072
1774.5156388381008 1.0002613067626953
1774.53647203673 1.00026535987854
1774.5573052351529 1.0001994371414185
1774.5781384333866 1.0002491474151611
1774.5989716314382 1.000285267829895
1774.6198048293243 1.0002071857452393
1774.6406380270325 1.0002671480178833
1774.6614712245903 1.000279426574707
1774.682304421985 1.0002869367599487
1774.7031376192344 1.0003186464309692
1774.723970816347 1.0003485679626465
1774.7448040133402 1.0002669095993042
1774.7656372102026 1.0003138780593872
1774.786470406953 1.0003153085708618
1774.8073036035996 1.0003091096878052
1774.828136800162 1.000363826751709
1774.848969996629 1.0001862049102783
1774.86980319302 1.0003222227096558
1774.8906363893548 1.000265121459961
1774.9114695856233 1.0003156661987305
1774.9323027818455 1.0002976655960083
1774.953135978042 1.000331997871399
1774.9739691742034 1.0002676248550415
1774.9948023703605 1.0002644062042236
1775.015635566505 1.0002905130386353
1775.036468762658 1.0003083944320679
1775.0573019588317 1.0003209114074707
1775.078135155048 1.0003212690353394
1775.0989683512996 1.0003646612167358
1775.1198015476093 1.0003868341445923
1775.1406347440006 1.000331163406372
1775.161467940467 1.0003671646118164
1775.182301137032 1.0002576112747192
1775.2031343337205 1.0002845525741577
1775.2239675305277 1.0003381967544556
1775.244800727478 1.0002869367599487
1775.2656339245873 1.0002955198287964
1775.2864671218822 1.0003029108047485
1775.3073003193588 1.0003149509429932
1775.3281335170443 1.000287413597107
1775.348966714967 1.0003105401992798
1775.3697999131243 1.0003379583358765
1775.3906331115452 1.0003304481506348
1775.4114663102596 1.0003341436386108
1775.4322995092666 1.00033700466156
1775.4531327085972 1.0003312826156616
1775.4739659082825 1.0003116130828857
1775.4947991083247 1.0002987384796143
1775.5156323087563 1.0003516674041748
1775.5364655096103 1.0003714561462402
1775.5572987108915 1.0003305673599243
1775.5781319126343 1.0003608465194702
1775.5989651148743 1.0003739595413208
1775.619798317619 1.0003718137741089
1775.6406315209051 1.00034761428833
1775.6614647247713 1.0003938674926758
1775.6822979292274 1.0003093481063843
1775.7031311343133 1.0003399848937988
1775.7239643400706 1.0003782510757446
1775.7447975465122 1.0003842115402222
1775.7656307536818 1.0003571510314941
1775.786463961624 1.0002719163894653
1775.8072971703555 1.0003137588500977
1775.828130379923 1.000276803970337
1775.848963590366 1.0002504587173462
1775.8697968017345 1.0002745389938354
1775.89063001405 1.000295639038086
1775.9114632273754 1.000311255455017
1775.9322964417356 1.0002497434616089
1775.9531296571865 1.0003647804260254
1775.9739628737764 1.0001499652862549
1775.9947960915645 1.0001171827316284
1776.015629310582 1.0001469850540161
1776.0364625309023 1.000028133392334
1776.0572957525603 0.9998639822006226
1776.0781289756223 0.9999744892120361
1776.0989622001475 0.9998716711997986
1776.1197954262066 0.9998698234558105
1776.1406286538415 0.9999426603317261
1776.1614618831375 0.999873161315918
1776.1822951141407 0.9999098181724548
1776.2031283469296 0.9999158978462219
1776.2239615815743 0.9999637603759766
1776.2447948181575 0.9998970031738281
1776.2656280567326 1.000273585319519
1776.286461297385 1.0001317262649536
1777.7447900654226 0.9999896287918091
1777.7656232448833 1.0000661611557007
1777.7864564212728 1.00010347366333
1777.8072895946739 1.0000536441802979
1777.8281227651678 1.0000289678573608
1777.8489559328034 1.0000635385513306
1777.8697890976564 1.0000096559524536
1777.8906222598016 1.0000189542770386
1777.911455419281 0.999866247177124
1777.9322885761642 0.9994059205055237
1777.9531217305193 0.9996581673622131
1777.9739548823823 0.9995832443237305
1777.9947880318166 0.9996637105941772
1778.0156211788842 0.9998235106468201
1778.0364543236155 0.9996071457862854
1778.0572874660686 0.9996834993362427
1778.0781206062998 0.9997637867927551
1778.0989537443345 0.999722957611084
1778.1197868802356 0.9997621178627014
1778.1406200140248 0.9997479915618896
1778.1614531457528 0.9996076822280884
1778.182286275468 0.9997642636299133
1778.2031194031877 0.9997475147247314
1778.2239525289585 0.9996808171272278
1778.244785652825 0.9997527599334717
1778.2656187748005 0.999748170375824
1778.2864518949282 0.9997215867042542
1778.307285013249 0.9996947050094604
1778.3281181297727 0.9997149109840393
1778.3489512445396 0.9994967579841614
1778.3697843575872 0.9996956586837769
1778.3906174689228 0.9998406767845154
1778.4114505785828 0.999829888343811
1778.4322836866033 0.9998292326927185
1778.453116792988 0.9996607303619385
1778.4739498977715 0.9997529983520508
1778.4947830009867 0.9997448921203613
1778.5156161026357 0.9998509287834167
1778.5364492027604 0.9998283982276917
1778.5572823013617 0.999825656414032
1778.5781153984697 0.9999092221260071
1778.598948494114 0.9998111724853516
1778.619781588294 0.9998577237129211
1778.640614681038 0.9999059438705444
1778.6614477723735 0.999812126159668
1778.6822808622987 0.9998760223388672
1778.7031139508397 0.9998626112937927
1778.7239470380227 0.9999203085899353
1778.7447801238445 0.9998771548271179
1778.7656132083296 0.9999672770500183
1778.7864462915034 0.9998166561126709
1778.8072793733602 0.9998565316200256
1778.8281124539342 0.999880850315094
1778.848945533219 0.9998544454574585
1778.8697786112382 0.9999077320098877
1778.8906116880144 0.9998509287834167
1778.9114447635402 0.9999427795410156
1778.9322778378385 0.9998772144317627
1778.9531109109303 0.9998409748077393
1778.9739439828077 0.9999253153800964
1778.9947770534923 0.999933660030365
1779.0156101230043 0.9998399615287781
1779.0364431913347 0.9998477101325989
1779.0572762585145 0.9998797178268433
1779.0781093245332 0.9999318718910217
1779.098942389411 0.9998758435249329
1779.1197754531674 0.9999066591262817
1779.1406085157919 0.9998576641082764
1779.1614415773035 0.9998617768287659
1779.1822746377218 0.9998971223831177
1779.2031076970345 0.9998549222946167
1779.2239407552609 0.9998519420623779
1779.244773812419 0.9998873472213745
1779.2656068684971 1.0000087022781372
1779.286439923523 0.9999456405639648
1779.3072729774842 0.9999574422836304
1779.3281060303989 0.9998932480812073
1779.3489390822838 0.999934732913971
1779.3697721331264 0.9999743700027466
1779.390605182944 0.9999122023582458
1779.411438231753 0.9999157190322876
1779.4322712795404 0.9999963045120239
1779.4531043263328 0.999910831451416
1779.4739373721166 0.9998840093612671
1779.4947704169078 0.9999598264694214
1779.5156034607232 0.9999582171440125
1779.5364365035484 0.9999744296073914
1779.5572695453993 0.9999125003814697
1779.578102586292 0.9999616742134094
1779.5989356262116 0.9998718500137329
1779.6197686651742 1.0000134706497192
1779.640601703195 0.9999647736549377
1779.6614347402592 0.9998967051506042
1779.6822677763919 0.9999444484710693
1779.7031008115787 0.9999241828918457
1779.7239338458342 0.9998915791511536
1779.7447668791733 0.9999394416809082
1779.765599911581 0.9999356865882874
1779.7864329430718 0.9998446106910706
1779.8072659736604 0.9998360276222229
1779.8280990033315 1.0000046491622925
1779.8489320321091 0.9999946355819702
1779.8697650599781 0.9998807907104492
1779.8905980869524 0.9998987317085266
1779.9114311130463 1.000036597251892
1779.932264138244 0.9999243021011353
1779.9530971625595 0.999836802482605
1779.9739301860066 0.9998862147331238
1779.994763208569 0.9999347925186157
1780.0155962302715 0.9999438524246216
1780.0364292510967 0.9998915195465088
1780.0572622710588 0.9999052882194519
1780.0780952901719 0.9998754858970642
1780.0989283084184 0.999925434589386
1780.1197613258128 0.9999565482139587
1780.140594342368 0.9999603629112244
1780.161427358068 0.9999465346336365
1780.1822603729354 0.9998622536659241
1780.203093386954 0.999894380569458
1780.2239264001366 0.9999563097953796
1780.2447594124967 0.9998985528945923
1780.265592424017 0.9999108910560608
1780.2864254347112 0.9999003410339355
1780.3072584445918 0.999936044216156
1780.3280914536417 0.9999609589576721
1780.3489244618843 0.9999262094497681
1780.369757469302 0.9999872446060181
1780.3905904759076 0.9999640583992004
1780.4114234817143 0.9999541640281677
1780.4322564867045 1.0000053644180298
1780.453089490891 0.9999956488609314
1780.4739224942866 1.0000051259994507
1780.4947554968735 0.9999818801879883
1780.5155884986646 0.9999547600746155
1780.5364214996725 1.000051736831665
1780.5572544998795 1.0000079870224
1780.5780874993081 1.000017762184143
1780.598920497941 1.0000704526901245
1780.6197534957998 1.0000048875808716
1780.6405864928677 0.999936044216156
1780.661419489157 0.9999988675117493
1780.682252484679 1.000037431716919
1780.7030854794173 0.9999964237213135
1780.7239184733833 1.0000216960906982
1780.7447514665894 1.0000070333480835
1780.7655844590176 0.9999858140945435
1780.7864174506904 1.0000109672546387
1780.8072504415895 0.9999881386756897
1780.8280834317272 0.9999922513961792
1780.8489164211157 1.0000174045562744
1780.8697494097369 1.000023603439331
1780.8905823976024 1.0000426769256592
1780.911415384725 0.9999899864196777
1780.932248371086 0.9999980330467224
1780.9530813567073 0.9999584555625916
1780.9739143415713 0.9999032020568848
1780.9947473256893 0.999947726726532
1781.0155803090736 0.9999517798423767
1781.0364132917057 1.000111699104309
1781.057246273608 0.9999561309814453
1781.0780792547614 0.9999619126319885
1781.0989122351782 1.0000370740890503
1781.1197452148704 0.9999479651451111
1781.140578193819 0.9999606013298035
1781.1614111720364 1.0000247955322266
1781.182244149534 0.9999693632125854
1781.2030771262932 0.9999988079071045
1781.223910102336 1.0000174045562744
1781.244743077644 0.9999845623970032
1781.2655760522287 0.99994295835495
1781.2864090261016 0.9999867081642151
1781.3072419992448 0.9999920129776001
1781.328074971679 1.0001016855239868
1781.3489079433862 0.9999642372131348
1781.3697409143783 1.0000114440917969
1781.3905738846663 0.9999753832817078
1781.4114068542317 1.0000001192092896
1781.4322398230963 0.9999462366104126
1781.453072791241 1.0000312328338623
1781.473905758678 1.0000431537628174
1781.4947387254183 0.9999660849571228
1781.5155716914433 0.9999663233757019
1781.5364046567645 0.9999667406082153
1781.5572376213934 0.999965488910675
1781.578070585311 0.9999881982803345
1781.598903548539 1.000072956085205
1781.6197365110588 0.9999902248382568
1781.6405694728815 1.0000613927841187
1781.6614024340186 0.9999703764915466
1781.6822353944515 0.9999725222587585
1781.7030683542012 0.9999699592590332
1781.723901313249 1.000008463859558
1781.7447342716066 0.9999555349349976
1781.765567229285 0.9999374747276306
1781.807233142569 0.9998441338539124
1781.8280660981773 0.9996809363365173
1781.8488990531011 0.9998143911361694
1781.8697320073522 0.9997702836990356
1781.8905649609117 0.9997926354408264
1781.9113979137903 0.9998213052749634
1781.9322308659994 0.9998631477355957
1781.9530638175206 0.9997782707214355
1781.9738967683745 0.9996615648269653
1781.9947297185427 0.9998123645782471
1782.0155626680462 0.9998141527175903
1782.036395616866 1.0000643730163574
1782.0572285650132 0.9999732971191406
1782.0780615124995 0.9999465942382812
1782.0988944593053 0.999982476234436
1782.119727405442 0.9998396039009094
1782.140560350921 0.9998452067375183
1782.1613932957227 0.9999693632125854
1782.182226239869 0.9999421834945679
1782.2030591833404 0.9998787641525269
1782.2238921261483 0.9999696016311646
1782.2447250683035 0.9999035000801086
1782.2655580097874 0.9999050498008728
1782.2863909506207 0.9999261498451233
1782.3072238907844 0.999889612197876
1782.3280568302903 0.9998113512992859
1782.3488897691484 0.9997186660766602
1782.3697227073403 0.9997923374176025
1782.3905556448874 0.9997656345367432
1782.4113885817699 0.9998679161071777
1782.432221517999 0.9997367858886719
1782.4530544535864 0.9997642636299133
1782.4738873885124 0.999730110168457
1782.494720322798 0.9997990131378174
1782.5155532564247 0.9997745752334595
1782.5363861894032 0.9996746778488159
1782.557219121744 0.999782919883728
1782.5780520534292 0.9997930526733398
1782.598884984479 0.999791145324707
1782.6197179148742 0.999721348285675
1782.6405508446364 0.9998167157173157
1782.661383773746 0.9997069835662842
1782.6822167022142 0.9996841549873352
1782.703049630052 0.9998894333839417
1782.7238825572404 0.9997867345809937
1782.7447154838 0.9997526407241821
1782.7655484097122 0.9997283220291138
1782.786381334988 0.9998050928115845
1782.8072142596377 0.9998344779014587
1782.8280471836426 0.9997665286064148
1782.848880107024 0.9997212290763855
1782.8697130297621 0.9999421238899231
1782.8905459518683 0.9997830986976624
1782.9113788733537 0.9998520016670227
1782.9322117941986 0.9997479319572449
1782.9530447144143 0.9998443126678467
1782.9738776340118 0.999783992767334
1782.9947105529718 0.9998393058776855
1783.0155434713154 0.9998598694801331
1783.0363763890234 0.999802827835083
1783.0572093061166 0.9998806715011597
1783.0780422225762 0.9999578595161438
1783.098875138423 0.9998475313186646
1783.1197080536374 0.999961256980896
1783.140540968231 0.9999060034751892
1783.1613738822145 0.9999560117721558
1783.1822067955686 0.999911904335022
1783.2030397083042 0.9999035596847534
1783.2238726204328 0.9999821782112122
1783.2447055319344 0.9999405145645142
1783.2655384428303 0.99996417760849
1783.2863713531015 0.9998236298561096
1783.3072042627687 0.999851644039154
1783.3280371718129 0.9999246597290039
1783.348870080245 0.9999724626541138
1783.369702988076 0.999889612197876
1783.3905358952861 0.9999791383743286
1783.4113688018974 1.000040888786316
1783.4322017078896 0.9999077320098877
1783.4530346132742 0.9999935030937195
1783.473867518062 1.0000181198120117
1783.494700422234 1.0000195503234863
1783.515533325811 0.9998717308044434
1783.5363662287737 0.9999608993530273
1783.5571991311433 1.0001024007797241
1783.5780320329002 0.9999407529830933
1783.5988649340559 1.0000998973846436
1783.6196978346209 1.0000131130218506
1783.6405307345763 1.0000399351119995
1783.6613636339425 1.0001137256622314
1783.6821965327013 1.0000964403152466
1783.7030294308627 0.999963641166687
1783.723862328438 0.999958872795105
1783.7446952254083 0.9999375939369202
1783.765528121794 1.000086784362793
1783.7863610175762 1.0001364946365356
1783.8071939127663 1.0001108646392822
1783.8280268073743 0.9999189972877502
1783.8488597013816 0.9999525547027588
1783.8696925948093 1.0000194311141968
1783.8905254876377 1.0001147985458374
1783.9113583798783 1.0001306533813477
1783.9321912715418 1.00009286403656
1783.953024162609 1.0000687837600708
1783.9738570531008 1.000070333480835
1783.9946899429985 1.00004243850708
1784.0155228323226 0.9999947547912598
1784.0363557210542 1.0001055002212524
1784.057188609204 1.0000988245010376
1784.0780214967833 1.0000184774398804
1784.0988543837727 1.000099539756775
1784.1196872701937 0.9999727606773376
1784.1405201560265 1.0000590085983276
1784.1613530412822 1.0001071691513062
1784.1821859259724 1.0001367330551147
1784.203018810077 1.0000749826431274
1784.2238516936177 1.0000578165054321
1784.2446845765755 1.0000863075256348
1784.2655174589709 0.9998511075973511
1784.2863503407848 1.0000338554382324
1784.3071832220287 1.0000813007354736
1784.3280161027135 1.0000638961791992
1784.3488489828196 1.0000416040420532
1784.3696818623687 1.000069260597229
1784.3905147413413 1.0000344514846802
1784.4113476197485 1.000030755996704
1784.4321804976014 1.000139832496643
1784.453013374891 1.0000518560409546
1784.4738462516082 1.0000523328781128
1784.4946791277637 1.0000755786895752
1784.5155120033694 1.0000070333480835
1784.5363448784053 1.0001850128173828
1784.557177752893 1.0001429319381714
1784.5780106268137 0.9999842047691345
1784.598843500178 1.0000824928283691
1784.619676372997 1.000113606452942
1784.640509245252 1.000148057937622
1784.6613421169636 1.0001927614212036
1784.6821749881135 1.0001920461654663
1784.7030078587225 1.0000971555709839
1784.7238407287712 1.000114917755127
1784.7446735982712 1.0001349449157715
1784.7655064672338 1.0001462697982788
1784.7863393356395 1.0001945495605469
1784.8071722035097 1.0000630617141724
1784.8280050708256 1.0001657009124756
1784.848837937608 1.0001217126846313
1784.8696708038383 1.0000745058059692
1784.8905036695378 1.0001016855239868
1784.911336534687 1.0000289678573608
1784.9321693992977 1.0000122785568237
1784.953002263381 1.0001238584518433
1784.9738351269175 1.0001156330108643
1784.994667989919 1.0001273155212402
1785.0155008523966 1.0001943111419678
1785.036333714341 1.0001219511032104
1785.0571665757438 1.0001894235610962
1785.0779994366162 1.00016450881958
1785.0988322969695 1.0002058744430542
1785.1196651567848 1.0001782178878784
1785.1404980160833 1.0001188516616821
1785.1613308748463 1.0000801086425781
1785.1821637330852 1.0001029968261719
1785.202996590811 1.0001754760742188
1785.2238294480053 1.000178575515747
1785.2446623046892 1.0001051425933838
1785.265495160844 1.000153660774231
1785.2863280164916 1.0001109838485718
1785.3071608716123 1.0001829862594604
1785.327993726218 1.0000672340393066
1785.3488265803203 1.0001684427261353
1785.3696594339 1.000126838684082
1785.390492286979 1.0002185106277466
1785.4113251395386 1.0002092123031616
1785.4321579916 1.0001057386398315
1785.4529908431448 1.0001879930496216
1785.4738236941946 1.000130295753479
1785.4946565447303 1.0001106262207031
1785.5154893947638 1.0000941753387451
1785.5363222443068 1.0001299381256104
1785.5571550933403 1.0000698566436768
1785.5779879418858 1.0001493692398071
1785.5988207899256 1.0001401901245117
1785.6196536374805 1.0001567602157593
1785.6404864845322 1.000084638595581
1785.6613193310925 1.0001211166381836
1785.6821521771728 1.0000594854354858
1785.702985022755 1.0000818967819214
1785.7238178678606 1.000103235244751
1785.7446507124712 1.0001344680786133
1785.7654835566082 1.0001168251037598
1785.8071492434299 0.9997963905334473
1785.8279820861173 0.9996708631515503
1785.8488149283285 0.9998582601547241
1785.8696477700753 0.9997854828834534
1785.8904806113392 0.9998372793197632
1785.9113134521422 0.9998209476470947
1785.932146292466 0.9998164772987366
1785.9529791323328 0.9997612237930298
1785.973811971724 0.9998519420623779
1785.9946448106618 0.9998990893363953
1786.0154776491283 0.9998319745063782
1786.036310487135 0.9998685717582703
1786.0571433246946 0.9998710751533508
1786.0779761617885 0.9997946619987488
1786.098808998439 0.9998805522918701
1786.119641834628 0.9998310208320618
1786.140474670378 0.9999300241470337
1786.1613075056707 0.9998840689659119
1786.1821403405286 0.9998158812522888
1786.2029731749337 0.9999053478240967
1786.2238060088982 0.9999299049377441
1786.2446388424346 0.9998864531517029
1786.2654716755249 0.9997844099998474
1786.2863045081913 0.9998672008514404
1786.3071373404168 0.999869704246521
1786.327970172223 0.9999549984931946
1786.348803003593 0.9998747706413269
1786.369635834549 0.9999081492424011
1786.3904686650733 0.999971330165863
1786.4113014951786 1.0000495910644531
1786.4321343248778 0.9998357892036438
1786.4529671541527 1.000065565109253
1786.4737999830268 1.0001115798950195
1786.4946328114825 0.9999284148216248
1786.515465639542 1.0000295639038086
1786.536298467189 1.0000174045562744
1786.557131294436 1.0001373291015625
1786.5779641212953 1.000005841255188
1786.5987969477505 1.0001100301742554
1786.6196297738243 1.000059962272644
1786.6404625995 1.0001745223999023
1786.6612954248003 1.000106930732727
1786.6821282497083 1.0000319480895996
1786.7029610742477 1.0001437664031982
1786.723793898401 1.0000700950622559
1786.744626722182 1.0000652074813843
1786.765459545604 1.000168800354004
1786.78629236865 1.0000842809677124
1786.8071251913439 1.000113606452942
1786.827958013669 1.0001260042190552
1786.848790835649 1.000124454498291
1786.8696236572673 1.000022530555725
1786.890456478548 1.0001075267791748
1786.9112892994744 1.0002222061157227
1786.9321221200607 1.0001055002212524
1786.952954940321 1.0000852346420288
1786.9737877602488 1.0001860857009888
1786.9946205798383 1.0001760721206665
1787.0154533991042 1.0002186298370361
1787.03628621806 1.0002033710479736
1787.0571190366902 1.0000827312469482
1787.0779518550196 1.000132441520691
1787.098784673032 1.0002081394195557
1787.1196174907527 1.0001059770584106
1787.140450308166 1.0001474618911743
1787.1612831252967 1.0002374649047852
1787.1821159421295 1.0001351833343506
1787.2029487586897 1.0001139640808105
1787.223781574962 1.0001850128173828
1787.2446143909617 1.0001275539398193
1787.2654472067043 1.0001015663146973
1787.2862800221749 1.0001147985458374
1787.307112837399 1.0002777576446533
1787.3279456523626 1.0001418590545654
1787.3487784670913 1.0001126527786255
1787.3696112815705 1.0001673698425293
1787.3904440958167 1.0001161098480225
1787.4112769098463 1.000187873840332
1787.4321097236448 1.0001105070114136
1787.4529425372389 1.0001558065414429
1787.4737753506156 1.0001825094223022
1787.4946081638013 1.0002092123031616
1787.5154409767827 1.0002107620239258
1787.5362737895875 1.0000967979431152
1787.557106602202 1.0001275539398193
1787.577939414654 1.0001492500305176
1787.5987722269317 1.0001168251037598
1787.619605039052 1.0001267194747925
1787.6404378510329 1.0001345872879028
1787.661270662873 1.0001494884490967
1787.6821034745703 1.0000669956207275
1787.7029362861435 1.0001410245895386
1787.7237690976115 1.000089168548584
1787.744601908963 1.0001046657562256
1787.7654347202274 1.000084400177002
1787.7862675313943 1.000105381011963
1787.8071003424932 1.0000560283660889
1787.8279331535143 1.000075101852417
1787.848765964488 1.0000804662704468
1787.8695987754043 1.000111699104309
1787.8904315862944 1.00015127658844
1787.9112643971496 1.0000734329223633
1787.932097208001 1.000062346458435
1787.9529300188408 1.000002384185791
1787.973762829691 1.0001177787780762
1787.9945956405736 1.000038504600525
1788.015428451482 1.0001529455184937
1788.0362612624492 1.000108003616333
1788.057094073469 1.0000755786895752
1788.077926884575 1.0001428127288818
1788.0987596957618 1.000166654586792
1788.119592507065 1.000198245048523
1788.1404253184787 1.0001006126403809
1788.1612581300396 1.000295639038086
1788.182090941744 1.0002295970916748
1788.2029237536183 1.0001509189605713
1788.22375656569 1.0001853704452515
1788.2445893779577 1.0001190900802612
1788.265422190459 1.000150203704834
1788.2862550031937 1.0001816749572754
1788.3070878162016 1.0002083778381348
1788.3279206294828 1.000166893005371
1788.3487534430787 1.0000956058502197
1788.3695862569914 1.0002464056015015
1788.3904190712633 1.0001672506332397
1788.411251885898 1.000096082687378
1788.4320847009399 1.000118374824524
1788.452917516394 1.000175952911377
1788.4737503323065 1.000077724456787
1788.4945831486846 1.000145673751831
1788.515415965576 1.0001291036605835
1788.5362487829902 1.000179648399353
1788.5570816009674 1.0001356601715088
1788.5779144195485 1.0001749992370605
1788.5987472387465 1.000226378440857
1788.6195800586154 1.0001518726348877
1788.6404128791696 1.0000865459442139
1788.6612457004665 1.0001329183578491
1788.6820785225236 1.0000959634780884
1788.7029113454007 1.0000940561294556
1788.7237441691186 1.0001412630081177
1788.7445769937403 1.0001991987228394
1788.7654098192904 1.000111699104309
1788.7862426458353 1.0001837015151978
1788.8070754734033 1.0001012086868286
1788.8279083020648 1.0001535415649414
1788.8487411318522 0.9999473094940186
1788.86957396284 1.000084400177002
1788.8904067950657 1.000023365020752
1788.9112396285984 1.0000907182693481
1788.93207246351 1.000091552734375
1788.9529052998553 0.9999359250068665
1788.9737381376915 0.9999819993972778
1788.9945709770986 0.9997960329055786
1789.0154038181602 0.9998672604560852
1789.036236660932 0.9992625713348389
1789.0570695055135 0.9986013174057007
1789.0779023519676 0.9981411099433899
1789.0987352003995 0.99875807762146
1789.1195680508786 0.9987199306488037
1789.1404009035177 0.99891197681427
1789.1612337583922 0.9994599223136902
1789.2028994752893 0.9997045397758484
1789.2237323375193 0.9997918605804443
1789.244565202401 0.9998934268951416
1789.2653980700654 0.9999322891235352
1789.286230940605 0.9998266696929932
1789.3070638141448 0.9998167753219604
1789.3278966908108 1.0000497102737427
1789.3487295707075 0.9998958110809326
1789.3695624539403 0.9999054670333862
1789.3903953406304 0.9998258352279663
1789.4112282308954 0.9999195337295532
1789.432061124817 1.0000137090682983
1789.4528940225077 0.9999192357063293
1789.4737269240297 1.0000901222229004
1789.4945598294696 1.0001516342163086
1789.515392738856 1.0003207921981812
1789.536225652236 1.0004024505615234
1789.557058569589 1.0003849267959595
1789.577891490903 1.0003941059112549
1789.5987244160904 1.0005098581314087
1789.6195573450607 1.0004013776779175
1789.6403902776376 1.0005654096603394
1789.6612232136347 1.0005245208740234
1789.68205615277 1.0005959272384644