1790.6815607972906 0.9788603186607361
1790.7023945414999 0.9797797799110413
1790.7232282834748 1.0057975053787231
1790.7440620233706 1.0256212949752808
1790.7648957611204 1.0062687397003174
1790.785729496873 0.9771741032600403
1790.806563230563 0.9772043824195862
1790.8273969623315 1.0112384557724
1790.8482306921148 1.0222198963165283
1790.8690644200483 1.000927448272705
1790.8898981460682 0.987236738204956
1790.9107318703054 0.983318567276001
1790.9315655926966 1.0007214546203613
1790.9523993133666 1.0166409015655518
1790.9732330322538 1.004116415977478
1790.994066749478 0.9915534853935242
1791.0149004649772 0.9903403520584106
1791.0357341788676 0.9925865530967712
1791.0565678910884 1.0099613666534424
1791.0774016017504 1.0168399810791016
1791.0982353107938 0.9983289837837219
1791.389907084111 1.0212814807891846
1791.4107407719976 1.0126264095306396
1791.4315744585733 0.9976405501365662
1791.452408143921 0.9965974688529968
1791.4732418279864 1.0090217590332031
1791.49407551085 1.0229204893112183
1791.5149091924586 1.0190391540527344
1791.53574287289 1.0007848739624023
1791.5565765520923 0.9910456538200378
1791.5774102301416 1.0029428005218506
1791.598243906985 1.0235450267791748
1791.619077582698 1.0225642919540405
1791.6399112572283 1.0048117637634277
1791.6607449306484 0.9857451319694519
1791.6815786029078 0.9924307465553284
1791.7024122740777 1.0201005935668945
1791.7232459441068 1.0278575420379639
1791.744079613065 1.0030744075775146
1791.764913280902 0.9859166741371155
1791.7857469476858 0.9884956479072571
1791.806580613367 1.015785574913025
1791.8274142780124 1.028053641319275
1791.8482479415727 1.0053428411483765
1791.8690816041128 0.9888136386871338
1791.8899152655845 0.990027129650116
1791.9107489260516 1.002311110496521
1791.931582585466 1.0208011865615845
1791.9524162438906 1.0129953622817993
1791.9732499012775 0.9919682741165161
1791.9940835576886 0.9837190508842468
1792.0149172130762 0.9991921782493591
1792.0357508675008 1.0172088146209717
1792.0565845209082 1.0140199661254883
1792.0774181733577 0.9937771558761597
1792.098251824819 0.9801422953605652
1792.1190854753502 0.9941220879554749
1792.1399191248972 1.019590139389038
1792.1607527735175 1.0148345232009888
1792.181586421166 0.9891061782836914
1792.202420067899 0.9814765453338623
1792.2232537136715 0.9973421692848206
1792.244087358539 1.0114089250564575
1792.264921002457 1.0128109455108643
1792.2857546454798 0.9970319867134094
1792.3065882875637 0.9825193285942078
1792.3274219287625 0.99162358045578
1792.3482555690323 1.0084830522537231
1792.369089208426 1.0100719928741455
1792.3899228469002 1.0027186870574951
1792.4107564845071 0.9879065155982971
1792.4315901212042 0.984898567199707
1792.4524237570427 1.0039706230163574
1792.4732573919798 1.0176383256912231
1792.4940910260666 1.003834843635559
1792.5149246592607 0.9905307292938232
1792.535758291612 0.9871938228607178
1792.556591923079 0.9997182488441467
1792.577425553711 1.0113589763641357
1792.5982591834666 1.0072015523910522
1792.6190928123942 0.99787437915802
1792.6399264404529 0.9904417991638184
1792.6607600676907 0.9940683245658875
1792.6815936940668 1.0044549703598022
1792.7024273196391 1.0121687650680542
1792.7232609443367 1.0091807842254639
1792.744094568247 0.9921773076057434
1792.764928191289 0.9894726276397705
1792.78576181355 1.003455638885498
1792.8065954349497 1.016025185585022
1792.8274290555742 1.0129562616348267
1792.8482626753437 0.9978945851325989
1792.869096294344 0.9897831678390503
1792.8899299124953 1.0007020235061646
1792.9107635298826 1.014085292816162
1792.9315971464273 1.008863091468811
1792.9524307622135 1.006044626235962
1792.9732643771624 0.998323917388916
1792.9940979913586 0.9887773394584656
1793.0149316047225 1.0043370723724365
1793.0357652173386 1.0246014595031738
1793.0565988291282 1.0146868228912354
1793.077432440175 0.9962380528450012
1793.0982660504103 0.9862398505210876
1793.1190996598873 0.9964194297790527
1793.139933268568 1.0222053527832031
1793.1607668764948 1.0250955820083618
1793.1816004836203 0.994275689125061
1793.2024340900166 0.9831864833831787
1793.223267695616 0.9973752498626709
1793.2441013004704 1.0176799297332764
1793.2649349045425 1.0209317207336426
1793.2857685078739 1.0047613382339478
1793.3066021104173 0.9870659708976746
1793.3274357122443 0.9864784479141235
1793.3482693132873 1.006569266319275
1793.369102913598 1.0244877338409424
1793.3899365131388 1.0124924182891846
1793.4107701119506 0.9881206154823303
1793.431603709997 0.9805448651313782
1793.4524373073184 1.001581072807312
1793.473270903878 1.0235904455184937
1793.4941044997163 1.0163406133651733
1793.5149380947964 0.9886038303375244
1793.5357716891583 0.9786674976348877
1793.5566052827664 1.0000990629196167
1793.5774388756597 1.0227128267288208
1793.5982724678024 1.0145931243896484
1793.6191060592337 0.9914576411247253
1793.639939649918 0.9775025844573975
1793.6607732398938 0.9954099059104919
1793.6816068291262 1.020763635635376
1793.7024404176534 1.0161441564559937
1793.72327400544 0.9899101853370667
1793.7441075925349 0.9750567078590393
1793.7649411788725 0.9921226501464844
1793.785774764521 1.0202436447143555
1793.8066083494352 1.011945366859436
1793.8274419336635 0.9889620542526245
1793.8482755171408 0.9799333810806274
1793.8691090999446 0.9885242581367493
1793.8899426820005 1.0110524892807007
1793.9107762633853 1.012846827507019
1793.9316098440252 0.9956391453742981
1793.9524434239972 0.9842932820320129
1793.9732770032267 0.985325038433075
1793.9941105817911 1.0021973848342896
1794.0149441596157 1.0139693021774292
1794.0357777367772 1.006826400756836
1794.056611313202 0.9859482049942017
1794.0774448889663 0.9782698154449463
1794.0982784640064 0.9973276257514954
1794.1191120383687 1.0166388750076294
1794.1399456120191 1.01200270652771
1794.1607791849935 0.9905441403388977
1794.1816127572492 0.9836423397064209
1794.2024463288515 0.9962961077690125
1794.2232798997368 1.010351300239563
1794.2441134699511 1.0128731727600098
1794.264947039461 1.0
1794.2857806083018 0.9904285669326782
1794.306614176441 0.9885276556015015
1794.3274477439131 1.0035449266433716
1794.3482813106855 1.018353819847107
1794.3691148767932 1.0100277662277222
1794.3899484422036 0.9922376871109009
1794.410782006951 0.9846071004867554
1794.4316155710032 1.003892183303833
1794.4524491343948 1.0226705074310303
1794.4732826970933 1.0150107145309448
1794.494116259143 0.9936235547065735
1794.5149498204817 0.9826745390892029
1794.5357833811834 1.0041618347167969
1794.5566169411761 1.0235648155212402
1794.5774505005343 1.0138572454452515
1794.598284059185 0.9972803592681885
1794.619117617203 0.9868402481079102
1794.639951174516 0.9965840578079224
1794.6607847311973 1.0180304050445557
1794.6816182871758 1.0191832780838013
1794.7024518425249 0.998958945274353
1794.7232853971825 0.9852795004844666
1794.7441189511928 0.9881286025047302
1794.7649525045233 1.0194770097732544
1794.7857860572078 1.0306075811386108
1794.806619609205 0.9977823495864868
1794.8274531605778 0.9809224605560303
1794.8482867112646 0.9889982342720032
1794.8691202613088 1.0162638425827026
1794.8899538106791 1.0235687494277954
1794.9107873594082 1.0019874572753906
1794.9316209074648 0.9831218719482422
1794.9732880016288 1.0126482248306274
1794.9941215477377 1.018890619277954
1795.0149550931774 1.0024563074111938
1795.0357886379807 0.9901819825172424
1795.0566221821152 0.9864273071289062
1795.077455725614 0.9965394735336304
1795.0982892684483 1.019417643547058
1795.1191228106602 1.0135712623596191
1795.139956352188 0.9855847358703613
1795.1607898931038 0.978901743888855
1795.1816234333367 0.999902606010437
1795.2024569729592 1.0171575546264648
1795.2232905119008 1.011831283569336
1795.2441240502333 0.9906306266784668
1795.2649575878859 0.9805656671524048
1795.2857911249312 0.9955278635025024
1795.3066246612977 1.0151729583740234
1795.3274581970584 1.0094566345214844
1795.3482917321423 0.9922528266906738
1795.3691252666213 0.9845800399780273
1795.389958800435 0.9910699725151062
1795.4107923336248 1.0069326162338257
1795.4316258661609 1.007454514503479
1795.4524593980748 0.9976887106895447
1795.4732929293361 0.9914514422416687
1795.4941264599765 0.9889970421791077
1795.5149599899657 0.9996198415756226
1795.5357935193351 1.0067743062973022
1795.5566270480547 1.001952052116394
1795.577460576156 0.9929797649383545
1795.5982941036089 0.9886388182640076
1795.6191276304546 0.9960851669311523
1795.639961156633 1.0042834281921387
1795.6607946822157 1.0045143365859985
1795.6816282071322 0.9985597729682922
1795.7024617314542 0.991559624671936
1795.7232952551117 0.9925929307937622
1795.7441287781755 1.003920078277588
1795.7649623005764 1.008148193359375
1795.7857958223847 0.9987922310829163
1795.8066293435309 0.9949879050254822
1795.8274628640859 0.9989092946052551
1795.8482963839904 1.00163996219635
1795.8691299032846 1.0037295818328857
1795.8899634219397 1.0048874616622925
1795.9107969399856 1.0007320642471313
1795.931630457393 0.9969617128372192
1795.952463974193 0.9993196725845337
1795.9732974903561 1.0069224834442139
1795.9941310059125 1.0096452236175537
1796.014964520833 1.0030231475830078
1796.035798035158 0.9946154356002808
1796.0566315488281 0.9943090677261353
1796.0774650619142 1.0104526281356812
1796.0982985743467 1.0186042785644531
1796.1191320861958 1.0027849674224854
1796.1399655973928 0.9888724684715271
1796.1607991080075 0.9990482330322266
1796.181632617971 1.0113310813903809
1796.2024661273533 1.0128172636032104
1796.223299636086 1.006766438484192
1796.2441331442385 0.9939172267913818
1796.2649666517523 0.9941689372062683
1796.285800158667 1.007675290107727
1796.3066336649538 1.0113685131072998
1796.3274671706429 1.0115708112716675
1796.3483006757056 1.0036144256591797
1796.3691341801714 0.9890730977058411
1796.3899676840117 0.9908239245414734
1796.4108011872563 1.0153058767318726
1796.4316346898765 1.0218364000320435
1796.452468191902 1.001378059387207
1796.4733016933046 0.9859461784362793
1796.4941351941231 0.988036036491394
1796.5149686943 1.012534499168396
1796.5358021939041 1.021073341369629
1796.556635692867 1.0020774602890015
1796.5774691912586 0.9836559891700745
1796.5983026890103 0.9918910264968872
1796.6191361861916 1.0089406967163086
1796.639969682744 1.0118221044540405
1796.6608031787068 1.0021486282348633
1796.681636674042 0.9894996881484985
1796.7024701688088 0.9877586960792542
1796.7233036629493 1.0000860691070557
1796.744137156502 1.0159506797790527
1796.7649706494396 1.00367271900177
1796.7858041417905 0.9856248497962952
1796.806637633527 0.9887301921844482
1796.8274711246784 0.9976956844329834
1796.8483046152166 1.0125725269317627
1796.8691381051804 1.0080167055130005
1796.8899715945122 0.9877240657806396
1796.9108050832804 0.9860480427742004
1796.9316385714178 0.9989696741104126
1796.9524720589927 1.0086286067962646
1796.973305545938 1.0077582597732544
1796.994139032322 0.9967503547668457
1797.0149725180772 0.987305223941803
1797.0358060032722 0.9932634830474854
1797.0566394878394 1.0048273801803589
1797.0774729718476 1.0153613090515137
1797.0983064552393 1.0027329921722412
1797.1191399380527 0.9840091466903687
1797.139973420261 0.9858751893043518
1797.1608069018919 1.0033955574035645
1797.1816403829184 1.0190402269363403
1797.202473863369 1.0084115266799927
1797.223307343217 0.985968828201294
1797.2441408224993 0.9845461845397949
1797.26497430116 0.99932861328125
1797.2858077792666 1.0183442831039429
1797.3066412567525 1.0151954889297485
1797.3274747336854 0.9922651052474976
1797.3483082099988 0.9816146492958069
1797.3691416857603 0.9948008060455322
1797.3899751609135 1.0182781219482422
1797.4108086354959 1.0223052501678467
1797.431642109481 1.0009068250656128
1797.4524755828963 0.9792219400405884
1797.4733090557158 0.9851929545402527
1797.4941425279667 1.0193545818328857
1797.5149759996227 1.0276390314102173
1797.5358094707212 1.0037506818771362
1797.556642941206 0.981400728225708
1797.5774764111445 0.9798188805580139
1797.5983098804707 1.0081440210342407
1797.6191433492515 1.0371109247207642
1797.6399768174215 1.016342043876648
1797.660810285047 0.9814525842666626
1797.6816437520629 0.9733941555023193
1797.7024772185357 1.003427267074585
1797.72331068441 1.0393457412719727
1797.7441441497226 1.0206599235534668
1797.764977614448 0.9823865294456482
1797.7858110786126 0.972581684589386
1797.8066445421912 1.000844955444336
1797.8274780052102 1.0364395380020142
1797.848311467645 1.0240623950958252
1797.8691449295313 0.9880532622337341
1797.8899783908146 0.9764492511749268
1797.9108118515605 0.9957806468009949
1797.9316453117046 1.0185424089431763
1797.952478771313 1.0192515850067139
1797.973312230321 1.0010271072387695
1797.9941456887946 0.9809704422950745
1798.0149791466788 0.9843654632568359
1798.03581260401 1.0114972591400146
1798.0566460607633 1.0229012966156006
1798.077479516965 1.0072423219680786
1798.0983129725903 0.9817711710929871
1798.119146427665 0.9790217280387878
1798.1399798821653 1.011918067932129
1798.1608133361262 1.024630069732666
1798.181646789494 1.002691388130188
1798.2024802423236 0.9788060188293457
1798.223313694582 0.9818676114082336
1798.244147146304 1.0098521709442139
1798.2649805974356 1.0153063535690308
1798.2858140480423 0.9995208978652954
1798.3066474980606 0.9883121252059937
1798.3274809475552 0.9838613271713257
1798.3483143964734 0.9985874891281128
1798.369147844849 1.0120068788528442
1798.38998129266 1.0017834901809692
1798.4108147399302 0.9935961365699768
1798.431648186637 0.9889741539955139
1798.4524816328048 0.9830883145332336
1798.473315078411 1.0027600526809692
1798.49414852349 1.0191911458969116
1798.514981967989 0.9984181523323059
1798.535815411972 0.9792513847351074
1798.556648855377 0.9863941669464111
1798.5774822982683 1.0044987201690674
1798.598315740583 1.0121992826461792
1798.6191491823859 1.0032249689102173
1798.639982623624 0.9868355989456177
1798.660816064332 0.9828206896781921
1798.6816495044873 0.997825026512146
1798.702482944114 1.0090430974960327
1798.7233163831904 1.0055795907974243
1798.7441498217502 0.9981234669685364
1798.7649832597415 0.9901111721992493
1798.7858166972278 0.9873234629631042
1798.806650134148 1.003157138824463
1798.8274835705652 1.013253927230835
1798.8483170064185 1.0045140981674194
1798.869150441771 0.9914249777793884
1798.8899838765717 0.9866858124732971
1798.9108173108534 0.9969803690910339
1798.9316507445956 1.013685941696167
1798.9524841778214 1.009485125541687
1798.97331761051 0.9915358424186707
1798.994151042694 0.9880582690238953
1799.0149844743237 0.997454822063446
1799.035817905461 1.010634183883667
1799.0566513360643 1.0133615732192993
1799.077484766195 0.9988685250282288
1799.0983181957579 0.9848532676696777
1799.1191516248166 0.9940691590309143
1799.1399850533385 1.0132479667663574
1799.1608184813551 1.0111360549926758
1799.1816519088477 0.9997873306274414
1799.2233187623074 0.9940664768218994
1799.244152188277 1.00875723361969
1799.2649856137284 1.0156171321868896
1799.2858190386926 1.0054686069488525
1799.3066524631217 0.996235728263855
1799.3274858870768 0.9924215078353882
1799.3483193105 1.0044002532958984
1799.369152733452 1.0171093940734863
1799.3899861558755 1.0112789869308472
1799.4108195778306 0.996258556842804
1799.4316529992705 0.9890280365943909
1799.4524864202253 1.0029457807540894
1799.4733198406789 1.020220398902893
1799.4941532606504 1.0103108882904053
1799.5149866801241 0.9941469430923462
1799.5358200991195 0.9899193644523621
1799.5566535176206 0.9997015595436096
1799.577486935657 1.0125418901443481
1799.5983203531835 1.0081554651260376
1799.6191537702584 0.9956704378128052
1799.6399871868377 0.9948731660842896
1799.6608206029496 0.9962531328201294
1799.6816540185796 1.002902865409851
1799.7024874337465 1.0121413469314575
1799.723320848436 1.0000418424606323
1799.7441542626664 0.9889649748802185
1799.7649876764244 0.9903042912483215
1799.7858210897373 1.004773497581482
1799.8066545025627 1.0139564275741577
1799.8274879149576 1.0003052949905396
1799.84832132687 0.9875062704086304
1799.8691547383567 0.9880056977272034
1799.8899881493662 1.0016794204711914
1799.9108215599547 1.0062224864959717
1799.9316549700816 1.000937581062317
1799.9524883797728 0.9909898042678833
1799.9733217890184 0.988513708114624
1799.9941551978334 0.9944655895233154
1800.0149886062088 0.9989385008811951
1800.035822014169 1.0070836544036865
1800.0566554216764 1.0000115633010864
1800.0774888287845 0.9834919571876526
1800.0983222354462 0.9838921427726746
1800.119155641715 1.0028700828552246
1800.1399890475543 1.0124537944793701
1800.1608224529873 0.9981563687324524
1800.1816558580076 0.9851817488670349
1800.202489262629 0.9827754497528076
1800.2233226668454 0.9981138706207275
1800.2441560706698 1.0165081024169922
1800.2649894740975 1.0049011707305908
1800.2858228771502 0.9868510365486145
1800.3066562797953 0.9826335906982422
1800.3274896820835 0.995663046836853
1800.348323083973 1.0082874298095703
1800.3691564855135 1.0084415674209595
1800.389989886675 0.9991439580917358
1800.4108232874767 0.9806991219520569
1800.4316566879188 0.9863368272781372
1800.4524900880106 1.0169488191604614
1800.4733234877538 1.0187486410140991
1800.4941568871661 0.996260941028595
1800.5149902862213 0.9816940426826477
1800.5358236849656 0.986178457736969
1800.5566570833648 1.0171337127685547
1800.5774904814646 1.0294208526611328
1800.5983238792417 0.9955257773399353
1800.619157276711 0.9765846729278564
1800.6399906738807 0.9890227913856506
1800.6608240707549 1.0201548337936401
1800.6816574673442 1.0340040922164917
1800.702490863651 1.0038820505142212
1800.723324259688 0.9783726334571838
1800.7441576554668 0.9887708425521851
1800.7649910509715 1.0200021266937256
1800.7858244462425 1.0299371480941772
1800.806657841257 1.006510615348816
1800.8274912360541 0.9850237965583801
1800.8483246306228 0.9803810119628906
1800.8691580249708 1.0091654062271118
1800.8899914191202 1.0364326238632202
1800.9108248130667 1.0134854316711426
1800.931658206836 0.9874202013015747
1800.9524916004318 0.984062135219574
1800.9733249938524 0.9989853501319885
1800.994158387131 1.0218102931976318
1801.0149917802582 1.0232781171798706
1801.0358251732653 0.9950811862945557
1801.0566585661575 0.9747829437255859
1801.0774919589337 0.9937893748283386
1801.0983253516329 1.0275850296020508
1801.1191587442415 1.0239007472991943
1801.1399921368036 0.9980973601341248
1801.1608255293127 0.9835862517356873
1801.1816589217879 0.9886330962181091
1801.2024923142505 1.015894889831543
1801.2233257067141 1.023163080215454
1801.2441590991978 0.9948475956916809
1801.2649924917307 0.983816921710968
1801.2858258842984 0.9914088249206543
1801.3066592769671 1.00536048412323
1801.3274926697093 1.0126579999923706
1801.348326062597 1.0043163299560547
1801.3691594556096 0.9907684326171875
1801.389992848797 0.9860841035842896
1801.4108262421646 0.9962164759635925
1801.4316596357603 1.0131357908248901
1801.4524930295859 1.0081690549850464
1801.4733264237082 0.9911948442459106
1801.494159818094 0.9810389876365662
1801.5149932128504 0.992900013923645
1801.5358266079295 1.013417363166809
1801.55666000345 1.0115543603897095
1801.5774933993578 0.9912372827529907
1801.5983267957836 0.9828055500984192
1801.6191601926785 0.9938881397247314
1801.6399935901563 1.0100466012954712
1801.6608269881913 1.0132801532745361
1801.6816603869129 0.9969245195388794
1801.7024937862584 0.9855042695999146
1801.723327186404 0.9917998313903809
1801.7441605872687 1.0025352239608765
1801.7649939890475 1.0143241882324219
1801.7858273916609 1.0067591667175293
1801.8066607952949 0.9898384809494019
1801.8274941998902 0.9844948053359985
1801.8483276056459 1.0006073713302612
1801.869161012492 1.0169790983200073
1801.889994420663 1.0092588663101196
1801.910827830047 0.9926010370254517
1801.9316612409373 0.9857901930809021
1801.9524946531983 1.0011906623840332
1801.9733280671542 1.0162694454193115
1801.9941614826648 1.011475920677185
1802.0149949000577 1.0012006759643555
1802.035828319206 0.987262487411499
1802.0566617404684 0.9925355315208435
1802.0774951637004 1.0168216228485107
1802.098328589291 1.0212478637695312
1802.1191620170482 1.0032768249511719
1802.1399954474414 0.9895366430282593
1802.1608288802577 0.9906649589538574
1802.181662315965 1.0118175745010376
1802.2024957543595 1.0260614156723022
1802.2233291959355 1.009795904159546
1802.2441626404375 0.9913665056228638
1802.2649960884048 0.9918321967124939
1802.2858295395508 1.006473183631897
1802.3066629944117 1.0199453830718994
1802.327496452681 1.0124211311340332
1802.3483299148647 0.9993419051170349
1802.369163380651 0.9912669658660889
1802.389996850448 0.9980435371398926
1802.4108303239655 1.0146809816360474
1802.4316638014907 1.0177340507507324
1803.4733374310883 0.9707236289978027
1803.4941708435588 0.9972737431526184
1803.5150042537869 1.0317782163619995
1803.5358376619645 1.022225260734558
1803.556671067996 0.9889259338378906
1803.5775044720365 0.9721817970275879
1803.5983378740214 0.9938832521438599
1803.6191712741 1.0299310684204102
1803.6400046721783 1.0206049680709839
1803.6608380684293 0.9928494095802307
1803.681671462751 0.9813584685325623
1803.7025048553105 0.9918361306190491
1803.7233382460158 1.0175789594650269
1803.744171635 1.0256376266479492
1803.7650050222012 1.0020452737808228
1803.7858384077476 0.9838342666625977
1803.8066717915485 0.9858371615409851
1803.8275051737576 1.0138546228408813
1803.8483385542843 1.0265400409698486
1803.8691719332487 1.0058255195617676
1803.8900053105908 0.9864997267723083
1803.9108386864161 0.9850895404815674
1803.9316720606662 1.010392665863037
1803.9525054334429 1.0266221761703491
1803.973338804688 1.0104647874832153
1803.99417217451 0.9905880093574524
1804.0150055428207 0.9858465194702148
1804.0358389097564 1.003034234046936
1804.0566722752299 1.0214861631393433
1804.0775056393434 1.012333869934082
1804.0983390020403 0.9933295249938965
1804.1191723634208 0.9877488017082214
1804.1400057233986 0.9969282746315002
1804.1608390821011 1.0146656036376953
1804.1816724394328 1.0128072500228882
1804.2025057955186 0.9966632127761841
1804.2233391502737 0.9886708855628967
1804.2441725037902 0.9926831722259521
1804.2650058560139 1.0076937675476074
1804.2858392070357 1.011730432510376
1804.3066725567712 0.9991155862808228
1804.3275059053394 0.9935022592544556
1804.3483392526564 0.990057647228241
1804.369172598809 0.9985573291778564
1804.3900059437442 1.014523983001709
1804.410839287537 1.0090346336364746
1804.4316726301352 0.9883393049240112
1804.4525059716213 0.9841018319129944
1804.4733393119143 0.9971345663070679
1804.494172651125 1.0112173557281494
1804.515005989162 1.012118935585022
1804.5358393261358 0.9930250644683838
1804.5566726619654 0.9807041883468628
1804.577505996729 0.9936112761497498
1804.5983393303766 1.0179271697998047
1804.619172662985 1.0139920711517334
1804.6400059944744 0.9896354079246521
1804.6608393249508 0.9833479523658752
1804.6816726543248 0.992565929889679
1804.7025059827006 1.0077176094055176
1804.7233393099996 1.0124152898788452
1804.744172636295 0.9966493844985962
1804.7650059615382 0.9854066967964172
1804.7858392858018 0.9890159964561462
1804.8066726090076 1.0023419857025146
1804.8275059312564 1.011021375656128
1804.848339252471 1.0032140016555786
1804.8691725727215 0.9889939427375793
1804.8900058919603 0.9857746362686157
1804.9108392102469 1.0019522905349731
1804.9316725275346 1.0132405757904053
1804.9525058438912 1.002595067024231
1804.9733391592406 0.9910954833030701
1804.99417247368 0.9898220300674438
1805.0150057871233 1.0015891790390015
1805.035839099667 1.0149253606796265
1805.056672411236 1.0093432664871216
1805.077505721905 0.9905757308006287
1805.0983390315996 0.9908483028411865
1805.1191723404138 1.0024540424346924
1805.1400056482632 1.0135923624038696
1805.1608389552416 1.011337399482727
1805.1816722612753 0.993686854839325
1805.2025055664265 0.9857100248336792
1805.2233388706518 1.0017375946044922
1805.2441721740136 1.0193029642105103
1805.2650054764376 1.0100260972976685
1805.2858387780166 0.9932184219360352
1805.3066720786767 0.9901601672172546
1805.327505378479 0.9960627555847168
1805.3483386773808 1.0116698741912842
1805.3691719754422 1.0136748552322388
1805.3900052725908 0.9994345307350159
1805.4108385689165 0.9888118505477905
1805.431671864337 0.9923943281173706
1805.4525051589414 1.0057584047317505
1805.4733384526578 1.0152971744537354
1805.494171745545 1.0094916820526123
1805.515005037561 0.9921791553497314
1805.5358383287642 0.9883255362510681
1805.5566716190835 1.004127860069275
1805.577504908606 1.014357566833496
1805.5983381972608 1.010085105895996
1805.619171485105 0.9969791173934937
1805.6400047720977 0.9928273558616638
1805.6608380582857 0.9987186193466187
1805.6816713436283 1.010089635848999
1805.702504628182 1.0095850229263306
1805.7233379118761 1.0000637769699097
1805.7441711947963 0.9948694109916687
1805.765004476873 0.9943042397499084
1805.785837758161 0.9983364939689636
1805.806671038621 1.0093895196914673
1805.8275043183073 1.0078562498092651
1805.8483375971512 0.9963700771331787
1805.869170875236 0.9883139729499817
1805.8900041524832 0.9963214993476868
1805.9108374289767 1.005955696105957
1805.9316707046476 1.0077234506607056
1805.9525039795492 0.998272180557251
1805.973337253643 0.9893249273300171
1805.9941705269819 0.9901863932609558
1806.0150037994977 1.001785397529602
1806.035837071273 1.0084314346313477
1806.0566703422444 0.9998026490211487
1806.0775036124635 0.989699125289917
1806.0983368818843 0.9865530729293823
1806.1191701505586 0.9951974749565125
1806.140003418423 1.012616753578186
1806.1608366855594 1.007790446281433
1806.1816699518902 0.9865783452987671
1806.2025032174963 0.9807624220848083
1806.223336482311 0.9952641725540161
1806.2441697463848 1.010416865348816
1806.2650030096809 1.0082896947860718
1806.28583627225 0.9952934384346008
1806.3066695340253 0.9811222553253174
1806.327502795087 0.9854139089584351
1806.3483360553685 1.014931559562683
1806.3691693149199 1.0196024179458618
1806.3900025737046 0.9955399036407471
1806.4108358317726 0.9800059199333191
1806.4316690890576 0.9859477281570435
1806.452502345639 1.0090452432632446
1806.4733356014408 1.0259796380996704
1806.494168856542 1.004512906074524
1806.515002110877 0.9774929881095886
1806.535835364495 0.9869586825370789
1806.5566686173597 1.013867735862732
1806.5775018695201 1.0255779027938843
1806.5983351209106 1.0101338624954224
1806.61916837161 0.9865579605102539
1806.640001621552 0.9800137877464294
1806.660834870786 1.0100795030593872
1806.681668119276 1.0305672883987427
1806.7025013670702 1.0142525434494019
1806.7233346141038 0.9911728501319885
1806.744167860454 0.9816283583641052
1806.7650011060564 0.9989132881164551
1806.7858343509583 1.0274860858917236
1806.806667595125 1.023281216621399
1806.827500838604 0.9961665272712708
1806.8483340813304 0.9796572327613831
1806.8691673233814 0.9975470304489136
1806.8900005646829 1.0231330394744873
1806.9108338053113 1.0249577760696411
1806.9316670452026 1.0047494173049927
1806.9525002844136 0.9826229214668274
1806.9733335228798 0.9872220754623413
1806.9941667606777 1.015564203262329
1807.0149999977339 1.0245225429534912
1807.0358332341239 1.0100409984588623
1807.0566664697844 0.9927968382835388
1807.0774997047613 0.9852126836776733
1807.098332939021 1.0006849765777588
1807.1191661726089 1.0275851488113403
1807.139999405462 1.016051173210144
1807.160832637656 0.9926890134811401
1807.1816658691273 0.98488849401474
1807.2024990999216 0.9984525442123413
1807.2233323300052 1.0163668394088745
1807.2441655594237 1.0166290998458862
1807.2649987881139 0.9991058707237244
1807.2858320161513 0.9866734743118286
1807.3066652434725 0.9914696216583252
1807.3274984701225 1.0092583894729614
1807.3483316960685 1.0160106420516968
1807.3691649213451 1.0077543258666992
1807.3899981459201 0.9852129220962524
1807.4108313698378 0.9809606075286865
1807.4316645930455 1.0066282749176025
1807.452497815588 1.023505449295044
1807.4733310374322 1.0044845342636108
1807.494164258613 0.9834765791893005
1807.5149974790977 0.979957103729248
1807.5358306989308 1.0028798580169678
1807.5566639180497 1.0242947340011597
1807.5774971365286 1.0046528577804565
1807.5983303543053 0.978244423866272
1807.6191635714233 0.9814533591270447
1807.6399967878513 1.0063190460205078
1807.6608300036326 1.020480751991272
1807.6816632187054 1.0045796632766724
1807.7024964331433 0.9863747358322144
1807.7233296468844 0.9780995845794678
1807.7441628599718 0.9954473972320557
1807.7649960723745 1.0184351205825806
1807.7858292841354 1.011098861694336
1807.806662495193 0.991794228553772
1807.8274957056205 0.9799595475196838
1807.8483289153564 0.988131582736969
1807.8691621244434 1.015994668006897
1807.8899953328505 1.0211204290390015
1807.9108285406207 1.000562310218811
1807.9316617476927 0.9772588014602661
1807.952494954139 0.9830218553543091
1807.9733281598985 1.016821265220642
1808.014994569454 0.996838390827179
1808.0358277732516 0.9849976301193237
1808.0566609763757 0.9859879016876221
1808.0774941788686 1.0059175491333008
1808.0983273806794 1.0216599702835083
1808.1191605818503 1.00544273853302
1808.1399937823508 0.9859302639961243
1808.160826982213 0.9869423508644104
1808.181660181406 1.0035136938095093
1808.2024933799719 1.0142066478729248
1808.2233265778505 1.00723397731781
1808.2441597751128 0.994264543056488
1808.2649929716995 0.9883963465690613
1808.285826167652 0.9983770251274109
1808.3066593629394 1.013166904449463
1808.327492557604 1.007684588432312
1808.3483257515954 1.000166893005371
1808.3691589449547 0.9955875277519226
1808.3899921376526 0.9935217499732971
1808.4108253297297 1.0061631202697754
1808.4316585211266 1.0181368589401245
1808.452491711914 1.0044106245040894
1808.4733249020323 0.9891720414161682
1808.4941580915229 0.9957308769226074
1808.5149912803556 1.0081506967544556
1808.5358244685617 1.0115113258361816
1808.5566576561112 1.0100226402282715
1808.5774908430453 0.9954741597175598
1808.5983240293042 0.9939782619476318
1808.6191572149587 1.0058552026748657
1808.6399903999495 1.00847589969635
1808.6608235843275 1.0043132305145264
1808.6816567680326 1.000867486000061
1808.7024899511362 0.9964896440505981
1808.7233231335679 0.9927809834480286
1808.7441563153993 1.006448745727539
1808.7649894965707 1.0103483200073242
1808.7858226771325 1.0026837587356567
1808.8066558570256 0.9999837279319763
1808.8274890363202 0.991083025932312
1808.848322214947 0.9972404837608337
1808.869155392977 1.0129389762878418
1808.8899885703506 1.0096559524536133
1808.910821747118 0.9908580780029297
1808.9316549232203 0.9896194934844971
1808.9524880987278 1.0009428262710571
1808.973321273581 1.005076289176941
1808.9941544478206 1.0093225240707397
1809.0149876214175 1.0011253356933594
1809.0358207944116 0.9867485761642456
1809.0566539667443 0.9903250336647034
1809.0774871384854 1.0079936981201172
1809.0983203095757 1.0109524726867676
1809.119153480056 0.9977803230285645
1809.1399866498969 0.989635169506073
1809.1608198191382 0.981944739818573
1809.1816529877217 1.0016252994537354
1809.2024861557168 1.0198887586593628
1809.2233193230547 0.9998449683189392
1809.2441524898056 0.9848505854606628
1809.2649856559108 0.9856289029121399
1809.2858188214198 0.9981951713562012
1809.3066519862741 1.0134295225143433
1809.3274851505435 1.0094984769821167
1809.3483183141589 0.9912434816360474
1809.3691514771906 0.981541097164154
1809.38998463958 0.9930856823921204
1809.4108178013764 1.0121464729309082
1809.4316509625214 1.0157440900802612
1809.4524841230848 0.996100902557373
1809.4733172829976 0.9832834005355835
1809.4941504423298 0.9897095561027527
1809.514983601023 1.0149993896484375
1809.5358167591264 1.0170432329177856
1809.556649916582 0.9940628409385681
1809.5774830734588 0.9881618022918701
1809.5983162296886 0.9918875694274902
1809.6191493853407 1.0086971521377563
1809.6399825403576 1.014731526374817
1809.6608156947873 0.9983137249946594
1809.6816488485729 0.9888654947280884
1809.7024820017825 0.9950262308120728
1809.7233151543587 1.0086333751678467
1809.7441483063405 1.0104416608810425
1809.7649814577 1.0020074844360352
1809.785814608476 0.9960047006607056
1809.8066477586108 0.9942232370376587
1809.827480908173 1.0025779008865356
1809.848314057105 1.0118072032928467
1809.8691472054454 1.0107060670852661
1809.8899803531674 0.9968686103820801
1809.9108135003087 0.9917635321617126
1809.9316466468222 1.0021799802780151
1809.952479792746 1.0142505168914795
1809.9733129380534 1.0134272575378418
1809.9941460827824 1.000535011291504
1810.014979226876 0.9901822209358215
1810.0358123704023 0.9944641590118408
1810.0566455133041 1.0126166343688965
1810.0774786556196 1.018499732017517
1810.098311797322 0.9984175562858582
1810.119144938449 0.9896880984306335
1810.1399780789438 0.9904653429985046
1810.1608112188746 1.006088137626648
1810.1816443581847 1.0183091163635254
1810.2024774969113 1.006094217300415
1810.2233106350284 0.990679919719696
1810.2441437725731 0.9885535836219788
1810.2649769094896 0.998378574848175
1810.285810045845 1.013010859489441
1810.3066431815832 1.0135483741760254
1810.327476316741 0.9947603940963745
1810.3483094512928 0.9788162112236023
1810.369142585276 0.9901553988456726
1810.389975718634 1.0145914554595947
1810.4108088514345 1.0193111896514893
1810.431641983621 0.9946216344833374
1810.4524751152308 0.9767165780067444
1810.473308246238 0.9862476587295532
1810.4941413766799 1.0177900791168213
1810.5149745065103 1.0219002962112427
1810.5358076357663 0.9904457330703735
1810.5566407644226 0.9752994775772095
1810.577473892515 0.9897769689559937
1810.5983070199889 1.0101407766342163
1810.6191401469107 1.0165839195251465
1810.639973273225 0.9987343549728394
1810.6608063989681 0.9785143136978149
1810.681639524115 0.9831151962280273
1810.702472648702 1.0117484331130981
1810.7233057726744 1.0185655355453491
1810.7441388960979 1.0024560689926147
1810.764972018918 0.983934760093689
1810.7858051411704 0.9768528342247009
1810.8066382628308 1.0013539791107178
1810.8274713839346 1.0286918878555298
1810.8483045044277 1.0069981813430786
1810.8691376243758 0.9792660474777222
1810.8899707437242 0.978463888168335
1810.9108038625193 1.0014554262161255
1810.931636980706 1.0228527784347534
1810.95247009835 1.0146323442459106
1810.9733032153874 0.9835731387138367
1810.9941363318837 0.9736052751541138
1811.0149694477846 1.0060806274414062
1811.0358025631358 1.0235227346420288
1811.0566356778832 1.0079655647277832
1811.0774687920916 0.9908192157745361
1811.098301905708 0.9831051826477051
1811.1191350187673 0.9927324652671814
1811.139968131246 1.0205117464065552
1811.1608012431786 1.0240871906280518
1811.181634354512 0.9961149096488953
1811.2024674653107 0.9834582209587097
1811.223300575522 0.9925175905227661
1811.2441336851805 1.0121183395385742
1811.2649667942626 1.0243117809295654
1811.2857999028035 1.0098313093185425
1811.3066330107497 0.9865726828575134
1811.3274661181658 0.9852283000946045
1811.3482992249994 1.0134321451187134
1811.3691323312946 1.0231170654296875
1811.3899654369986 1.013054609298706
1811.4107985421758 0.9970235824584961
1811.4316316467734 0.9830760359764099
1811.4524647508258 0.998690664768219
1811.4732978543107 1.0250334739685059
1811.494130957262 1.0199790000915527
1811.5149640596276 0.9991276264190674
1811.5357971614712 0.9877339601516724
1811.556630262741 0.9944821000099182
1811.5774633634803 1.0158517360687256
1811.5982964636378 1.0237056016921997
1811.6191295632768 1.0058516263961792
1811.6399626623459 0.9921157360076904
1811.6607957608783 0.9907791614532471
1811.6816288588523 1.0040216445922852
1811.702461956302 1.016524076461792
1811.7232950531754 1.0109742879867554
1811.7441281495362 0.9990485906600952
1811.764961245333 0.9898908138275146
1811.785794340609 0.9957964420318604
1811.8066274353132 1.0100816488265991
1811.8274605295085 1.012547492980957
1811.8482936231344 1.0015209913253784
1811.8691267162537 0.9866839647293091
1811.8899598088155 0.9893352389335632
1811.910792900863 1.002493977546692
1811.9316259923453 1.0102417469024658
1811.9524590833253 1.0040559768676758
1811.973292173753 0.9892426133155823
1811.9941252636606 0.9850301146507263
1812.0149583530283 0.9978232979774475
1812.035791441888 1.0103482007980347
1812.0566245301904 1.0041065216064453
1812.0774576179977 0.9900434017181396
1812.0982907052603 0.9819629788398743
1812.11912379202 0.9925312399864197
1812.1399568782278 1.0109412670135498
1812.1607899639455 1.0043796300888062
1812.1816230491238 0.9902244806289673
1812.2024561337948 0.982204020023346
1812.2232892179397 0.9933454990386963
1812.2441223015899 1.0079749822616577
1812.264955384697 1.0082354545593262
1812.2857884673222 0.9947804808616638
1812.3066215494173 0.984538733959198
1812.3274546310136 0.9890435934066772
1812.3482877120935 1.0018473863601685
1812.3691207926872 1.0114200115203857
1812.389953872758 1.0090759992599487
1812.410786952336 0.9845463633537292
1812.4316200314042 0.9797880053520203
1812.452453109993 1.0040876865386963
1812.4732861880564 1.0189743041992188
1812.5149523427385 0.9904391169548035
1812.535785419351 0.981523334980011
1812.5566184954455 0.9998682737350464
1812.5774515710812 1.0192824602127075
1812.5982846462034 1.009716272354126
1812.6191177208702 0.9921695590019226
1812.639950795038 0.9898644685745239
1812.6607838687446 0.9975627064704895
1812.6816169419462 1.009156584739685
1812.702450014701 1.0122219324111938
1812.723283086966 1.0067107677459717
1812.744116158768 0.9930586814880371
1812.7649492300955 0.9914563298225403
1812.7857823009745 1.0081154108047485
1812.8066153713635 1.0167464017868042
1812.8274484413196 1.0131763219833374
1812.8482815108011 0.999600350856781
1812.8691145798443 0.9868302345275879
1812.8899476484087 1.0022863149642944
1812.9107807165499 1.0234618186950684
1812.9316137842281 1.0130194425582886
1812.952446851469 0.999193012714386
1812.973279918263 0.9955776929855347
1812.9941129846352 0.996841311454773
1813.0149460505572 1.0145882368087769
1813.0357791160532 1.0220938920974731
1813.0566121811162 1.0016717910766602
1813.0774452457695 0.9920487999916077
1813.0982783099766 0.9962519407272339
1813.119111373791 1.007621169090271
1813.1399444371768 1.0205960273742676
1813.1607775001567 1.013576865196228
1813.181610562726 0.990946888923645
1813.202443624907 0.9835713505744934
1813.2232766866757 1.0109821557998657
1813.2441097480537 1.023750901222229
1813.2649428090385 1.0094892978668213
1813.2857758696507 0.9927767515182495
1813.3066089298593 0.9847669005393982
1813.3274419897139 1.0016648769378662
1813.3482750491846 1.0240455865859985
1813.369108108301 1.0142035484313965
1813.3899411670336 0.9863069653511047
1813.4107742254314 0.9792591333389282
1813.431607283467 0.9994261860847473
1813.452440341158 1.0217108726501465
1813.4732733985088 1.0130386352539062
1813.494106455536 0.9886556267738342
1813.5149395122253 0.9773311018943787
1813.5357725685924 0.9968962669372559
1813.5566056246455 1.0235929489135742
1813.5774386803987 1.0124629735946655
1813.598271735832 0.9871397614479065
1813.6191047909888 0.9786233901977539
1813.6399378458507 0.9893812537193298
1813.66077090043 1.0188924074172974
1813.681603954741 1.0152031183242798
1813.7024370087945 0.9894351959228516
1813.7232700625868 0.9758123159408569
1813.744103116128 0.9869591593742371
1813.7649361694364 1.0157297849655151
1813.7857692225207 1.0182430744171143
1813.8066022753726 0.9936975836753845
1813.8274353280287 0.9761829972267151
1813.8482683804841 0.9781672954559326
1813.8691014327535 1.0088876485824585
1813.889934484835 1.0172195434570312
1813.9107675367618 0.9968231916427612
1813.931600588526 0.977790892124176
1813.9524336401587 0.9795981645584106
1813.9732666916652 0.9989752769470215
1813.9940997430554 1.016203761100769
1814.0149327943384 1.0042635202407837
1814.0357658455414 0.9838857054710388
1814.0565988966794 0.9823659062385559
1814.0774319477468 0.9978976249694824
1814.098264998793 1.012319803237915
1814.1190980498104 1.0073472261428833
1814.1399311008338 0.9921930432319641
1814.1607641518526 0.982728898525238
1814.181597202928 0.9922950863838196
1814.2024302540467 1.0174392461776733
1814.2232633052563 1.0117677450180054
1814.2440963565398 0.9929555654525757
1814.2649294079727 0.9897810220718384
1814.2857624595347 0.9962437748908997
1814.3065955112795 1.0061942338943481
1814.3274285632122 1.0151968002319336
1814.3482616153963 1.0076267719268799
1814.3690946678025 0.9899128675460815
1814.3899277205342 0.9931676387786865
1814.410760773558 1.0122205018997192
1814.4315938269688 1.0188236236572266
1814.452426880727 1.0108633041381836
1814.473259934961 0.9959757328033447
1814.4940929896259 0.9881150126457214
1814.5149260448338 1.0044835805892944
1814.5357591005632 1.0294283628463745
1814.5565921569435 1.0138359069824219
1814.577425213925 0.9924414157867432
1814.5982582716558 0.9951714277267456
1814.6190913300982 1.0036604404449463
1814.6399243894211 1.0167758464813232
1814.6607574495577 1.0175628662109375
1814.681590510701 1.0019961595535278
1814.7024235727931 0.9941621422767639
1814.723256636054 0.9977220892906189
1814.7440897003944 1.006812572479248
1814.7649227660643 1.019045114517212
1814.7857558329817 1.0155912637710571
1814.8065889014308 0.9916330575942993
1814.8274219712846 0.9861940741539001
1814.8482550428953 1.0051409006118774
1814.8690881161194 1.0225924253463745
1814.8899211913217 1.013864278793335
1814.910754268371 0.9928417205810547
1814.9315873476776 0.9835678935050964
1814.95242042907 0.9958055019378662
1814.973253513008 1.0215566158294678
1814.9940865993178 1.013471007347107
1815.0149196885113 0.9881892800331116