1816.0968406016011 1.0009055137634277
1816.1176738652398 1.0007878541946411
1816.1385071268837 1.0010297298431396
1816.159340386671 1.0006744861602783
1816.1801736445946 1.000784993171692
1816.2010069007843 1.0006422996520996
1816.2218401552118 1.0004768371582031
1816.242673408007 1.0003677606582642
1816.263506659141 1.00033438205719
1816.2843399087365 1.0010230541229248
1816.3051731567618 1.0005829334259033
1816.3260064033234 1.0006085634231567
1816.3468396484077 1.0002061128616333
1816.3676728921157 0.999946653842926
1816.388506134412 0.9988789558410645
1816.4093393754015 0.9989115595817566
1816.4301726150484 1.0003459453582764
1816.4510058534522 0.9991529583930969
1816.4718390905762 0.9986878037452698
1816.4926723265146 0.9980695843696594
1816.5135055612307 0.9996545314788818
1816.5343387948144 0.9995880722999573
1816.5551720272276 0.9992644190788269
1816.5760052585467 0.9985378980636597
1816.5968384887535 0.9988794326782227
1816.6176717179208 0.9992489814758301
1816.638504946009 0.9990904927253723
1816.6593381730981 0.9994575381278992
1816.680171399149 0.9991418123245239
1816.7010046242383 0.9993506073951721
1816.7218378483262 0.9993997812271118
1816.7426710714867 0.9995018839836121
1816.7635042936702 0.9999663233757019
1816.784337514968 0.999569833278656
1816.8051707353302 1.000232458114624
1816.8260039548259 0.9999243021011353
1816.8468371734157 0.9987091422080994
1816.867670391166 0.9992277026176453
1816.8885036080371 0.9996119141578674
1816.909336824094 0.9999687671661377
1816.930170039297 0.9998907446861267
1816.9510032536991 0.9994867444038391
1816.9718364672808 0.9993114471435547
1816.992669680093 1.0000194311141968
1817.0135028920965 0.9994860887527466
1817.0343361033513 0.9997492432594299
1817.0551693138175 0.9998900890350342
1817.0760025235534 0.9993495941162109
1817.09683573252 0.9998021125793457
1817.1176689407741 0.9995399117469788
1817.1385021482765 0.9991898536682129
1817.1593353550727 0.9997778534889221
1817.1801685611442 0.9997020959854126
1817.201001766535 0.9991488456726074
1817.2218349712064 0.9994624853134155
1817.2426681752115 0.9993027448654175
1817.2635013785123 0.9994527101516724
1817.2843345811605 0.9997221231460571
1817.3051677831177 0.9989675283432007
1817.326000984435 0.9997270107269287
1817.3468341850646 0.999478816986084
1817.3676673850869 1.0000613927841187
1817.3885005844234 1.0000965595245361
1817.4093337831532 0.9996678829193115
1817.4301669812294 0.9999698400497437
1817.4510001787 0.9994630813598633
1817.4718333755277 1.0000247955322266
1817.4926665717599 0.9995606541633606
1817.5134997673592 0.9996476173400879
1817.5343329623731 0.9994468688964844
1817.555166156764 0.9995613098144531
1817.5759993505678 0.9998637437820435
1817.5968325437684 0.999373733997345
1817.617665736401 0.9997193813323975
1817.6384989284288 0.9993925094604492
1817.6593321198964 0.9995556473731995
1817.680165310768 1.0001541376113892
1817.7009985010875 0.9995396137237549
1817.7218316908186 0.9997289180755615
1817.7426648800047 0.9997014999389648
1817.7634980686103 0.9997474551200867
1817.784331256678 1.000270128250122
1817.8051644441623 1.0001893043518066
1817.8259976311253 1.000335693359375
1817.846830817522 0.9995346069335938
1817.867664003394 1.0001522302627563
1817.8884971887062 1.0003020763397217
1817.9093303734994 0.9997487664222717
1817.9301635577392 0.9995073080062866
1817.9509967414663 1.0002189874649048
1817.9718299246456 0.9997869729995728
1817.9926631073174 1.0000500679016113
1818.0134962894476 0.999683141708374
1818.0343294710658 1.0004421472549438
1818.0551626521578 1.0002790689468384
1818.0759958327526 1.0005340576171875
1818.0968290128167 1.0004626512527466
1818.1176621923887 0.9999337196350098
1818.1384953714346 1.0003784894943237
1818.159328549993 1.0001294612884521
1818.1801617280305 1.0002328157424927
1818.2009949055853 1.0004063844680786
1818.2218280826235 1.0002182722091675
1818.2426612591728 0.999792754650116
1818.2634944352203 0.999844491481781
1818.2843276107938 1.000252604484558
1818.3051607858592 1.0003578662872314
1818.325993960454 1.0004926919937134
1818.3468271345455 0.9999386072158813
1818.3676603081706 1.0004396438598633
1818.3884934812959 1.0003784894943237
1818.409326653958 1.0000934600830078
1818.4301598261247 1.0003125667572021
1818.4509929978321 1.0006341934204102
1818.4718261690373 1.0005519390106201
1818.4926593397963 1.0005342960357666
1818.5134925100672 1.0003478527069092
1818.5343256798853 1.0004676580429077
1818.5551588492183 1.0003794431686401
1818.5759920181017 0.9998935461044312
1818.5968251865036 1.0003257989883423
1818.617658354459 1.0000404119491577
1818.638491521936 1.0008111000061035
1818.6593246889693 1.0000808238983154
1818.680157855517 1.0001459121704102
1818.7009910216448 1.0005557537078857
1818.7218241872797 1.000627040863037
1818.7426573524867 1.0006486177444458
1818.7634905172245 1.0006098747253418
1818.784323681527 1.0003082752227783
1818.8051568453627 1.0002135038375854
1818.825990008766 1.0003961324691772
1818.8468231717052 1.0005431175231934
1818.8676563342144 1.0003902912139893
1818.8884894962623 1.0006885528564453
1818.9093226578823 1.0004624128341675
1818.9301558190336 1.000265121459961
1818.95098897977 1.0005385875701904
1818.9718221400499 1.0006824731826782
1818.9926552999066 1.0002751350402832
1819.0134884593094 1.0004510879516602
1819.0343216182919 1.0004632472991943
1819.0551547768225 1.000473976135254
1819.0759879349343 1.0003821849822998
1819.096821092597 1.0002609491348267
1819.1176542498433 1.0006285905838013
1819.1384874066423 1.0005650520324707
1819.159320563017 1.000752568244934
1819.1801537189565 1.0008736848831177
1819.2009868744838 1.000409483909607
1819.221820029568 1.0007909536361694
1819.2426531842416 1.0002871751785278
1819.2634863384744 1.0004901885986328
1819.284319492299 1.0007797479629517
1819.305152645684 1.000657081604004
1819.3259857986623 1.000312328338623
1819.3468189512037 1.0004855394363403
1819.36765210334 1.000394582748413
1819.3884852550414 1.0005004405975342
1819.409318406329 1.000104308128357
1819.4301515571938 1.0001497268676758
1819.4509847076567 1.0004303455352783
1819.4718178576882 1.0009626150131226
1819.4926510073194 1.0008662939071655
1819.513484156521 1.0002089738845825
1819.5343173053243 1.000493049621582
1819.5551504536995 1.0000522136688232
1819.5759836016778 1.0001622438430786
1819.5968167492294 1.0000100135803223
1819.6176498963862 1.0003024339675903
1819.6384830431177 1.0000098943710327
1819.659316189446 0.9998951554298401
1819.6801493353705 1.0002222061157227
1819.7009824808829 1.0000885725021362
1819.7218156259835 1.0004017353057861
1819.7426487706932 1.0002145767211914
1819.7634819149828 1.0001145601272583
1819.7843150588828 1.0003888607025146
1819.805148202364 1.000087022781372
1819.8259813454574 1.0003714561462402
1819.8468144881333 1.0004456043243408
1819.8676476304224 1.0001804828643799
1819.8884807722955 1.0000678300857544
1819.9093139137833 0.9998912215232849
1819.9301470548467 1.0000410079956055
1819.9509801955357 0.9997902512550354
1819.9718133358115 1.0001415014266968
1819.9926464757045 1.0000581741333008
1820.0134796151858 0.999988317489624
1820.0343127542856 1.0002540349960327
1820.0551458929742 0.9996889233589172
1820.075979031283 1.000430703163147
1820.0968121691824 1.0005182027816772
1820.1176453067023 0.9998889565467834
1820.1384784438044 0.999625027179718
1820.1593115805383 1.0003200769424438
1820.1801447168757 1.0000184774398804
1820.200977852816 1.0000958442687988
1820.2218109883604 1.0003682374954224
1820.2426441235295 0.9999496936798096
1820.2634772582942 1.000481128692627
1820.2843103926841 0.9999299049377441
1820.3051435266705 1.00028395652771
1820.3259766602837 0.9998160600662231
1820.3468097934947 1.0001031160354614
1820.3676429263332 0.9999145269393921
1820.3884760587707 0.999823272228241
1820.409309190837 0.999565601348877
1820.4301423225031 0.9994813203811646
1820.4509754537892 0.9996597766876221
1820.4718085846862 0.999596893787384
1820.492641715214 0.9997140169143677
1820.513474845344 0.999904990196228
1820.5343079751058 0.9996351599693298
1820.5551411044707 0.9994503855705261
1820.5759742334687 0.9995927214622498
1820.5968073620709 0.9997556805610657
1820.6176404903067 1.000078558921814
1820.6384736181478 0.9989408254623413
1820.6593067456238 1.000087022781372
1820.6801398727064 0.9993709921836853
1820.7009729994243 0.9997340440750122
1820.7218061257395 0.9992193579673767
1820.7426392517013 0.9992436766624451
1820.763472377272 0.9993131160736084
1820.7843055024796 0.9993723630905151
1820.8051386272969 0.9996536374092102
1820.8259717517524 0.9994475245475769
1820.8468048758186 0.9991281628608704
1820.8676379995238 0.9998309016227722
1820.8884711228404 0.9993436932563782
1820.9093042457973 0.9997023344039917
1820.9301373683666 0.9993876814842224
1820.9509704905768 0.9996468424797058
1820.97180361239 0.9994210004806519
1820.9926367338555 0.999851405620575
1821.013469854935 0.9989404082298279
1821.0343029756575 0.9996246099472046
1821.0551360959948 0.9997334480285645
1821.075969215976 0.9997053146362305
1821.0968023355733 0.999243974685669
1821.117635454815 0.999450147151947
1821.1593016921772 1.0
1821.1801348102993 0.9989648461341858
1821.200967928067 0.9990385174751282
1821.2218010454537 0.998714804649353
1821.2426341624873 0.998929500579834
1821.2634672791407 0.9990650415420532
1821.2843003954417 0.9994383454322815
1821.3051335113532 0.9994829893112183
1821.3259666269232 0.9993308782577515
1821.3467997421149 0.9989047050476074
1821.3676328569559 0.99949049949646
1821.388465971419 0.9980382919311523
1821.4092990855324 0.9997255206108093
1821.430132199269 0.9990553259849548
1821.4509653126565 0.998805046081543
1821.4717984256679 0.9990326166152954
1821.4926315383311 0.9983782172203064
1821.5134646506194 0.9990711808204651
1821.53429776256 0.9994363188743591
1821.5551308741262 0.9996082186698914
1821.5759639853359 0.9996582865715027
1821.5967970961822 0.9993305802345276
1821.6176302066826 0.999417245388031
1821.63846331681 0.9994569420814514
1821.6592964265926 0.9994540810585022
1821.6801295360035 0.9994412064552307
1821.70096264507 0.9985326528549194
1821.7217957537653 0.9998488426208496
1821.7426288621173 0.9999248385429382
1821.7634619700991 0.9992362856864929
1821.784295077738 0.9992954134941101
1821.8051281850076 0.999716579914093
1821.825961291925 1.000074028968811
1821.8467943984942 0.9995731711387634
1821.8676275047121 0.9995900988578796
1821.8884606105523 0.9996843338012695
1821.909293716062 0.9990837574005127
1821.9301268212048 1.000119686126709
1821.950959926008 0.9999198317527771
1821.9717930304448 0.9999910593032837
1821.992626134543 0.9994956851005554
1822.0134592382758 0.9997645020484924
1822.0342923416706 0.9994285702705383
1822.0551254447005 1.0000118017196655
1822.0759585473934 1.0000940561294556
1822.0967916497227 0.9999353885650635
1822.117624751715 0.9994612336158752
1822.1384578533448 0.9995074272155762
1822.1592909546387 1.0001442432403564
1822.1801240555606 0.9994302988052368
1822.2009571561573 0.9999879598617554
1822.2217902563925 0.9996889233589172
1822.2426233562937 1.0002131462097168
1822.2634564558348 0.9999238848686218
1822.2842895550418 0.9997463822364807
1822.3051226538896 0.9995511770248413
1822.3259557524043 0.9999392032623291
1822.3467888505606 0.9993900656700134
1822.3676219483848 1.0000221729278564
1822.3884550458508 0.9992081522941589
1822.4092881429856 0.999512791633606
1822.4301212397636 0.9994794726371765
1822.4509543362108 0.9997581243515015
1822.471787432292 0.9996577501296997
1822.4926205280633 0.9999301433563232
1822.5134536234596 0.9996664524078369
1822.5342867185364 0.9993032217025757
1822.555119813259 1.0001564025878906
1822.5759529076533 0.9997096061706543
1822.596786001694 0.999748945236206
1822.617619095407 0.9997580647468567
1822.6384521887674 0.9995753169059753
1822.6592852818012 0.9995942115783691
1822.680118374483 0.9997163414955139
1822.7009514668387 1.0000468492507935
1822.7217845588436 0.9998955726623535
1822.7426176505235 0.9994927048683167
1822.7634507418531 0.9999357461929321
1822.7842838328581 0.9993830919265747
1822.8051169235043 0.99930739402771
1822.8259500138468 0.9995937347412109
1822.8467831038308 0.9995819926261902
1822.867616193482 0.9999478459358215
1822.8884492827958 0.9993681311607361
1822.9092823717879 0.9995265603065491
1822.9301154604332 0.9992805123329163
1822.9509485487574 0.9997705221176147
1822.9717816367358 0.9992557168006897
1822.9926147243943 0.9998173713684082
1823.0134478117077 0.9996535181999207
1823.0342808987018 0.9993885159492493
1823.055113985352 0.9994159936904907
1823.0759470716837 0.9998634457588196
1823.0967801576724 0.9996994137763977
1823.1176132433432 0.9995502829551697
1823.1384463286622 0.9996089339256287
1823.1592794136845 0.9996107220649719
1823.1801124983456 0.9998001456260681
1823.2009455827006 0.9996233582496643
1823.2217786667156 1.0000665187835693
1823.2426117504156 0.9996539950370789
1823.2634448337765 0.9998711943626404
1823.284277916823 0.9992613196372986
1823.3051109995313 0.9994832277297974
1823.3259440819265 0.9996065497398376
1823.3467771639846 0.9995020627975464
1823.36761024573 0.9994747042655945
1823.3884433271396 0.9998995065689087
1823.4092764082377 0.9996145367622375
1823.4301094890004 0.9993247985839844
1823.4509425694528 0.9995250105857849
1823.4717756495709 0.9993534684181213
1823.4926087293798 0.9995964765548706
1823.5134418088553 0.9994125962257385
1823.5342748880123 0.9995304942131042
1823.5551079668473 0.9997145533561707
1823.5759410453747 0.9997004270553589
1823.5967741235713 0.9999303221702576
1823.617607201461 0.9994129538536072
1823.6384402790209 1.0002696514129639
1823.6592733562754 0.9996704459190369
1823.680106433201 0.9994874596595764
1823.7009395098219 0.9994938373565674
1823.7217725861153 0.9997736811637878
1823.7426056621052 0.9999803304672241
1823.7634387377689 0.9998251795768738
1823.7842718131296 0.9999455809593201
1823.8051048881653 1.000004529953003
1823.8259379628994 0.9995716214179993
1823.8467710373095 1.000050663948059
1823.867604111409 0.9997714161872864
1823.888437185196 0.9999170303344727
1823.9092702586936 0.999932587146759
1823.9301033318495 0.9997595548629761
1823.9509364047171 0.9995859861373901
1823.9717694772644 0.9998643398284912
1823.992602549515 0.9999558329582214
1824.0134356214462 0.9998360276222229
1824.0342686930815 1.000074028968811
1824.055101764399 1.000248908996582
1824.0759348354222 0.9996610283851624
1824.0967679061287 0.9997995495796204
1824.1176009765416 0.9998586177825928
1824.1384340466395 1.0000392198562622
1824.1592671164453 0.999758243560791
1824.1801001859374 1.0006431341171265
1824.2009332551381 1.0003560781478882
1824.2217663240267 1.0001481771469116
1824.2425993926258 0.9998316764831543
1824.263432460904 1.0001593828201294
1824.2842655289037 1.0001431703567505
1824.305098596594 1.0000838041305542
1824.3259316639974 0.9998878836631775
1824.346764731093 0.9997280240058899
1824.3675977979026 1.0003418922424316
1824.3884308644058 1.0000877380371094
1824.4092639306252 1.000154972076416
1824.4300969965395 1.000134825706482
1824.450930062171 1.0001368522644043
1824.4717631274991 1.0003447532653809
1824.4925961925462 1.000214695930481
1824.5134292572916 1.0003794431686401
1824.5342623217573 1.0001267194747925
1824.5550953859229 1.0001471042633057
1824.5759284498106 1.0002809762954712
1824.5967615133998 1.0007730722427368
1824.6175945767122 1.0005100965499878
1824.6384276397184 1.0006096363067627
1824.6592607024597 1.000304102897644
1824.6800937649161 1.0008010864257812
1824.7009268270792 1.0003559589385986
1824.7217598889597 1.0005202293395996
1824.7425929505685 1.0005159378051758
1824.7634260118864 1.000868558883667
1824.7842590729342 1.0007086992263794
1824.8050921336933 1.0004055500030518
1824.8259251941843 1.0007396936416626
1824.846758254388 1.0010055303573608
1824.867591314326 1.0004804134368896
1824.888424373979 1.0011191368103027
1824.9092574333677 1.0005056858062744
1824.9300904924733 1.0007102489471436
1824.950923551317 1.0008182525634766
1824.97175660988 1.000765085220337
1824.9925896681827 1.0010627508163452
1825.0134227262067 1.0006438493728638
1825.034255783973 1.0007736682891846
1825.055088841453 1.000786304473877
1825.075921898697 1.0008140802383423
1825.0967549556472 1.0007532835006714
1825.1175880123535 1.001017451286316
1825.1384210687888 1.001189112663269
1825.1592541249724 1.0004122257232666
1825.180087180887 1.0007858276367188
1825.200920236553 1.000812292098999
1825.2217532919524 1.0008294582366943
1825.2425863471053 1.0002527236938477
1825.2634194019943 1.000874400138855
1825.2842524566395 1.0011343955993652
1825.305085511024 1.0011714696884155
1825.3259185651666 1.0010333061218262
1825.3467516190512 1.0010219812393188
1825.3675846726974 1.0007585287094116
1825.3884177260884 1.0003581047058105
1825.4092507792432 1.000913381576538
1825.430083832146 1.0007994174957275
1825.4509168848158 1.0010594129562378
1825.4717499372368 1.0007092952728271
1825.4925829894275 1.0006773471832275
1825.5134160413627 1.0011104345321655
1825.534249093081 1.0009019374847412
1825.555082144557 1.0006645917892456
1825.5759151958089 1.0014482736587524
1825.5967482468225 1.0009849071502686
1825.617581297615 1.0003031492233276
1825.6384143481732 1.00080144405365
1825.6592473985138 1.000723958015442
1825.6800804486234 1.0008912086486816
1825.7009134985192 1.0006465911865234
1825.7217465481883 1.0011305809020996
1825.742579597647 1.0011496543884277
1825.7634126468827 1.001051425933838
1825.7842456959122 1.0006142854690552
1825.8050787447235 1.001132845878601
1825.8259117933321 1.0009219646453857
1825.8467448417266 1.0008881092071533
1825.8675778899228 1.0008875131607056
1825.8884109379098 1.0008161067962646
1825.909243985703 1.0011111497879028
1825.9300770332813 1.000630497932434
1825.9509100806904 1.0007507801055908
1825.97174312789 1.0003324747085571
1825.992576174905 1.000941276550293
1826.0134092217156 1.0008888244628906
1826.0342422683564 1.0008889436721802
1826.0550753148086 1.0003539323806763
1826.075908361086 1.0006219148635864
1826.0967414071804 1.0005908012390137
1826.1175744531056 1.000537395477295
1826.1592405444387 1.0001577138900757
1826.1800735898526 1.0006005764007568
1826.2009066351086 1.0003143548965454
1826.221739680201 1.0004239082336426
1826.2425727251414 1.0006593465805054
1826.2634057699247 1.0002236366271973
1826.284238814563 1.000394344329834
1826.3050718590514 1.0005470514297485
1826.3259049034014 1.0000628232955933
1826.3467379476092 1.0004096031188965
1826.3675709916859 1.0006687641143799
1826.3884040356286 0.9998982548713684
1826.4092370794472 1.0005085468292236
1826.4300701231302 1.000240683555603
1826.4509031667073 1.0003007650375366
1826.471736210178 1.000319480895996
1826.4925692535207 0.9999573230743408
1826.5134022967663 1.0002620220184326
1826.5342353399133 0.9999212622642517
1826.5550683829629 0.9998435378074646
1826.5759014259227 1.0005892515182495
1826.5967344687958 1.000102162361145
1826.6175675115892 1.0003211498260498
1826.638400554307 1.0003961324691772
1826.6592335969553 1.0002784729003906
1826.6800666395397 0.999663233757019
1826.7008996820657 1.0000157356262207
1826.7217327245405 1.0002384185791016
1826.7425657669683 1.0003643035888672
1826.763398809358 0.9996710419654846
1826.784231851713 0.9999777674674988
1826.8050648940446 1.0005853176116943
1826.8258979363545 1.0004676580429077
1826.8467309786556 1.0001606941223145
1826.8675640209492 1.0004618167877197
1826.8883970632503 1.0005747079849243
1826.9092301055584 1.000539779663086
1826.9300631478914 1.0003865957260132
1826.9508961902475 0.9998118281364441
1826.9717292326466 1.0003553628921509
1826.9925622750754 0.9999142289161682
1827.013395317577 1.0004136562347412
1827.034228360137 1.000266671180725
1827.0550614027804 0.9998782873153687
1827.0758944455015 0.9998372197151184
1827.096727488329 0.9996115565299988
1827.117560531255 1.0006023645401
1827.1383935743117 1.000218152999878
1827.1592266174894 1.000285267829895
1827.1800596608239 1.0000005960464478
1827.2008927043037 0.9996422529220581
1827.2217257479688 1.0001736879348755
1827.2425587918049 1.0001696348190308
1827.263391835857 1.000436782836914
1827.2842248801087 0.9998272657394409
1827.305057924609 0.9998568892478943
1827.3258909693395 0.9999482035636902
1827.3467240143548 1.0000747442245483
1827.3675570596336 1.0003303289413452
1827.3883901052359 1.00017511844635
1827.4092231511377 1.0005548000335693
1827.4300561974053 1.0006369352340698
1827.4508892440122 1.0008200407028198
1827.4717222910308 1.000307559967041
1827.4925553384314 1.0002474784851074
1827.5133883862845 1.0001221895217896
1827.5342214345862 1.000544786453247
1827.555054483396 1.0006741285324097
1827.575887532675 1.0003818273544312
1827.5967205825427 1.0002840757369995
1827.6175536329463 1.000111699104309
1827.638386683995 1.0002728700637817
1827.6592197356406 1.000122308731079
1827.6800527880043 1.0004364252090454
1827.7008858410331 1.0004905462265015
1827.72171889486 1.0006663799285889
1827.7425519494263 1.0010162591934204
1827.763385004879 1.001126766204834
1827.784218061153 1.001407504081726
1827.8050511184106 1.0014644861221313
1827.8258841765794 1.0014512538909912
1827.8467172358382 1.0021942853927612
1827.8675502961073 1.0022386312484741
1827.8883833575833 1.0030165910720825
1827.9092164201775 1.0018620491027832
1827.9300494841061 1.001534104347229
1827.9508825492715 1.0023701190948486
1827.971715615909 1.0022844076156616
1828.9925371487793 0.9988114833831787
1829.013370209161 0.9992147088050842
1829.0342032671485 0.9996309280395508
1829.0550363227103 0.9991663098335266
1829.0758693760242 0.9996665120124817
1829.0967024270644 0.9989927411079407
1829.1175354759973 0.999086320400238
1829.1383685227997 0.9994449615478516
1829.1592015676276 0.9992355704307556
1829.1800346104585 0.9993579983711243
1829.2008676514383 0.9994240403175354
1829.221700690544 0.9994188547134399
1829.2425337279124 0.9992507100105286
1829.2633667635191 0.99919193983078
1829.2841997974929 0.9994310140609741
1829.3050328298075 0.9991502165794373
1829.3258658605848 0.9993754625320435
1829.3466988897965 0.9989680647850037
1829.3675319175572 0.9993783235549927
1829.3883649438374 0.999317467212677
1829.4091979687457 0.9993199706077576
1829.4300309922514 0.9987363219261169
1829.4508640144568 0.9992672801017761
1829.4716970353295 0.9984697699546814
1829.4925300549676 0.999012291431427
1829.5133630733378 0.9988318681716919
1829.5341960905325 0.9987496733665466
1829.5550291065078 0.9989243149757385
1829.5758621213724 0.9987143874168396
1829.596695135091 0.9988992214202881
1829.6175281477288 0.9985097050666809
1829.6383611592494 0.99763023853302
1829.6591941697543 0.9979511499404907
1829.6800271792076 0.9990431666374207
1829.7008601876566 0.9976568222045898
1829.7216931950952 0.9983975291252136
1829.742526201588 0.9988588094711304
1829.7633592070983 0.9987047910690308
1829.784192211698 0.9985852241516113
1829.80502521535 0.9979231953620911
1829.825858218124 0.9981078505516052
1829.8466912199829 0.9982119202613831
1829.8675242209936 0.9978095293045044
1829.8883572211187 0.99735426902771
1829.9091902204234 0.9982525110244751
1829.9300232188707 0.998318612575531
1829.950856216523 0.9985934495925903
1829.9716892133433 0.9985731840133667
1829.9925222093927 0.9989780783653259
1830.013355204634 0.9991188645362854
1830.0341881991264 0.9986922144889832
1830.055021192833 0.998812735080719
1830.0758541858113 0.9985532760620117
1830.0966871780245 0.997952938079834
1830.1175201695285 0.9987629652023315
1830.1383531602867 0.9995509386062622
1830.159186150354 0.9985461235046387
1830.1800191396935 0.9983848333358765
1830.2008521283585 0.9987165331840515
1830.2216851163128 0.9991742968559265
1830.2425181036085 0.9988705515861511
1830.2633510902094 0.999458909034729
1830.2841840761662 0.9989650845527649
1830.305017061443 0.9992222189903259
1830.32585004609 0.9992243051528931
1830.3466830300708 0.9994202256202698
1830.3675160134346 0.9989688992500305
1830.3883489961456 0.9995887875556946
1830.4091819782516 0.9997132420539856
1830.4300149597177 0.9989404082298279
1830.4508479405902 0.9989185929298401
1830.471680920834 0.9993993639945984
1830.4925139004852 0.9990710616111755
1830.5133468795393 0.9993386268615723
1830.534179858011 0.9993680119514465
1830.5550128358655 0.9995525479316711
1830.5758458131677 0.9995418787002563
1830.5966787898826 0.9990589022636414
1830.6175117660243 0.9995983242988586
1830.6383447415883 0.9998641014099121
1830.6591777166075 0.9994233846664429
1830.6800106910482 0.9995687007904053
1830.7008436649523 0.9994540214538574
1830.721676638286 0.999666154384613
1830.7425096110912 0.9993677735328674
1830.7633425833342 0.9996175169944763
1830.7841755550555 0.9997719526290894
1830.8050085262228 0.9992822408676147
1830.8258414968757 0.9993951320648193
1830.8466744669813 0.9996392726898193
1830.8675074365794 0.9997046589851379
1830.888340405637 0.9998021125793457
1830.909173374194 0.9998084306716919
1830.930006342217 0.9995279312133789
1830.9508393097449 0.9998957514762878
1830.9716722767453 0.9995853900909424
1830.9925052432568 0.9997767806053162
1831.0133382092465 0.9996561408042908
1831.0341711747528 1.0001509189605713
1831.0550041397435 1.0000159740447998
1831.0758371042557 1.0001583099365234
1831.096670068258 1.000037670135498
1831.1175030317866 0.9998081922531128
1831.1383359948104 0.9996616840362549
1831.159168957366 0.9995681047439575
1831.1800019194218 0.9996055364608765
1831.2008348810134 1.0000211000442505
1831.2216678421103 0.9999011158943176
1831.242500802748 1.0000633001327515
1831.263333762895 0.9995123147964478
1831.2841667225869 0.9997531175613403
1831.3049996817929 0.9996532797813416
1831.3258326405482 1.0002681016921997
1831.3466655988213 1.000670313835144
1831.3674985566477 0.9999458193778992
1831.3883315139963 1.0002914667129517
1831.409164470902 0.9998892545700073
1831.4299974273338 0.9998751282691956
1831.4508303833259 1.000470519065857
1831.471663338848 1.0002442598342896
1831.4924962939342 1.0001097917556763
1831.513329248554 1.000848412513733
1831.534162202731 1.000195860862732
1831.5549951564653 1.0004256963729858
1831.5758281097606 1.000239610671997
1831.596661062596 1.0004194974899292
1831.617494014995 1.0003758668899536
1831.638326966948 0.9998161196708679
1831.6591599184878 1.00017249584198
1831.6799928695643 1.0002001523971558
1831.7008258202106 1.0001226663589478
1831.721658770417 1.0002645254135132
1831.7424917202159 1.0003161430358887
1831.7633246695575 1.000287652015686
1831.7841576184742 0.9999846816062927
1831.8049905669568 1.0003737211227417
1831.8258235150274 1.000522255897522
1831.8466564626563 1.0007482767105103
1831.8674894098754 1.0002260208129883
1831.8883223566559 1.0001682043075562
1831.9091553030294 1.00004243850708
1831.9299882489663 1.0003738403320312
1831.9508211944983 1.0001897811889648
1831.9716541395967 1.0001498460769653
1831.9924870842929 1.0006072521209717
1832.0133200285575 0.9999942779541016
1832.0341529724217 1.000511646270752
1832.054985915857 1.0001965761184692
1832.0758188588943 1.0007110834121704
1832.096651801505 1.000553846359253
1832.1174847437194 1.0004857778549194
1832.1383176855095 1.0008522272109985
1832.1591506269058 1.000370740890503
1832.1799835678796 1.0002410411834717
1832.2008165084612 1.0009342432022095
1832.2216494486229 1.0003327131271362
1832.2424823883946 1.0005656480789185
1832.263315327748 1.0002418756484985
1832.2841482667131 0.9999273419380188
1832.304981205262 1.0008217096328735
1832.3258141434249 1.0005627870559692
1832.3466470811732 1.0002412796020508
1832.367480018537 1.0007028579711914
1832.3883129554883 1.0006024837493896
1832.4091458920573 1.0004550218582153
1832.4299788282149 1.0002080202102661
1832.450811763992 1.000009536743164
1832.4716446993602 1.0008442401885986
1832.492477634349 1.000594973564148
1832.5133105689304 1.0003410577774048
1832.5341435031341 1.000373125076294
1832.5549764369325 1.0003334283828735
1832.5758093703548 1.0005654096603394
1832.596642303373 1.000365138053894
1832.6174752360168 1.000717282295227
1832.6383081682584 1.000693917274475
1832.6591411001268 1.0005602836608887
1832.6799740315944 1.0000078678131104
1832.7008069626904 1.0002331733703613
1832.7216398933874 1.0001600980758667
1832.7424728237145 1.0005040168762207
1832.7633057536434 1.0003687143325806
1832.7841386832038 1.0001767873764038
1832.804971612368 1.0002424716949463
1832.825804541165 1.0004491806030273
1832.846637469567 1.0006484985351562
1832.8674703976033 1.0003008842468262
1832.888303325246 1.0005040168762207
1832.9091362525241 0.9999604821205139
1832.9299691794101 1.0003677606582642
1832.950802105933 1.0001790523529053
1832.971635032065 1.0001225471496582
1832.9924679578353 1.0003244876861572
1833.0133008832158 1.0002682209014893
1833.0341338082358 1.0002541542053223
1833.0549667328678 1.0003299713134766
1833.07579965714 1.0004477500915527
1833.0966325810255 1.0000914335250854
1833.1174655045525 1.0002063512802124
1833.1382984276943 1.0002942085266113
1833.1591313504787 0.9999151229858398
1833.1799642728788 1.0003477334976196
1833.2007971949229 1.0000436305999756
1833.221630116584 0.9999575614929199
1833.24246303789 1.00014328956604
1833.2632959588143 1.0001195669174194
1833.2841288793848 1.000048279762268
1833.3049617995746 1.000088095664978
1833.3257947194115 1.0002703666687012
1833.346627638869 0.9999635219573975
1833.367460557975 0.9999024271965027
1833.3882934767025 1.0000252723693848
1833.4091263950793 1.000493049621582
1833.4299593130788 1.000508189201355
1833.450792230719 1.0000029802322388
1833.4716251480029 0.9995416402816772
1833.4924580649183 0.9992039203643799
1833.5132909814686 0.9998828768730164
1833.5341238976714 1.0001742839813232
1833.5549568135102 0.9999939203262329
1833.5757897289925 1.0001832246780396
1833.5966226440917 0.9999057650566101
1833.6174555588555 1.0000059604644775
1833.6382884732575 1.0000730752944946
1833.6591213873048 1.0004470348358154
1833.679954300971 1.0002667903900146
1833.700787214304 1.000019907951355
1833.721620127277 1.0002214908599854
1833.7424530398973 0.9998907446861267
1833.7632859521386 0.9993206262588501
1833.7841188640484 0.9996871948242188
1833.8049517755903 0.9994848966598511
1833.8257846867912 0.9998645186424255
1833.8466175976253 0.9992755651473999
1833.8674505081194 0.9996877312660217
1833.8882834182477 0.9989663362503052
1833.909116328037 0.9996163249015808
1833.9299492374612 0.9999747276306152
1833.9507821465475 0.9996347427368164
1833.9716150552697 0.9996498823165894
1833.9924479636545 0.9992155432701111
1834.0132808716762 0.9992620348930359
1834.0341137793614 0.9997516870498657
1834.0549466866848 0.9994837045669556
1834.0757795936727 0.999494194984436
1834.096612500299 0.9994819164276123
1834.1174454065908 0.9995594024658203
1834.1382783125223 0.9997988343238831
1834.1591112181197 0.9994206428527832
1834.179944123358 0.9992446303367615
1834.2007770282632 0.9994946718215942
1834.22160993281 0.9998932480812073
1834.2424428370243 0.9999006986618042
1834.2841086444066 0.9994991421699524
1834.3049415475755 0.9994810223579407
1834.3257744504135 0.9995112419128418
1834.346607352896 0.9996633529663086
1834.3674402550485 0.9996321797370911
1834.388273156846 0.999662458896637
1834.4091060583144 0.999443531036377
1834.429938959429 0.9994989633560181
1834.4507718602154 0.9995055794715881
1834.4716047606485 0.9996253848075867
1834.4924376607537 0.9998095631599426
1834.513270560507 1.0000826120376587
1834.5341034599337 0.9993497133255005
1834.5549363590087 0.9995090961456299
1834.5757692577577 0.9995808601379395
1834.5966021561562 0.9998733997344971
1834.6174350542296 0.9998624324798584
1834.6382679519534 0.9996576905250549
1834.6591008493524 0.9997819066047668
1834.6799337464026 0.9999392032623291
1834.7007666431293 0.9995489716529846
1834.7215995395077 0.9996082782745361
1834.7424324355632 0.9995623826980591
1834.7632653312717 0.9994509816169739
1834.7840982266578 0.9996576905250549
1834.8049311216976 0.9994903206825256
1834.8257640164159 0.9993488788604736
1834.8465969107888 0.9992951154708862
1834.8674298048409 0.9995304942131042
1834.8882626985483 0.9995211362838745
1834.9090955919355 0.9999247789382935
1834.9299284849792 0.9996535181999207
1834.9507613777037 0.9996291995048523
1834.9715942700848 0.999542236328125
1834.9924271621476 1.0000367164611816
1835.013260053868 0.999636709690094
1835.034092945271 0.9997352957725525
1835.0549258363321 0.9994561076164246
1835.0757587270766 0.9998188614845276
1835.0965916174803 0.9997431039810181
1835.1174245075679 0.9999598860740662
1835.1382573973156 0.9998208284378052
1835.1590902867476 0.9998235106468201
1835.1799231758407 0.9991680383682251
1835.2007560646193 0.999306857585907
1835.2215889530594 0.9995110034942627
1835.2424218411854 0.9993791580200195
1835.2632547289743 0.9997286796569824
1835.2840876164498 0.9992895126342773
1835.3049205035888 0.9998305439949036
1835.3257533904152 0.9992879033088684
1835.3465862769058 0.9992058277130127
1835.3674191630846 0.9996398091316223
1835.3882520489285 0.9994087219238281
1835.4090849344614 0.9995601177215576
1835.42991781966 0.9994813203811646
1835.4507507045485 0.9997269511222839
1835.4715835891034 0.9996924996376038
1835.4924164733488 0.9993996620178223
1835.5132493572619 0.999559223651886
1835.5340822408662 0.9995592832565308
1835.5549151241385 0.999773383140564
1835.575748007103 0.9992734789848328
1835.5965808897363 0.9987324476242065
1835.6174137720627 0.9985123872756958
1835.6382466540588 0.9988466501235962
1835.6590795357483 1.0000271797180176
1835.6799124171087 0.9988387823104858
1835.7007452981634 0.9995710253715515
1835.7215781788893 0.9990501999855042
1835.7424110593108 0.9990527033805847
1835.7632439394042 0.9996915459632874
1835.7840768191938 0.9998815655708313
1835.804909698656 0.9993636608123779
1835.8257425778152 0.9991843700408936
1835.8465754566485 0.9994232058525085
1835.8674083351789 0.9993362426757812
1835.8882412133842 0.9993088245391846
1835.9090740912877 0.9993973970413208
1835.9299069688668 0.9994989037513733
1835.950739846145 0.9996106028556824
1835.9715727230996 0.9993596076965332
1835.992405599754 0.9994061589241028
1836.013238476086 0.9995974898338318
1836.0340713521182 1.0000420808792114
1836.0549042278285 0.9990715980529785
1836.0757371032405 0.9996261596679688
1836.0965699783314 0.9994370341300964
1836.1174028531248 0.9991850256919861
1836.1382357275977 0.9995027184486389
1836.159068601774 0.999050498008728
1836.179901475631 0.9996176958084106
1836.2007343491916 0.9994081854820251
1836.2215672224338 0.9987055063247681
1836.242400095381 0.9986903071403503
1836.2632329680107 0.9989932775497437
1836.2840658403459 0.9992591738700867
1836.3048987123643 0.9994853734970093
1836.3257315840895 0.999394416809082
1836.3465644554988 0.9997422099113464
1836.3673973266154 0.9997872114181519
1836.3882301974172 0.9992120265960693
1836.4090630679273 0.9991698861122131
1836.4298959381233 0.9998794794082642
1836.4507288080285 0.9993482232093811
1836.4715616776207 0.9995847344398499
1836.4923945469227 0.9999240636825562
1836.513227415913 0.9990260601043701
1836.5340602846138 0.9991614818572998
1836.5548931530036 0.9998289346694946
1836.575726021105 0.9994645118713379
1836.5965588888967 1.0000017881393433
1836.6173917564006 0.9995079040527344
1836.6382246235955 0.9992892742156982
1836.659057490504 0.9998893141746521
1836.6798903571046 0.9991434812545776
1836.7007232234193 0.9996505379676819
1836.721556089427 0.9998021125793457
1836.74238895515 0.9993931651115417
1836.7632218205672 0.9998687505722046
1836.7840546857005 0.9995976686477661
1836.8048875505287 0.9997698664665222
1836.8257204150743 0.9995748996734619
1836.8465532793161 0.9996377825737
1836.867386143276 1.0000296831130981
1836.8882190069328 0.9999414086341858
1836.909051870309 1.0000494718551636
1836.9298847333835 0.9997691512107849
1836.950717596178 0.999745786190033
1836.9715504586718 0.9994179606437683
1836.9923833208868 0.9999726414680481
1837.0132161828024 1.0001366138458252
1837.0340490444403 0.9998224973678589
1837.0548819057794 1.0000861883163452
1837.075714766842 0.9999547004699707
1837.0965476276174 0.9995744228363037
1837.117380488097 0.9997767806053162
1837.1382133482905 0.9994269609451294
1837.1590462082095 1.0002654790878296
1837.1798790678336 1.0000114440917969
1837.200711927184 0.9998555183410645
1837.2215447862407 0.9997898936271667
1837.2423776450353 1.000191569328308
1837.2632105035273 1.0003066062927246
1837.2840433617378 0.9999374747276306
1837.3048762196672 1.0002069473266602
1837.3257090773268 0.9997314810752869
1837.3465419347062 0.999981164932251
1837.3673747917967 1.000098705291748
1837.3882076486086 1.0002295970916748
1837.409040505163 0.9997546672821045
1837.4298733614198 1.0001224279403687
1837.4507062174 1.00032377243042
1837.4715390731046 1.0001380443572998
1837.492371928554 1.0000773668289185
1837.5132047837085 1.0000557899475098
1837.534037638599 0.9998074769973755
1837.5548704932064 0.9999382495880127
1837.5757033475513 1.000422477722168
1837.5965362016145 1.000745177268982
1837.617369055416 1.0004496574401855
1837.6382019089374 1.0004075765609741
1837.6590347621989 1.000275731086731
1837.6798676151816 1.0006870031356812
1837.7007004679056 1.000362515449524
1837.7215333203424 1.0003334283828735
1837.742366172542 1.0005030632019043
1837.763199024456 1.0003565549850464
1837.7840318761139 1.000312328338623
1837.8048647274982 1.0007399320602417
1837.825697578628 1.0003688335418701
1837.8465304294853 1.0004334449768066
1837.8673632800896 1.0008833408355713
1837.8881961304237 1.0003650188446045
1837.9090289805063 1.000886082649231
1837.9298618303199 1.0006684064865112
1837.9506946798836 1.0007418394088745
1837.9715275291803 1.000282883644104
1837.992360378229 1.0007373094558716
1838.0131932270122 1.0008686780929565
1838.0340260755488 1.0005664825439453
1838.054858923822 1.0006790161132812
1838.0756917718506 1.0008972883224487
1838.0965246196174 1.0006186962127686
1838.1173574671413 1.0009816884994507
1838.1381903144054 1.0004162788391113
1838.1590231614286 1.0004992485046387
1838.1798560081938 1.0006277561187744
1838.2006888547198 1.0004955530166626
1838.2215217009903 1.0007140636444092
1838.2423545470233 1.0009979009628296
1838.2631873928026 1.0008412599563599
1838.2840202383466 1.0005533695220947
1838.304853083639 1.000647783279419
1838.3256859286985 1.0008126497268677
1838.3465187735085 1.001089334487915
1838.367351618087 1.0015496015548706
1838.3881844624188 1.0008772611618042
1838.4090173065215 1.0011048316955566
1838.4298501503797 1.0012601613998413
1838.4506829940108 1.0009952783584595
1838.4715158373997 1.0009348392486572
1838.4923486805642 1.0007535219192505
1838.5131815234888 1.0008233785629272
1838.534014366191 1.0005552768707275
1838.5548472086566 1.000624418258667
1838.575680050902 1.0009565353393555
1838.596512892913 1.0007063150405884
1838.6173457347068 1.0010085105895996
1838.6381785762687 1.0005234479904175
1838.659011417616 1.0006908178329468
1838.6798442587344 1.000725269317627
1838.7006770996406 1.0005463361740112
1838.7423427807923 1.000556468963623
1838.7631756210403 1.0007981061935425
1838.784008461082 1.0007013082504272
1838.8048413009042 1.000877857208252
1838.8256741405228 1.0010722875595093
1838.8465069799247 1.0006831884384155
1838.867339819126 1.0010662078857422
1838.8881726581149 1.0003031492233276
1838.9090054969058 1.0005218982696533
1838.9298383354874 1.0007543563842773
1838.950671173875 1.0007164478302002
1838.9715040120566 1.0003629922866821
1838.9923368500476 1.0006479024887085
1839.0131696878364 1.0003255605697632
1839.034002525438 1.0004284381866455
1839.0548353628417 1.0004284381866455
1839.0756682000615 1.0003823041915894
1839.0965010370874 1.0004876852035522
1839.1173338739336 1.0001510381698608
1839.1381667105902 0.9999398589134216
1839.1589995470708 1.0003325939178467
1839.1798323833661 1.000373125076294
1839.2006652194898 1.0005576610565186
1839.2214980554327 1.0009762048721313
1839.2423308912082 1.0005146265029907
1839.2631637268078 1.0005462169647217
1839.2839965622445 1.0005759000778198
1839.3048293975205 1.000548005104065
1839.325662232628 1.0003730058670044
1839.3464950675598 1.0002944469451904
1839.3673279023483 1.0004247426986694
1839.388160736977 1.0003246068954468
1839.408993571467 1.0002212524414062
1839.4298264057825 1.0004377365112305
1839.4506592399653 1.000313639640808
1839.4714920739996 1.0006864070892334
1839.4923249079065 1.0002787113189697
1839.5339905752742 1.0006057024002075
1839.5548234087719 1.000124216079712
1839.5756562421338 0.9997555017471313
1839.5964890753671 0.9996991157531738
1839.6173219084815 1.000507116317749
1839.6381547414746 1.0000921487808228
1839.6589875743553 1.0000351667404175
1839.6798204071222 1.0006088018417358
1839.7006532397838 1.0007907152175903
1839.7214860723398 1.0003118515014648
1839.742318904798 1.0001811981201172
1839.7631517371588 1.0000180006027222
1839.7839845694295 0.9986854791641235
1839.8048174016124 0.99994295835495
1839.825650233713 1.000653624534607
1839.846483065735 1.0001620054244995
1839.867315897684 1.0006290674209595
1839.888148729564 0.9995387196540833
1839.9089815613802 0.9996030330657959
1839.929814393138 0.9999663829803467
1839.9506472248418 1.0000107288360596
1839.9714800564984 1.0001380443572998
1839.9923128881112 0.99970543384552
1840.0131457196883 1.000069499015808
1840.033978551233 0.9999868273735046
1840.0548113827547 1.0003454685211182
1840.0756442142554 1.0003126859664917
1840.096477045746 1.0002820491790771
1840.1173098772283 1.0000543594360352
1840.1381427087151 0.9999861121177673
1840.158975540206 1.0000842809677124
1840.179808371717 0.999765157699585
1840.2006412032463 1.0003042221069336
1840.2214740348113 1.0001389980316162
1840.2423068664095 1.0003870725631714
1840.2631396980612 0.9999748468399048
1840.283972529762 0.9999834895133972
1840.3048053615344 0.9999839067459106
1840.325638193373 1.0000983476638794
1840.3464710253031 0.9999904632568359
1840.367303857318 0.9999338388442993
1840.3881366894452 1.0001991987228394
1840.408969521677 1.0000386238098145
1840.4298023540439 1.000260353088379
1840.4506351865366 0.9999666213989258
1840.4714680191892 0.9998407959938049
1840.49230085199 1.0005135536193848
1840.5131336849772 0.9997012615203857
1840.5339665181375 0.999804675579071
1840.5547993515129 1.000253438949585
1840.5756321850877 1.0000998973846436
1840.5964650189085 1.00014066696167
1840.6172978529578 0.9998641014099121
1840.6381306872865 0.9999927878379822
1840.6589635218747 1.0004467964172363
1840.6797963567792 1.0003283023834229
1840.7006291919772 1.0000478029251099
1840.721462027531 1.0007985830307007
1840.7422948634148 1.0005335807800293
1840.7631276996983 1.0005359649658203
1840.783960536362 1.0003788471221924
1840.8047933734626 1.000145673751831
1840.8256262109671 1.0002162456512451
1840.8464590489805 1.000758409500122
1840.8672918874663 1.0003082752227783
1840.8881247264972 1.0005477666854858
1840.908957566033 1.0006605386734009
1840.9297904061966 1.0002658367156982
1840.9506232469432 1.0004189014434814
1840.971456088366 1.0006276369094849
1840.9922889304248 1.0000178813934326
1841.0131217732453 0.9997385740280151
1841.0339546167722 1.000451683998108
1841.0547874611434 1.0009804964065552
1841.0756203062977 1.0007878541946411
1841.0964531523875 1.0002992153167725
1841.1172859993455 1.0003457069396973
1841.1381188473395 1.0007604360580444