1764.7029364931618 1.001230239868164
1764.723770169451 1.0012376308441162
1764.7446038420012 1.0008856058120728
1764.765437510911 1.0015971660614014
1764.7862711762687 1.0017026662826538
1764.8071048381616 1.0013227462768555
1764.827938496685 1.0011194944381714
1764.848772151903 1.0012075901031494
1764.8696058039077 1.0015467405319214
1764.8904394527788 1.0018589496612549
1764.9112730985942 1.0020081996917725
1764.9321067414394 1.0019347667694092
1764.9529403813674 1.0014197826385498
1764.9737740184592 1.001991629600525
1764.9946076527835 1.002043604850769
1765.0154412844065 1.0016485452651978
1765.036274913402 1.0012080669403076
1765.0571085398121 1.0019186735153198
1765.0779421637062 1.0017482042312622
1765.098775785142 1.0020400285720825
1765.1196094041748 1.0018128156661987
1765.1404430208677 1.002640724182129
1765.1612766352523 1.0027662515640259
1765.1821102473887 1.0027515888214111
1765.2029438573238 1.0032849311828613
1765.2237774651044 1.0027796030044556
1765.2446110707845 1.0030702352523804
1765.2654446743866 1.0030945539474487
1765.286278275962 1.0021663904190063
1765.3071118755508 1.0029805898666382
1765.3279454731905 1.0025428533554077
1765.3487790689185 1.0023431777954102
1765.3696126627801 1.0032927989959717
1765.3904462547896 1.0032657384872437
1765.4112798449896 1.0013859272003174
1765.432113433413 1.0024797916412354
1765.4529470200994 1.0016231536865234
1765.4737806050591 1.0014342069625854
1765.4946141883308 1.002212405204773
1765.5154477699418 1.0011906623840332
1765.5362813499191 1.0016385316848755
1765.5571149282985 1.0006581544876099
1765.5779485050848 1.0004271268844604
1765.5987820803118 1.001996636390686
1765.6196156540036 1.0010604858398438
1765.640449226192 1.0011439323425293
1765.661282796879 1.0005550384521484
1765.6821163660961 1.0015543699264526
1765.7029499338632 1.0013624429702759
1765.7237835002002 1.0008244514465332
1765.7446170651265 1.0002000331878662
1765.7654506286701 1.0000957250595093
1765.7862841908293 1.0005961656570435
1765.8071177516317 1.0001108646392822
1765.8279513110938 0.9983510971069336
1765.848784869232 0.9991816878318787
1765.8696184260725 0.9981685280799866
1765.8904519816106 0.9987806081771851
1765.9112855358708 0.99850994348526
1765.932119088868 0.9986786246299744
1765.9529526406263 0.9980811476707458
1765.973786191139 0.9966333508491516
1765.99461974043 0.9972620010375977
1766.0154532885117 0.9966992139816284
1766.0362868353966 0.9967852830886841
1766.0571203811073 0.9971325397491455
1766.0779539256355 0.9963701367378235
1766.0987874690027 0.9970539212226868
1766.1196210112198 0.996079683303833
1766.1404545523083 0.9975142478942871
1766.1612880922585 0.9972373843193054
1766.1821216310905 0.9968807697296143
1766.202955168815 0.9962889552116394
1766.2237887054412 0.9960671663284302
1766.2446222409887 0.9955564141273499
1766.2654557754474 0.9950925707817078
1766.2862893088356 0.9955649971961975
1766.3071228411627 0.9953140616416931
1766.327956372437 0.9953292012214661
1766.348789902677 0.9955729842185974
1766.369623431871 0.9944570660591125
1766.390456960037 0.9958125352859497
1766.4112904871827 0.9950533509254456
1766.4321240133154 0.9952824115753174
1766.4529575384533 0.9952391982078552
1766.473791062583 0.9947417378425598
1766.4946245857216 0.9949933290481567
1766.5154581078766 0.9945030212402344
1766.5362916290542 0.9950458407402039
1766.557125149271 0.9954518675804138
1766.5779586685142 0.9958938956260681
1766.598792186799 0.9955519437789917
1766.6196257041322 0.9956244826316833
1766.6404592205301 0.9964326620101929
1766.661292735978 0.9963141083717346
1766.6821262504918 0.9963523745536804
1766.7029597640776 0.9968085885047913
1766.7237932767405 0.9965163469314575
1766.7446267884957 0.9956678748130798
1766.765460299329 0.9973981976509094
1766.7862938092555 0.9968032836914062
1766.80712731828 0.9973146319389343
1766.8279608264177 0.9965080618858337
1766.8487943336531 0.997281014919281
1766.8696278400014 0.998308002948761
1766.8904613454672 0.9972597360610962
1766.9112948500547 0.9977647066116333
1766.9321283537788 0.9980580806732178
1766.952961856624 0.9987748265266418
1766.9737953586039 0.999971330165863
1766.9946288597232 0.9992323517799377
1767.0154623599965 0.9992061853408813
1767.036295859407 0.9992527961730957
1767.057129357969 0.999382734298706
1767.0779628556866 1.000156283378601
1767.0987963525633 0.999539852142334
1767.1196298486132 0.9998633861541748
1767.14046334382 1.0008997917175293
1767.1612968381971 1.0012847185134888
1767.182130331748 1.001296043395996
1767.2029638244867 1.0004888772964478
1767.2237973163958 1.0008680820465088
1767.2446308074893 1.0011485815048218
1767.2654642977707 1.000593662261963
1767.2862977872524 1.0012420415878296
1767.3071312759182 1.0006200075149536
1767.3279647637812 1.000734806060791
1767.3487982508448 1.000354528427124
1767.3696317371111 1.0003410577774048
1767.390465222594 1.0008976459503174
1767.411298707276 1.0010621547698975
1767.43213219117 1.0013620853424072
1767.452965674279 1.0012211799621582
1767.4737991566158 1.0007456541061401
1767.4946326381628 1.0013065338134766
1767.5154661189329 1.0012975931167603
1767.5362995989292 1.000821828842163
1767.5571330781536 1.0010615587234497
1767.5779665566188 1.0015171766281128
1767.598800034308 1.0024446249008179
1767.6196335112327 1.001612901687622
1767.640466987396 1.0013574361801147
1767.6613004628105 1.0012749433517456
1767.6821339374578 1.0023096799850464
1767.702967411351 1.0015949010849
1767.723800884492 1.0020710229873657
1767.7446343568831 1.0010610818862915
1767.7654678285369 1.0016781091690063
1767.786301299435 1.0017142295837402
1767.8071347695902 1.0018037557601929
1767.8279682390041 1.0023972988128662
1767.8488017076893 1.002206563949585
1767.8696351756275 1.002149224281311
1767.890468642831 1.0018757581710815
1767.9113021093017 1.0019396543502808
1767.9321355750415 1.0010838508605957
1767.9529690400625 1.0014631748199463
1767.9738025043468 1.0008478164672852
1767.994635967906 1.0016599893569946
1768.0154694307423 1.0009225606918335
1768.0363028928675 1.0001294612884521
1768.057136354263 1.0008386373519897
1768.0779698149413 0.9996896982192993
1768.098803274914 1.0013619661331177
1768.1196367341622 0.9999666213989258
1768.1404701926986 1.000884771347046
1768.1613036505244 0.9997318983078003
1768.1821371076414 1.0004009008407593
1768.2029705640612 0.998616099357605
1768.2238040197658 1.000095248222351
1768.2446374747665 0.9992594122886658
1768.2654709290648 0.9988955855369568
1768.286304382673 0.9983000755310059
1768.307137835572 0.9985808730125427
1768.3279712877734 0.9981508851051331
1768.348804739279 0.9981220960617065
1768.3696381900904 0.9977081418037415
1768.3904716402187 0.9964786171913147
1768.411305089646 0.9976536631584167
1768.4321385383832 0.9970502853393555
1768.452971986432 0.9970073103904724
1768.473805433804 0.9957073330879211
1768.4946388804804 0.9966665506362915
1768.5154723264725 0.9953012466430664
1768.5363057717823 0.9959977865219116
1768.5571392164202 0.9953871965408325
1768.5779726603685 0.9946690201759338
1768.6196395462305 0.9962701201438904
1768.6404729881567 0.9952940344810486
1768.6613064293986 0.9957370758056641
1768.6821398699672 0.9944549202919006
1768.7029733098634 0.9935207366943359
1768.723806749089 0.9934980869293213
1768.7446401876552 0.9942770004272461
1768.7654736255429 0.993247926235199
1768.7863070627636 0.9938441514968872
1768.8071404993188 0.994008481502533
1768.8279739352192 0.9937642216682434
1768.8488073704464 0.993190586566925
1768.8696408050114 0.9927837252616882
1768.8904742389252 0.9934136271476746
1768.9113076721694 0.9928529858589172
1768.932141104755 0.9929509162902832
1768.9529745366829 0.9930453896522522
1768.9738079679544 0.9938774108886719
1768.9946413985808 0.9940552115440369
1769.0154748285431 0.9927501082420349
1769.0363082578522 0.9940205216407776
1769.0571416865098 0.9949774742126465
1769.0779751145262 0.9948298931121826
1769.098808541883 0.9942695498466492
1769.1196419685916 0.9944842457771301
1769.1404753946522 0.9959741234779358
1769.1613088200763 0.9959949254989624
1769.1821422448454 0.9961330890655518
1769.2029756689699 0.9967265129089355
1769.223809092451 0.9959985613822937
1769.2446425152998 0.9961464405059814
1769.2654759374973 0.995345950126648
1769.2863093590545 0.9966378808021545
1769.3071427799728 0.9964200258255005
1769.3279762002624 0.9973999857902527
1769.3488096199048 0.9970963597297668
1769.3696430389114 0.9971867203712463
1769.3904764572824 0.9974457025527954
1769.411309875029 0.9982974529266357
1769.4321432921327 0.9990781545639038
1769.4529767086037 0.9999650716781616
1769.4738101244434 0.999823272228241
1769.4946435396628 0.9997518062591553
1769.5154769542426 0.9997209906578064
1769.5363103681939 0.999699592590332
1769.5571437815179 1.0001089572906494
1769.5779771942248 1.0000311136245728
1769.5988106062962 1.0000814199447632
1769.619644017743 1.0005335807800293
1769.6404774285659 1.0003151893615723
1769.6613108387755 1.0016106367111206
1769.6821442483536 1.000583291053772
1769.7029776573102 1.000612735748291
1769.7238110656467 1.0009230375289917
1769.744644473374 1.0010747909545898
1769.7654778804726 1.0010712146759033
1769.7863112869538 1.0007230043411255
1769.8071446928288 1.0007833242416382
1769.8279780980777 1.000623345375061
1769.8488115027117 1.000370979309082
1769.869644906732 1.001289963722229
1769.8904783101389 1.0021697282791138
1769.9113117129436 1.00178861618042
1769.932145115127 1.0010027885437012
1769.9529785167001 1.002169132232666
1769.9738119176634 1.002127766609192
1769.994645318028 1.0017138719558716
1770.0154787177748 1.0021474361419678
1770.0363121169144 1.0020420551300049
1770.057145515458 1.0024564266204834
1770.0779789133862 1.0021954774856567
1770.09881231071 1.003046989440918
1770.11964570743 1.0029104948043823
1770.1404791035575 1.0030910968780518
1770.161312499073 1.0025371313095093
1770.1821458939874 1.0030641555786133
1770.2029792883015 1.0030698776245117
1770.2238126820262 1.0029534101486206
1770.2446460751423 1.0026414394378662
1770.2654794676612 1.0026195049285889
1770.2863128595827 1.002997636795044
1770.3071462509183 1.0026886463165283
1770.3279796416489 1.0032434463500977
1770.3488130317849 1.0024677515029907
1770.3696464213274 1.003904104232788
1770.3904798102874 1.0029493570327759
1770.4113131986453 1.0022976398468018
1770.4321465864123 1.0023118257522583
1770.4529799735892 1.0024062395095825
1770.4738133601868 1.0023475885391235
1770.4946467461857 1.0027964115142822
1770.515480131597 1.001920461654663
1770.5363135164214 1.00307297706604
1770.5571469006697 1.0025691986083984
1770.577980284323 1.0018669366836548
1770.5988136673918 1.0030033588409424
1770.6196470498871 1.0020452737808228
1770.6404804317901 1.0024160146713257
1770.6613138131108 1.001649260520935
1770.6821471938506 1.001673698425293
1770.7029805740203 1.0007259845733643
1770.7238139536005 1.0003560781478882
1770.7446473326022 1.0007858276367188
1770.7654807110266 1.0004395246505737
1770.786314088884 0.9996826648712158
1770.8071474661551 0.9997289180755615
1770.8279808428515 0.9992519021034241
1770.8488142189835 0.9987165331840515
1770.869647594532 0.9992549419403076
1770.890480969508 0.9982815980911255
1770.9113143439122 0.9977987408638
1770.9321477177552 0.9976372122764587
1770.9529810910187 0.9981364011764526
1770.9738144637129 0.9987754821777344
1770.9946478358386 0.9967737197875977
1771.015481207407 0.9969874024391174
1771.0363145783986 0.9970372319221497
1771.0571479488246 0.997162938117981
1771.077981318686 0.9968317747116089
1771.0988146879931 0.9970301985740662
1771.119648056727 0.9965142607688904
1771.1404814248988 0.9966123700141907
1771.1613147925195 0.996282160282135
1771.1821481595696 0.9963102340698242
1771.2029815260598 0.9960734844207764
1771.2238148919919 0.9957581162452698
1771.2446482573657 0.9952759146690369
1771.2654816221927 0.9949225783348083
1771.286314986454 0.9955991506576538
1771.3071483501599 0.9960038065910339
1771.3279817133218 0.9956288933753967
1771.3488150759204 0.9961545467376709
1771.3696484379666 0.995614230632782
1771.3904817994612 0.9960076808929443
1771.4113151604156 0.9963753819465637
1771.4321485208104 0.9957573413848877
1771.4529818806564 0.9965180158615112
1771.4738152399648 0.996893584728241
1771.4946485987164 0.9969473481178284
1771.5154819569223 0.9964690208435059
1771.5363153145934 0.9954708814620972
1771.5571486717104 0.9973617792129517
1771.5779820282844 0.9974092245101929
1771.5988153843168 0.9975926280021667
1771.619648739808 0.9980035424232483
1771.6404820947691 0.9977095723152161
1771.6613154491815 0.9980267882347107
1771.6821488030557 0.9979378581047058
1771.702982156393 0.9977765083312988
1771.7238155092045 0.9985202550888062
1771.7446488614708 0.9977931380271912
1771.765482213203 0.9987854361534119
1771.7863155644125 0.9986283183097839
1771.80714891508 0.9997819662094116
1771.8279822652166 0.9991373419761658
1771.8488156148337 0.9994282126426697
1771.8696489639117 0.9995141625404358
1771.8904823124622 0.9998363256454468
1771.911315660486 1.0002474784851074
1771.9321490079944 1.0004684925079346
1771.9529823549683 1.0006245374679565
1771.973815701419 1.000470757484436
1771.9946490473571 1.0006072521209717
1772.0154823927644 1.0009127855300903
1772.0363157376516 1.000984787940979
1772.05714908202 1.0007413625717163
1772.0779824258805 1.0012767314910889
1772.0988157692148 1.0015435218811035
1772.1196491120334 1.0019187927246094
1772.1404824543376 1.0019716024398804
1772.161315796139 1.0014652013778687
1772.1821491374185 1.0017683506011963
1772.2029824781873 1.001912236213684
1772.2238158184566 1.001877784729004
1772.2446491582077 1.0019673109054565
1772.2654824974518 1.0020473003387451
1772.2863158361902 1.0010976791381836
1772.307149174434 1.0010485649108887
1772.3279825121647 1.0022327899932861
1772.3488158493933 1.0028690099716187
1772.3696491861313 1.0018857717514038
1772.39048252236 1.0023289918899536
1772.4113158580906 1.002192497253418
1772.4321491933244 1.002606749534607
1772.452982528073 1.0026490688323975
1772.4946491960695 1.0020942687988281
1772.51548252934 1.0030174255371094
1772.5363158621108 1.0012948513031006
1772.5571491943933 1.0027120113372803
1772.5779825261886 1.0028769969940186
1772.5988158575083 1.0026822090148926
1772.619649188334 1.0038987398147583
1772.6404825186771 1.0032449960708618
1772.6613158485488 1.0036587715148926
1772.6821491779313 1.0041345357894897
1772.7029825068355 1.0043047666549683
1772.723815835263 1.0030497312545776
1772.7446491632256 1.0030536651611328
1772.7654824907047 1.0029419660568237
1772.786315817712 1.0030254125595093
1772.8071491442593 1.002780556678772
1772.8279824703277 1.003117561340332
1772.8488157959293 1.0033326148986816
1772.8696491210758 1.0034394264221191
1772.8904824457484 1.0039277076721191
1772.9113157699592 1.0029650926589966
1772.9321490937102 1.0028047561645508
1772.9529824170124 1.0013556480407715
1772.9738157398483 1.0011367797851562
1772.9946490622294 1.0037155151367188
1773.0154823841674 1.0027618408203125
1773.0363157056443 0.9974463582038879
1773.057149026672 0.9991838335990906
1773.0779823472524 0.9976553916931152
1773.098815667397 1.0016990900039673
1773.1196489870886 1.0017728805541992
1773.1404823063383 1.0010676383972168
1773.1613156251585 1.000950813293457
1773.1821489435315 0.999865710735321
1773.2029822614688 1.002659559249878
1773.2238155789726 1.00087571144104
1773.2446488960554 1.0010128021240234
1773.2654822126988 0.9979537725448608
1773.286315528915 0.9995794296264648
1773.307148844717 0.9958137273788452
1773.327982160086 0.9958378076553345
1773.3488154750348 0.9983740448951721
1773.3696487895756 0.996868908405304
1773.390482103691 1.00228750705719
1773.4113154173929 0.9977671504020691
1773.4321487306836 0.9960724115371704
1773.4529820435762 0.996171772480011
1773.4738153560527 0.9971951246261597
1773.4946486681254 0.9977732300758362
1773.5154819798074 0.9970260858535767
1773.5363152910809 0.997726559638977
1773.5571486019587 0.9980868697166443
1773.5779819124534 0.9977033734321594
1773.5988152225475 0.9969149231910706
1773.619648532254 0.9973283410072327
1773.6404818415858 0.9961857795715332
1773.6613151505253 0.9970530271530151
1773.6821484590857 0.9954066276550293
1773.7029817672703 0.9956884384155273
1773.7238150750911 0.995124876499176
1773.744648382532 0.995363712310791
1773.7654816896056 0.9954302310943604
1773.7863149963152 0.9947026968002319
1773.807148302674 0.9946793913841248
1773.8279816086654 0.9942324757575989
1773.848814914302 0.9953669309616089
1773.8696482195978 0.9955244660377502
1773.8904815245364 0.9963206052780151
1773.9113148291306 0.9959359169006348
1773.9321481333943 0.9959686398506165
1773.952981437311 0.9961767792701721
1773.9738147408946 0.9956877827644348
1773.9946480441483 0.9978935718536377
1774.0154813470865 1.0000630617141724
1774.0363146496925 0.9949709177017212
1774.0571479519804 0.9967500567436218
1774.0779812539647 0.9965505003929138
1774.0988145556287 0.9993654489517212
1774.1196478569868 0.9964979887008667
1774.140481158054 0.9959829449653625
1774.1613144588134 0.9973405003547668
1774.18214775928 1.0004109144210815
1774.2029810594686 0.9993306398391724
1774.2238143593631 0.9984114170074463
1774.2446476589787 0.9990767240524292
1774.26548095833 1.0009491443634033
1774.2863142574017 0.9999451637268066
1774.307147556209 0.9984244108200073
1774.3279808547668 1.0009645223617554
1774.3488141530602 0.9989110827445984
1774.3696474511046 1.000920057296753
1774.3904807489055 1.0011881589889526
1774.4113140464779 1.0011135339736938
1774.4321473438079 1.001320242881775
1774.452980640911 1.00178062915802
1774.4738139378032 1.001791000366211
1774.4946472344702 1.00160551071167
1774.5154805309285 1.0022052526474
1774.5363138271941 1.0025110244750977
1774.5571471232533 1.0025293827056885
1774.577980419123 1.0012449026107788
1774.5988137148095 1.0020277500152588
1774.6196470103296 1.0015729665756226
1774.6404803056705 1.0023016929626465
1774.6613136008593 1.0012428760528564
1774.6821468958833 1.0020768642425537
1774.70298019076 1.002332091331482
1774.7238134854972 1.0019772052764893
1774.7446467801124 1.0020880699157715
1774.7654800745938 1.0012108087539673
1774.7863133689598 1.0024880170822144
1774.8071466632186 1.001997709274292
1774.827979957389 1.0026328563690186
1774.84881325146 1.0023638010025024
1774.8696465454502 1.0024826526641846
1774.8904798393792 1.0023260116577148
1774.9113131332367 1.0029436349868774
1774.9321464270422 1.0031952857971191
1774.952979720816 1.0031545162200928
1774.9738130145486 1.003232717514038
1774.99464630827 1.003580927848816
1775.0154796019713 1.0029692649841309
1775.036312895674 1.004148244857788
1775.0571461893892 1.0035576820373535
1775.0779794831387 1.0033535957336426
1775.098812776915 1.003448486328125
1775.1196460707401 1.0045019388198853
1775.140479364637 1.0036782026290894
1775.161312658599 1.0032662153244019
1775.182145952649 1.0039238929748535
1775.2029792468118 1.0036321878433228
1775.2238125410813 1.003860354423523
1775.244645835482 1.0033698081970215
1775.2654791300297 1.003678321838379
1775.2863124247494 1.0039844512939453
1775.3071457196377 1.0030701160430908
1775.3279790147208 1.003698706626892
1775.3488123100262 1.0037845373153687
1775.369645605551 1.0045230388641357
1775.3904789013238 1.0040149688720703
1775.4113121973735 1.003948450088501
1775.432145493699 1.0031342506408691
1775.4529787903302 1.0036550760269165
1775.473812087298 1.0022258758544922
1775.494645384604 1.001517653465271
1775.5154786822793 1.0016382932662964
1775.536311980357 1.0022915601730347
1775.5571452788408 1.0022879838943481
1775.5779785777643 1.0027753114700317
1775.598811877163 1.0018504858016968
1775.6196451770427 1.0014773607254028
1775.64047847744 1.0010939836502075
1775.6613117783925 0.9994569420814514
1775.682145079909 1.0001238584518433
1775.7029783820292 1.000624179840088
1775.7238116847934 0.9990332126617432
1775.7446449882136 0.9984250664710999
1775.7654782923323 0.998229444026947
1775.786311597194 0.9978901743888855
1775.807144902814 1.0003188848495483
1775.8279782092377 0.998753547668457
1775.8488115165042 0.9988659620285034
1775.869644824662 0.9987061023712158
1775.8904781337314 0.9990205764770508
1775.911311443775 0.9966636896133423
1775.9321447548164 0.9974390268325806
1775.9529780669102 0.9962334036827087
1775.9738113801034 0.997212290763855
1775.9946446944543 0.9977869987487793
1776.015478009993 0.9967138171195984
1776.0363113267917 0.9966861009597778
1776.0571446448841 0.99724280834198
1776.0779779643353 0.9965311288833618
1776.0988112852033 0.9941460490226746
1776.1196446075573 0.9962557554244995
1776.1404779314387 0.9931921362876892
1776.161311256931 0.996711790561676
1776.1821445840792 0.9957914352416992
1776.202977912961 0.9947488903999329
1776.2238112436448 0.994113028049469
1776.2446445762125 0.9926717281341553
1776.2654779107165 0.9947571158409119
1776.286311247241 0.9963584542274475
1777.7446468156663 1.0030053853988647
1777.7654800967869 1.003502368927002
1777.7863133749267 1.0029726028442383
1777.8071466501658 1.0025962591171265
1777.8279799225822 1.0023661851882935
1777.8488131922218 1.002382516860962
1777.869646459158 1.0021123886108398
1777.890479723463 1.0005218982696533
1777.911312985176 1.000138521194458
1777.9321462443647 0.9970359206199646
1777.952979501095 0.9980646371841431
1777.9738127554006 0.998062014579773
1777.9946460073427 0.9984060525894165
1778.015479256982 0.9990143179893494
1778.0363125043468 0.9979354739189148
1778.057145749493 0.9979115128517151
1778.0779789924761 0.998755931854248
1778.0988122333192 0.9981248378753662
1778.1196454720841 0.9974628686904907
1778.1404787087909 0.997717559337616
1778.1613119434887 0.9962583780288696
1778.182145176225 0.9966569542884827
1778.2029784070157 0.995750904083252
1778.2238116359063 0.995865523815155
1778.2446448629396 0.9956564903259277
1778.265478088129 0.9958152770996094
1778.2863113115154 0.995023250579834
1778.307144533139 0.995353639125824
1778.3279777530097 0.9944550395011902
1778.3488109711652 0.9939361214637756
1778.3696441876432 0.9947993755340576
1778.39047740245 0.995256781578064
1778.411310615621 0.994705319404602
1778.4321438271913 0.9950695037841797
1778.4529770371644 0.993923544883728
1778.4738102455738 0.994141161441803
1778.4946434524516 0.9945852160453796
1778.5154766577994 0.9947691559791565
1778.5363098616583 0.9948304891586304
1778.5571430640289 0.9942229390144348
1778.5779762649402 0.99437415599823
1778.598809464422 0.9951772093772888
1778.6196426624724 0.9940019845962524
1778.640475859119 0.99430251121521
1778.66130905439 0.9938601851463318
1778.6821422482815 0.9947938919067383
1778.7029754408202 0.995159387588501
1778.7238086320317 0.9953494668006897
1778.744641821912 0.9952912330627441
1778.7654750104853 0.9951245784759521
1778.7863081977766 0.9952067732810974
1778.80714138378 0.9955888986587524
1778.8279745685288 0.994839608669281
1778.848807752017 0.9960060715675354
1778.869640934267 0.9958465695381165
1778.8904741153015 0.9955029487609863
1778.9113072951127 0.9970378875732422
1778.9321404737227 0.9970953464508057
1778.9529736511531 0.9964914917945862
1778.973806827395 0.9974765777587891
1778.9946400024696 0.9983375072479248
1779.0154731763976 0.9979227781295776
1779.036306349169 0.9979392886161804
1779.0571395208146 0.9982882142066956
1779.0779726913238 0.9989625215530396
1779.0988058607163 0.9980872869491577
1779.1196390290118 0.9988939762115479
1779.140472196199 0.9982770681381226
1779.161305362297 0.9985424876213074
1779.1821385273252 0.9993366599082947
1779.202971691271 0.999515175819397
1779.223804854153 0.9996678829193115
1779.2446380159897 0.9994593262672424
1779.265471176769 0.9996119141578674
1779.2863043365182 0.9999322891235352
1779.3071374952249 1.0005120038986206
1779.327970652907 0.9996832609176636
1779.348803809581 1.000562071800232
1779.3696369652343 1.000648856163025
1779.3904701198837 1.0001943111419678
1779.4113032735459 1.000014066696167
1779.4321364262073 1.000817894935608
1779.452969577895 1.001103162765503
1779.4738027285941 1.0015872716903687
1779.4946358783218 1.0016511678695679
1779.5154690270936 1.001397728919983
1779.5363021748954 1.0009269714355469
1779.557135321743 1.0007987022399902
1779.5779684676525 1.00103759765625
1779.5988016126084 1.001213550567627
1779.619634756627 1.0013808012008667
1779.6404678997233 1.0013898611068726
1779.6613010418823 1.0013010501861572
1779.6821341831292 1.001998782157898
1779.7029673234492 1.0022081136703491
1779.7238004628568 1.0012248754501343
1779.7446336013668 1.0019019842147827
1779.7654667389643 1.0025697946548462
1779.7862998756634 1.0017504692077637
1779.807133011479 1.0016374588012695
1779.8279661463953 1.00230073928833
1779.8487992804364 1.001550555229187
1779.869632413587 1.0024621486663818
1779.8904655458612 1.0024609565734863
1779.9112986772725 1.0034898519515991
1779.9321318078057 1.002128005027771
1779.9529649374745 1.0022732019424438
1779.9737980662924 1.0033944845199585
1779.9946311942435 1.003037452697754
1780.0154643213518 1.0033997297286987
1780.0362974476004 1.0024312734603882
1780.057130573003 1.0027540922164917
1780.0779636975738 1.0026872158050537
1780.0987968212953 1.0031192302703857
1780.1196299441815 1.0027941465377808
1780.1404630662457 1.0028917789459229
1780.1612961874712 1.001983404159546
1780.182129307881 1.001989483833313
1780.2029624274585 1.0019837617874146
1780.223795546217 1.0020666122436523
1780.244628664169 1.0016311407089233
1780.2654617812982 1.0020859241485596
1780.2862948976174 1.0017011165618896
1780.3071280131392 1.001551866531372
1780.3279611278465 1.0014315843582153
1780.3487942417628 1.0013304948806763
1780.36962735487 1.0017168521881104
1780.3904604671816 1.0008262395858765
1780.41129357871 1.000461459159851
1780.4321266894376 1.0002247095108032
1780.4529597993774 1.0000066757202148
1780.473792908542 1.0003325939178467
1780.4946260169138 1.0000090599060059
1780.515459124505 1.0000762939453125
1780.5362922313288 0.9995590448379517
1780.557125337367 0.9986242651939392
1780.5779584426423 0.9990237355232239
1780.5987915471371 0.9984387159347534
1780.6196246508734 0.9979439973831177
1780.640457753834 0.9981405735015869
1780.6612908560307 0.9977051615715027
1780.6821239574758 0.9965514540672302
1780.7029570581517 0.9968113303184509
1780.7237901580706 0.9972535967826843
1780.7446232572445 0.9961465001106262
1780.7654563556553 0.9964222311973572
1780.7862894533257 0.9962186813354492
1780.807122550237 0.9955686330795288
1780.8279556464015 0.9963249564170837
1780.8487887418316 0.9954496026039124
1780.869621836509 0.9957836866378784
1780.8904549304452 0.9953606724739075
1780.911288023653 0.9955074787139893
1780.9321211161134 0.9955693483352661
1780.952954207849 0.9953785538673401
1780.9737872988414 0.9956570863723755
1780.994620389102 0.9952602982521057
1781.0154534786432 0.9959385395050049
1781.0362865674465 0.9961209297180176
1781.0571196555338 0.9952999949455261
1781.0779527428867 0.9954545497894287
1781.098785829517 0.9953530430793762
1781.1196189154366 0.9955442547798157
1781.1404520006265 0.9959436058998108
1781.161285085099 0.9959995150566101
1781.1821181688658 0.9957388043403625
1781.202951251908 0.9956299066543579
1781.2237843342473 0.9966483116149902
1781.2446174158658 0.9958329200744629
1781.2654504967745 0.9964791536331177
1781.2862835769852 0.9959231615066528
1781.3071166564796 0.996505856513977
1781.3279497352787 0.9971830248832703
1781.3487828133643 0.9964474439620972
1781.369615890748 0.9968286156654358
1781.3904489674412 0.9976772665977478
1781.4112820434252 0.9982421398162842
1781.4321151187216 0.9973565340042114
1781.4529481933116 0.9982250332832336
1781.473781267207 0.9993101954460144
1781.4946143404188 0.9984914064407349
1781.5154474129286 0.9990893006324768
1781.5362804847475 0.9982324838638306
1781.5571135558873 1.0003998279571533
1781.577946626329 0.9987686276435852
1781.598779696094 1.0004312992095947
1781.6196127651638 0.9993924498558044
1781.6404458335492 0.9998079538345337
1781.661278901262 0.9997966885566711
1781.6821119682834 0.9999567270278931
1781.7029450346342 1.0001860857009888
1781.7237781002962 1.000715732574463
1781.7446111652805 0.9997256398200989
1781.7654442295982 1.0004668235778809
1781.8071103561992 1.0000213384628296
1781.8279434184844 0.9993824362754822
1781.8487764800982 1.000370979309082
1781.8696095410514 1.0003725290298462
1781.8904426013255 1.0004024505615234
1781.911275660931 1.0002714395523071
1781.9321087198796 1.0005546808242798
1781.9529417781525 1.0007249116897583
1781.9737748357704 1.0011560916900635
1781.9946078927148 1.0005027055740356
1782.0154409490067 1.0016770362854004
1782.036274004627 1.0017468929290771
1782.0571070595872 1.0011358261108398
1782.0779401138982 1.0008597373962402
1782.098773167541 1.0019255876541138
1782.1196062205265 1.0004875659942627
1782.1404392728664 1.0011012554168701
1782.1612723245412 1.0024445056915283
1782.1821053755718 1.0023621320724487
1782.2029384259401 1.0017443895339966
1782.2237714756563 1.0021920204162598
1782.2446045247318 1.0021240711212158
1782.2654375731477 1.001806616783142
1782.2862706209246 1.001936435699463
1782.307103668044 1.0022286176681519
1782.3279367145167 1.00090754032135
1782.3487697603537 1.0001612901687622
1782.369602805536 1.0007948875427246
1782.3904358500847 1.0011162757873535
1782.4112688939804 1.0021876096725464
1782.4321019372346 1.000920295715332
1782.4529349798581 1.0016539096832275
1782.4737680218316 1.0009433031082153
1782.4946010631763 1.0008732080459595
1782.5154341038733 1.0012762546539307
1782.5362671439332 1.0014536380767822
1782.557100183367 1.001055359840393
1782.5779332221562 1.0008761882781982
1782.5987662603209 1.0018806457519531
1782.6195992978426 1.0014331340789795
1782.6404323347422 1.0007020235061646
1782.6612653710004 1.000118613243103
1782.682098406628 1.000024437904358
1782.7029314416363 1.0010429620742798
1782.7237644760064 0.9998543858528137
1782.7445975097585 1.0004425048828125
1782.765430542874 0.9998161196708679
1782.7862635753638 0.9995855093002319
1782.8070966072385 1.0000026226043701
1782.8279296384792 1.0002000331878662
1782.848762669107 0.9991836547851562
1782.8695956991023 0.9997044205665588
1782.8904287284763 0.9989040493965149
1782.9112617572403 0.9990524649620056
1782.9320947853741 0.9978101253509521
1782.9529278128896 0.9996262788772583
1782.9737608397973 0.9987444877624512
1782.9945938660778 0.9981198310852051
1783.0154268917524 0.9979863166809082
1783.036259916802 0.9978591203689575
1783.057092941247 0.9980545043945312
1783.0779259650687 0.9970557689666748
1783.098758988288 0.9966669082641602
1783.1195920108853 0.9968934059143066
1783.1404250328717 0.9966598153114319
1783.1612580542583 0.996164858341217
1783.1820910750257 0.9961653351783752
1783.2029240951847 0.9957717061042786
1783.2237571147466 0.9956759214401245
1783.2445901336916 0.9960146546363831
1783.2654231520412 0.9960675835609436
1783.286256169776 0.994544267654419
1783.3070891869165 0.9942365288734436
1783.327922203444 0.9956713914871216
1783.3487552193692 0.9944849014282227
1783.3695882347029 0.9953594207763672
1783.3904212494258 0.9951645135879517
1783.4112542635594 0.9952574372291565
1783.4320872770836 0.9956837296485901
1783.45292029001 0.9962411522865295
1783.4737533023492 0.9952313899993896
1783.4945863140822 0.995328426361084
1783.5154193252295 0.9948421120643616
1783.5362523357721 0.9949237704277039
1783.5570853457311 0.9952225685119629
1783.577918355087 0.9951498508453369
1783.5987513638506 0.9962003827095032
1783.6195843720334 0.9961293935775757
1783.6404173796154 0.9958909153938293
1783.661250386618 0.996293842792511
1783.682083393022 0.9966181516647339
1783.7029163988377 0.9964748024940491
1783.7237494040767 0.9957119226455688
1783.7445824087197 0.9961733818054199
1783.7654154127872 0.997673749923706
1783.7862484162602 0.9971672296524048
1783.8070814191499 0.997718334197998
1783.8279144214664 0.9975177645683289
1783.8487474231913 0.9970075488090515
1783.8695804243455 0.9978026151657104
1783.8904134249092 0.9992903470993042
1783.9112464248935 0.9988706111907959
1783.93207942431 0.9991753101348877
1783.9529124231385 0.9996588230133057
1783.9737454214003 0.9993642568588257
1783.9945784190766 0.9995489120483398
1784.0154114161878 0.9994590282440186
1784.036244412715 0.9999902844429016
1784.0570774086693 0.9994316697120667
1784.077910404061 0.9997537136077881
1784.0987433988714 1.0001020431518555
1784.1195763931214 0.9998579621315002
1784.1404093867918 1.000194787979126
1784.1612423798933 1.0006660223007202
1784.1820753724373 1.0011732578277588
1784.2029083644043 1.0003929138183594
1784.2237413558153 1.0008996725082397
1784.2445743466512 1.001098394393921
1784.2654073369329 1.0002310276031494
1784.2862403266413 1.0009320974349976
1784.3070733157874 1.0008639097213745
1784.3279063043824 1.001839280128479
1784.3487392924064 1.0009613037109375
1784.3695722798811 1.0016860961914062
1784.3904052667874 1.0016299486160278
1784.4112382531357 1.0020140409469604
1784.4320712389374 1.002285361289978
1784.4529042241834 1.0022199153900146
1784.4737372088643 1.002074956893921
1784.4945701929914 1.0021071434020996
1784.515403176576 1.0021213293075562
1784.5362361595983 1.0022995471954346
1784.5570691420796 1.002431035041809
1784.5779021240012 1.002519965171814
1784.5987351053736 1.0022984743118286
1784.6195680862081 1.00258207321167
1784.6404010664858 1.0031521320343018
1784.661234046227 1.002885103225708
1784.6820670254135 1.00258207321167
1784.7029000040661 1.0026769638061523
1784.7237329821655 1.0030635595321655
1784.744565959723 1.0026168823242188
1784.7653989367502 1.0030457973480225
1784.7862319132269 1.0028475522994995
1784.807064889175 1.0030699968338013
1784.8278978645756 1.003278136253357
1784.8487308394492 1.0032058954238892
1784.8695638137772 1.0024739503860474
1784.890396787581 1.0030709505081177
1784.911229760841 1.0026168823242188
1784.9320627335687 1.0026462078094482
1784.9528957057755 1.0034292936325073
1784.9737286774418 1.0030951499938965
1784.9945616485793 1.0028769969940186
1785.015394619199 1.0031286478042603
1785.0362275892917 1.0028841495513916
1785.057060558849 1.002644419670105
1785.0778935278815 1.0036078691482544
1785.0987264964012 1.002498745918274
1785.1195594643887 1.0021681785583496
1785.140392431865 1.0023459196090698
1785.161225398812 1.0016618967056274
1785.1820583652402 1.0015754699707031
1785.202891331161 1.0015931129455566
1785.2237242965562 1.0019103288650513
1785.244557261446 1.0014053583145142
1785.2653902258126 1.0014934539794922
1785.2862231896768 1.001336693763733
1785.3070561530199 1.0005263090133667
1785.3278891158532 1.00001060962677
1785.3487220781883 1.000213623046875
1785.369555040006 0.9991472959518433
1785.3903880013277 0.9994425773620605
1785.4112209621353 0.9997715950012207
1785.4320539224495 0.9994133114814758
1785.4528868822517 0.999189555644989
1785.473719841564 0.9985889792442322
1785.494552800367 0.9978539347648621
1785.5153857586722 0.9981753826141357
1785.5362187164915 0.99776691198349
1785.5570516738057 0.996973991394043
1785.5778846306368 0.9976854920387268
1785.5987175869661 0.996799111366272
1785.619550542815 0.9965276122093201
1785.6403834981647 0.996590256690979
1785.6612164530275 0.9969000220298767
1785.682049407414 0.9963234066963196
1785.7028823613064 0.9965529441833496
1785.7237153147262 0.9958216547966003
1785.7445482676546 0.9957262277603149
1785.7653812201133 0.9960940480232239
1785.8070471235892 0.9949591159820557
1785.8278800746093 0.994505763053894
1785.8487130251563 0.9946483373641968
1785.8695459752423 0.9958068132400513
1785.8903789248486 0.9946120381355286
1785.911211873997 0.995998740196228
1785.9320448226697 0.9943877458572388
1785.9528777708879 0.9945053458213806
1785.9737107186338 0.994724690914154
1785.994543665929 0.9953106641769409
1786.0153766127555 0.9952724575996399
1786.036209559125 0.9957323670387268
1786.0570425050498 0.9957101941108704
1786.0778754505113 0.9958711862564087
1786.0987083955317 0.9960172176361084
1786.1195413400933 0.9958811402320862
1786.1403742842176 0.9964744448661804
1786.161207227887 0.9961022734642029
1786.1820401711234 0.9969068765640259
1786.2028731139087 0.9974857568740845
1786.2237060562552 0.9974930882453918
1786.2445389981754 0.9969075322151184
1786.2653719396508 0.9979104399681091
1786.2862048807042 0.9973098635673523
1786.3070378213179 0.9979867935180664
1786.3278707615134 0.9980723857879639
1786.3487037012737 0.9986242055892944
1786.3695366406212 0.9988864064216614
1786.390369579538 0.9999973773956299
1786.4112025180364 1.0004839897155762
1786.4320354561294 0.999680757522583
1786.4528683937988 1.000775933265686
1786.4737013310676 1.000715970993042
1786.4945342679184 1.000314712524414
1786.5153672043734 1.000857949256897
1786.5362001404158 1.0007961988449097
1786.5570330760581 1.0019985437393188
1786.5778660113128 1.000584363937378
1786.598698946163 1.0021218061447144
1786.6195318806313 1.0013649463653564
1786.6403648147011 1.0017908811569214
1786.6611977483944 1.0016131401062012
1786.682030681695 1.0012422800064087
1786.7028636146258 1.0018558502197266
1786.7236965471695 1.0020750761032104
1786.7445294793397 1.0018417835235596
1786.7653624111495 1.0020512342453003
1786.7861953425818 1.0026214122772217
1786.80702827366 1.0015463829040527
1786.827861204368 1.0017050504684448
1786.8486941347287 1.0023987293243408
1786.8695270647256 1.0019181966781616
1786.8903599943826 1.0017098188400269
1786.911192923683 1.0032426118850708
1786.9320258526407 1.0032533407211304
1786.9528587812692 1.0028448104858398
1786.9736917095627 1.0030983686447144
1786.9945246375146 1.0025261640548706
1787.0153575651395 1.0030337572097778
1787.0361904924512 1.0032931566238403
1787.0570234194333 1.0019980669021606
1787.077856346111 1.0030537843704224
1787.098689272468 1.003431797027588
1787.1195221985283 1.002625823020935
1787.1403551242774 1.0028215646743774
1787.1611880497392 1.0030819177627563
1787.1820209748983 1.0031489133834839
1787.20285389978 1.002586007118225
1787.2236868243685 1.0040384531021118
1787.244519748679 1.002801775932312
1787.265352672727 1.0032647848129272
1787.2861855964968 1.0041298866271973
1787.3070185200145 1.0037899017333984
1787.327851443265 1.0038981437683105
1787.3486843662745 1.0033704042434692
1787.3695172890277 1.0029659271240234
1787.3903502115409 1.0044965744018555
1787.4111831338303 1.0036115646362305
1787.4320160558811 1.0037190914154053
1787.4528489777201 1.0032168626785278
1787.4736818993338 1.003403902053833
1787.494514820748 1.0039680004119873
1787.5153477419497 1.0025171041488647
1787.5361806629658 1.002492904663086
1787.5570135837827 1.0032193660736084
1787.577846504428 1.0034257173538208
1787.598679424889 1.0023812055587769
1787.619512345183 1.0018035173416138
1787.6403452653276 1.002629280090332
1787.6611781853208 1.001534104347229
1787.6820111051604 1.0010701417922974
1787.7028440248648 1.0012751817703247
1787.7236769444526 1.0007129907608032
1787.744509863912 1.0011258125305176
1787.7653427832722 1.0007048845291138
1787.7861757025228 0.9998766183853149
1787.8070086216924 0.9999679327011108
1787.8278415407708 0.999659538269043
1787.8486744597885 0.9993026256561279
1787.8695073787349 0.9997007250785828
1787.890340297641 0.9991179704666138
1787.9111732164972 0.9983236789703369
1787.9320061353346 0.9981645941734314
1787.9528390541448 0.9978291988372803
1787.9736719729494 0.9973922371864319
1787.9945048917702 0.9971770644187927
1788.0153378105997 0.9977050423622131
1788.0361707294708 0.9963244199752808
1788.0570036483768 0.9961752891540527
1788.0778365673507 0.9963393211364746
1788.0986694863868 0.9958905577659607
1788.1195024055196 0.9958828091621399
1788.1403353247435 0.9963387250900269
1788.1611682440944 0.9967397451400757
1788.1820011635675 0.996016800403595
1788.2028340831894 0.995988667011261
1788.2236670029868 0.9964030981063843
1788.2444999229574 0.9954599738121033
1788.2653328431384 0.9966692924499512
1788.286165763529 0.995744526386261
1788.3069986841683 0.9959684014320374
1788.3278316050557 0.9964025020599365
1788.3486645262321 0.9961581826210022
1788.369497447699 0.9972596764564514
1788.3903303694974 0.9974167943000793
1788.4111632916308 0.9974372386932373
1788.4319962141428 0.9964666366577148
1788.4528291370375 0.9963021874427795
1788.47366206036 0.9965177178382874
1788.4944949841172 0.9979814887046814
1788.5153279083559 0.9972211122512817
1788.536160833084 0.9977458119392395
1788.5569937583416 0.9986979961395264
1788.5778266841685 0.9970669746398926
1788.5986596105765 0.9970018863677979
1788.6194925376187 0.9982595443725586
1788.640325465309 0.997883677482605
1788.6611583937026 0.9985800385475159
1788.681991322817 0.9982794523239136
1788.7028242527103 0.9994616508483887
1788.7236571834026 0.998668372631073
1788.7444901149554 0.9989816546440125
1788.7653230473923 1.000890851020813
1788.7861559807782 1.0005788803100586
1788.8069889151402 0.9992765188217163
1788.8278218505475 0.9988694787025452
1788.848654787031 1.0000028610229492
1788.869487724664 0.9999241232872009
1788.8903206634825 1.000243067741394
1788.9111536035539 1.000422477722168
1788.9319865449488 0.9991711378097534
1788.9528194877207 1.000617265701294
1788.9736524319246 1.001037836074829
1788.9944853776396 0.9992877840995789
1789.0153183249474 0.9999174475669861
1789.0361512739019 0.9887788891792297
1789.056984224601 0.9822779297828674
1789.0778171771058 0.9826545715332031
1789.0986501315197 0.9911789298057556
1789.1194830879108 0.9872204065322876
1789.14031604639 0.993387758731842
1789.1611490070309 1.001599907875061
1789.202814935233 1.0000700950622559
1789.2236479029984 1.0018599033355713
1789.2444808733355 0.9999110698699951
1789.2653138463738 1.0015116930007935
1789.2861468222047 1.0019944906234741
1789.3069798009521 1.0027810335159302
1789.327812782741 1.00257408618927
1789.3486457676756 1.0013995170593262
1789.3694787558607 1.0000089406967163
1789.3903117474179 0.999953031539917
1789.4111447424655 1.0004469156265259
1789.4319777410858 1.0010654926300049
1789.4528107433937 1.0004538297653198
1789.4736437494532 0.9975293278694153
1789.4944767593547 1.0012491941452026
1789.5153097731309 1.000937581062317
1789.5361427908342 1.002599835395813
1789.5569758124502 1.0040229558944702
1789.5778088379757 1.0029455423355103
1789.5986418673313 1.0028373003005981
1789.6194749004371 1.003448247909546
1789.6403079371298 1.003505825996399
1789.6611409772358 1.0028810501098633
1789.6819740204892 1.0041909217834473