1764.7028038032013 1.0004445314407349
1764.7236378066357 1.0005909204483032
1764.7444718065565 1.0001134872436523
1764.765305803042 1.0003362894058228
1764.7861397961617 1.0006071329116821
1764.8069737859846 1.0002727508544922
1764.82780777259 1.000359058380127
1764.8486417560264 1.0006109476089478
1764.869475736372 1.000800609588623
1764.8903097136931 1.0007182359695435
1764.9111436880557 1.000807523727417
1764.9319776595344 1.0008527040481567
1764.952811628171 1.0009584426879883
1764.9736455940376 1.0011552572250366
1764.994479557194 1.0012903213500977
1765.0153135176972 1.0012634992599487
1765.0361474756146 1.0012766122817993
1765.0569814309804 1.0013835430145264
1765.0778153838578 1.0012187957763672
1765.098649334298 1.0013859272003174
1765.119483282351 1.0014209747314453
1765.140317228075 1.0014457702636719
1765.1611511714964 1.0012401342391968
1765.1819851126706 1.001499056816101
1765.2028190516407 1.0008596181869507
1765.2236529884497 1.00119948387146
1765.2444869231479 1.0006568431854248
1765.2653208557545 1.0008331537246704
1765.2861547863176 0.9998552799224854
1765.306988714875 1.0003471374511719
1765.327822641461 0.9999916553497314
1765.3486565661105 0.9992722868919373
1765.369490488867 0.999073326587677
1765.3903244097426 0.9991785287857056
1765.4111583287781 0.9971187710762024
1765.4319922460043 0.9980484843254089
1765.4528261614591 0.9975659847259521
1765.4736600751517 0.9974027276039124
1765.4944939871189 0.9969314336776733
1765.515327897387 0.9963769912719727
1765.5361618059812 0.9964362978935242
1765.5569957129371 0.9955468773841858
1765.577829618258 0.9957104921340942
1765.598663521977 0.9959537386894226
1765.6194974241168 0.9961040019989014
1765.6403313247088 0.9951935410499573
1765.661165223754 0.99532151222229
1765.6819991212835 0.9965447783470154
1765.7028330173164 0.9972025156021118
1765.7236669118722 0.9963456392288208
1765.7445008049694 0.9963243007659912
1765.765334696636 0.9960500597953796
1765.7861685868697 0.9971633553504944
1765.8070024756976 0.9970584511756897
1765.827836363136 0.99657142162323
1765.8486702492007 0.9965764284133911
1765.8695041339176 0.9972388744354248
1765.8903380172821 0.9964544177055359
1765.9111718993183 0.9967303276062012
1765.932005780041 0.998036801815033
1765.952839659474 0.9979985356330872
1765.9736735376105 0.9970537424087524
1765.994507414474 0.9979976415634155
1766.0153412900772 0.9972624182701111
1766.0361751644323 0.9976667761802673
1766.0570090375618 0.9976160526275635
1766.0778429094573 0.9976818561553955
1766.09867678014 0.9986327886581421
1766.1195106496218 0.9986242651939392
1766.140344517923 0.9991119503974915
1766.1611783850344 0.9987454414367676
1766.1820122509762 0.9978523850440979
1766.202846115759 0.9980655312538147
1766.2236799793918 0.998324990272522
1766.2445138418948 0.997553825378418
1766.2653477032572 0.9976727962493896
1766.286181563498 0.9978125691413879
1766.3070154226261 0.996877133846283
1766.3278492806508 0.9978041052818298
1766.3486831375894 0.9979600310325623
1766.369516993431 0.997137725353241
1766.390350848194 0.9980100393295288
1766.4111847018853 0.9973490238189697
1766.432018554513 0.997479259967804
1766.4528524060952 0.9971873760223389
1766.4736862566183 0.9964688420295715
1766.4945201061 0.997556209564209
1766.5153539545477 0.9974488615989685
1766.5361878019676 0.9973326921463013
1766.5570216483768 0.9971945285797119
1766.577855493762 0.9976998567581177
1766.598689338139 0.9976762533187866
1766.6195231815143 0.9973342418670654
1766.6403570239047 0.9975895285606384
1766.6611908652956 0.9970970153808594
1766.682024705703 0.9977540373802185
1766.7028585451328 0.9980538487434387
1766.7236923835906 0.9982035756111145
1766.7445262210917 0.9974199533462524
1766.765360057622 0.9983617663383484
1766.7861938931962 0.9984431862831116
1766.80702772782 0.9984273314476013
1766.8278615615086 0.998073399066925
1766.8486953942463 0.9987390637397766
1766.8695292260484 0.9987968802452087
1766.89036305692 0.9984122514724731
1766.9111968868654 0.9979275465011597
1766.9320307158991 0.9983969926834106
1766.9528645440062 0.9986593127250671
1766.9736983712005 0.99909508228302
1766.9945321974865 0.9985553622245789
1767.0153660228789 0.9984884858131409
1767.0361998473613 0.99826979637146
1767.0570336709482 0.9983062744140625
1767.0778674936437 0.998346209526062
1767.0987013154515 0.9974880218505859
1767.1195351363854 0.9977313876152039
1767.1403689564297 0.9975150227546692
1767.1612027755975 0.9968140125274658
1767.182036593893 0.997715950012207
1767.2028704113295 0.9967584609985352
1767.2237042278907 0.9965689778327942
1767.2445380435902 0.9965144395828247
1767.2653718584313 0.996116578578949
1767.2862056724273 0.9963856339454651
1767.3070394855615 0.9963158369064331
1767.3278732978472 0.9961182475090027
1767.348707109288 0.9957544207572937
1767.3695409198863 0.9956718683242798
1767.3903747296558 0.995699942111969
1767.4112085385793 0.9961790442466736
1767.4320423466697 0.9958471655845642
1767.45287615393 0.995608389377594
1767.4737099603735 0.9956145882606506
1767.4945437659824 0.9961062073707581
1767.5153775707697 0.9964472651481628
1767.5362113747385 0.9959501624107361
1767.5570451778913 0.9960845112800598
1767.5778789802405 0.9960152506828308
1767.5987127817693 0.996600866317749
1767.6195465824896 0.9963223338127136
1767.6403803824046 0.9962377548217773
1767.6612141815265 0.9973713755607605
1767.6820479798375 0.9965733885765076
1767.7028817773505 0.9972807765007019
1767.723715574068 0.9971351623535156
1767.7445493699918 0.9968114495277405
1767.7653831651346 0.9971596002578735
1767.7862169594787 0.9975630044937134
1767.807050753036 0.9978415966033936
1767.8278845458092 0.9980818033218384
1767.8487183378104 0.9974064826965332
1767.8695521290215 0.9975607395172119
1767.8903859194547 0.9977520704269409
1767.9112197091124 0.9977225065231323
1767.9320534979963 0.9968464374542236
1767.9528872861185 0.9973921179771423
1767.9737210734615 0.9973868131637573
1767.9945548600367 0.9972555637359619
1768.015388645846 0.9967856407165527
1768.0362224309022 0.9958122372627258
1768.0570562151863 0.9964090585708618
1768.0778899987106 0.9960381984710693
1768.0987237814868 0.9967568516731262
1768.1195575634968 0.9956274032592773
1768.1403913447523 0.9966264367103577
1768.1612251252554 0.9953609108924866
1768.1820589050076 0.9960151314735413
1768.2028926840208 0.9954293966293335
1768.2237264622765 0.9957578182220459
1768.2445602397866 0.995729923248291
1768.2653940165524 0.9960611462593079
1768.2862277925863 0.995628833770752
1768.3070615678691 0.996046781539917
1768.327895342413 0.9953979253768921
1768.3487291162196 0.9958552718162537
1768.36956288929 0.996383786201477
1768.3903966616358 0.9958037734031677
1768.4112304332393 0.9958025217056274
1768.4320642041112 0.9960736632347107
1768.4528979742533 0.9965773820877075
1768.4737317436773 0.9955745935440063
1768.4945655123643 0.996370255947113
1768.5153992803257 0.9966383576393127
1768.5362330475637 0.9970551133155823
1768.5570668140886 0.9967558979988098
1768.5779005798825 0.9966095089912415
1768.598734344957 0.8582818508148193
1768.6195681093127 0.9982220530509949
1768.6404018729615 0.9973189234733582
1768.6612356358846 0.9982653260231018
1768.6820693980937 0.9981078505516052
1768.7029031595894 0.9975219368934631
1768.7237369203735 0.9972658157348633
1768.7445706804574 0.998120903968811
1768.7654044398219 0.997536838054657
1768.7862381984785 0.9971097111701965
1768.8070719564284 0.9977946281433105
1768.827905713683 0.9974789023399353
1768.8487394702233 0.9962459802627563
1768.869573226061 0.9968034029006958
1768.8904069812068 0.9970620274543762
1768.9112407356417 0.9968791007995605
1768.9320744893776 0.9963340163230896
1768.9529082424149 0.995974063873291
1768.9737419947553 0.9968203902244568
1768.99457574641 0.9967771172523499
1769.0154094973595 0.995668351650238
1769.0362432476154 0.9963586330413818
1769.0570769971791 0.9963614344596863
1769.077910746061 0.9959908127784729
1769.0987444942425 0.9957957863807678
1769.119578241735 0.9953650236129761
1769.1404119885392 0.996110737323761
1769.1612457346662 0.9959349632263184
1769.1820794800974 0.9958013296127319
1769.2029132248433 0.9964188933372498
1769.223746968905 0.9956334829330444
1769.2445807122942 0.9964900612831116
1769.2654144549913 0.9957150220870972
1769.2862481970076 0.9957848787307739
1769.307081938344 0.9959728717803955
1769.3279156790113 0.9962556958198547
1769.3487494189906 0.9964776635169983
1769.3695831582934 0.9968849420547485
1769.39041689692 0.9965487718582153
1769.4112506348815 0.9970035552978516
1769.4320843721594 0.9975536465644836
1769.4529181087637 0.9987145066261292
1769.4737518446962 0.9980494379997253
1769.4945855799676 0.9984032511711121
1769.5154193145586 0.9987015724182129
1769.557086781734 0.9990647435188293
1769.57792051433 0.99932861328125
1769.5987542462492 0.9990568161010742
1769.6195879775032 0.9992828369140625
1769.6404217080922 0.9994354248046875
1769.6612554380274 0.9994772672653198
1769.6820891672899 0.9994468092918396
1769.70292289589 0.9994414448738098
1769.723756623829 0.9991517066955566
1769.744590351118 0.9996393322944641
1769.7654240777372 0.9993844628334045
1769.786257803698 0.9993380308151245
1769.8070915290111 0.9991844296455383
1769.8279252536572 0.9994124174118042
1769.8487589776473 0.9991140961647034
1769.8695927009826 0.999375581741333
1769.8904264236633 0.9990348815917969
1769.9112601457005 0.9992417097091675
1769.932093867075 0.9988787174224854
1769.952927587798 0.9990614652633667
1769.9737613078698 0.998673141002655
1769.9945950273016 0.9986845850944519
1770.0154287460741 0.9984369874000549
1770.036262464198 0.9988240599632263
1770.057096181684 0.9988527297973633
1770.0779298985135 0.9987128376960754
1770.0987636146967 0.998903751373291
1770.1195973302347 0.9987009167671204
1770.1404310451383 0.9990566372871399
1770.1612647593881 0.9991140961647034
1770.182098472995 0.9988967776298523
1770.20293218596 0.9993936419487
1770.2237658982935 0.99945068359375
1770.2445996099766 0.9993699789047241
1770.2654333210203 0.9994212985038757
1770.2862670314246 0.999888002872467
1770.3071007412009 1.0000919103622437
1770.32793445033 1.0005418062210083
1770.3487681588224 1.0006577968597412
1770.3696018666787 1.0008673667907715
1770.3904355739105 1.0004774332046509
1770.411269280498 1.0008440017700195
1770.4321029864516 1.001269817352295
1770.4529366917727 1.0011111497879028
1770.473770396472 1.001081109046936
1770.4946041005298 1.0014783143997192
1770.5154378039576 1.0016469955444336
1770.5362715067556 1.001471996307373
1770.5571052089344 1.0016555786132812
1770.5779389104757 1.0014827251434326
1770.5987726113892 1.0013988018035889
1770.619606311686 1.0012236833572388
1770.6404400113477 1.0011999607086182
1770.6612737103837 1.0014172792434692
1770.6821074087954 1.0012000799179077
1770.702941106594 1.0009058713912964
1770.7237748037596 1.00075101852417
1770.744608500303 1.0007681846618652
1770.7654421962254 1.0007027387619019
1770.7862758915373 1.0004634857177734
1770.8071095862192 1.0003180503845215
1770.8279432802826 1.0002597570419312
1770.8487769737376 0.9999673962593079
1770.869610666565 0.9998117089271545
1770.890444358776 0.9994708299636841
1770.9112780503708 0.999813973903656
1770.9321117413606 0.9997826814651489
1770.952945431726 0.9996985197067261
1770.9737791214777 1.0000871419906616
1770.9946128106167 0.9997511506080627
1771.0154464991538 0.999997615814209
1771.0362801870692 0.9998473525047302
1771.0571138743742 0.9996118545532227
1771.0779475610695 1.0001386404037476
1771.0987812471658 0.9995254278182983
1771.1196149326438 1.0001198053359985
1771.1404486175143 1.0004172325134277
1771.1612823017886 1.0003517866134644
1771.1821159854464 1.0002648830413818
1771.2029496684995 1.0007838010787964
1771.2237833509485 1.0007336139678955
1771.2446170327935 1.000994086265564
1771.265450714046 1.001059651374817
1771.2862843946866 1.0015441179275513
1771.307118074726 1.001499891281128
1771.327951754175 1.001859426498413
1771.3487854330149 1.0022164583206177
1771.3696191112556 1.002097249031067
1771.3904527888985 1.0020183324813843
1771.4112864659544 1.0019441843032837
1771.4321201424038 1.002387285232544
1771.4529538182578 1.0024863481521606
1771.4737874935274 1.00225031375885
1771.494621168193 1.0023525953292847
1771.5154548422654 1.002285361289978
1771.5362885157558 1.0021172761917114
1771.5571221886448 1.0025343894958496
1771.5779558609433 1.0022293329238892
1771.5987895326523 1.0020169019699097
1771.6196232037723 1.0020309686660767
1771.6404568743142 1.0020450353622437
1771.6612905442594 1.0019915103912354
1771.682124213618 1.0019454956054688
1771.7029578823913 1.001803994178772
1771.7237915505905 1.0015205144882202
1771.7446252181956 1.0011783838272095
1771.7654588852179 1.0017600059509277
1771.7862925516688 1.001601219177246
1771.8071262175283 1.0014187097549438
1771.8279598828078 1.0007418394088745
1771.8487935475184 1.0011258125305176
1771.8696272116406 1.0013413429260254
1771.8904608751855 1.0012035369873047
1771.911294538154 1.001528263092041
1771.932128200557 1.001245141029358
1771.952961862375 1.0012480020523071
1771.97379552362 1.0010863542556763
1771.994629184302 1.0011409521102905
1772.0154628444025 1.0013545751571655
1772.0362965039324 1.0014830827713013
1772.0571301628922 1.001434564590454
1772.0779638212932 1.0013883113861084
1772.0987974791167 1.0014876127243042
1772.119631136373 1.001914381980896
1772.1404647930638 1.0019153356552124
1772.1612984491999 1.002637267112732
1772.1821321047619 1.0020991563796997
1772.2029657597611 1.0021822452545166
1772.223799414209 1.002787470817566
1772.2446330680857 1.0025157928466797
1772.265466721403 1.0023845434188843
1772.2863003741618 1.0024323463439941
1772.3071340263732 1.0024924278259277
1772.327967678018 1.0026437044143677
1772.3488013291073 1.002661943435669
1772.3696349796528 1.0025840997695923
1772.390468629635 1.0022932291030884
1772.4113022790652 1.0027636289596558
1772.432135927945 1.0023305416107178
1772.4529695762847 1.0020180940628052
1772.4738032240657 0.8787026405334473
1772.4946368712997 1.0023795366287231
1772.5154705179973 1.0021440982818604
1772.53630416414 1.0005532503128052
1772.557137809739 1.000731348991394
1772.5779714547953 1.0003796815872192
1772.59880509932 1.0009233951568604
1772.6196387432954 1.000383734703064
1772.6404723867313 1.0006403923034668
1772.6613060296397 1.0008989572525024
1772.6821396720022 1.0008727312088013
1772.7029733138295 1.0009801387786865
1772.723806955123 1.000665307044983
1772.7446405958945 1.0004724264144897
1772.7654742361249 1.0004633665084839
1772.7863078758255 1.0002704858779907
1772.8071415150082 1.000156044960022
1772.8279751536538 1.000826120376587
1772.848808791774 1.0004957914352417
1772.8696424293803 1.0006945133209229
1772.890476066454 1.0005037784576416
1772.9113097030065 1.0003399848937988
1772.9321433390396 1.000758409500122
1772.9529769745645 1.000749945640564
1772.9738106095629 1.0009486675262451
1772.9946442440462 1.0008752346038818
1773.0154778780259 1.0012048482894897
1773.0363115114837 1.0009573698043823
1773.0571451444316 1.0015238523483276
1773.0779787768704 1.0017002820968628
1773.0988124088121 1.001339316368103
1773.1196460402389 1.0022296905517578
1773.1404796711615 1.0021460056304932
1773.1613133015924 1.0025042295455933
1773.1821469315132 1.002325177192688
1773.2029805609352 1.0025798082351685
1773.2238141898606 1.0025171041488647
1773.2446478183012 1.0023458003997803
1773.2654814462387 1.0028424263000488
1773.286315073685 1.0026625394821167
1773.3071487006523 1.0022695064544678
1773.327982327122 1.0023748874664307
1773.3488159531062 1.0019487142562866
1773.369649578617 1.0018742084503174
1773.3904832036367 1.0023599863052368
1773.4113168281765 1.0018086433410645
1773.432150452239 1.0011577606201172
1773.4529840758366 1.0015082359313965
1773.473817698951 1.0015199184417725
1773.4946513215943 1.001098871231079
1773.5154849437793 1.0012288093566895
1773.5363185654874 1.0006381273269653
1773.5571521867312 1.0010217428207397
1773.5779858075234 1.0007559061050415
1773.598819427846 1.0010943412780762
1773.6196530477112 1.0002766847610474
1773.6404866671319 1.000339150428772
1773.66132028609 1.0004416704177856
1773.6821539045984 1.0005829334259033
1773.7029875226597 1.0007261037826538
1773.7238211402862 1.0004909038543701
1773.7446547574607 1.000376582145691
1773.7654883741961 1.0002437829971313
1773.7863219904946 1.0004796981811523
1773.8071556063694 1.0004768371582031
1773.8279892218034 1.000331163406372
1773.848822836809 1.000524878501892
1773.8696564513994 1.0002938508987427
1773.890490065558 1.0010639429092407
1773.911323679297 1.0009902715682983
1773.93215729263 1.0008773803710938
1773.9529909055404 1.0014057159423828
1773.9738245180408 1.0010467767715454
1773.994658130135 1.0014795064926147
1774.015491741836 1.0014293193817139
1774.0363253531273 1.001541018486023
1774.0571589640224 1.0015414953231812
1774.077992574535 1.0010946989059448
1774.0988261846483 1.001847505569458
1774.1404934037325 1.001875400543213
1774.161327012701 1.0013456344604492
1774.1821606212952 1.0016677379608154
1774.20299422953 1.0012331008911133
1774.2238278373886 1.000907301902771
1774.2446614448854 1.001036286354065
1774.265495052035 1.0010098218917847
1774.286328658821 1.0006182193756104
1774.3071622652585 1.000356674194336
1774.3279958713617 1.000473976135254
1774.3488294771153 1.0000277757644653
1774.3696630825336 0.999905526638031
1774.3904966876223 0.9999871253967285
1774.4113302923954 0.9997841119766235
1774.4321638968381 0.9995176196098328
1774.4529975009661 0.9997870326042175
1774.4738311047943 0.9994866251945496
1774.494664708308 0.9989299178123474
1774.5154983115226 0.9994786977767944
1774.5363319144544 0.9989358186721802
1774.5571655170882 0.9988582730293274
1774.5779991194404 0.9985902309417725
1774.5988327215173 0.9986622929573059
1774.6196663233345 0.9987573027610779
1774.6404999248787 0.9984467625617981
1774.6613335261763 0.9990214705467224
1774.682167127214 0.9988027215003967
1774.7030007280082 0.9987492561340332
1774.7238343285665 0.9990131258964539
1774.7446679289058 0.9988155961036682
1774.7655015290131 0.9990319609642029
1774.7863351289066 0.9992618560791016
1774.8071687285933 0.9990426301956177
1774.8280023280915 0.9995652437210083
1774.8488359273895 0.9994416832923889
1774.8696695265053 0.9996689558029175
1774.8905031254574 1.0000003576278687
1774.911336724235 0.9998459219932556
1774.9321703228568 1.0003759860992432
1774.9530039213423 1.0003788471221924
1774.973837519681 1.0002533197402954
1774.9946711179023 1.0005090236663818
1775.0155047159965 1.0002238750457764
1775.0363383139845 1.000623106956482
1775.0571719118761 1.0005226135253906
1775.078005509693 1.0000888109207153
1775.098839107426 1.0004146099090576
1775.1405063027275 1.0001344680786133
1775.1613399003104 0.9999626278877258
1775.182173497868 0.9998308420181274
1775.2030070954236 0.9997323155403137
1775.2238406929705 1.0000518560409546
1775.2446742905327 0.9994390606880188
1775.2655078881244 0.9994019865989685
1775.2863414857704 0.9992354512214661
1775.307175083466 0.9992231726646423
1775.328008681237 0.998991847038269
1775.3488422791097 0.9988006353378296
1775.3696758770805 0.9987346529960632
1775.3905094751767 0.9986529350280762
1775.411343073427 0.9986834526062012
1775.4321766718288 0.9987692832946777
1775.4530102704118 0.9985291957855225
1775.4738438692057 0.9983557462692261
1775.4946774682112 0.9979729056358337
1775.5155110674589 0.998121976852417
1775.5363446669808 0.9981608390808105
1775.55717826678 0.9983839988708496
1775.5780118668895 0.998507559299469
1775.5988454673436 0.9984334111213684
1775.619679068148 0.9988473653793335
1775.640512669338 0.9986180067062378
1775.6613462709513 0.998907744884491
1775.6821798729957 0.9985799193382263
1775.7030134755103 0.9994003176689148
1775.723847078535 0.9995054006576538
1775.7446806820817 0.9995629787445068
1775.7655142861925 0.9990553259849548
1775.786347890911 0.9997504353523254
1775.8071814962527 0.9997806549072266
1775.8280151022636 0.9997492432594299
1775.8488487089817 0.9997527003288269
1775.8696823164564 1.0001412630081177
1775.890515924708 0.9996857047080994
1775.9113495337997 0.9996006488800049
1775.932183143755 0.9996845722198486
1775.95301675463 0.9997406601905823
1775.9738503664723 0.9998071193695068
1775.9946839793415 0.9993180632591248
1776.0155175932691 0.9998181462287903
1776.0363512083288 0.9997471570968628
1776.0571848245563 0.999224841594696
1776.078018442019 0.99989253282547
1776.0988520607775 0.9993381500244141
1776.1196856809042 0.99910569190979
1776.1405193024436 0.9986149072647095
1776.1613529254832 0.9982609152793884
1776.182186550073 0.9988082051277161
1776.2030201762948 0.9988111257553101
1776.2238538042236 0.9978999495506287
1776.244687433947 0.9980282187461853
1776.2655210655246 0.9983732104301453
1776.2863546990488 0.9981462955474854
1777.7447121661958 1.0003106594085693
1777.7655457785074 1.000213623046875
1777.7863793879137 0.9998173117637634
1777.807212994483 1.0001335144042969
1777.8280465982843 0.9999025464057922
1777.8488801993544 0.9998915791511536
1777.869713797758 0.9997326731681824
1777.8905473935595 0.9991299510002136
1777.911380986791 0.9986502528190613
1777.9322145775132 0.9960204362869263
1777.9530481657855 0.9969088435173035
1777.973881751636 0.997320830821991
1777.994715335121 0.9975311756134033
1778.0155489162953 0.9974446296691895
1778.036382495183 0.9966485500335693
1778.0572160718355 0.9966573119163513
1778.078049646304 0.9970560073852539
1778.0988832186083 0.9962678551673889
1778.1197167888063 0.9968580603599548
1778.140550356915 0.9966268539428711
1778.1613839229806 0.9957810044288635
1778.1822174870474 0.9962294101715088
1778.203051049129 0.9966514706611633
1778.2238846092685 0.9962613582611084
1778.244718167506 0.9966028928756714
1778.2655517238532 0.9968509078025818
1778.2863852783491 0.9963820576667786
1778.3072188310318 0.9969854950904846
1778.3280523819092 0.9968294501304626
1778.3488859310182 0.996565580368042
1778.3697194783945 0.9973644018173218
1778.390553024043 0.9980987310409546
1778.4113865679979 0.998453676700592
1778.4322201102934 0.9983956217765808
1778.4530536509317 0.9977931380271912
1778.473887189945 0.9986968636512756
1778.4947207273647 0.9987609386444092
1778.5155542631917 0.9994902610778809
1778.5363877974662 0.9991751313209534
1778.5572213301878 0.999875545501709
1778.5780548613852 1.0001157522201538
1778.598888391087 0.9997934103012085
1778.6197219192911 0.9996452927589417
1778.6405554460248 1.0000003576278687
1778.661388971315 1.0004031658172607
1778.6822224951582 1.000627040863037
1778.70305601758 1.0004374980926514
1778.723889538606 1.000557780265808
1778.7447230582318 1.0007559061050415
1778.765556576481 1.0006481409072876
1778.7863900933785 0.9999845027923584
1778.807223608918 1.0000213384628296
1778.828057123133 0.999991774559021
1778.8488906360164 1.000124454498291
1778.8697241475913 1.0000948905944824
1778.8905576578798 0.9994423985481262
1778.911391166874 0.9999114274978638
1778.9322246745958 0.9992662072181702
1778.9530581810666 0.9995319247245789
1778.9738916862775 0.9998756647109985
1778.9947251902497 0.9997267127037048
1779.0155586930034 0.9994511008262634
1779.0363921945293 0.9998494386672974
1779.0572256948574 0.9995955228805542
1779.0780591939774 0.9997861385345459
1779.0988926919088 0.9997053742408752
1779.1197261886716 0.9997338056564331
1779.1405596842542 0.9997116923332214
1779.1613931786756 0.9999492168426514
1779.1822266719553 0.9998944997787476
1779.2030601640809 1.00001060962677
1779.223893655071 0.9996063709259033
1779.244727144944 1.0000132322311401
1779.2655606336875 1.0005139112472534
1779.2863941213295 1.0004668235778809
1779.3072276078572 1.0005393028259277
1779.3280610932886 1.000509262084961
1779.3488945776403 1.0011184215545654
1779.3697280609 1.0011184215545654
1779.390561543084 1.001604437828064
1779.4113950242095 1.0013315677642822
1779.4322285042629 1.0014575719833374
1779.4530619832713 1.0013856887817383
1779.4738954612199 1.001583218574524
1779.4947289381257 1.0018855333328247
1779.515562414005 1.0017805099487305
1779.5363958888431 1.0020315647125244
1779.5572293626562 1.0020294189453125
1779.57806283546 1.0021123886108398
1779.59889630724 1.0019419193267822
1779.6197297780118 1.0022215843200684
1779.6405632477906 1.0019690990447998
1779.661396716562 1.0017781257629395
1779.6822301843506 1.0020021200180054
1779.7030636511422 1.0015181303024292
1779.723897116951 1.0010899305343628
1779.7447305817923 1.0013012886047363
1779.765564045651 1.0010173320770264
1779.7863975085415 1.000898003578186
1779.8072309704783 1.0007460117340088
1779.8280644314464 1.0006213188171387
1779.8488978914697 1.0005030632019043
1779.869731350533 1.0004597902297974
1779.8905648086502 1.0001038312911987
1779.9113982658355 1.0003633499145508
1779.932231722073 1.0002381801605225
1779.953065177377 1.00029718875885
1779.9738986317614 1.000321626663208
1779.9947320852098 1.000298023223877
1780.0155655377466 1.000275731086731
1780.0363989893547 1.0005186796188354
1780.0572324400484 1.0005561113357544
1780.0780658898414 1.0005186796188354
1780.0988993387168 1.0006858110427856
1780.1197327866885 1.0009217262268066
1780.1405662337697 1.001184105873108
1780.161399679944 1.0008724927902222
1780.1822331252345 1.000923991203308
1780.2030665696245 1.0007045269012451
1780.2239000131276 1.0013854503631592
1780.2447334557564 1.001713514328003
1780.2655668974944 1.0020174980163574
1780.2864003383547 1.0020946264266968
1780.30723377835 1.0026459693908691
1780.3280672174635 1.0025358200073242
1780.3489006557181 1.0028448104858398
1780.3697340930964 1.0029608011245728
1780.3905675296116 1.0031375885009766
1780.4114009652765 1.0031241178512573
1780.4322344000736 1.0029627084732056
1780.4530678340157 1.0034682750701904
1780.4739012671155 1.0033948421478271
1780.4947346993554 1.0031933784484863
1780.5155681307483 1.0033966302871704
1780.5364015613065 1.0034682750701904
1780.5572349910128 1.0033185482025146
1780.5780684198892 1.0029631853103638
1780.5989018479188 1.0031791925430298
1780.6197352751233 1.0027098655700684
1780.6405687014853 1.002669095993042
1780.6614021270175 1.0026466846466064
1780.6822355517318 1.0026921033859253
1780.7030689756104 1.0023802518844604
1780.7239023986658 1.0024162530899048
1780.7447358209101 1.0020495653152466
1780.7655692423255 1.0018669366836548
1780.786402662934 1.0020588636398315
1780.807236082718 1.0017797946929932
1780.828069501689 1.0020934343338013
1780.84890291986 1.001875638961792
1780.869736337212 1.0019484758377075
1780.8905697537577 1.0016957521438599
1780.911403169509 1.0018811225891113
1780.9322365844473 1.001753330230713
1780.953069998595 1.0018317699432373
1780.9739034119343 1.0019069910049438
1780.9947368244766 1.0018792152404785
1781.0155702362335 1.001739740371704
1781.0364036471874 1.0024981498718262
1781.0572370573602 1.0020334720611572
1781.078070466733 1.0020012855529785
1781.0989038753178 1.0028283596038818
1781.1197372831268 1.0025131702423096
1781.1405706901412 1.0029205083847046
1781.161404096373 1.0029162168502808
1781.1822375018337 1.0028984546661377
1781.203070906505 1.0028969049453735
1781.2239043104084 1.003366470336914
1781.244737713526 1.0032292604446411
1781.2655711158689 1.0031243562698364
1781.2864045174485 1.0029664039611816
1781.3072379182472 1.0032931566238403
1781.328071318286 1.0038044452667236
1781.3489047175462 1.0031077861785889
1781.3697381160398 1.003296136856079
1781.390571513778 1.003288745880127
1781.4114049107425 1.0033862590789795
1781.4322383069546 1.0029246807098389
1781.4530717023956 1.003161072731018
1781.473905097077 1.0030851364135742
1781.4947384910106 1.0027320384979248
1781.5155718841775 1.0024151802062988
1781.5364052765888 1.0022146701812744
1781.5572386682563 1.002253532409668
1781.5780720591613 1.001961588859558
1781.598905449325 1.0021675825119019
1781.6197388387288 1.0019500255584717
1781.640572227384 1.0016521215438843
1781.6614056153019 1.0016077756881714
1781.6822390024638 1.0010836124420166
1781.7030723888909 1.0014195442199707
1781.7239057745644 1.000831127166748
1781.744739159496 1.001365065574646
1781.7655725436964 1.0007659196853638
1781.7864059271471 0.8770574331283569
1781.8072393098694 1.0008279085159302
1781.8280726918442 1.000498652458191
1781.8489060730828 1.0007331371307373
1781.8697394535966 1.0003938674926758
1781.8905728333666 1.0007340908050537
1781.911406212404 1.0013264417648315
1781.9322395907197 1.001065731048584
1781.9530729682956 1.0006885528564453
1781.9739063451518 1.0005260705947876
1781.99473972127 1.0010625123977661
1782.0155730966715 1.002091646194458
1782.036406471337 1.002847671508789
1782.0572398452775 1.002517580986023
1782.0780732185046 1.002669095993042
1782.098906590999 1.0027681589126587
1782.1197399627717 1.0021765232086182
1782.1405733338343 1.0027062892913818
1782.1614067041671 1.0031485557556152
1782.1822400737915 1.0031177997589111
1782.203073442689 1.0027990341186523
1782.2239068108697 1.0032768249511719
1782.2447401783452 1.003288984298706
1782.2864069111445 1.0027965307235718
1782.3072402764699 1.0026464462280273
1782.3280736410843 1.0017642974853516
1782.3489070049982 1.0012307167053223
1782.3697403681929 1.0012462139129639
1782.390573730689 1.001285433769226
1782.411407092468 1.0015068054199219
1782.43224045354 1.0007268190383911
1782.453073813917 0.9997146725654602
1782.4739071735792 1.000521183013916
1782.4947405325477 1.0000379085540771
1782.5155738908036 1.0003405809402466
1782.5364072483576 0.9999537467956543
1782.5572406052206 0.9999556541442871
1782.578073961374 1.000226378440857
1782.598907316838 0.9995325207710266
1782.619740671594 0.9993935823440552
1782.6405740256628 0.9995406866073608
1782.661407379025 0.9990650415420532
1782.6822407316918 0.9990473389625549
1782.703074083674 0.9995120763778687
1782.7239074349527 0.9995742440223694
1782.7447407855484 0.9992444515228271
1782.765574135442 0.9996930956840515
1782.7864074846448 0.9994698166847229
1782.807240833167 1.0000300407409668
1782.82807418099 0.9997706413269043
1782.8489075281345 0.9997401833534241
1782.8697408745813 1.000511884689331
1782.890574220341 0.999837338924408
1782.9114075654252 1.0002812147140503
1782.9322409098138 1.0002484321594238
1782.953074253518 1.0010287761688232
1782.973907596549 1.0004225969314575
1782.994740938887 1.000919222831726
1783.0155742805532 1.0009857416152954
1783.0364076215285 1.0011146068572998
1783.0572409618335 1.0009371042251587
1783.078074301449 1.0016553401947021
1783.0989076403962 1.001424789428711
1783.119740978655 1.0008809566497803
1783.1405743162372 1.0011614561080933
1783.1614076531532 1.0016621351242065
1783.182240989384 1.0014516115188599
1783.2030743249397 1.0012155771255493
1783.2239076598319 1.0014303922653198
1783.244740994041 1.0010234117507935
1783.265574327588 1.001085638999939
1783.2864076604535 1.0002931356430054
1783.3072409926583 0.9996524453163147
1783.328074324183 1.0003796815872192
1783.348907655039 1.000311017036438
1783.3697409852366 0.9995779395103455
1783.3905743147566 0.9999227523803711
1783.4114076436201 1.0001165866851807
1783.4322409718075 0.9996307492256165
1783.4530742993295 0.9995233416557312
1783.4739076261972 0.9995225667953491
1783.4947409523913 0.9991428852081299
1783.5155742779325 0.9988343119621277
1783.5364076028015 0.9990004897117615
1783.5572409270194 0.9995603561401367
1783.5780742505667 0.9986578822135925
1783.598907573454 0.9993113875389099
1783.6197408956925 0.999161958694458
1783.6405742172626 0.9990811347961426
1783.6614075381851 0.9991025924682617
1783.6822408584412 0.9995949864387512
1783.703074178041 0.9993741512298584
1783.723907496996 0.9991774559020996
1783.7447408152864 0.9991210103034973
1783.765574132933 0.9996470808982849
1783.7864074499166 0.9999550580978394
1783.8072407662485 1.0000977516174316
1783.8280740819387 0.9996336698532104
1783.8489073969681 0.9999140501022339
1783.8697407113582 1.000467300415039
1783.8905740250889 1.0007741451263428
1783.9114073381713 1.0009630918502808
1783.9322406506164 1.0011813640594482
1783.9530739624047 1.0008360147476196
1783.9739072735567 1.001103162765503
1783.994740584054 1.000977873802185
1784.0155738939163 1.0007497072219849
1784.0364072031252 1.0012978315353394
1784.0572405116914 1.001091718673706
1784.0780738196252 1.0005202293395996
1784.0989071269078 1.0008454322814941
1784.1197404335599 1.0005457401275635
1784.140573739562 1.0004165172576904
1784.1614070449252 1.000751256942749
1784.1822403496603 1.0009359121322632
1784.2030736537479 1.0003409385681152
1784.2239069572088 1.0002497434616089
1784.244740260024 1.000061273574829
1784.265573562214 0.9991432428359985
1784.2864068637598 0.9992460608482361
1784.307240164672 0.999687910079956
1784.328073464962 0.9996365904808044
1784.3489067646099 0.9991516470909119
1784.3697400636365 0.9992021918296814
1784.3905733620234 0.998654305934906
1784.4114066597804 0.9988884925842285
1784.432239956919 0.9990217089653015
1784.45307325343 0.9988852143287659
1784.4739065493036 0.9987540245056152
1784.4947398445513 0.9987042546272278
1784.5155731391837 0.9982889294624329
1784.5364064331818 0.9986422061920166
1784.557239726566 0.9989233016967773
1784.5780730193176 0.9985151290893555
1784.598906311447 0.9985584616661072
1784.6197396029654 0.9990760087966919
1784.6405728938537 0.9990830421447754
1784.6614061841324 0.9993200302124023
1784.6822394737826 0.9991886615753174
1784.7030727628253 0.9992812871932983
1784.723906051241 0.9992150068283081
1784.744739339041 0.99955815076828
1784.7655726262358 0.9998053312301636
1784.7864059128065 0.9997727870941162
1784.807239198774 0.9999297857284546
1784.828072484119 1.0001029968261719
1784.8489057688628 1.0002654790878296
1784.8697390529858 1.0000041723251343
1784.8905723365092 0.9999474287033081
1784.911405619414 0.9998666644096375
1784.932238901711 1.0000314712524414
1784.9530721834112 0.999817430973053
1784.9739054644954 0.9998088479042053
1784.9947387449745 0.9999964237213135
1785.01557202486 1.0001403093338013
1785.0364053041421 0.9998453855514526
1785.0572385828123 0.9998657703399658
1785.0780718608812 0.9997888803482056
1785.0989051383604 0.999504566192627
1785.1197384152301 0.999470055103302
1785.1405716915117 0.9992309212684631
1785.1614049671864 0.9988114833831787
1785.182238242265 0.9985666871070862
1785.2030715167582 0.9984671473503113
1785.2239047906478 0.9985938668251038
1785.2447380639542 0.9981594085693359
1785.2655713366585 0.9981573820114136
1785.2864046087823 0.9981465339660645
1785.307237880306 0.9983002543449402
1785.328071151241 0.9976766109466553
1785.3489044215985 0.9980031251907349
1785.3697376913592 0.9979535341262817
1785.3905709605447 0.9981797933578491
1785.411404229136 0.9977982640266418
1785.432237497154 0.9979804754257202
1785.4530707645797 0.9981611371040344
1785.4739040314348 0.9979351758956909
1785.4947372977 0.9983124136924744
1785.5155705633867 0.998308539390564
1785.5364038285065 0.9985212087631226
1785.5572370930397 0.9987173676490784
1785.578070357008 0.9989621043205261
1785.598903620393 0.9989060163497925
1785.6197368832152 0.9992964863777161
1785.6405701454562 0.9991306662559509
1785.6614034071276 0.9995397925376892
1785.68223666824 0.9994431138038635
1785.7030699287752 0.9998338222503662
1785.7239031887545 0.9998795986175537
1785.744736448159 0.9998996257781982
1785.7655697070102 0.9999710917472839
1785.7864029652894 0.8668233752250671
1785.807236223018 0.9998023509979248
1785.8280694801774 0.999305009841919
1785.8489027367789 0.9996340274810791
1785.8697359928342 0.9994784593582153
1785.8905692483245 0.9996594190597534
1785.9114025032713 0.9995828866958618
1785.9322357576564 0.9991025328636169
1785.953069011501 0.9993361234664917
1785.9739022647864 0.9989205598831177
1785.9947355175345 0.9990600943565369
1786.0155687697268 0.9987276792526245
1786.0364020213747 0.9986664056777954
1786.0572352724903 0.9985947608947754
1786.0780685230548 0.9980336427688599
1786.0989017730897 0.9981272220611572
1786.119735022577 0.9976676106452942
1786.1405682715383 0.9981363415718079
1786.1614015199555 0.9979335069656372
1786.18223476785 0.9976004362106323
1786.2030680152038 0.9979718923568726
1786.2239012620287 0.9979817867279053
1786.2447345083365 0.9975687265396118
1786.2655677541088 0.9973806142807007
1786.2864009993677 0.9973950982093811
1786.3072342440955 0.9979460835456848
1786.3280674883133 0.9978857040405273
1786.3489007320036 0.9976532459259033
1786.3697339751884 0.9973235726356506
1786.3905672178496 0.997990608215332
1786.4114004599992 0.9982172250747681
1786.4322337016497 0.997881293296814
1786.4530669427825 0.9985842108726501
1786.4739001834203 0.9986889362335205
1786.494733423545 0.9985408186912537
1786.5155666631792 0.9988240003585815
1786.5363999023048 0.998802661895752
1786.5572331409346 0.9996141791343689
1786.5780663790802 0.9994329214096069
1786.5988996167246 0.9998132586479187
1786.6197328538897 0.999352753162384
1786.6405660905587 0.9999628067016602
1786.6613993267536 1.000051736831665
1786.6822325624569 0.9995195865631104
1786.7030657976916 1.000074863433838
1786.72389903244 0.999880850315094
1786.7447322667147 1.0000596046447754
1786.765565500529 1.000312328338623
1786.7863987338649 1.0004311800003052
1786.8072319667458 1.0002622604370117
1786.828065199155 1.0007632970809937
1786.8488984311143 1.0000267028808594
1786.8697316626076 1.0000157356262207
1786.890564893658 0.9999995827674866
1786.9113981242479 1.000055193901062
1786.9322313543912 0.999483585357666
1786.953064584101 0.9991636872291565
1786.9738978133703 0.9995303750038147
1786.9947310421926 0.9993591904640198
1787.0155642705818 0.999272346496582
1787.0363974985507 0.9990745782852173
1787.0572307260834 0.9989342093467712
1787.0780639532038 0.9988428950309753
1787.0988971798947 0.998930811882019
1787.119730406181 0.9985311031341553
1787.1405636320458 0.99857497215271
1787.1613968575134 0.9987708330154419
1787.182230082568 0.9983544945716858
1787.2030633072336 0.9983687400817871
1787.2238965314946 0.9984568357467651
1787.244729755365 0.9985155463218689
1787.2655629788596 0.9985066652297974
1787.2863962019628 0.9989021420478821
1787.3072294246992 0.9992228150367737
1787.3280626470537 0.9991269707679749
1787.3488958690514 0.9989124536514282
1787.3697290906766 0.9994494915008545
1787.3905623119447 0.9996144771575928
1787.4113955328712 0.9994748830795288
1787.4322287534412 1.0001473426818848
1787.4530619736802 1.0001802444458008
1787.4738951935738 1.0007023811340332
1787.4947284131476 1.0004374980926514
1787.5155616323875 1.0008410215377808
1787.53639485132 1.0009533166885376
1787.5572280699307 1.0010488033294678
1787.578061288246 1.0013858079910278
1787.598894506253 1.0014115571975708
1787.6197277239676 1.0012305974960327
1787.6405609414069 1.001416563987732
1787.6613941585683 1.0016117095947266
1787.6822273754483 1.0015350580215454
1787.703060592065 1.0015711784362793
1787.7238938084356 1.0015287399291992
1787.7447270245477 1.0015103816986084
1787.76556024043 1.001192331314087
1787.7863934560703 1.0012513399124146
1787.807226671497 1.0008939504623413
1787.8280598866988 1.0010827779769897
1787.8488931017052 1.001014232635498
1787.869726316505 1.0011576414108276
1787.8905595311276 1.0010602474212646
1787.911392745563 1.0004740953445435
1787.9322259598412 1.0006508827209473
1787.9530591739524 1.0005104541778564
1787.9738923879179 1.0006600618362427
1787.9947256017579 1.0002455711364746
1788.015558815464 1.000503420829773
1788.036392029068 1.0003212690353394
1788.0572252425623 1.0003197193145752
1788.0780584559789 1.0005093812942505
1788.0988916693107 1.0006775856018066
1788.1197248825913 1.0004230737686157
1788.1405580958137 1.0005931854248047
1788.161391309013 1.000401258468628
1788.1822245221833 1.0008304119110107
1788.2030577353496 1.000633955001831
1788.2238909485377 1.0008349418640137
1788.2447241617442 1.000867247581482
1788.2655573750053 1.0014996528625488
1788.2863905883185 1.0012853145599365
1788.3072238017219 1.0015324354171753
1788.328057015214 1.0016932487487793
1788.3488902288339 1.0017768144607544
1788.369723442582 1.0019723176956177
1788.3905566564986 1.0021002292633057
1788.4113898705853 1.002171277999878
1788.4322230848848 1.0022412538528442
1788.4530562993996 1.002264380455017
1788.4738895141743 1.0024504661560059
1788.494722729214 1.0024957656860352
1788.5155559445639 1.0028386116027832
1788.5363891602317 1.0029857158660889
1788.5572223762556 1.002751111984253
1788.5780555926744 1.0029691457748413
1788.598888809499 1.0028330087661743
1788.6197220267807 1.0024570226669312
1788.6405552445326 1.0024205446243286
1788.6613884628096 1.002547025680542
1788.6822216816272 1.0029698610305786
1788.7030549010428 1.0027042627334595
1788.7238881210758 1.0026708841323853
1788.7447213417868 1.0024149417877197
1788.7655545631987 1.0021594762802124
1788.7863877853756 1.0022648572921753
1788.8072210083444 1.0022900104522705
1788.8280542321738 1.00232994556427
1788.8488874568943 1.0016119480133057
1788.8697206825793 1.0017085075378418
1788.8905539092648 1.0016300678253174
1788.9113871370184 1.001542568206787
1788.9322203659117 1.0015512704849243
1788.9530535959984 1.000937581062317
1788.9738868273353 1.0013165473937988
1788.9947200600022 1.0013771057128906
1789.015553294083 1.00178861618042
1789.036386529634 1.001857876777649
1789.057219766756 1.0012801885604858
1789.0780530055129 1.0011533498764038
1789.0988862460126 1.0013192892074585
1789.1197194883275 1.001525640487671
1789.140552732574 1.0014939308166504
1789.1613859788317 1.0027389526367188
1789.203052477847 1.0028612613677979
1789.2238857308269 1.002803087234497
1789.2447189862637 1.0032296180725098
1789.2655522443004 1.0033159255981445
1789.2863855050423 1.0035234689712524
1789.3072187686291 1.0037294626235962
1789.3280520352043 1.0035125017166138
1789.3488853048927 1.0037676095962524
1789.3697185778217 1.0035345554351807
1789.3905518541394 1.0039480924606323
1789.4113851339928 1.0035223960876465
1789.4322184174969 1.0039048194885254
1789.4530517048022 1.0039737224578857
1789.473884996013 1.0041016340255737
1789.4947182912638 1.00400710105896
1789.5155515906354 1.0045228004455566
1789.5363848942332 1.004476547241211
1789.5572182021 1.004882574081421
1789.5780515142944 1.00478196144104
1789.5988848308032 1.0046699047088623
1789.6197181516159 1.0044522285461426
1789.640551476642 1.0044095516204834
1789.6613848057839 1.0042550563812256
1789.6822181388516 1.004125714302063