1790.681747687625 1.0086536407470703
1790.7025809614624 1.0084606409072876
1790.7234142328186 1.008673906326294
1790.7442475018674 1.0075973272323608
1790.7650807685493 1.0090532302856445
1790.7859140330302 1.0075043439865112
1790.8067472952505 1.0083155632019043
1790.8275805553674 1.0073972940444946
1790.8484138133217 1.0071250200271606
1790.869247069263 1.0054919719696045
1790.8900803231322 1.0061585903167725
1790.910913575072 1.0051699876785278
1790.9317468250235 1.006501317024231
1790.9525800731224 1.004742980003357
1790.9734133193103 1.0044841766357422
1790.9942465637168 1.004501223564148
1791.015079806284 1.0047847032546997
1791.035913047136 1.0055688619613647
1791.0567462862148 1.0059245824813843
1791.0775795236398 1.0052368640899658
1791.0984127593529 1.004839539527893
1791.3900778986988 1.0246270895004272
1791.4109111123369 1.0220856666564941
1791.4317443246252 1.0210171937942505
1791.4525775356499 1.022175669670105
1791.473410745358 1.0239413976669312
1791.494243953833 1.023754358291626
1791.5150771610222 1.026341438293457
1791.5359103670066 1.0254287719726562
1791.5567435717348 1.0266801118850708
1791.5775767752855 1.0246684551239014
1791.5984099776072 1.0269854068756104
1791.6192431787767 1.0246896743774414
1791.640076378743 1.022214412689209
1791.660909577581 1.0197380781173706
1791.6817427752405 1.019613265991211
1791.7025759717942 1.01795494556427
1791.7234091671924 1.0184686183929443
1791.7442423615062 1.0178474187850952
1791.765075554686 1.017095923423767
1791.7859087468016 1.015770673751831
1791.8067419378044 1.0159677267074585
1791.8275751277617 1.0142639875411987
1791.8484083166256 1.0144668817520142
1791.8692415044625 1.013707160949707
1791.8900746912245 1.0147048234939575
1791.9109078769761 1.0138200521469116
1791.9317410616707 1.013505458831787
1791.9525742453714 1.012426733970642
1791.9734074280318 1.0115134716033936
1791.9942406097136 1.0113146305084229
1792.015073790371 1.0102615356445312
1792.0359069700644 1.0100951194763184
1792.0567401487383 1.0101326704025269
1792.0775733264527 1.0096625089645386
1792.0984065031828 1.0098928213119507
1792.1192396789863 1.0104790925979614
1792.1400728538085 1.0097639560699463
1792.160906027707 1.0092169046401978
1792.1817392006374 1.009015440940857
1792.2025723726565 1.0088218450546265
1792.22340554372 1.0089411735534668
1792.2442387138835 1.008967399597168
1792.2650718831035 1.0087779760360718
1792.2859050514344 1.0094757080078125
1792.3067382188335 1.00883948802948
1792.327571385354 1.0083907842636108
1792.3484045509538 1.008152723312378
1792.3692377156851 1.0075880289077759
1792.390070879506 1.0074702501296997
1792.4109040424682 1.0075823068618774
1792.4317372045302 1.0071289539337158
1792.4525703657428 1.0064184665679932
1792.4734035260647 1.0068784952163696
1792.4942366855462 1.0057741403579712
1792.5150698441462 1.0055948495864868
1792.5359030019142 1.0058939456939697
1792.5567361588098 1.006853461265564
1792.5775693148819 1.0065809488296509
1792.59840247009 1.0064663887023926
1792.6192356244821 1.0062963962554932
1792.6400687780185 1.0058341026306152
1792.6609019307468 1.0055135488510132
1792.6817350826273 1.0055655241012573
1792.7025682337169 1.0039721727371216
1792.7234013839463 1.0052642822265625
1792.744234533402 1.005066990852356
1792.7650676820049 1.005122184753418
1792.7859008298403 1.0048918724060059
1792.8067339768304 1.0048705339431763
1792.8275671230597 1.0050034523010254
1792.8484002684502 1.0045311450958252
1792.8692334130865 1.00496506690979
1792.8900665568904 1.004715919494629
1792.9108996999457 1.004412055015564
1792.9317328421755 1.0049121379852295
1792.952565983663 1.0038918256759644
1792.9733991243306 1.0041240453720093
1792.9942322642614 1.0042552947998047
1793.0150654033785 1.0037530660629272
1793.035898541764 1.0036334991455078
1793.0567316793417 1.0034838914871216
1793.0775648161937 1.0035394430160522
1793.0983979522528 1.0039926767349243
1793.1192310875713 1.0039567947387695
1793.1400642221126 1.0044162273406982
1793.1608973559178 1.004485011100769
1793.1817304889412 1.004258155822754
1793.2025636212536 1.0038385391235352
1793.223396752789 1.0041536092758179
1793.244229883598 1.004346251487732
1793.2650630136452 1.0037636756896973
1793.2858961429702 1.0040391683578491
1793.306729271528 1.0036647319793701
1793.3275623993884 1.00351881980896
1793.348395526486 1.0042394399642944
1793.3692286528703 1.0039315223693848
1793.3900617785066 1.0039070844650269
1793.4108949034335 1.003666877746582
1793.4317280276166 1.0035064220428467
1793.4525611510946 1.0031818151474
1793.473394273833 1.0038706064224243
1793.49422739587 1.0034757852554321
1793.5150605171716 1.003537893295288
1793.5358936377754 1.0033471584320068
1793.5567267576478 1.0034105777740479
1793.5775598768264 1.0034085512161255
1793.5983929952774 1.0034674406051636
1793.619226113038 1.0040901899337769
1793.6400592300747 1.0032774209976196
1793.6608923464246 1.0041906833648682
1793.6817254620544 1.0037953853607178
1793.7025585770007 1.004061222076416
1793.7233916912303 1.003958821296692
1793.7442248047898 1.0038046836853027
1793.7650579176163 1.0040866136550903
1793.7858910297755 1.003371238708496
1793.8067241412252 1.0033503770828247
1793.8275572520113 1.003400444984436
1793.8483903620706 1.0033979415893555
1793.8692234714795 1.0039056539535522
1793.890056580165 1.002968192100525
1793.9108896882028 1.0032352209091187
1793.9317227955205 1.0034562349319458
1793.9525559021936 1.0033278465270996
1793.9733890081495 1.0030012130737305
1793.9942221134636 1.0032299757003784
1794.0150552180637 1.002994418144226
1794.0358883220242 1.0033189058303833
1794.0567214252742 1.0032188892364502
1794.0775545278875 1.0029925107955933
1794.0983876298026 1.0031614303588867
1794.119220731064 1.0033619403839111
1794.14005383164 1.0034977197647095
1794.1608869315646 1.0031509399414062
1794.181720030797 1.0034619569778442
1794.2025531294003 1.0034691095352173
1794.223386227314 1.0031999349594116
1794.2442193245813 1.0032532215118408
1794.2650524211713 1.0027011632919312
1794.2858855171175 1.0033538341522217
1794.3067186123892 1.002846121788025
1794.3275517070194 1.003420352935791
1794.3483848009776 1.0029770135879517
1794.3692178942965 1.0026497840881348
1794.3900509869459 1.002701759338379
1794.4108840789584 1.0024493932724
1794.4317171703037 1.0026358366012573
1794.4525502610145 1.002602219581604
1794.4733833510604 1.0022847652435303
1794.494216440484 1.0026558637619019
1794.5150495292253 1.0028687715530396
1794.535882617356 1.0025861263275146
1794.5567157048067 1.0026572942733765
1794.5775487916494 1.0023910999298096
1794.598381877814 1.0023680925369263
1794.619214963373 1.002332329750061
1794.640048048256 1.0022437572479248
1794.6608811325348 1.0024027824401855
1794.6817142161406 1.0026037693023682
1794.702547299144 1.0022003650665283
1794.7233803814863 1.002241849899292
1794.7442134632088 1.0021584033966064
1794.7650465442816 1.002545952796936
1794.7858796247365 1.0020010471343994
1794.8067127045344 1.0020458698272705
1794.827545783736 1.0015350580215454
1794.8483788622827 1.0017622709274292
1794.869211940215 1.001867651939392
1794.8900450175042 1.0015147924423218
1794.9108780941813 1.0020416975021362
1794.9317111702167 1.001929759979248
1794.9733773204277 1.0015603303909302
1794.994210394605 1.001665472984314
1795.015043468145 1.001383900642395
1795.035876541078 1.0019545555114746
1795.0567096133739 1.001936435699463
1795.0775426850632 1.0018240213394165
1795.0983757561207 1.0016287565231323
1795.1192088265861 1.0016707181930542
1795.1400418964 1.0022119283676147
1795.1608749656318 1.001676321029663
1795.181708034214 1.0014525651931763
1795.202541102216 1.001283049583435
1795.22337416957 1.001431941986084
1795.2442072363456 1.0006464719772339
1795.265040302475 1.0016626119613647
1795.2858733680278 1.00108003616333
1795.3067064329357 1.0019553899765015
1795.3275394972686 1.0014853477478027
1795.348372560959 1.0015573501586914
1795.3692056240757 1.0012414455413818
1795.3900386865614 1.00156831741333
1795.4108717484553 1.0014489889144897
1795.4317048097296 1.001456379890442
1795.4525378704136 1.0015208721160889
1795.47337093048 1.001311182975769
1795.494203989958 1.001528024673462
1795.5150370488197 1.0015329122543335
1795.535870107094 1.0014069080352783
1795.5567031647543 1.0013622045516968
1795.5775362218287 1.0012775659561157
1795.5983692782906 1.001360535621643
1795.6192023341782 1.000929594039917
1795.6400353894348 1.0009177923202515
1795.6608684441287 1.0010597705841064
1795.6817014981932 1.0009751319885254
1795.7025345516965 1.001342535018921
1795.723367604572 1.0006780624389648
1795.7442006568879 1.0011001825332642
1795.7650337085777 1.0007195472717285
1795.785866759709 1.001050591468811
1795.8066998102156 1.0009678602218628
1795.8275328601655 1.0006338357925415
1795.8483659095027 1.0014114379882812
1795.8691989582644 1.0009783506393433
1795.8900320064247 1.000961422920227
1795.9108650540109 1.0007189512252808
1795.9316981009972 1.0003303289413452
1795.952531147411 1.00070321559906
1795.9733641932269 1.0005888938903809
1795.9941972384715 1.000656008720398
1796.0150302831194 1.0008236169815063
1796.0358633272076 1.000838279724121
1796.0566963706804 1.0009303092956543
1796.0775294136051 1.00099515914917
1796.0983624559162 1.0009716749191284
1796.1191954976807 1.0006210803985596
1796.140028538833 1.0008326768875122
1796.1608615794396 1.0008463859558105
1796.1816946194356 1.0003798007965088
1796.2025276588877 1.0007044076919556
1796.2233606977306 1.0007082223892212
1796.2441937360313 1.0005183219909668
1796.2650267737342 1.0006487369537354
1796.2858598108758 1.0005992650985718
1796.3066928474313 1.0001646280288696
1796.3275258834271 1.0005114078521729
1796.3483589188384 1.0006159543991089
1796.3691919536914 1.0005606412887573
1796.3900249879612 1.0006741285324097
1796.4108580216741 0.9998592734336853
1796.4316910548052 1.00054132938385
1796.4525240873809 1.0004527568817139
1796.4733571193767 1.0006744861602783
1796.4941901508282 1.0002741813659668
1796.5150231816813 1.0002611875534058
1796.5358562120016 1.0002648830413818
1796.5566892417246 1.0004454851150513
1796.5775222709165 1.000404953956604
1796.5983552995128 1.0004560947418213
1796.6191883275792 1.0004444122314453
1796.640021355062 0.9999418258666992
1796.6608543819957 1.0004440546035767
1796.681687408347 0.999920129776001
1796.7025204341712 1.0002326965332031
1796.7233534594145 1.0002977848052979
1796.744186484112 1.0002176761627197
1796.7650195082406 1.0003507137298584
1796.7858525318245 0.9999353289604187
1796.8066855548402 1.0001918077468872
1796.8275185773134 0.9999005198478699
1796.8483515992205 1.0000344514846802
1796.869184620596 0.9999455809593201
1796.8900176413867 0.9998775720596313
1796.9108506616574 0.9999147057533264
1796.9316836813446 0.9998307824134827
1796.9525167005136 1.000312089920044
1796.973349719101 0.9995840191841125
1796.9941827371713 1.0
1797.0150157546614 0.9996427297592163
1797.035848771636 0.9996399283409119
1797.056681788032 0.9993714094161987
1797.0775148039138 0.9998154640197754
1797.098347819229 0.9995189309120178
1797.1191808340113 0.9997431635856628
1797.1400138482388 1.0000630617141724
1797.1608468619347 0.9997897744178772
1797.181679875077 0.9997286200523376
1797.2025128876896 0.9995903968811035
1797.2233458997505 0.999264121055603
1797.2441789112931 0.9991822838783264
1797.2650119222656 0.9991783499717712
1797.2858449327312 0.9995364546775818
1797.306677942628 0.9996014833450317
1797.32751095202 0.9997121095657349
1797.348343960845 0.9996620416641235
1797.3691769691666 0.9998146295547485
1797.390009976933 0.9995352625846863
1797.4108429841774 0.999796986579895
1797.4316759908781 0.9995872378349304
1797.4525089970587 0.999703586101532
1797.4733420026973 0.9995644688606262
1797.4941750078174 0.9992772340774536
1797.5150080123974 0.9991046190261841
1797.5358410164704 0.9995944499969482
1797.556674019985 0.9997626543045044
1797.5775070230043 0.999220073223114
1797.5983400254672 0.9991605281829834
1797.619173027436 0.9993547797203064
1797.6400060288508 0.9990271329879761
1797.6608390297731 0.9991926550865173
1797.6816720301429 0.9987277388572693
1797.7025050300222 0.9990960955619812
1797.7233380293608 0.9985412955284119
1797.7441710281905 0.999149739742279
1797.7650040264916 0.9988172054290771
1797.7858370242857 0.9991893768310547
1797.8066700215527 0.999150812625885
1797.8275030183147 0.9994125962257385
1797.848336014552 0.9987326264381409
1797.8691690102955 0.9991738796234131
1797.8900020054966 0.9987570643424988
1797.910835000216 0.9990070462226868
1797.931667994394 0.9988627433776855
1797.9525009880929 0.99899822473526
1797.973333981253 0.9992356300354004
1797.9941669739353 0.9990116953849792
1798.014999966091 0.9986883401870728
1798.0358329577507 0.9990508556365967
1798.0566659488957 0.998469352722168
1798.077498939547 0.9983993172645569
1798.098331929686 0.9990081191062927
1798.1191649193333 0.9981682896614075
1798.1399979084704 0.9984785914421082
1798.1608308971277 0.9987449645996094
1798.1816638852567 0.9984848499298096
1798.2024968729083 0.9982681274414062
1798.2233298600545 0.9978845119476318
1798.244162846725 0.9986175894737244
1798.2649958328723 0.9979689121246338
1798.285828818556 0.9987318515777588
1798.306661803719 0.9981127381324768
1798.3274947884206 0.9979474544525146
1798.348327772614 0.9978089332580566
1798.3691607563285 0.998213529586792
1798.3899937395472 0.9984287023544312
1798.4108267222891 0.9975084066390991
1798.4316597045374 0.9974719882011414
1798.4524926863119 0.9979298710823059
1798.4733256675954 0.9981211423873901
1798.4941586484172 0.9976696968078613
1798.514991628731 0.9976588487625122
1798.5358246085952 0.9974328875541687
1798.5566575879539 0.9971716403961182
1798.577490566866 0.9980950951576233
1798.5983235452754 0.997277021408081
1798.6191565232407 0.9974970817565918
1798.6399895007162 0.9972797632217407
1798.66082247773 0.9975154399871826
1798.681655454267 0.9969474077224731
1798.7024884303453 0.9970923066139221
1798.7233214059497 0.9971444606781006
1798.7441543811078 0.9970064163208008
1798.7649873557755 0.9976080656051636
1798.7858203300098 0.9970853924751282
1798.8066533037565 0.9974004030227661
1798.8274862770727 0.9972236156463623
1798.848319249905 0.9970871806144714
1798.8691522223098 0.9967409372329712
1798.8899851942435 0.9970771670341492
1798.9108181657332 0.9967947602272034
1798.931651136765 0.9967162013053894
1798.9524841073558 0.9970176219940186
1798.9733170774928 0.9962944984436035
1798.9941500472016 0.996656596660614
1799.0149830164405 0.9965373277664185
1799.0358159852644 0.9961544275283813
1799.0566489536382 0.9963839650154114
1799.077481921616 0.9969000816345215
1799.0983148891148 0.9963245987892151
1799.119147856191 0.9965264201164246
1799.1399808228184 0.996382474899292
1799.1608137890219 0.995781421661377
1799.1816467547903 0.9963961839675903
1799.223312685057 0.9971608519554138
1799.2441456495587 0.9970234036445618
1799.2649786136344 0.99688720703125
1799.2858115773076 0.996851921081543
1799.306644540539 0.9967496395111084
1799.3274775033824 0.9967509508132935
1799.348310465789 0.9965879321098328
1799.3691434278114 0.996705174446106
1799.3899763894017 0.9966046810150146
1799.4108093506125 0.9967368841171265
1799.4316423114058 0.9965816736221313
1799.4524752718044 0.9966492652893066
1799.4733082318007 0.9959561228752136
1799.494141191407 0.9970069527626038
1799.5149741506164 0.9955235719680786
1799.5358071094402 0.9965696930885315
1799.5566400678726 0.9964770674705505
1799.5774730259348 0.9955688714981079
1799.5983059835914 0.9967055916786194
1799.619138940893 0.9957137703895569
1799.6399718978048 0.9965452551841736
1799.6608048543471 0.9956411719322205
1799.6816378105154 0.9959810972213745
1799.70247076632 0.9954739809036255
1799.7233037217572 0.9954130053520203
1799.7441366768364 0.9957610368728638
1799.764969631555 0.995322048664093
1799.7858025859314 0.9953742027282715
1799.806635539934 0.995238721370697
1799.827468493611 0.99528568983078
1799.8483014469211 0.9955222010612488
1799.8691343999124 0.995446503162384
1799.8899673525445 0.9960581660270691
1799.9108003048643 0.9953802824020386
1799.9316332568424 0.9955509305000305
1799.9524662084955 0.9952440857887268
1799.9732991598253 0.9953673481941223
1799.9941321108374 0.9955621361732483
1800.0149650615347 0.9952234029769897
1800.0357980119315 0.995518147945404
1800.0566309620028 0.9953561425209045
1800.0774639117922 0.995642364025116
1800.0982968612645 0.9950899481773376
1800.1191298104636 0.995400071144104
1800.1399627593653 0.9952779412269592
1800.1607957079825 0.9953388571739197
1800.1816286563223 0.9954062104225159
1800.202461604387 0.9952952861785889
1800.223294552185 0.9951171278953552
1800.2441274997177 0.9949329495429993
1800.2649604469943 0.9956254363059998
1800.2857933940259 0.9955801367759705
1800.3066263407932 0.9954246282577515
1800.3274592873358 0.9953607320785522
1800.3482922336266 0.9955504536628723
1800.369125179704 0.9954515099525452
1800.389958125552 0.9955556988716125
1800.4107910711787 0.9956827163696289
1800.4316240165992 0.9954290986061096
1800.4524569618106 0.9954251050949097
1800.4732899068304 0.9952815175056458
1800.494122851664 0.9954654574394226
1800.514955796301 0.9956713914871216
1800.535788740775 0.9953139424324036
1800.5566216850682 0.9955958724021912
1800.5774546292137 0.9952272772789001
1800.5982875732043 0.9955622553825378
1800.6191205170426 0.995597779750824
1800.6399534607538 0.9957965612411499
1800.6607864043283 0.9955857396125793
1800.6816193477944 0.9953445792198181
1800.7024522911413 0.9954358339309692
1800.7232852343993 0.9954602718353271
1800.7441181775662 0.9954177141189575
1800.764951120645 0.9951288104057312
1800.7857840636614 0.9954285621643066
1800.8066170066122 0.9955562353134155
1800.8274499495215 0.9952525496482849
1800.8482828923982 0.9951927065849304
1800.8691158352349 0.9954028129577637
1800.889948778074 0.9953823685646057
1800.9107817208962 0.9953839778900146
1800.9316146637475 0.9951621294021606
1800.9524476066167 0.995084285736084
1800.9732805495232 0.9952023029327393
1800.9941134924836 0.9949823617935181
1801.0149464355118 0.9946674108505249
1801.0357793786216 0.9946922063827515
1801.0566123218418 0.9940398931503296
1801.0774452651538 0.9950475096702576
1801.0982782086207 0.9950443506240845
1801.1191111522114 0.9946082234382629
1801.1399440959942 0.9949041604995728
1801.1607770399448 0.9947965741157532
1801.181609984108 0.9945207834243774
1801.202442928486 0.9945042133331299
1801.2232758731193 0.994864821434021
1801.2441088180074 0.995103657245636
1801.2649417632067 0.994894802570343
1801.2857747086834 0.9944713711738586
1801.3066076545317 0.9942502975463867
1801.3274406007038 0.9947454929351807
1801.348273547301 0.9937710762023926
1801.3691064942818 0.9930183291435242
1801.3899394417263 0.9928584098815918
1801.410772389618 0.9930376410484314
1801.431605338037 0.9933816194534302
1801.4524382869615 0.9932873249053955
1801.473271236492 0.993569016456604
1801.4941041865718 0.9930926561355591
1801.514937137342 0.993569016456604
1801.53577008873 0.9937110543251038
1801.5566030408902 0.993261992931366
1801.5774359937434 0.9928448796272278
1801.598268947457 0.9936226606369019
1801.6191019019554 0.9934747219085693
1801.639934857391 0.9934834241867065
1801.6607678137104 0.9934765696525574
1801.6816007710827 0.993914783000946
1801.7024337294167 0.9938865303993225
1801.723266688929 0.99379962682724
1801.7440996495095 0.9939089417457581
1801.7649326113944 0.9945992231369019
1801.785765574474 0.9945569038391113
1801.8065985389765 0.9943305850028992
1801.8274315048113 0.9947198629379272
1801.84826447222 0.9950334429740906
1801.8690974411002 0.9946134090423584
1801.8899304117294 0.9965733289718628
1801.910763383962 0.9970760941505432
1801.9315963581332 0.9953001141548157
1801.9524293340737 0.9958100318908691
1801.9732623121474 0.9966948628425598
1801.9940952921804 0.9964763522148132
1802.014928274536 0.9966919422149658
1802.0357612590544 0.9961764812469482
1802.0565942461249 0.9950936436653137
1802.0774272355693 0.9956268072128296
1802.0982602278025 0.995182454586029
1802.1190932225986 0.9944459795951843
1802.139926220442 0.9928442239761353
1802.1607592210878 0.9919949173927307
1802.181592225006 0.9929906725883484
1802.2024252319627 0.9925868511199951
1802.2232582424356 0.9922240376472473
1802.2440912561435 0.9930694103240967
1802.2649242735858 0.9931025505065918
1802.2857572944545 0.993270993232727
1802.3065903192162 0.9937120079994202
1802.327423347551 0.9927238821983337
1802.3482563798582 0.9927318096160889
1802.3690894158224 0.9934475421905518
1802.389922455704 0.9954454302787781
1802.4107554992197 0.9959003329277039
1802.4315885464657 0.9962903261184692
1803.4732393705244 1.0079857110977173
1803.4940723088607 1.0078669786453247
1803.5149052447405 1.0074267387390137
1803.535738178372 1.007286548614502
1803.5565711096692 1.0071927309036255
1803.5774040388023 1.0069769620895386
1803.5982369657152 1.0068799257278442
1803.6190698905696 1.0073344707489014
1803.6399028132796 1.0072544813156128
1803.6607357340297 1.0071518421173096
1803.681568652724 1.0059874057769775
1803.7024015695408 1.007214903831482
1803.7232344843935 1.0069868564605713
1803.744067397424 1.0067909955978394
1803.764900308577 1.0071607828140259
1803.7857332179872 1.0068538188934326
1803.80656612557 1.0067414045333862
1803.8273990314854 1.0067977905273438
1803.8482319356483 1.007123351097107
1803.869064838184 1.0062413215637207
1803.8898977390377 1.0067658424377441
1803.9107306383194 1.007296085357666
1803.9315635359756 1.0068600177764893
1803.9523964321118 1.007142186164856
1803.9732293266745 1.0061070919036865
1803.9940622197757 1.0064669847488403
1804.0148951113317 1.0066596269607544
1804.035728001481 1.0063527822494507
1804.0565608901409 1.0060601234436035
1804.0773937774159 1.0064480304718018
1804.0982266632536 1.006490707397461
1804.1190595477558 1.0066864490509033
1804.1398924308403 1.0065443515777588
1804.1607253126353 1.0066317319869995
1804.18155819305 1.0069406032562256
1804.2023910722098 1.0060094594955444
1804.2232239500338 1.006369948387146
1804.244056826615 1.0063250064849854
1804.2648897019026 1.0065152645111084
1804.2857225759878 1.0061759948730469
1804.3065554487905 1.00620698928833
1804.3273883204286 1.006698727607727
1804.348221190823 1.006827473640442
1804.3690540600596 1.0061860084533691
1804.3898869280895 1.0064705610275269
1804.4107197949868 1.006333589553833
1804.4315526607031 1.0061848163604736
1804.45238552532 1.006410002708435
1804.4732183887604 1.0059702396392822
1804.494051251134 1.006082534790039
1804.5148841123532 1.005895733833313
1804.5357169725269 1.0056837797164917
1804.5565498315782 1.0054731369018555
1804.5773826895834 1.0060378313064575
1804.598215546497 1.006129264831543
1804.6190484023934 1.005892038345337
1804.6398812571972 1.006263017654419
1804.6607141110119 1.005196213722229
1804.6815469637527 1.006220817565918
1804.7023798155212 1.0060322284698486
1804.723212666243 1.0047917366027832
1804.7440455159888 1.0060069561004639
1804.7648783647144 1.0049965381622314
1804.7857112124893 1.0056020021438599
1804.80654405924 1.0052909851074219
1804.8273769050645 1.0052974224090576
1804.84820974989 1.0055205821990967
1804.869042593783 1.005396842956543
1804.8898754367008 1.0058977603912354
1804.9107082787 1.005575180053711
1804.9315411197379 1.005342960357666
1804.9523739598792 1.0052400827407837
1804.9732067990524 1.0055569410324097
1804.9940396373513 1.005323052406311
1805.0148724746944 1.0055341720581055
1805.0357053111745 1.0056562423706055
1805.056538146721 1.005495548248291
1805.0773709814057 1.0046764612197876
1805.098203815158 1.0054060220718384
1805.119036648069 1.0049487352371216
1805.1398694800582 1.0049233436584473
1805.1607023112163 1.0052558183670044
1805.1815351414737 1.0048435926437378
1805.202367970889 1.0048776865005493
1805.223200799424 1.005311131477356
1805.2440336271363 1.005408525466919
1805.2648664539572 1.0052977800369263
1805.2856992799748 1.0053174495697021
1805.3065321051204 1.0054317712783813
1805.327364929451 1.0052233934402466
1805.3481977529286 1.0051202774047852
1805.3690305756095 1.005574345588684
1805.3898633974254 1.004876971244812
1805.410696218463 1.0050337314605713
1805.4315290386442 1.004528284072876
1805.452361858054 1.0052906274795532
1805.4731946766253 1.0047937631607056
1805.4940274944129 1.0050245523452759
1805.5148603113794 1.0051720142364502
1805.5356931275794 1.005258560180664
1805.5565259429459 1.0046813488006592
1805.5773587575623 1.0047318935394287
1805.5981915713621 1.005203127861023
1805.6190243843987 1.0050286054611206
1805.6398571966354 1.005117416381836
1805.6606900081151 1.0045651197433472
1805.681522818802 1.004793643951416
1805.702355628748 1.0044760704040527
1805.723188437887 1.0047866106033325
1805.7440212463011 1.0048152208328247
1805.7648540539246 1.0045052766799927
1805.785686860809 1.0049604177474976
1805.8065196669188 1.004526138305664
1805.8273524723047 1.0048123598098755
1805.848185276902 1.0044687986373901
1805.8690180807907 1.0042695999145508
1805.889850883896 1.004445195198059
1805.9106836862982 1.0049997568130493
1805.9315164879329 1.0037873983383179
1805.9523492888488 1.004324197769165
1805.9731820890127 1.004693865776062
1805.9940148884727 1.004387378692627
1806.0148476871655 1.0047253370285034
1806.0356804851695 1.0047194957733154
1806.0565132824213 1.0047370195388794
1806.0773460789685 1.0042394399642944
1806.0981788747786 1.0046645402908325
1806.1190116698988 1.0041797161102295
1806.1398444642657 1.003692626953125
1806.1606772579576 1.0048161745071411
1806.181510050901 1.0043587684631348
1806.2023428431726 1.0036180019378662
1806.2231756347105 1.0045864582061768
1806.244008425561 1.0047353506088257
1806.2648412156918 1.0047177076339722
1806.285674005149 1.0037986040115356
1806.306506793871 1.004743218421936
1806.3273395819333 1.0045984983444214
1806.3481723692742 1.0040481090545654
1806.369005155939 1.0038925409317017
1806.3898379418963 1.0040515661239624
1806.4106707271912 1.003652811050415
1806.4315035117627 1.003767728805542
1806.4523362956854 1.0036481618881226
1806.473169078888 1.003991723060608
1806.4940018614457 1.0034747123718262
1806.5148346432966 1.0037623643875122
1806.5356674244858 1.0048130750656128
1806.5565002049823 1.0034804344177246
1806.57733298483 1.00338613986969
1806.5981657639686 1.0035243034362793
1806.6189985424717 1.0034334659576416
1806.6398313202787 1.0040948390960693
1806.6606640974335 1.004186987876892
1806.6814968739059 1.0034244060516357
1806.7023296497389 1.003456473350525
1806.7231624248725 1.0033037662506104
1806.7439951993795 1.0032734870910645
1806.7648279732005 1.0036182403564453
1806.7856607463782 1.003533959388733
1806.8064935188827 1.003829836845398
1806.8273262907567 1.0031404495239258
1806.8481590619404 1.0033165216445923
1806.8689918325063 1.0033912658691406
1806.889824602385 1.003564715385437
1806.9106573716488 1.0035288333892822
1806.9314901402383 1.0034055709838867
1806.9523229082054 1.0035735368728638
1806.973155675491 1.0031486749649048
1806.9939884421663 1.0031464099884033
1807.0148212081633 1.0034699440002441
1807.035653973553 1.0032711029052734
1807.0564867382768 1.0029964447021484
1807.077319502376 1.0033267736434937
1807.0981522658215 1.0028520822525024
1807.1189850286546 1.003272294998169
1807.1398177908172 1.0023767948150635
1807.1606505523798 1.0030475854873657
1807.1814833132842 1.0029175281524658
1807.202316073571 1.0032117366790771
1807.2231488332122 1.0029352903366089
1807.2439815922478 1.0029224157333374
1807.2648143506206 1.0029059648513794
1807.2856471084 1.003096103668213
1807.3064798655291 1.0015782117843628
1807.327312622047 1.0026971101760864
1807.3481453779266 1.0024502277374268
1807.3689781331975 1.0028702020645142
1807.3898108878323 1.0014162063598633
1807.4106436418706 1.0027852058410645
1807.4314763952652 1.002424716949463
1807.4523091480555 1.0023155212402344
1807.4731419002142 1.0025880336761475
1807.4939746517703 1.0024923086166382
1807.5148074026972 1.0020872354507446
1807.535640153034 1.0026493072509766
1807.5564729027235 1.002358078956604
1807.5773056518349 1.002548336982727
1807.5981384003112 1.0028067827224731
1807.618971148191 1.0015968084335327
1807.639803895448 1.0015771389007568
1807.6606366421208 1.002550721168518
1807.6814693881527 1.0022162199020386
1807.7023021336122 1.0015538930892944
1807.7231348784428 1.0016294717788696
1807.743967622683 1.001567006111145
1807.7648003663062 1.0024949312210083
1807.785633109351 1.0011849403381348
1807.806465851761 1.0023014545440674
1807.827298593604 1.002616286277771
1807.8481313348243 1.0027798414230347
1807.8689640754592 1.0013256072998047
1807.8897968154836 1.0012078285217285
1807.9106295549348 1.0019114017486572
1807.9314622937568 1.0016205310821533
1807.9522950320174 1.0023815631866455
1807.973127769661 1.0011037588119507
1808.0147932431832 1.0006978511810303
1808.035625979064 1.0010775327682495
1808.056458714341 1.000994324684143
1808.077291449052 1.0013755559921265
1808.0981241831512 1.0008594989776611
1808.1189569166756 1.0007976293563843
1808.1397896496005 1.0009652376174927
1808.1606223819526 1.00113046169281
1808.1814551137065 1.0021169185638428
1808.202287844899 1.000733494758606
1808.2231205754756 1.0008119344711304
1808.243953305502 1.0004606246948242
1808.264786034924 1.001367211341858
1808.2856187637783 1.00088369846344
1808.3064514920397 1.0013530254364014
1808.3272842197446 1.0008195638656616
1808.3481169468482 1.0012680292129517
1808.3689496733869 1.0012102127075195
1808.3897823993366 1.0007340908050537
1808.4106151247327 1.0010554790496826
1808.4314478495212 1.000808596611023
1808.452280573768 1.001013159751892
1808.4731132974184 1.000981330871582
1808.493946020509 1.0008456707000732
1808.514778743015 1.0008240938186646
1808.5356114649624 1.0003360509872437
1808.556444186327 1.00127112865448
1808.5772769071446 1.0006085634231567
1808.598109627361 1.0011385679244995
1808.6189423470414 1.0014339685440063
1808.6397750661326 1.0008234977722168
1808.6606077846798 1.00089693069458
1808.681440502629 1.0011690855026245
1808.7022732200453 1.0006226301193237
1808.7231059368653 1.0006963014602661
1808.7439386531541 1.0007538795471191
1808.7647713688586 1.0008652210235596
1808.7856040840231 1.0010203123092651
1808.8064367985946 1.0011632442474365
1808.8272695126377 1.0004276037216187
1808.848102226089 1.0011279582977295
1808.8689349390138 1.000860571861267
1808.8897676513586 1.0007944107055664
1808.910600363168 1.0010278224945068
1808.9314330743891 0.9999359846115112
1808.952265785086 1.0001839399337769
1808.9730984952062 1.000581979751587
1808.9939312047838 1.0002200603485107
1809.0147639137963 1.0006016492843628
1809.0355966222776 1.0002511739730835
1809.0564293301752 0.9998841285705566
1809.077262037553 0.9998951554298401
1809.0980947443586 1.0003432035446167
1809.1189274506262 0.9997537732124329
1809.139760156333 1.0001894235610962
1809.1605928615131 1.0003970861434937
1809.181425566114 1.000123143196106
1809.2022582701995 0.9996703863143921
1809.2230909737073 0.9990243911743164
1809.2439236767011 0.9996812343597412
1809.264756379129 1.000321388244629
1809.2855890810345 0.999650239944458
1809.3064217823653 0.9998756051063538
1809.3272544831848 0.9997901320457458
1809.3480871834313 1.000259518623352
1809.3689198831682 0.9996424913406372
1809.3897525823438 1.0001168251037598
1809.410585281001 0.9998058080673218
1809.4314179790883 0.9998171925544739
1809.4522506766687 0.9996727705001831
1809.4730833736803 0.999879777431488
1809.493916070187 0.9999443888664246
1809.5147487661366 0.9998468160629272
1809.535581461572 0.9992873668670654
1809.5564141564425 0.999884843826294
1809.57724685081 0.999745786190033
1809.5980795446137 0.9996548295021057
1809.6189122379164 0.9993346333503723
1809.639744930667 0.9990225434303284
1809.6605776229076 0.9996611475944519
1809.6814103145878 0.9996071457862854
1809.7022430057693 0.9995045065879822
1809.7230756964018 0.9995405673980713
1809.7439083865174 0.998979926109314
1809.7647410760956 0.9990692734718323
1809.7855737651682 0.9991395473480225
1809.806406453685 0.9991567730903625
1809.8272391417077 0.9991821050643921
1809.8480718291858 0.9994452595710754
1809.8689045161516 0.9992473125457764
1809.8897372025847 0.998711347579956
1809.9105698885166 0.9998167157173157
1809.9314025739075 0.9993017315864563
1809.9522352587885 0.9994173049926758
1809.9730679431398 0.9990309476852417
1809.9939006269933 0.9989557862281799
1810.0147333102989 0.9986264705657959
1810.0355659931176 0.9994526505470276
1810.0563986754003 0.9990549683570862
1810.0772313571777 0.9991086721420288
1810.0980640384303 0.9989119172096252
1810.1188967191893 0.998733401298523
1810.1397293994055 0.9992741942405701
1810.1605620791395 0.9991165399551392
1810.181394758342 0.9996362924575806
1810.2022274370443 0.9988282322883606
1810.2230601152266 0.9990730285644531
1810.24389279292 0.9989625811576843
1810.2647254700757 0.9988568425178528
1810.2855581467538 0.9990932941436768
1810.3063908229055 0.9994164109230042
1810.3272234985614 0.9984347820281982
1810.3480561737028 0.9985883235931396
1810.3688888483603 0.9990196824073792
1810.3897215224847 0.998708188533783
1810.4105541961367 0.9993423223495483
1810.4313868692677 0.9989985823631287
1810.4522195419074 0.9990171790122986
1810.473052214038 0.9989768862724304
1810.4938848856896 0.9989618062973022
1810.5147175568236 0.9994809031486511
1810.53555022747 0.9988982081413269
1810.5563828976108 0.9994228482246399
1810.5772155672755 0.9988598227500916
1810.5980482364166 0.9988476037979126
1810.6188809050936 0.9985296130180359
1810.6397135732589 0.9989346861839294
1810.6605462409414 0.9988701939582825
1810.681378908124 0.9993595480918884
1810.702211574836 0.9991078972816467
1810.72304424103 0.9988020062446594
1810.743876906765 0.9984139800071716
1810.7647095719942 0.9986435174942017
1810.785542236746 0.9992403984069824
1810.8063749010041 0.9989722967147827
1810.8272075647965 0.9993526935577393
1810.8480402280773 0.9994019269943237
1810.8688728909044 0.9988757967948914
1810.8897055532318 0.998949408531189
1810.9105382150976 0.9989597201347351
1810.9313708764557 0.9985591173171997
1810.9522035373639 0.999835193157196
1810.9730361977665 0.9990839958190918
1810.9938688577215 0.9986459612846375
1811.014701517183 0.9988022446632385
1811.035534176189 0.9989089369773865
1811.0563668346936 0.9991374015808105
1811.0771994927543 0.9988000392913818
1811.0980321503262 0.9991868138313293
1811.1188648074365 0.9990571737289429
1811.13969746407 0.9988153576850891
1811.1605301202542 0.998475193977356
1811.1813627759439 0.9987342953681946
1811.2021954311958 0.9986385703086853
1811.2230280859662 0.9990259408950806
1811.2438607402812 0.9988069534301758
1811.2646933941269 0.9987385869026184
1811.2855260475294 0.9980798959732056
1811.306358700445 0.9992101192474365
1811.3271913529295 0.9988219738006592
1811.3480240049398 0.9991517066955566
1811.3688566565118 0.998839259147644
1811.3896893076017 0.9985451698303223
1811.4105219582657 0.998869001865387
1811.4313546084602 0.9989562034606934
1811.452187258211 0.9985134601593018
1811.4730199075057 0.9985212087631226
1811.4938525563691 0.9984117746353149
1811.5146852047585 0.9983020424842834
1811.5355178527298 0.9980881810188293
1811.5563505002397 0.9981825947761536
1811.5771831473235 0.9989838004112244
1811.5980157939396 0.9987373948097229
1811.6188484401423 0.9980463981628418
1811.6396810858898 0.998722493648529
1811.660513731207 0.9993274807929993
1811.6813463760816 0.998604416847229
1811.7021790205388 0.9989989995956421
1811.7230116645371 0.9987727999687195
1811.7438443081305 0.9979917407035828
1811.764676951278 0.9986769556999207
1811.785509594014 0.9983034133911133
1811.8063422362968 0.9987977743148804
1811.8271748781813 0.9981251358985901
1811.8480075196164 0.9988118410110474
1811.8688401606562 0.9980511665344238
1811.88967280126 0.9984174370765686
1811.9105054414615 0.9985610246658325
1811.9313380812205 0.9984049201011658
1811.9521707205906 0.9985852837562561
1811.9730033595322 0.9983181953430176
1811.993835998068 0.9985780715942383
1812.014668636189 0.9984174370765686
1812.035501273918 0.9978575110435486
1812.056333911216 0.9984035491943359
1812.0771665481352 0.9981813430786133
1812.097999184638 0.9982712268829346
1812.1188318207555 0.9976398348808289
1812.1396644564504 0.9982265830039978
1812.1604970917742 0.9980349540710449
1812.1813297266895 0.998372495174408
1812.2021623612177 0.9978537559509277
1812.222994995352 0.9984273314476013
1812.2438276291132 0.9983454942703247
1812.264660262465 0.997857928276062
1812.2854928954578 0.9982169270515442
1812.3063255280556 0.9985466003417969
1812.3271581602792 0.9980730414390564
1812.3479907921228 0.9981471300125122
1812.3688234236065 0.9979436993598938
1812.3896560547053 0.9975973963737488
1812.4104886854386 0.9986553192138672
1812.4313213158023 0.9974477887153625
1812.4521539458153 0.9982139468193054
1812.4729865754443 0.9978757500648499
1812.5146518336628 0.9964113235473633
1812.5354844622473 0.9967414736747742
1812.5563170904586 0.9970505833625793
1812.5771497183453 0.9963657855987549
1812.5979823458654 0.9971579909324646
1812.6188149730658 0.9965481758117676
1812.6396475999159 0.9967884421348572
1812.6604802264421 0.997215211391449
1812.6813128526144 0.9973360896110535
1812.7021454784792 0.9972957372665405
1812.722978104007 0.9969025254249573
1812.7438107292132 0.9973207712173462
1812.7646433540997 0.9968687295913696
1812.785475978681 0.997429370880127
1812.8063086029297 0.9969840049743652
1812.8271412268903 0.9966086745262146
1812.847973850536 0.9966382384300232
1812.8688064738906 0.9962987899780273
1812.8896390969285 0.9964545965194702
1812.9104717196926 0.9973602890968323
1812.931304342158 0.9963599443435669
1812.9521369643376 0.9961446523666382
1812.9729695862375 0.9960254430770874
1812.9938022078695 0.9965250492095947
1813.0146348292208 0.9964538812637329
1813.0354674503026 0.9971945881843567
1813.0563000711234 0.9967500567436218
1813.0771326916938 0.9972978234291077
1813.097965311993 0.9963160753250122
1813.118797932061 0.9964582324028015
1813.1396305518783 0.9966675043106079
1813.160463171454 0.9967689514160156
1813.1812957908003 0.9966408610343933
1813.202128409925 0.9969812631607056
1813.222961028822 0.9971245527267456
1813.2437936474985 0.9970563054084778
1813.2646262659691 0.9969772100448608
1813.2854588842401 0.9969200491905212
1813.3062915022986 0.9972670078277588
1813.3271241201794 0.9958535432815552
1813.3479567378706 0.9965026378631592
1813.368789355387 0.9956199526786804
1813.3896219727183 0.995485782623291
1813.4104545898974 0.9964839220046997
1813.4312872069167 0.996303915977478
1813.452119823778 0.9964483976364136
1813.4729524405052 0.9966749548912048
1813.493785057099 0.9965904951095581
1813.5146176735657 0.9951620101928711
1813.5354502899045 0.9962035417556763
1813.5562829061437 0.9958273768424988
1813.577115522282 0.9953977465629578
1813.5979481383195 0.995518684387207
1813.6187807542833 0.9960078001022339
1813.6396133701767 0.9964184761047363
1813.6604459859946 0.996188223361969
1813.6812786017736 0.9964590072631836
1813.7021112175073 0.9962250590324402
1813.7229438332145 0.9967924356460571
1813.743776448887 0.996663510799408
1813.7646090645676 0.9964636564254761
1813.785441680246 0.9957627654075623
1813.8062742959382 0.9958409667015076
1813.8271069116622 0.9964902400970459
1813.8479395274378 0.9958624839782715
1813.8687721432607 0.9955913424491882
1813.8896047591545 0.9957631826400757
1813.9104373751331 0.9954338073730469
1813.9312699912145 0.9959801435470581
1813.95210260741 0.9956578612327576
1813.9729352237525 0.995507538318634
1813.9937678402307 0.9960688948631287
1814.0146004568824 0.9965398907661438
1814.0354330737132 0.9961496591567993
1814.0562656907675 0.9948930144309998
1814.0770983080179 0.9956688284873962
1814.097930925544 0.9949792623519897
1814.1187635433157 0.9957497119903564
1814.1395961613994 0.9951684474945068
1814.1604287797607 0.9958394169807434
1814.1812613984944 0.9959136843681335
1814.2020940175623 0.9962158799171448
1814.2229266370466 0.9964039325714111
1814.2437592569052 0.9964091181755066
1814.264591877249 0.9958354830741882
1814.2854244980317 0.9957911372184753
1814.3062571193439 0.996468722820282
1814.3270897411646 0.9961451292037964
1814.347922363595 0.996037483215332
1814.3687549865786 0.9955874681472778
1814.3895876102586 0.9955217242240906
1814.4104202345727 0.9947643280029297
1814.4312528596577 0.9958104491233826
1814.4520854854445 0.9958395957946777
1814.4729181121045 0.9951825737953186
1814.4937507395618 0.9954274892807007
1814.5145833679737 0.9949359893798828
1814.5354159972871 0.9953687191009521
1814.5562486276776 0.9949679374694824
1814.577081259063 0.996163547039032
1814.5979138916396 0.995784342288971
1814.6187465253354 0.9961270093917847
1814.6395791603688 0.9957979917526245
1814.6604117966385 0.9959748387336731
1814.681244434388 0.9958973526954651
1814.7020770735235 0.9957093596458435
1814.7229097143168 0.9951776266098022
1814.7437423566416 0.995619535446167
1814.7645750008005 0.9960281252861023
1814.7854076466729 0.9958562850952148
1814.806240294596 0.9960711002349854
1814.827072944403 0.9964480996131897
1814.8479055964985 0.9963059425354004
1814.8687382506987 0.9974982142448425
1814.8895709074177 0.9970356822013855
1814.910403566483 0.9969159960746765
1814.9312362283515 0.9969702959060669
1814.9520688928094 0.9969797730445862
1814.9729015603568 0.9966520071029663
1814.9937342307771 0.9956662654876709
1815.0145669046115 0.9967421293258667