1790.681863788483 1.0001540184020996
1790.7026973870197 0.9998013377189636
1790.7235309831246 0.9999553561210632
1790.7443645769683 0.9997803568840027
1790.7651981684796 0.9998282790184021
1790.7860317578218 0.9996338486671448
1790.806865344924 0.9999029040336609
1790.8276989299425 0.999792754650116
1790.8485325128074 0.99925696849823
1790.869366093668 0.99826979637146
1790.8901996724555 0.9973983764648438
1790.911033249313 0.997576117515564
1790.9318668241724 0.9983234405517578
1790.9527003971705 0.9975138306617737
1790.9735339682404 0.9965547919273376
1790.9943675375134 0.9967158436775208
1791.0152011049227 0.9973715543746948
1791.036034670595 0.9979116916656494
1791.0568682344647 0.9970598220825195
1791.077701796653 0.9976224303245544
1791.098535357095 0.9973996877670288
1791.3902050382383 1.004199743270874
1791.411038575919 1.0050233602523804
1791.4318721121922 1.0052820444107056
1791.4527056471482 1.0056387186050415
1791.4735391807278 1.0057097673416138
1791.4943727130192 1.0058374404907227
1791.5152062439638 1.0056425333023071
1791.5360397736476 1.0053215026855469
1791.556873302013 1.0049000978469849
1791.5777068291432 1.0041863918304443
1791.5985403549812 1.0048412084579468
1791.6193738796087 1.0032238960266113
1791.640207402969 1.0039623975753784
1791.6610409251414 1.002647042274475
1791.6818744460704 1.0028082132339478
1791.7027079658337 1.0034189224243164
1791.7235414843758 1.0025931596755981
1791.7443750017726 1.003191351890564
1791.7652085179695 1.002626895904541
1791.7860420330405 1.0027453899383545
1791.806875546932 1.002670168876648
1791.8277090597164 1.0029492378234863
1791.84854257134 1.002589225769043
1791.869376081874 1.002327799797058
1791.8902095912656 1.0023096799850464
1791.9110430995843 1.0018823146820068
1791.931876606778 1.0022437572479248
1791.9527101129145 1.0017794370651245
1791.9735436179426 1.0015716552734375
1791.9943771219287 1.001434326171875
1792.015210624822 1.0017764568328857
1792.0360441266876 1.0015003681182861
1792.0568776274677 1.0011545419692993
1792.0777111272275 1.001036524772644
1792.0985446259308 1.0006877183914185
1792.1193781236411 1.0002883672714233
1792.140211620301 0.999920666217804
1792.161045115973 1.0009307861328125
1792.1818786106076 1.0006301403045654
1792.2027121042668 1.0008199214935303
1792.223545596901 1.0010815858840942
1792.244379088571 1.0013136863708496
1792.2652125792279 1.000717043876648
1792.2860460689315 1.0008442401885986
1792.3068795576335 1.0008853673934937
1792.327713045393 1.0006210803985596
1792.3485465321617 1.000818133354187
1792.3693800179976 1.000600814819336
1792.3902135028536 1.0006914138793945
1792.4110469867862 1.0006892681121826
1792.431880469749 1.0009655952453613
1792.4527139517982 1.0008246898651123
1792.4735474328868 1.0007474422454834
1792.4943809130707 1.000301480293274
1792.5152143923033 1.00029718875885
1792.5360478706395 1.0005435943603516
1792.5568813480336 1.0003288984298706
1792.5777148245397 1.000328540802002
1792.598548300112 1.00079345703125
1792.6193817748042 1.0006747245788574
1792.6402152485712 1.0004000663757324
1792.6610487214652 0.9999315738677979
1792.681882193442 1.0003679990768433
1792.7027156645638 0.9984502196311951
1792.7235491347558 1.0001990795135498
1792.7443826041094 0.9998248219490051
1792.7652160725409 0.9998303055763245
1792.7860495401405 0.9997639656066895
1792.8068830068253 1.0000097751617432
1792.8277164726853 1.0003331899642944
1792.8485499376368 1.0003554821014404
1792.86938340177 1.0002310276031494
1792.8902168650013 0.9999578595161438
1792.9110503274203 0.9999062418937683
1792.9318837889439 1.0003587007522583
1792.9527172496612 0.9999826550483704
1792.9735507094895 1.0001132488250732
1792.994384168517 1.0002254247665405
1793.015217626661 1.0000460147857666
1793.03605108401 0.9999321699142456
1793.0568845404819 0.9998939633369446
1793.0777179961638 0.9995694160461426
1793.0985514509837 0.999982476234436
1793.1193849049992 1.000227451324463
1793.1402183581683 1.0001769065856934
1793.1610518105376 1.0000091791152954
1793.181885262056 0.9996277689933777
1793.2027187127997 1.000071406364441
1793.2235521626972 1.000018835067749
1793.2443856118045 1.0004395246505737
1793.2652190600809 1.0002353191375732
1793.2860525075716 1.0000053644180298
1793.3068859542261 1.0000282526016235
1793.3277194001196 0.9995099902153015
1793.3485528451813 1.0002589225769043
1793.3693862894663 1.0000214576721191
1793.3902197329342 1.0002211332321167
1793.411053175629 1.0000648498535156
1793.4318866175113 1.0000340938568115
1793.452720058625 0.9997299313545227
1793.4735534989302 1.000247597694397
1793.4943869384706 0.9997885823249817
1793.5152203772068 1.000090479850769
1793.5360538151817 1.0002620220184326
1793.5568872523565 1.0001847743988037
1793.5777206887742 1.0000786781311035
1793.5985541243954 0.9998525381088257
1793.6193875592628 1.0001527070999146
1793.6402209933376 1.0000156164169312
1793.6610544266623 0.9998721480369568
1793.681887859198 0.999207079410553
1793.702721290987 0.9999721050262451
1793.723554721991 0.9994425773620605
1793.7443881522613 0.9999841451644897
1793.7652215817297 0.99978107213974
1793.7860550104679 1.0000131130218506
1793.806888438428 0.9996840357780457
1793.8277218656608 0.9998354911804199
1793.8485552920986 0.999854326248169
1793.8693887178224 1.0000568628311157
1793.8902221427545 0.9998586773872375
1793.9110555669754 0.9996020793914795
1793.9318889904077 0.9999220967292786
1793.952722413132 0.9996869564056396
1793.9735558350708 0.9998379349708557
1793.9943892563042 0.9998730421066284
1794.0152226767552 0.9998467564582825
1794.0360560965034 0.9995946884155273
1794.0568895154724 0.9999614953994751
1794.0777229337416 1.000008225440979
1794.098556351244 0.9998458623886108
1794.1193897680294 0.9997647404670715
1794.1402231840607 1.0000110864639282
1794.1610565993772 0.999917209148407
1794.1818900139328 0.9999841451644897
1794.2027234277966 0.9999317526817322
1794.2235568409017 1.000064492225647
1794.2443902532973 1.0000110864639282
1794.2652236649471 0.9996870756149292
1794.2860570758894 0.9996140599250793
1794.3068904860888 0.9998514652252197
1794.3277238955834 0.9999164342880249
1794.348557304337 0.999638557434082
1794.3693907123882 0.9995408654212952
1794.390224119701 0.9996756911277771
1794.4110575263137 0.9995187520980835
1794.4318909321903 0.9994586706161499
1794.452724337369 0.9997280240058899
1794.4735577418144 0.9998122453689575
1794.4943911455737 0.9997546076774597
1794.5152245485817 0.9999077320098877
1794.5360579509158 0.9997590780258179
1794.5568913525012 0.9993172883987427
1794.577724753415 0.9995673298835754
1794.598558153582 0.9996210336685181
1794.6193915530791 0.9996881484985352
1794.640224951832 0.9997105598449707
1794.6610583499169 1.0000017881393433
1794.6818917472592 0.9995177388191223
1794.7027251439363 0.9994333982467651
1794.7235585398828 0.9994133114814758
1794.7443919351458 0.9995395541191101
1794.76522532969 0.9998018741607666
1794.7860587235527 0.9996696710586548
1794.806892116689 0.9997532367706299
1794.8277255091655 0.9994224309921265
1794.8485589009174 0.9989914298057556
1794.8693922919913 0.9993637800216675
1794.8902256823526 0.9995371699333191
1794.911059072038 0.9995520710945129
1794.9318924610122 0.9992479085922241
1794.9735592369036 0.999977707862854
1794.994392623822 0.9994398355484009
1795.0152260100338 0.9999677538871765
1795.0360593955745 0.9999351501464844
1795.0568927804086 1.000047206878662
1795.0777261645724 1.000040888786316
1795.098559548034 1.000099539756775
1795.1193929308392 1.0001758337020874
1795.1402263129228 0.9998466968536377
1795.1610596943603 0.999989926815033
1795.1818930750778 0.9999212026596069
1795.2027264551512 0.9997612833976746
1795.2235598345062 0.9997850656509399
1795.2443932132185 0.9997431039810181
1795.2652265912143 0.9997212886810303
1795.286059968569 0.9995500445365906
1795.3068933452084 0.9997389316558838
1795.3277267212081 0.9999808669090271
1795.348560096495 0.9998012185096741
1795.3693934711434 0.999981701374054
1795.3902268450904 0.9998753070831299
1795.4110602183803 0.9998758435249329
1795.4318935909803 0.9999257922172546
1795.4527269629252 1.000091314315796
1795.4735603341817 0.9999268054962158
1795.4943937047842 1.000117301940918
1795.5152270747 0.9997384548187256
1795.5360604439632 0.9999195337295532
1795.5568938125411 0.9996724128723145
1795.577727180468 0.999991238117218
1795.5985605477113 1.0001237392425537
1795.6193939143147 0.9996607899665833
1795.640227280216 0.9998031854629517
1795.6610606454892 0.9999465346336365
1795.6818940100613 0.9997778534889221
1795.7027273740066 0.9997539520263672
1795.7235607372527 1.0000152587890625
1795.744394099873 0.9996974468231201
1795.7652274617958 0.9998825192451477
1795.7860608230942 0.999881386756897
1795.8068941836962 0.9998751282691956
1795.827727543675 0.9998846650123596
1795.8485609029694 0.9998599290847778
1795.869394261622 1.0000109672546387
1795.8902276196009 1.0001343488693237
1795.9110609769396 0.9999101758003235
1795.9318943336061 0.9997873902320862
1795.9527276896335 0.9997321963310242
1795.9735610449904 1.0000892877578735
1795.9943943997093 1.0001178979873657
1796.015227753759 0.99992835521698
1796.0360611071824 0.9997596740722656
1796.0568944599174 0.9999450445175171
1796.0777278120372 1.0000711679458618
1796.0985611634708 1.0000122785568237
1796.11939451429 0.9999107718467712
1796.140227864424 0.9999104142189026
1796.1610612139455 0.9999814033508301
1796.1818945627826 0.9997606873512268
1796.2027279110087 0.9996883273124695
1796.2235612585519 1.0000033378601074
1796.244394605485 0.9999233484268188
1796.2652279517467 0.9998084902763367
1796.2860612973793 0.9996947646141052
1796.3068946423518 0.9999920129776001
1796.3277279866968 0.99997478723526
1796.348561330383 0.9996059536933899
1796.3693946734427 0.9995496273040771
1796.390228015845 0.9998166561126709
1796.4110613576217 0.9995311498641968
1796.4318946987423 0.9999096989631653
1796.452728039239 0.9994435906410217
1796.4735613790808 0.9996824264526367
1796.4943947183096 0.9997274875640869
1796.5152280568652 0.9997388124465942
1796.5360613948187 0.9996100068092346
1796.5568947320999 0.9995613694190979
1796.5777280687807 0.9995250105857849
1796.5985614047906 0.9996553063392639
1796.6193947402012 0.9994573593139648
1796.6402280749521 0.9993498921394348
1796.6610614090846 0.9996488094329834
1796.6818947425588 0.9995638132095337
1796.7027280754362 0.9993854761123657
1796.7235614076565 0.9997288584709167
1796.744394739261 0.9997054934501648
1796.7652280702198 0.9993954300880432
1796.7860614005638 0.9992815852165222
1796.8068947302631 0.9994648694992065
1796.8277280593493 0.9994058012962341
1796.8485613877924 0.9996128678321838
1796.869394715633 0.9995072484016418
1796.890228042812 0.9993235468864441
1796.9110613693997 0.9995009899139404
1796.9318946953267 0.9998343586921692
1796.952728020664 0.9995198249816895
1796.973561345342 0.9993588924407959
1796.9943946694314 0.9992601871490479
1797.015227992863 0.9996242523193359
1797.0360613157068 0.999394416809082
1797.0568946378937 0.9989592432975769
1797.0777279594947 0.999164342880249
1797.0985612804504 0.9993503093719482
1797.119394600801 0.9993347525596619
1797.1402279205174 0.9992617964744568
1797.16106123963 0.9992779493331909
1797.18189455811 0.9990943074226379
1797.2027278759872 0.9989933371543884
1797.2235611932333 0.9990195035934448
1797.2443945098878 0.999167263507843
1797.2652278258925 0.9991534352302551
1797.2860611413168 0.999098539352417
1797.3068944560926 0.9988349080085754
1797.3277277702894 0.9989168643951416
1797.348561083839 0.9991018176078796
1797.3693943968108 0.9992703199386597
1797.390227709147 0.998960018157959
1797.4110610208866 0.998805582523346
1797.4318943320013 0.9988863468170166
1797.4527276425213 0.9991838932037354
1797.4735609524182 0.9988386631011963
1797.4943942617213 0.9989914894104004
1797.5152275704027 0.9990221858024597
1797.5360608785013 0.9939009547233582
1797.5568941859597 0.9773660898208618
1797.5777274928469 0.9609985947608948
1797.5985607990954 0.9555470943450928
1797.6193941047738 0.9534345865249634
1797.640227409815 0.952130913734436
1797.6610607142875 0.9517235159873962
1797.681894018124 0.9515641331672668
1797.7027273213935 0.9519469141960144
1797.7235606240388 0.9529541730880737
1797.744393926098 0.9548265337944031
1797.7652272275443 0.9584335684776306
1797.7860605284063 0.972630500793457
1797.8068938286567 0.9902629852294922
1797.827727128324 0.9986075162887573
1797.848560427382 0.9986112117767334
1797.8693937258681 0.9984779953956604
1797.890227023726 0.9985455274581909
1797.911060321024 0.9990180134773254
1797.9318936176949 0.9988930821418762
1797.9527269138075 0.9989304542541504
1797.9735602092949 0.9988327622413635
1797.9943935042252 0.9987285137176514
1798.0152267985422 0.998908281326294
1798.0360600922836 0.9989914298057556
1798.056893385423 0.9988557696342468
1798.0777266779887 0.9987407922744751
1798.0985599699543 0.9988915920257568
1798.1193932613473 0.9989673495292664
1798.1402265521422 0.9989756941795349
1798.1610598423763 0.998913586139679
1798.1818931319935 0.9991933703422546
1798.2027264210517 0.9990348815917969
1798.2235597095153 0.9993343353271484
1798.244392997421 0.9990680813789368
1798.2652262847141 0.9993953108787537
1798.2860595714612 0.9993118047714233
1798.3068928575974 0.9995824098587036
1798.3277261431892 0.9995728731155396
1798.3485594281822 0.9991313219070435
1798.3693927126128 0.9993845820426941
1798.3902259964564 0.999415397644043
1798.411059279739 0.9995018839836121
1798.4318925624366 0.9995139837265015
1798.4527258445755 0.999521791934967
1798.4735591261315 0.9995322823524475
1798.4943924071404 0.99986332654953
1798.5152256875483 0.99983811378479
1798.5360589674212 0.9996511340141296
1798.5568922466953 0.9996767044067383
1798.5777255254366 0.9996885657310486
1798.598558803581 0.99990314245224
1798.6193920811945 0.9993708729743958
1798.6402253582237 0.9998647570610046
1798.661058634704 1.0000237226486206
1798.6818919106117 0.9999329447746277
1798.7027251859731 0.9998831748962402
1798.7235584607647 1.0003244876861572
1798.7443917350215 1.0001070499420166
1798.7652250086912 1.000223159790039
1798.7860582818382 1.0001975297927856
1798.8068915544004 1.0003926753997803
1798.8277248264426 1.0002505779266357
1798.8485580979025 1.0002737045288086
1798.8693913688446 1.0003284215927124
1798.890224639217 1.0001717805862427
1798.911057909054 1.0000594854354858
1798.9318911783341 0.9996989965438843
1798.9527244470812 1.0002726316452026
1798.9735577152744 0.9998429417610168
1798.994390982947 0.9999277591705322
1799.0152242500485 1.0002084970474243
1799.0360575166421 0.9998762607574463
1799.056890782686 1.0000978708267212
1799.077724048242 1.000622034072876
1799.0985573132145 0.999811589717865
1799.1193905776674 1.0001329183578491
1799.1402238415683 1.000061273574829
1799.1610571049498 1.0000853538513184
1799.1818903677922 1.0001484155654907
1799.2235568919089 1.000767707824707
1799.2443901531863 1.0007165670394897
1799.2652234139314 1.0006976127624512
1799.2860566741765 1.0006911754608154
1799.3068899338728 1.0006955862045288
1799.3277231930824 1.000615119934082
1799.348556451747 1.0005912780761719
1799.3693897099283 1.0004554986953735
1799.3902229675687 1.000736951828003
1799.411056224729 1.000634789466858
1799.431889481362 1.0004830360412598
1799.452722737499 1.0006672143936157
1799.473555993123 1.000701665878296
1799.4943892482545 1.0006524324417114
1799.5152225028771 1.0008430480957031
1799.5360557570114 1.000362753868103
1799.556889010641 1.0006870031356812
1799.5777222637964 1.000595211982727
1799.598555516432 1.0006893873214722
1799.6193887686072 1.0005238056182861
1799.6402220202776 1.0006965398788452
1799.6610552714722 1.0005697011947632
1799.6818885221762 1.0008010864257812
1799.7027217724094 1.0006797313690186
1799.7235550221576 1.000571846961975
1799.7443882714392 1.0005179643630981
1799.7652215202413 1.000403881072998
1799.7860547685918 1.0006178617477417
1799.8068880164483 1.0005991458892822
1799.8277212638684 1.0007380247116089
1799.8485545108006 1.0004864931106567
1799.8693877573016 1.0005884170532227
1799.8902210033204 1.0004853010177612
1799.911054248914 1.0005977153778076
1799.9318874940416 1.0005217790603638
1799.95272073873 1.000461220741272
1799.9735539829692 1.0004141330718994
1799.994387226775 1.0004644393920898
1800.0152204701385 1.0004351139068604
1800.036053713085 1.0002788305282593
1800.0568869555768 1.0003396272659302
1800.0777201976682 1.0002174377441406
1800.0985534393124 1.0001237392425537
1800.1193866805634 1.0003058910369873
1800.1402199213849 1.0000405311584473
1800.1610531618005 1.0003710985183716
1800.1818864018053 1.000145673751831
1800.2027196414117 1.0003058910369873
1800.2235528806164 1.0002174377441406
1800.2443861194306 1.0000354051589966
1800.2652193578522 1.000338077545166
1800.2860525959018 1.0004981756210327
1800.3068858335487 1.0002092123031616
1800.327719070843 0.9998897314071655
1800.348552307744 1.0004340410232544
1800.3693855443023 1.0000945329666138
1800.3902187804883 1.0004829168319702
1800.411052016321 1.0000213384628296
1800.431885251803 1.0001280307769775
1800.452718486942 1.0003606081008911
1800.4735517217428 1.0002132654190063
1800.4943849562217 1.0000258684158325
1800.5152181903545 1.0000661611557007
1800.5360514241872 1.0001180171966553
1800.5568846576878 1.0002261400222778
1800.5777178909004 1.0001137256622314
1800.598551123805 1.0001859664916992
1800.619384356415 0.9999833703041077
1800.6402175887417 1.0
1800.6610508207878 1.0001330375671387
1800.6818840525668 0.9999952912330627
1800.7027172840799 1.0002905130386353
1800.723550515343 1.0002682209014893
1800.7443837463659 1.0004266500473022
1800.7652169771368 1.0002669095993042
1800.786050207694 1.0000935792922974
1800.8068834380188 1.0005067586898804
1800.8277166681478 1.0000580549240112
1800.8485498980747 1.000268816947937
1800.869383127805 1.0004633665084839
1800.8902163573648 0.9999659657478333
1800.9110495867483 1.0001369714736938
1800.931882815985 1.000009298324585
1800.952716045077 0.9999983906745911
1800.9735492740276 1.0001879930496216
1800.9943825028668 1.0003074407577515
1801.015215731591 1.0001567602157593
1801.0360489602285 0.9999757409095764
1801.0568821887907 0.9999414682388306
1801.0777154172729 1.000220537185669
1801.0985486457205 1.0001893043518066
1801.119381874117 1.0003550052642822
1801.1402151025125 0.9999682307243347
1801.1610483308975 1.0002268552780151
1801.1818815592978 1.0000337362289429
1801.2027147877313 1.0002496242523193
1801.2235480162192 1.0002679824829102
1801.2443812447764 1.000260829925537
1801.26521447344 1.000146746635437
1801.2860477021918 0.9997993111610413
1801.3068809311062 1.000153660774231
1801.3277141601511 1.0000710487365723
1801.3485473894082 1.000266432762146
1801.369380618852 0.9999119639396667
1801.3902138485419 0.9996403455734253
1801.4110470784783 1.0001089572906494
1801.43188030872 1.0001977682113647
1801.4527135392632 1.0001816749572754
1801.4735467701857 0.9999880194664001
1801.494380001449 1.0003615617752075
1801.515213233172 1.0000615119934082
1801.5360464653006 1.000220537185669
1801.5568796979667 1.0002964735031128
1801.5777129311093 0.99991375207901
1801.5985461648738 1.0000041723251343
1801.6193793992031 1.000032901763916
1801.6402126342275 0.9999669790267944
1801.661045869912 1.0002474784851074
1801.6818791064043 0.9999677538871765
1801.7027123436312 1.0002636909484863
1801.7235455817884 1.0004005432128906
1801.7443788207847 1.0000083446502686
1801.7652120608354 1.0000247955322266
1801.7860453018498 0.9998427033424377
1801.8068785440362 0.9997735023498535
1801.8277117873233 1.0002020597457886
1801.8485450319338 1.0001449584960938
1801.8693782777848 1.0001661777496338
1801.890211525137 1.0002533197402954
1801.9110447738635 1.0002700090408325
1801.9318780242859 1.0002551078796387
1801.9527112762537 1.0000282526016235
1801.9735445301196 1.000144600868225
1801.9943777857281 1.0000317096710205
1802.0152110434371 1.0002840757369995
1802.0360443031038 1.0001106262207031
1802.0568775651184 1.0001773834228516
1802.0777108293191 1.0002713203430176
1802.0985440961279 1.0001468658447266
1802.1193773653335 1.000246286392212
1802.14021063744 1.0004005432128906
1802.1610439122142 1.0004223585128784
1802.1818771901585 1.0007522106170654
1802.2027104710473 1.000484824180603
1802.2235437554084 1.0003352165222168
1802.2443770429638 1.0005074739456177
1802.265210334283 1.0000940561294556
1802.286043629056 1.0003451108932495
1802.306876927844 1.0005766153335571
1802.3277102303177 1.0004249811172485
1802.3485435369985 1.0007320642471313
1802.3693768475525 1.0008456707000732
1802.3902101623923 1.000776767730713
1802.411043481206 1.000695824623108
1802.43187680427 1.0008467435836792
1803.4735424784533 1.0009187459945679
1803.4943757246622 1.0009276866912842
1803.5152089684439 1.000835657119751
1803.5360422100043 1.0007286071777344
1803.5568754492444 1.0007871389389038
1803.5777086863327 1.0007507801055908
1803.5985419212006 1.0007665157318115
1803.6193751540104 1.0007795095443726
1803.6402083846642 1.0009795427322388
1803.6610416133472 1.00071120262146
1803.681874839953 1.0005266666412354
1803.7027080646608 1.0005838871002197
1803.7235412873742 1.0007598400115967
1803.7443745082373 1.000698447227478
1803.7652077271844 1.000831127166748
1803.7860409443535 1.0007563829421997
1803.8068741596503 1.0006927251815796
1803.8277073732384 1.0007156133651733
1803.848540585023 1.0008169412612915
1803.8693737951335 1.0006777048110962
1803.8902070035062 1.0008264780044556
1803.9110402102554 1.0007994174957275
1803.9318734153185 1.0006839036941528
1803.9527066188061 1.000612735748291
1803.9735398206558 1.0008773803710938
1803.9943730209843 1.0006022453308105
1804.0152062197003 1.0007100105285645
1804.0360394169468 1.0006242990493774
1804.0568726126328 1.0008898973464966
1804.0777058068688 1.0005083084106445
1804.098538999594 1.0009182691574097
1804.1193721909156 1.0008445978164673
1804.1402053807437 1.0009818077087402
1804.1610385692125 1.0005578994750977
1804.1818717562228 1.000698447227478
1804.2027049419062 1.0005860328674316
1804.223538126174 1.000542163848877
1804.2443713091252 1.0004137754440308
1804.2652044907015 1.0007100105285645
1804.2860376710003 1.0006283521652222
1804.3068708499336 1.0003526210784912
1804.3277040276257 1.0006183385849
1804.3485372039902 1.0004268884658813
1804.3693703791191 1.0005041360855103
1804.3902035529559 1.000592827796936
1804.4110367255814 1.0001599788665771
1804.4318698969398 0.9999578595161438
1804.4527030671195 1.0006746053695679
1804.473536236035 0.999801516532898
1804.4943694038034 0.9992144107818604
1804.5152025703296 0.9999679923057556
1804.536035735729 0.9992665648460388
1804.5568688999176 0.9993545413017273
1804.5777020629785 0.9994845986366272
1804.5985352248583 0.9996224045753479
1804.6193683856388 0.9997210502624512
1804.640201545237 0.9996305108070374
1804.6610347037633 0.9993608593940735
1804.6818678611253 0.9996394515037537
1804.702701017432 1.0000489950180054
1804.7235341726014 0.9992215037345886
1804.7443673267112 0.9993213415145874
1804.7652004797098 0.999716579914093
1804.786033631674 0.9990496039390564
1804.8068667825225 0.999221920967102
1804.827699932361 0.9991676211357117
1804.8485330811086 1.0003201961517334
1804.8693662288395 0.999068021774292
1804.8901993755032 1.000036597251892
1804.9110325211639 0.9992669820785522
1804.9318656657713 0.9990138411521912
1804.9526988093974 0.9988117218017578
1804.9735319519632 0.9996464252471924
1804.9943650935695 0.9995572566986084
1805.0151982341279 0.9990100860595703
1805.0360313737383 0.99931800365448
1805.0568645123226 0.9995514154434204
1805.0776976499599 0.9993467926979065
1805.0985307865722 0.9993427991867065
1805.119363922258 0.9989713430404663
1805.1401970569293 0.9989833235740662
1805.1610301906844 0.9990814924240112
1805.181863323446 0.9990406632423401
1805.2026964552801 0.9994493722915649
1805.2235295861408 0.9996169209480286
1805.2443627160937 0.999477207660675
1805.2651958450624 0.9998087286949158
1805.2860289731423 0.998992919921875
1805.3068621002571 0.9995300769805908
1805.3276952264719 0.9991708993911743
1805.3485283517405 0.9992764592170715
1805.3693614761266 0.9995728135108948
1805.3901945995553 0.9994000792503357
1805.4110277221198 0.9990008473396301
1805.4318608437352 0.9992327690124512
1805.4526939644936 0.9996166229248047
1805.473527084321 0.9993169903755188
1805.4943602032786 0.9989938139915466
1805.5151933213226 0.9994267225265503
1805.5360264385142 0.999991238117218
1805.5568595547795 0.9996901750564575
1805.5776926702092 0.9994086027145386
1805.5985257847299 0.9996214509010315
1805.6193588984013 0.9993484020233154
1805.64019201118 0.9996969103813171
1805.6610251231166 0.9994606971740723
1805.6818582341673 0.9993264675140381
1805.7026913443913 0.998941957950592
1805.7235244537162 0.9987226724624634
1805.74435756223 0.9987072944641113
1805.765190669861 0.9984563589096069
1805.786023776667 0.9994950294494629
1805.806856882606 0.9996204972267151
1805.8276899877355 0.9996492862701416
1805.848523091984 0.9996502995491028
1805.869356195438 0.9995989203453064
1805.8901892980164 0.9988071918487549
1805.911022399806 1.000010371208191
1805.9318555007353 0.9994903206825256
1805.9526886008607 0.9990015029907227
1805.9735217001414 1.0000330209732056
1805.994354798633 0.9997844099998474
1806.0151878962645 1.0003135204315186
1806.0360209931218 0.9995629787445068
1806.0568540891384 0.9997456073760986
1806.0776871843682 0.999452531337738
1806.0985202787647 1.0000916719436646
1806.1193533723826 1.0002938508987427
1806.140186465155 0.9999389052391052
1806.1610195571668 0.9997344017028809
1806.1818526483378 0.9999443888664246
1806.2026857387518 1.0001766681671143
1806.2235188283398 0.9996973276138306
1806.244351917155 1.0004743337631226
1806.2651850051577 1.0005401372909546
1806.2860180924022 1.0000358819961548
1806.3068511788185 1.0003442764282227
1806.3276842644902 1.0001283884048462
1806.348517349348 1.0000413656234741
1806.3693504334447 1.0000596046447754
1806.3901835167412 1.0004113912582397
1806.4110165992904 1.000146508216858
1806.4318496810238 1.000038504600525
1806.4526827620232 0.9996377825737
1806.4735158422102 0.9999451637268066
1806.4943489216669 0.9996870160102844
1806.5151820003246 0.9999068379402161
1806.5360150782353 1.0005719661712646
1806.5568481553612 0.9998583197593689
1806.577681231753 0.9996369481086731
1806.5985143073435 1.0001678466796875
1806.6193473822134 1.0002514123916626
1806.6401804562947 1.0002305507659912
1806.6610135296387 1.000177264213562
1806.6818466022078 0.9999386668205261
1806.7026796740524 1.0002124309539795
1806.7235127451054 0.9999434947967529
1806.7443458154466 1.0000660419464111
1806.7651788850096 1.0002325773239136
1806.786011953844 1.0001071691513062
1806.806845021913 1.0002363920211792
1806.8276780892659 1.0001603364944458
1806.8485111558366 0.9999905824661255
1806.869344221704 1.0002191066741943
1806.890177286792 0.9996833801269531
1806.91101035118 1.000468134880066
1806.931843414801 0.9997097849845886
1806.9526764777145 0.9999451041221619
1806.9735095398541 1.0001163482666016
1806.9943426012985 1.0001356601715088
1807.0151756619719 0.9999638199806213
1807.0360087219528 0.999958872795105
1807.0568417811753 0.9999430179595947
1807.0776748396877 1.0004451274871826
1807.098507897454 1.0003513097763062
1807.1193409545228 1.000152826309204
1807.1401740108286 0.9998216032981873
1807.1610070664487 1.0003087520599365
1807.1818401213184 1.000334620475769
1807.2026731754852 0.9999282360076904
1807.2235062289135 0.9993774890899658
1807.244339281651 0.9998698234558105
1807.265172333633 0.999316394329071
1807.2860053849363 0.999854326248169
1807.3068384354963 0.999481201171875
1807.32767148536 0.9997158646583557
1807.3485045344926 0.9996415376663208
1807.3693375829305 1.000102162361145
1807.3901706306401 0.9995915293693542
1807.4110036776676 0.9996230006217957
1807.4318367239584 0.9992085099220276
1807.4526697695592 0.9997058510780334
1807.4735028144357 0.9996249079704285
1807.4943358586238 0.9993135333061218
1807.5151689020902 0.9997191429138184
1807.5360019448804 0.9995816349983215
1807.5568349869302 0.9993587732315063
1807.5776680283163 0.999126672744751
1807.5985010689742 1.0002453327178955
1807.6193341089497 0.9996428489685059
1807.6401671482097 0.9997367262840271
1807.6610001867991 0.9998188018798828
1807.6818332246546 1.000349998474121
1807.7026662618518 0.9999478459358215
1807.7234992983267 0.9994520545005798
1807.7443323341251 0.999363362789154
1807.7651653692135 0.9998797178268433
1807.785998403637 1.0001516342163086
1807.8068314373324 0.9999366998672485
1807.8276644703749 0.9997257590293884
1807.848497502701 1.000275731086731
1807.8693305343556 1.0000278949737549
1807.8901635653058 0.9999345541000366
1807.9109965955965 1.000085711479187
1807.9318296251647 1.0003230571746826
1807.9526626540849 0.9993969202041626
1807.9734956822942 0.9995676875114441
1808.0151617366812 1.0004031658172607
1808.0359947628606 1.000689148902893
1808.0568277883426 1.000537395477295
1808.0776608131716 1.0001028776168823
1808.098493837295 1.0002844333648682
1808.119326860757 1.0005236864089966
1808.140159883525 1.0005732774734497
1808.1609929056333 1.0006366968154907
1808.1818259270492 1.000801920890808
1808.2026589478169 1.0005689859390259
1808.223491967874 1.0005935430526733
1808.244324987294 1.0001164674758911
1808.2651580060153 1.0009008646011353
1808.285991024081 1.0005841255187988
1808.3068240414598 1.000785231590271
1808.3276570581947 1.0006288290023804
1808.3484900742337 1.000885009765625
1808.3693230896201 1.0006252527236938
1808.3901561043228 1.000625729560852
1808.4109891183844 1.0008901357650757
1808.4318221317433 1.0008153915405273
1808.4526551444728 1.0008749961853027
1808.473488156511 1.0008556842803955
1808.4943211679015 1.0008364915847778
1808.5151541786122 1.0009022951126099
1808.5359871886762 1.0004911422729492
1808.5568201980623 1.0008320808410645
1808.577653206813 1.0006451606750488
1808.5984862148673 1.000719666481018
1808.6193192222972 1.0008645057678223
1808.6401522290425 1.0008385181427002
1808.660985235155 1.000706434249878
1808.681818240574 1.0008994340896606
1808.702651245372 1.0010732412338257
1808.7234842494772 1.0007684230804443
1808.744317252963 1.00080144405365
1808.7651502557678 1.0006433725357056
1808.7859832579443 1.0009394884109497
1808.8068162594313 1.0008141994476318
1808.827649260301 1.0006704330444336
1808.8484822604828 1.0008028745651245
1808.8693152600488 1.000797152519226
1808.890148258938 1.0008766651153564
1808.9109812572028 1.0007250308990479
1808.9318142547825 1.00058913230896
1808.9526472517487 1.000326156616211
1808.9734802480411 1.0006462335586548
1808.9943132437015 1.0004353523254395
1809.0151462386996 1.000396490097046
1809.0359792330767 1.0004769563674927
1809.0568122267728 1.0001721382141113
1809.0776452198593 0.9999242424964905
1809.098478212276 0.9999628663063049
1809.1193112040646 0.9998914003372192
1809.1401441951948 0.9994094371795654
1809.1609771857081 1.0005757808685303
1809.1818101755443 1.0006000995635986
1809.2026431647746 0.9995512366294861
1809.223476153329 0.9999098181724548
1809.2443091412792 1.000349998474121
1809.265142128565 1.000288486480713
1809.2859751152373 1.000265121459961
1809.3068081012366 1.000382423400879
1809.3276410866338 1.000237226486206
1809.348474071359 1.0002026557922363
1809.3693070554837 0.9999353885650635
1809.3901400389477 1.0002894401550293
1809.4109730218022 0.9998651146888733
1809.4318060039877 1.000218152999878
1809.4526389855746 0.9996209144592285
1809.4734719664934 1.0000025033950806
1809.4943049468152 0.9999222755432129
1809.5151379264805 1.000309705734253
1809.53597090554 0.9990062117576599
1809.556803883934 0.9998290538787842
1809.577636861733 1.0000474452972412
1809.5984698388681 0.9998415112495422
1809.6193028154098 0.9997351169586182
1809.640135791299 0.999761164188385
1809.6609687665855 0.9999611973762512
1809.6818017412108 1.000258445739746
1809.702634715245 0.9999410510063171
1809.723467688629 1.0000693798065186
1809.744300661403 0.9996303915977478
1809.7651336335384 0.99931401014328
1809.785966605075 0.999666690826416
1809.806799575954 1.0001319646835327
1809.8276325462457 0.9998354911804199
1809.848465515891 1.000112533569336
1809.86929848493 1.0002282857894897
1809.8901314533343 0.999871015548706
1809.9109644211435 1.0004838705062866
1809.9317973883092 0.9991243481636047
1809.9526303548707 0.999422013759613
1809.9734633208 0.9992914199829102
1809.994296286137 0.9997173547744751
1810.0151292508228 0.9999808073043823
1810.0359622149272 0.9997687935829163
1810.0567951783921 0.9991639852523804
1810.0776281412568 0.9995487928390503
1810.098461103493 0.9994287490844727
1810.1192940651404 0.999679684638977
1810.140127026141 1.0001412630081177
1810.1609599865637 0.999811589717865
1810.1817929463512 1.0000782012939453
1810.202625905542 0.9996381402015686
1810.2234588641084 0.999611496925354
1810.2442918220897 1.0000369548797607
1810.2651247794283 1.000000238418579
1810.2859577361928 1.0000187158584595
1810.3067906923259 1.0003979206085205
1810.327623647866 0.9997157454490662
1810.3484566027864 0.9997826218605042
1810.3692895571253 0.9998577237129211
1810.390122510826 0.999916672706604
1810.4109554639558 1.0003085136413574
1810.4317884164589 1.0003910064697266
1810.4526213683728 1.0000962018966675
1810.4734543196712 1.000038743019104
1810.4942872703919 0.9997663497924805
1810.5151202204884 0.9998906254768372
1810.5359531699985 1.000354290008545
1810.5567861188958 1.000732421875
1810.5776190672182 1.0005691051483154
1810.5984520149093 1.0004074573516846
1810.6192849620368 1.0005069971084595
1810.6401179085444 1.0005496740341187
1810.6609508544698 1.0004417896270752
1810.681783799787 1.00051748752594
1810.702616744533 1.0007821321487427
1810.7234496886524 0.9999402165412903
1810.7442826322124 0.9997996687889099
1810.7651155751573 1.0001204013824463
1810.785948517524 1.0007303953170776
1810.806781459287 1.0004615783691406
1810.8276144004833 1.0004315376281738
1810.8484473410576 1.0005249977111816
1810.869280281077 1.0001097917556763
1810.8901132204858 1.0001895427703857
1810.910946159331 1.0004267692565918
1810.9317790975572 0.9999416470527649
1810.9526120352311 0.9998598098754883
1810.9734449722882 1.0004701614379883
1810.9942779087944 1.0000693798065186
1811.0151108446955 1.000146508216858
1811.0359437800373 1.0000859498977661
1811.0567767147652 1.0002573728561401
1811.0776096489456 0.999725878238678
1811.0984425825243 0.9998127818107605
1811.1192755155369 1.0002998113632202
1811.1401084479594 0.999809741973877
1811.1609413798276 0.9997579455375671
1811.1817743110873 0.9997573494911194
1811.2026072418043 0.9998833537101746
1811.223440171925 0.9999218583106995
1811.2442731014846 0.999954104423523
1811.2651060304597 0.9999505877494812
1811.2859389588857 0.9994706511497498
1811.306771886709 0.9998602271080017
1811.3276048139944 1.0001344680786133
1811.3484377406894 0.9999096989631653
1811.3692706668387 0.9998405575752258
1811.3901035923893 1.0000334978103638
1811.410936517406 0.9995058178901672
1811.4317694418362 1.0001702308654785
1811.4526023657143 0.999609112739563
1811.473435289018 1.0002796649932861
1811.4942682117817 1.00009024143219
1811.5151011339526 0.9998951554298401
1811.5359340555958 0.999332845211029
1811.5567669766588 1.0000749826431274
1811.5775998971856 1.0002877712249756
1811.5984328171244 1.000183343887329
1811.6192657365393 1.00022554397583
1811.6400986553786 1.0001380443572998
1811.6609315736762 1.0003104209899902
1811.68176449141 1.000221610069275
1811.7025974086143 0.9999576807022095
1811.7234303252378 0.9999580383300781
1811.744263241344 0.9992032051086426
1811.7650961568818 0.9998737573623657
1811.7859290718943 0.9992319941520691
1811.8067619863307 0.9999022483825684
1811.8275949002548 0.9998920559883118
1811.8484278136054 1.0001634359359741
1811.8692607264459 1.0000814199447632
1811.8900936387256 0.9999390840530396
1811.9109265504876 0.9997163414955139
1811.9317594616814 0.999808132648468
1811.9525923723704 0.9998631477355957
1811.9734252825044 1.0001180171966553
1811.9942581921157 1.0002180337905884
1812.0150911011851 1.000430703163147
1812.0359240097446 1.0002422332763672
1812.056756917745 1.0001999139785767
1812.0775898252484 1.0001256465911865
1812.098422732206 1.0001416206359863
1812.1192556386595 1.0001338720321655
1812.1400885445603 1.0003224611282349
1812.1609214499701 1.0001875162124634
1812.1817543548405 1.0001665353775024
1812.2025872592028 1.0000087022781372
1812.2234201630395 1.000461220741272
1812.2442530663814 1.0005717277526855
1812.265085969181 0.9998835325241089
1812.285918871499 1.0001728534698486
1812.3067517732882 1.0001810789108276
1812.3275846745796 1.0001780986785889
1812.3484175753565 1.0000979900360107
1812.3692504756486 0.9999713897705078
1812.39008337542 1.0001397132873535
1812.4109162747006 0.9998883008956909
1812.4317491734746 1.0000653266906738
1812.4525820717715 1.0001035928726196
1812.4734149695462 1.0000404119491577
1812.5150807636617 0.9996632933616638
1812.5359136599966 0.9999011158943176
1812.5567465558179 0.999511182308197
1812.5775794511849 0.999244213104248
1812.5984123460435 0.9993851184844971
1812.6192452404516 0.9990610480308533
1812.6400781343666 1.000321626663208
1812.660911027826 1.0004916191101074
1812.6817439207869 1.0005648136138916
1812.7025768133071 1.0004994869232178
1812.723409705345 1.000493049621582
1812.7442425969268 1.0004112720489502
1812.7650754880417 1.0002899169921875
1812.7859083787162 1.0003223419189453
1812.8067412689093 0.9999668002128601
1812.8275741586776 0.9999158382415771
1812.8484070479813 0.9996499419212341
1812.8692399368554 0.9993202090263367
1812.8900728252613 0.9999702572822571
1812.910905713254 0.9998546838760376
1812.9317386007945 0.9992497563362122
1812.9525714879085 0.9995424151420593
1812.973404374588 0.999126672744751
1812.994237260857 0.9999546408653259
1813.0150701466891 0.999633252620697
1813.0359030321076 0.9995539784431458
1813.056735917107 0.9997216463088989
1813.07756880171 0.9997743368148804
1813.0984016858822 0.9996245503425598
1813.1192345696757 0.9995958805084229
1813.140067453057 0.9992519617080688
1813.1609003360472 0.9993833899497986
1813.1817332186447 0.9992697238922119
1813.20256610087 0.9997034668922424
1813.2233989827014 0.9997914433479309
1813.2442318641597 0.9995397925376892
1813.2650647452444 0.9999911785125732
1813.285897625975 0.9995788335800171
1813.306730506323 0.9960907101631165
1813.3275633863366 0.9793949127197266
1813.348396265989 0.9626752138137817
1813.3692291453078 0.9560368061065674
1813.3900620242669 0.953870952129364
1813.4108949029132 0.9525304436683655
1813.431727781223 0.951233446598053
1813.4525606592115 0.9520800113677979
1813.4733935368868 0.9525020718574524
1813.4942264142635 0.9531134366989136
1813.515059291331 0.9545806646347046
1813.5358921681027 0.9580819606781006
1813.5567250445908 0.9702733755111694
1813.5775579208075 0.9879937767982483
1813.5983907967363 0.997983992099762
1813.6192236724187 0.9988041520118713
1813.6400565478402 0.9985215663909912
1813.6608894230108 0.9981095790863037
1813.6817222979494 0.9986542463302612
1813.7025551726642 0.9984339475631714
1813.7233880471563 0.999092161655426
1813.7442209214328 0.9991751313209534
1813.7650537955174 0.9989556074142456
1813.7858866694155 0.9992018938064575
1813.8067195431245 0.9992126822471619
1813.827552416678 0.9992120862007141
1813.8483852900763 0.9989979267120361
1813.8692181633314 0.9995849132537842
1813.8900510364472 0.9990445375442505
1813.9108839094533 0.9985272884368896
1813.9317167823485 0.9992110133171082
1813.95254965516 0.9987849593162537
1813.9733825279004 0.999285101890564
1813.9942154005748 0.9995733499526978
1814.0150482732008 1.0001667737960815
1814.0358811458007 0.999729573726654
1814.0567140183973 0.9994746446609497
1814.0775468909806 0.9993802905082703
1814.0983797636088 0.9991160035133362
1814.119212636269 0.9991347789764404
1814.1400455090052 0.9985964298248291
1814.1608783818015 0.9992209672927856
1814.1817112547294 1.0000567436218262
1814.2025441277694 1.0010350942611694
1814.2233770009798 1.0013147592544556
1814.244209874338 1.0012948513031006
1814.26504274793 1.0010632276535034
1814.2858756217297 1.0010125637054443
1814.3067084958027 1.001306176185608
1814.3275413701472 1.0012086629867554
1814.34837424484 1.0012308359146118
1814.3692071198443 1.0014249086380005
1814.3900399952777 1.0014047622680664
1814.4108728710987 1.0014557838439941
1814.4317057474177 1.001429557800293
1814.4525386241864 1.0015119314193726
1814.47337150155 1.001537799835205
1814.4942043794538 1.0014687776565552
1814.515037258028 1.0015541315078735
1814.535870137242 1.0015605688095093
1814.5567030172435 1.0016294717788696
1814.577535897973 1.001906156539917
1814.5983687795992 1.0018826723098755
1814.619201662073 1.0019490718841553
1814.640034545586 1.0018714666366577
1814.6608674300596 1.001929521560669
1814.6817003157107 1.002155065536499
1814.7025332024687 1.0018631219863892
1814.7233660905802 1.0018243789672852
1814.744198979942 1.0017961263656616
1814.7650318708324 1.0018115043640137
1814.7858647631547 1.0021036863327026
1814.806697657224 1.0020869970321655
1814.8275305528973 1.002075433731079
1814.84836345056 1.0019924640655518
1814.8691963500519 1.0020264387130737
1814.8900292517733 1.0023881196975708
1814.9108621555738 1.0024980306625366
1814.9316950619032 1.0020710229873657
1814.9525279705688 1.0021635293960571
1814.9733608820725 1.001633644104004
1814.9941937962174 1.0021486282348633
1815.0150267135587 1.0022720098495483