1764.7035337283307 0.9996830821037292
1764.7243671080982 0.9996364116668701
1764.7452004837564 0.9996240139007568
1764.766033855418 0.9996544718742371
1764.7868672231646 0.9996531009674072
1764.807700587106 0.9996563792228699
1764.8285339473402 0.9996582865715027
1764.8493673039625 0.9996703267097473
1764.870200657076 0.9996463060379028
1764.8910340067519 0.9996859431266785
1764.9118673530868 0.9996750950813293
1764.9327006961664 0.9996698498725891
1764.953534036073 0.9996763467788696
1764.974367372896 0.999657154083252
1764.9952007066922 0.9996598362922668
1765.0160340375458 0.9997404217720032
1765.0368673655278 0.9997288584709167
1765.0577006907074 0.999750018119812
1765.0785340131608 0.9997963905334473
1765.099367332932 0.9998077750205994
1765.120200650092 0.9998458623886108
1765.1410339647007 0.9998849630355835
1765.1618672768143 1.00005042552948
1765.1827005864877 0.999909520149231
1765.2035338937842 0.9999882578849792
1765.224367198734 0.9999500513076782
1765.2452005013959 1.0000717639923096
1765.2660338018175 1.0000427961349487
1765.2868671000533 1.000312089920044
1765.307700396127 1.0002548694610596
1765.3285336900913 1.0001721382141113
1765.3493669819857 1.0004514455795288
1765.3702002718494 1.0005667209625244
1765.3910335597302 1.0002572536468506
1765.4118668456435 1.0011204481124878
1765.432700129635 1.0008673667907715
1765.4535334117377 1.0011652708053589
1765.4743666919942 1.000891089439392
1765.4951999704153 1.0011969804763794
1765.516033247042 1.0014270544052124
1765.5368665219028 1.0012792348861694
1765.5576997950257 1.0019311904907227
1765.5785330664382 1.001420259475708
1765.5993663361762 1.0015158653259277
1765.620199604245 1.0014468431472778
1765.6410328706795 1.0015807151794434
1765.6618661355028 1.0019713640213013
1765.6826993987381 1.0012743473052979
1765.7035326604175 1.0011475086212158
1765.7243659205421 1.001676321029663
1765.745199179143 1.0015435218811035
1765.7660324362403 1.001878023147583
1765.7868656918629 1.0013655424118042
1765.80769894601 1.0014597177505493
1765.82853219871 1.0016664266586304
1765.8493654499803 1.0017338991165161
1765.870198699838 1.001251220703125
1765.89103194831 1.00197172164917
1765.911865195392 1.0017932653427124
1765.93269844111 1.0016800165176392
1765.9535316854792 1.0013574361801147
1765.974364928514 1.0017362833023071
1765.9951981702388 1.0014495849609375
1766.0160314106477 1.0015478134155273
1766.0368646497639 1.0013079643249512
1766.0576978876009 1.0013374090194702
1766.078531124181 1.0012389421463013
1766.099364359497 1.0008893013000488
1766.1201975935708 1.0007472038269043
1766.1410308264137 1.000610589981079
1766.1618640580382 1.000480055809021
1766.1826972884642 1.0008342266082764
1766.203530517683 1.0006691217422485
1766.2243637457154 1.0003739595413208
1766.2451969725712 1.0008193254470825
1766.2660301982605 1.0005452632904053
1766.2868634228034 1.0005455017089844
1766.3076966461888 1.0007665157318115
1766.3285298684361 1.000636100769043
1766.3493630895546 1.0001596212387085
1766.3701963095527 1.0003910064697266
1766.391029528449 1.0000214576721191
1766.4118627462324 0.9999945759773254
1766.4326959629202 1.0001575946807861
1766.453529178521 1.0002644062042236
1766.4743623930524 1.0003647804260254
1766.4951956065017 1.0000486373901367
1766.5160288188865 0.9999595880508423
1766.5368620302145 1.0000559091567993
1766.5576952404917 1.000268578529358
1766.5785284497258 0.999894917011261
1766.5993616579337 1.000024437904358
1766.6201948651012 1.0002503395080566
1766.6410280712453 1.000016212463379
1766.6618612763725 1.0001790523529053
1766.6826944804982 0.9999934434890747
1766.703527683609 0.999809980392456
1766.724360885721 0.999910295009613
1766.745194086839 1.0002950429916382
1766.7660272869796 0.9998068809509277
1766.7868604861283 0.9998823404312134
1766.8076936842997 1.0001212358474731
1766.8285268814998 1.0000357627868652
1766.8493600777338 0.9998300671577454
1766.8701932730164 0.9998000860214233
1766.8910264673327 0.9999672770500183
1766.9118596606977 1.0002236366271973
1766.9326928531161 0.9999275207519531
1766.9535260445925 0.9998779296875
1766.974359235142 0.9998047947883606
1766.9951924247482 0.9998561143875122
1767.016025613426 0.9998300671577454
1767.0368588011802 1.0000600814819336
1767.057691988024 0.9998816847801208
1767.0785251739426 0.9998598098754883
1767.0993583589495 1.0002635717391968
1767.1201915430488 1.0000426769256592
1767.1410247262445 1.0000742673873901
1767.1618579085505 1.0003138780593872
1767.1826910899504 0.99982088804245
1767.203524270458 1.0001455545425415
1767.2243574500774 1.000213623046875
1767.2451906288215 1.0000877380371094
1767.2660238066742 1.0001215934753418
1767.2868569836492 1.0000853538513184
1767.3076901597492 0.9999666810035706
1767.3285233349882 1.0000171661376953
1767.3493565093493 1.0001304149627686
1767.3701896828456 1.0001907348632812
1767.3910228554803 1.0000561475753784
1767.4118560272568 1.0000345706939697
1767.4326891981877 0.9999659657478333
1767.4535223682565 1.0002614259719849
1767.4743555374762 1.000306248664856
1767.4951887058492 1.0000684261322021
1767.5160218733786 1.0000641345977783
1767.5368550400774 1.000187873840332
1767.5576882059286 1.0001506805419922
1767.5785213709444 1.0002535581588745
1767.5993545351278 1.0002751350402832
1767.6201876984917 1.0003249645233154
1767.641020861018 1.0003646612167358
1767.6618540227198 1.0002076625823975
1767.6826871836 1.0004075765609741
1767.70352034367 1.0002617835998535
1767.7243535029133 1.000460147857666
1767.7451866613421 1.0006541013717651
1767.7660198189583 1.000468134880066
1767.7868529757648 1.0004688501358032
1767.8076861317738 1.000357985496521
1767.8285192869675 1.0004503726959229
1767.849352441358 1.000535488128662
1767.870185594948 1.000539779663086
1767.8910187477493 1.0004802942276
1767.911851899744 1.0004304647445679
1767.9326850509447 1.0005826950073242
1767.953518201353 1.0005429983139038
1767.9743513509814 1.000491738319397
1767.9951844998118 1.000508189201355
1768.016017647856 1.000519871711731
1768.0368507951162 1.0007632970809937
1768.0576839416046 1.0009241104125977
1768.0785170873028 1.0006574392318726
1768.0993502322226 1.0005929470062256
1768.1201833763664 1.0010956525802612
1768.1410165197456 1.0005455017089844
1768.1618496623423 1.000565528869629
1768.1826828041685 1.0004292726516724
1768.2035159452257 1.0006808042526245
1768.2243490855155 1.000368356704712
1768.2451822250505 1.000670313835144
1768.2660153638114 1.0005651712417603
1768.2868485018105 1.0006650686264038
1768.3076816390496 1.0002299547195435
1768.32851477554 1.0005031824111938
1768.3493479112637 1.0005202293395996
1768.3701810462323 1.0002539157867432
1768.3910141804472 1.0005935430526733
1768.41184731391 1.000445008277893
1768.4326804466327 1.000508189201355
1768.4535135785964 1.0002869367599487
1768.4743467098128 1.0006723403930664
1768.495179840294 1.000330924987793
1768.5160129700205 1.0004829168319702
1768.5368460990044 1.0004515647888184
1768.5576792272475 1.0003670454025269
1768.5785123547605 1.0004591941833496
1768.6201786075537 1.000049352645874
1768.6410117328467 1.0001906156539917
1768.6618448574054 1.0000975131988525
1768.682677981242 1.000373125076294
1768.7035111043374 1.0005520582199097
1768.724344226703 1.0006128549575806
1768.7451773483401 1.0004044771194458
1768.7660104692602 1.0004314184188843
1768.7868435894447 1.000866413116455
1768.807676708905 1.0003710985183716
1768.8285098276424 1.0007253885269165
1768.8493429456678 1.0006259679794312
1768.8701760629629 1.0006675720214844
1768.891009179539 1.0004627704620361
1768.911842295397 1.0008410215377808
1768.9326754105487 1.0006492137908936
1768.953508524975 1.0008721351623535
1768.974341638687 1.000362515449524
1768.9951747516864 1.0004996061325073
1769.0160078639842 1.000673532485962
1769.0368409755615 1.0002802610397339
1769.0576740864296 1.0002779960632324
1769.0785071965897 1.0003142356872559
1769.0993403060431 1.0000773668289185
1769.1201734148008 1.0004096031188965
1769.1410065228442 1.0001938343048096
1769.1618396301842 1.0002143383026123
1769.1826727368318 1.0001411437988281
1769.203505842769 1.0001965761184692
1769.2243389480059 1.0002061128616333
1769.2451720525441 0.9998718500137329
1769.266005156395 1.0003606081008911
1769.2868382595393 1.0002318620681763
1769.307671361988 1.0002604722976685
1769.328504463743 1.0002634525299072
1769.3493375648045 1.0002189874649048
1769.3701706651839 1.0003173351287842
1769.3910037648625 1.0005050897598267
1769.411836863851 1.0004551410675049
1769.4326699621508 0.9999951124191284
1769.453503059773 0.9994810223579407
1769.4743361566984 1.0000998973846436
1769.495169252938 0.9998983144760132
1769.5160023485034 0.9996237754821777
1769.536835443375 0.9997881054878235
1769.557668537564 0.9995548725128174
1769.5785016310717 0.9996320605278015
1769.5993347239091 0.9998044967651367
1769.620167816057 0.9997848868370056
1769.6410009075266 0.999622106552124
1769.6618339983186 0.9996563196182251
1769.6826670884343 0.999690592288971
1769.703500177885 0.9996666312217712
1769.724333266651 0.9996734261512756
1769.7451663547438 0.9998061060905457
1769.7659994421745 0.9997413754463196
1769.7868325289237 0.9997697472572327
1769.8076656150024 0.9997628331184387
1769.828498700412 0.999788761138916
1769.849331785163 0.9997627139091492
1769.8701648692368 0.9998242259025574
1769.890997952644 0.9997750520706177
1769.911831035386 0.9997439384460449
1769.9326641174732 0.9998392462730408
1769.9534971988874 0.9996824264526367
1769.9743302796387 0.9998436570167542
1769.9951633597286 0.9998577237129211
1770.015996439168 0.9999144673347473
1770.0368295179376 0.9999606609344482
1770.0576625960484 0.9997837543487549
1770.0784956735017 0.9999313354492188
1770.0993287503081 1.0000296831130981
1770.1201618264488 0.9999618530273438
1770.1409949019346 0.999994695186615
1770.1618279767665 0.9999011754989624
1770.1826610509554 1.0000386238098145
1770.2034941244824 0.9998634457588196
1770.2243271973584 1.0000735521316528
1770.2451602695842 1.000022530555725
1770.2659933411705 1.0000238418579102
1770.2868264120991 1.0000264644622803
1770.3076594823801 1.0000773668289185
1770.328492552015 1.0000594854354858
1770.3493256210145 1.0001113414764404
1770.3701586893592 1.0001012086868286
1770.3909917570606 1.0001437664031982
1770.4118248241296 1.0001418590545654
1770.4326578905466 1.000097632408142
1770.453490956323 1.0002278089523315
1770.47432402146 1.0002095699310303
1770.4951570859678 1.0001087188720703
1770.5159901498278 1.00003182888031
1770.536823213051 1.0001429319381714
1770.5576562756382 1.0000308752059937
1770.5784893376003 1.000150203704834
1770.5993223989185 1.0001384019851685
1770.6201554596034 1.0000697374343872
1770.640988519656 1.0000908374786377
1770.6618215790877 1.0000635385513306
1770.6826546378788 1.0001111030578613
1770.7034876960406 1.00019109249115
1770.7243207535842 1.0001140832901
1770.7451538104901 0.9999669790267944
1770.7659868667695 0.999961793422699
1770.7868199224235 1.0000526905059814
1770.807652977463 0.9999958872795105
1770.8284860318686 1.0
1770.8493190856518 1.0000399351119995
1770.8701521388132 1.0000072717666626
1770.8909851913638 1.0000375509262085
1770.9118182432849 0.9999837279319763
1770.932651294587 0.9999343752861023
1770.9534843452714 0.9999338388442993
1770.9743173953489 0.9998164772987366
1770.9951504448006 0.9997460246086121
1771.0159834936373 0.9998250603675842
1771.0368165418704 0.9997296333312988
1771.0576495894802 0.9998576045036316
1771.0784826364784 0.9997377991676331
1771.0993156828656 0.9998555183410645
1771.1201487286528 0.9997484683990479
1771.140981773821 0.9997169971466064
1771.1618148183818 0.999657928943634
1771.1826478623352 0.9997366070747375
1771.203480905693 0.9996399879455566
1771.224313948436 0.9996614456176758
1771.2451469905748 0.9996716976165771
1771.265980032121 0.9996159076690674
1771.2868130730553 0.9995328187942505
1771.3076461133892 0.9995787143707275
1771.328479153123 0.9995710253715515
1771.3493121922684 0.9995362162590027
1771.3701452308062 0.999528169631958
1771.3909782687472 0.9994959235191345
1771.4118113060929 0.9995346069335938
1771.4326443428542 0.9994713664054871
1771.4534773790122 0.9995501637458801
1771.4743104145775 0.999514639377594
1771.4951434495622 0.999435305595398
1771.5159764839464 0.9995072484016418
1771.5368095177416 0.9995136857032776
1771.5576425509491 0.9994038939476013
1771.5784755835796 0.9994851350784302
1771.5993086156145 0.9994795322418213
1771.6201416470649 0.9994423389434814
1771.6409746779318 0.9994577169418335
1771.6618077082262 0.9994503855705261
1771.68264073793 0.9994485974311829
1771.703473767053 0.9994646310806274
1771.7243067956076 0.9995444416999817
1771.7451398235746 0.999563992023468
1771.7659728509648 0.9993861317634583
1771.7868058777797 0.9993823170661926
1771.8076389040307 0.9993928074836731
1771.8284719296985 0.9995876550674438
1771.8493049547944 0.9996013641357422
1771.8701379793301 0.9995178580284119
1771.8909710032863 0.9994468688964844
1771.9118040266742 0.9994442462921143
1771.9326370494955 0.999454140663147
1771.953470071761 0.999627947807312
1771.9743030934524 0.9996601939201355
1771.9951361145806 0.9996498227119446
1772.015969135147 0.9995972514152527
1772.0368021551628 0.9995964765548706
1772.0576351746097 0.999696671962738
1772.0784681934983 0.999620795249939
1772.0993012118404 0.9997151494026184
1772.1201342296174 0.9996610283851624
1772.1409672468403 0.9999005794525146
1772.1618002635107 0.9995798468589783
1772.18263327964 0.9997223615646362
1772.2034662952094 0.9997832179069519
1772.2242993102302 0.9997495412826538
1772.2451323247142 0.9997876286506653
1772.2659653386424 0.9998133182525635
1772.2867983520264 0.9998021721839905
1772.307631364868 0.9998460412025452
1772.3284643771779 0.999839186668396
1772.349297388938 0.9998143911361694
1772.37013040016 0.9999741315841675
1772.390963410855 1.000002384185791
1772.4117964210045 0.9998323917388916
1772.4326294306204 0.999959409236908
1772.4534624397038 1.0000274181365967
1772.4951284562899 0.9998199939727783
1772.515961463786 0.9998593926429749
1772.5367944707657 1.0002411603927612
1772.5576274772113 1.0002058744430542
1772.5784604831342 1.0002168416976929
1772.599293488536 1.0001713037490845
1772.6201264934282 1.0001716613769531
1772.640959497793 0.9999536275863647
1772.6617925016415 0.9997931122779846
1772.6826255049755 0.9997711777687073
1772.7034585078075 0.9996594786643982
1772.724291510118 0.9996736645698547
1772.7451245119198 1.0000265836715698
1772.7659575132247 0.9994280338287354
1772.7867905140138 0.9983684420585632
1772.8076235142994 0.9975462555885315
1772.8284565140934 0.997044563293457
1772.8492895133775 0.9956184029579163
1772.8701225121636 0.9947125911712646
1772.8909555104538 0.9955356121063232
1772.9117885082599 0.996073842048645
1772.932621505564 0.9956166744232178
1772.9534545023782 1.0303705930709839
1772.9742874987141 1.0302692651748657
1772.9951204945542 0.995611310005188
1773.0159534899103 0.9964759945869446
1773.0367864847944 0.9962101578712463
1773.057619479189 0.9957127571105957
1773.0784524731064 0.9943640828132629
1773.099285466558 0.9933566451072693
1773.1201184595266 0.9931159615516663
1773.1409514520244 0.9929806590080261
1773.1617844440534 0.991649329662323
1773.1826174356158 0.9910211563110352
1773.2034504267249 0.9898456335067749
1773.2242834173617 0.9882486462593079
1773.2451164075394 0.9865890741348267
1773.2659493972706 0.9846293330192566
1773.2867823865372 0.982636570930481
1773.3076153753516 0.9815830588340759
1773.3284483637271 0.9810268878936768
1773.3492813516457 0.9828950762748718
1773.37011433912 0.9875798225402832
1773.3909473261629 1.04305899143219
1773.4117803127565 1.0767234563827515
1773.4326132989142 1.0621719360351562
1773.4534462846486 1.0292003154754639
1773.4742792699421 1.0088114738464355
1773.4951122548077 0.9974780678749084
1773.5159452392488 0.9928272366523743
1773.5367782232777 0.9902857542037964
1773.5576112068773 0.9892796277999878
1773.578444190061 0.9893895983695984
1773.599277172832 0.9897379279136658
1773.6201101552028 0.9909133911132812
1773.640943137157 0.9916470646858215
1773.6617761187076 0.9923544526100159
1773.682609099868 0.9927053451538086
1773.7034420806212 0.992912769317627
1773.7242750609812 0.9934645295143127
1773.7451080409608 0.9936416745185852
1773.7659410205436 0.9940705895423889
1773.7867739997432 0.9937320947647095
1773.8076069785632 0.9941965341567993
1773.828439957017 0.9940484762191772
1773.8492729350887 0.9944342374801636
1773.8701059127918 0.9943569302558899
1773.8909388901402 0.9943101406097412
1773.911771867118 0.9943897128105164
1773.9326048437388 0.9946134090423584
1773.9534378200167 0.9947001338005066
1773.9742707959363 0.9949474334716797
1773.9951037715111 0.9949114918708801
1774.0159367467556 0.9950587749481201
1774.0367697216543 0.9950228929519653
1774.0576026962215 0.9949431419372559
1774.0784356704614 0.9954825043678284
1774.0992686443892 0.9950398206710815
1774.120101617989 0.9956758618354797
1774.1409345912757 0.9947718381881714
1774.1617675642644 0.9962587356567383
1774.1826005369396 0.9952375292778015
1774.2034335093165 0.9949195384979248
1774.2242664814105 0.9948300123214722
1774.2450994532062 0.9945539832115173
1774.2659324247195 0.994757890701294
1774.2867653959556 0.9946882128715515
1774.3075983669298 0.9959760904312134
1774.3284313376282 0.9938550591468811
1774.3492643080665 0.9939143657684326
1774.37009727826 0.995968759059906
1774.3909302481952 0.9968799352645874
1774.4117632178884 0.996987521648407
1774.4325961873553 0.9968385696411133
1774.4534291565826 0.9965384602546692
1774.4742621255868 0.9957273006439209
1774.4950950943846 0.9946136474609375
1774.5159280629625 0.993855357170105
1774.536761031338 0.9934461712837219
1774.5575939995176 0.9928927421569824
1774.5784269675187 0.9924612641334534
1774.5992599353292 0.9931613206863403
1774.620092902966 0.9932320713996887
1774.640925870447 0.9931226372718811
1774.6617588377605 0.99269700050354
1774.6825918049246 0.9922613501548767
1774.7034247719573 0.9922465085983276
1774.724257738847 0.9926595687866211
1774.745090705613 0.995707631111145
1774.7659236722734 0.993209719657898
1774.7867566388177 0.9932796955108643
1774.8075896052653 0.9938368797302246
1774.8284225716357 0.9940169453620911
1774.8492555379185 0.9944419264793396
1774.8700885041342 0.9947951436042786
1774.8909214702926 0.9962382316589355
1774.9117544364144 0.997057318687439
1774.9325874024908 0.9969708323478699
1774.9534203685523 0.9959291219711304
1774.9742533345905 0.997093677520752
1774.9950863006272 0.9975833892822266
1775.015919266674 0.9991545677185059
1775.0367522327535 0.9926952719688416
1775.0575851988585 0.9942582845687866
1775.0784181650115 0.9998043775558472
1775.099251131236 0.9997294545173645
1775.1200840975262 0.9998184442520142
1775.1409170639051 0.9992479085922241
1775.1617500303978 1.0003447532653809
1775.1825829969991 1.0004818439483643
1775.2034159637342 1.0005756616592407
1775.2242489306288 1.0006284713745117
1775.2450818976793 1.0003231763839722
1775.2659148649118 1.000318169593811
1775.2867478323535 1.0006614923477173
1775.3075808000026 1.000225305557251
1775.3284137678866 1.0002388954162598
1775.3492467360245 1.0003151893615723
1775.3700797044455 1.0003336668014526
1775.3909126731492 1.000229001045227
1775.4117456421661 1.0001318454742432
1775.4325786115276 1.0001494884490967
1775.4534115812348 1.0001325607299805
1775.4742445513207 1.0002237558364868
1775.4950775218185 1.0003595352172852
1775.5159104927313 1.0003012418746948
1775.5367434640943 1.0003660917282104
1775.557576435943 1.000252604484558
1775.578409408283 1.0002416372299194
1775.5992423811522 1.0002962350845337
1775.620075354588 1.0002365112304688
1775.6409083285998 1.000423550605774
1775.661741303227 1.0007061958312988
1775.6825742785109 1.000602126121521
1775.7034072544634 1.0005017518997192
1775.7242402311274 1.0002775192260742
1775.7450732085472 1.0000513792037964
1775.7659061867382 0.999832034111023
1775.7867391657467 0.9997119307518005
1775.8075721456107 0.9993866682052612
1775.8284051263797 0.9991310834884644
1775.8492381080737 0.9987881183624268
1775.8700710907547 0.9982935190200806
1775.8909040744466 0.9968064427375793
1775.911737059204 0.9935230016708374
1775.932570045073 0.9907249808311462
1775.9534030321124 0.9849593639373779
1775.9742360203516 0.9728764295578003
1775.995069009852 0.9889094233512878
1776.015902000677 0.9192048907279968
1776.0367349928617 0.6093751788139343
1776.0575679864728 --
1776.0784009815795 0.5789437890052795
1776.099233978222 0.5790901780128479
1776.1200669764733 0.6170338988304138
1776.1408999764076 0.6085611581802368
1776.1617329780715 --
1776.1825659815436 --
1776.2033989869042 0.5773165225982666
1776.2242319942047 --
1776.2450650035296 0.5774642825126648
1776.2658980149645 0.57747882604599
1776.2867310285653 0.5774055123329163
1777.7450436899937 1.0000656843185425
1777.7658766305271 0.999980092048645
1777.7867095678341 1.000012993812561
1777.8075425020036 0.9999961256980896
1777.8283754330919 1.0000405311584473
1777.8492083611832 1.0000407695770264
1777.870041286359 1.0001027584075928
1777.890874208668 1.0001884698867798
1777.9117071281971 1.0002716779708862
1777.9325400449907 1.0007644891738892
1777.9533729591203 1.0007182359695435
1777.9742058706559 1.0002495050430298
1777.9950387796355 1.0004312992095947
1778.015871686124 1.0003721714019775
1778.036704590185 1.0003612041473389
1778.0575374918506 1.0005441904067993
1778.0783703911895 1.0003771781921387
1778.09920328823 1.0004225969314575
1778.1200361830286 1.000612497329712
1778.140869075639 1.000360131263733
1778.1617019660844 1.0005606412887573
1778.1825348544162 1.0005512237548828
1778.2033677406835 1.000414490699768
1778.2242006249053 1.0005316734313965
1778.2450335071285 1.0002151727676392
1778.2658663873983 1.0002862215042114
1778.2866992657298 1.0004948377609253
1778.3075321421657 1.0004667043685913
1778.3283650167482 1.0004817247390747
1778.349197889488 1.0004791021347046
1778.3700307604256 1.0002434253692627
1778.3908636295994 1.000201940536499
1778.4116964970171 1.0000423192977905
1778.4325293627164 1.0002497434616089
1778.4533622267325 1.000339388847351
1778.474195089071 0.9999502897262573
1778.4950279497762 1.0001137256622314
1778.5158608088518 0.9999064803123474
1778.5366936663304 1.000022292137146
1778.5575265222442 1.0000171661376953
1778.5783593765948 0.9997352361679077
1778.5991922294122 0.9999098181724548
1778.6200250807271 1.0000414848327637
1778.640857930539 0.9997707605361938
1778.6616907788762 0.9997689127922058
1778.682523625767 0.9995964169502258
1778.7033564712099 0.9998092651367188
1778.7241893152311 0.9995579719543457
1778.7450221578579 0.9996355175971985
1778.7658549990863 0.9996716380119324
1778.7866878389418 0.9998269081115723
1778.80752067745 0.999599277973175
1778.8283535146056 0.9995612502098083
1778.8491863504428 0.9997671842575073
1778.8700191849557 0.9996504783630371
1778.890852018168 0.999797523021698
1778.911684850103 0.9995468258857727
1778.932517680753 0.9998096227645874
1778.9533505101415 0.9995900392532349
1778.9741833382898 0.9995085597038269
1778.9950161651898 0.9996196031570435
1779.0158489908736 0.9996819496154785
1779.0366818153318 0.9996375441551208
1779.0575146385856 0.9997063279151917
1779.078347460656 0.999644935131073
1779.0991802815327 0.9997236728668213
1779.120013101236 0.9997157454490662
1779.1408459197862 0.9996797442436218
1779.1616787371725 0.9996645450592041
1779.182511553414 0.999612033367157
1779.2033443685307 0.9996470808982849
1779.2241771825109 0.9997732043266296
1779.245009995373 0.999799907207489
1779.2658428071366 0.9997408390045166
1779.2866756177887 0.9997949600219727
1779.3075084273582 0.9997554421424866
1779.3283412358328 0.9997889995574951
1779.3491740432303 0.9996819496154785
1779.3700068495677 0.9997185468673706
1779.3908396548334 0.999853253364563
1779.4116724590435 0.9998667240142822
1779.432505262216 0.9997244477272034
1779.4533380643368 0.9997566938400269
1779.4741708654237 0.9997835755348206
1779.4950036654925 0.9998018741607666
1779.51583646453 0.9997923970222473
1779.5366692625623 0.9998254179954529
1779.5575020595757 0.9998820424079895
1779.578334855586 0.9999583959579468
1779.5991676506096 0.9999546408653259
1779.6200004446318 0.9998409748077393
1779.6408332376684 0.9999386668205261
1779.6616660297354 0.9999859929084778
1779.6824988208175 0.9998641610145569
1779.7033316109303 0.9998796582221985
1779.7241644000892 0.9999771118164062
1779.7449971882793 0.999959409236908
1779.765829975525 0.9999935626983643
1779.7866627618125 0.9999757409095764
1779.8074955471552 0.9999494552612305
1779.8283283315686 1.0000158548355103
1779.8491611150375 1.0000468492507935
1779.869993897586 1.000083565711975
1779.8908266791984 1.000199317932129
1779.91165945989 0.999997615814209
1779.932492239674 1.0000253915786743
1779.9533250185352 1.0000131130218506
1779.9741577964878 0.9999575018882751
1779.9949905735455 0.9999564290046692
1780.0158233496925 0.9999769926071167
1780.036656124953 0.9999440908432007
1780.0574888993103 1.0001009702682495
1780.0783216727784 0.9999924898147583
1780.0991544453714 1.000008463859558
1780.1199872170725 1.0000219345092773
1780.1408199878952 1.0000816583633423
1780.1616527578537 1.000503420829773
1780.1824855269306 1.0001959800720215
1780.20331829514 1.0005652904510498
1780.224151062495 1.000185251235962
1780.2449838289788 1.0003173351287842
1780.2658165946148 1.0000171661376953
1780.2866493593858 1.0001976490020752
1780.3074821233058 0.9998677372932434
1780.328314886387 0.9998690485954285
1780.349147648613 1.0002156496047974
1780.3699804100067 0.9998525977134705
1780.390813170551 0.9997708201408386
1780.4116459302584 0.9999355673789978
1780.4324786891425 1.0000313520431519
1780.4533114471856 0.9996894001960754
1780.4741442044005 0.9997925162315369
1780.4949769608004 0.999873697757721
1780.5158097163671 0.9997469782829285
1780.5366424711242 0.9996654987335205
1780.5574752250538 0.9996471405029297
1780.5783079781686 0.9997859001159668
1780.599140730481 0.9996670484542847
1780.6199734819736 0.9997797012329102
1780.6408062326589 0.9997100234031677
1780.6616389825492 0.999629020690918
1780.6824717316274 0.9995899200439453
1780.7033044799152 0.9996212124824524
1780.724137227395 0.9995771646499634
1780.7449699740798 0.9996500015258789
1780.765802719981 0.9996264576911926
1780.7866354650812 0.9995547533035278
1780.8074682094027 0.9995352029800415
1780.8283009529275 0.9995270371437073
1780.849133695668 0.9995161890983582
1780.8699664376363 0.9995656609535217
1780.890799178814 0.9995425939559937
1780.9116319192137 0.9995062947273254
1780.9324646588473 0.9995681643486023
1780.9532973976968 0.9995146989822388
1780.974130135784 0.9995015859603882
1780.9949628730915 0.9995675086975098
1781.0157956096305 0.9995965957641602
1781.0366283454132 0.9993797540664673
1781.0574610804217 0.9995386600494385
1781.0782938146776 0.9996780157089233
1781.0991265481628 0.999504804611206
1781.1199592808894 0.9994897842407227
1781.1407920128686 0.9994873404502869
1781.161624744083 0.9995766282081604
1781.1824574745435 0.999480664730072
1781.2032902042629 0.9995647668838501
1781.224122933222 0.9994635581970215
1781.2449556614429 0.999523401260376
1781.2657883889074 0.999631941318512
1781.2866211156268 0.9996107816696167
1781.307453841613 0.999584972858429
1781.328286566848 0.9994838237762451
1781.3491192913427 0.9998263120651245
1781.369952015109 0.9996265172958374
1781.390784738129 0.9995993971824646
1781.4116174604235 0.9995530247688293
1781.4324501819742 0.9997052550315857
1781.4532829027933 0.9995483160018921
1781.4741156228915 0.9995639324188232
1781.4949483422506 0.999672532081604
1781.5157810608926 0.9995816349983215
1781.5366137787983 0.9996708035469055
1781.5574464959793 0.9999025464057922
1781.5782792124473 0.9998475909233093
1781.5991119281837 0.9995162487030029
1781.6199446432097 0.9997101426124573
1781.640777357507 0.9998212456703186
1781.6616100710867 0.9998297095298767
1781.6824427839604 0.999806821346283
1781.7032754961097 0.9996983408927917
1781.7241082075554 0.9998247623443604
1781.7449409182793 0.999775230884552
1781.7657736283027 0.9997725486755371
1781.807439046203 0.9999487996101379
1781.8282717541026 0.9999858736991882
1781.8491044612867 0.9998518228530884
1781.869937167767 0.9999358654022217
1781.8907698735545 1.0001630783081055
1781.9116025786304 0.9999658465385437
1781.9324352830063 1.0000578165054321
1781.9532679866934 1.0004429817199707
1781.9741006896725 1.0005831718444824
1781.994933391965 1.0003736019134521
1782.0157660935524 1.0000792741775513
1782.0365987944463 0.9997219443321228
1782.0574314946568 0.999873161315918
1782.0782641941657 0.9999110102653503
1782.0990968929946 0.9999362826347351
1782.119929591124 1.0000808238983154
1782.1407622885652 1.0001956224441528
1782.1615949853299 1.0001096725463867
1782.1824276813986 1.0000593662261963
1782.2032603767927 1.0003471374511719
1782.2240930714938 1.0001318454742432
1782.244925765512 1.0001298189163208
1782.2657584588594 1.0001643896102905
1782.286591151517 1.0004417896270752
1782.3074238435056 1.0005927085876465
1782.328256534806 1.0006678104400635
1782.3490892254404 1.0012892484664917
1782.3699219153889 1.001006841659546
1782.3907546046628 1.0009443759918213
1782.4115872932737 1.0008013248443604
1782.432419981202 1.0011165142059326
1782.453252668469 1.0016511678695679
1782.4740853550563 1.001135230064392
1782.4949180409744 1.0015944242477417
1782.5157507262343 1.0010689496994019
1782.5365834108177 1.0011320114135742
1782.557416094745 1.0010559558868408
1782.5782487779973 1.0012067556381226
1782.5990814605861 1.0011115074157715
1782.619914142522 1.0011699199676514
1782.6407468237862 1.001172423362732
1782.6615795044 1.0012718439102173
1782.682412184344 1.0013200044631958
1782.7032448636292 1.0010175704956055
1782.7240775422672 1.00086510181427
1782.7449102202386 1.0009818077087402
1782.7657428975642 1.0008835792541504
1782.7865755742257 1.0008820295333862
1782.8074082502333 1.0008704662322998
1782.8282409255985 1.0007790327072144
1782.849073600302 1.0008656978607178
1782.8699062743656 1.0006473064422607
1782.8907389477693 1.0006499290466309
1782.9115716205245 1.0006909370422363
1782.9324042926423 1.0007070302963257
1782.9532369641036 1.0004676580429077
1782.974069634929 1.000710129737854
1782.9949023051004 1.0005626678466797
1783.015734974628 1.0002120733261108
1783.0365676435229 1.000362515449524
1783.0574003117665 1.0004158020019531
1783.0782329793792 1.000120759010315
1783.0990656463423 1.000175952911377
1783.119898312667 1.0005059242248535
1783.1407309783638 1.0002707242965698
1783.1615636434137 0.9999486207962036
1783.1823963078382 1.0000526905059814
1783.2032289716176 1.0000563859939575
1783.2240616347633 0.9999473094940186
1783.2448942972865 1.0000559091567993
1783.2657269591673 0.9999682307243347
1783.2865596204274 1.0001078844070435
1783.307392281048 1.0002635717391968
1783.328224941049 0.9998612403869629
1783.3490576004122 0.9999015927314758
1783.3698902591584 1.000099539756775
1783.3907229172682 0.999842643737793
1783.4115555747533 0.9996185302734375
1783.4323882316241 0.9996193051338196
1783.4532208878618 0.999812126159668
1783.474053543477 0.9998003244400024
1783.4948861984813 0.9996784329414368
1783.5157188528551 0.999918520450592
1783.5365515066196 0.9996995329856873
1783.5573841597559 0.9995474815368652
1783.5782168122844 0.9997471570968628
1783.5990494641867 0.9994879364967346
1783.6198821154737 0.9995008111000061
1783.640714766156 0.9995880126953125
1783.6615474162147 0.999541163444519
1783.682380065671 0.9994856715202332
1783.703212714506 0.9996178150177002
1783.72404536273 0.9997330904006958
1783.7448780103543 0.9997737407684326
1783.7657106573604 0.9995248317718506
1783.7865433037684 0.9995807409286499
1783.8073759495599 0.9995883703231812
1783.828208594756 0.9999654293060303
1783.8490412393369 0.9997996091842651
1783.8698738833143 0.9996677041053772
1783.890706526699 0.9995051026344299
1783.9115391694718 0.9995504021644592
1783.9323718116539 0.9995728135108948
1783.9532044532264 0.999657154083252
1783.9740370942 0.9996442794799805
1783.9948697345856 0.9997766017913818
1784.015702374365 0.9999366402626038
1784.0365350135583 0.999703586101532
1784.0573676521467 0.999731183052063
1784.0782002901517 0.9998214840888977
1784.099032927554 0.9997720718383789
1784.1198655643643 0.9999467134475708
1784.1406982005944 0.9999593496322632
1784.1615308362248 0.9997724890708923
1784.1823634712762 0.9998746514320374
1784.2031961057305 0.9998844861984253
1784.224028739608 0.9998874068260193
1784.2448613728902 0.9998846054077148
1784.265694005588 1.0003553628921509
1784.2865266377123 1.00008225440979
1784.3073592692444 1.000073790550232
1784.3281919002054 0.9999821782112122
1784.349024530576 1.0001435279846191
1784.3698571603675 1.0000826120376587
1784.390689789591 1.000113606452942
1784.4115224182276 1.0001842975616455
1784.4323550462982 1.0000849962234497
1784.453187673784 1.0002237558364868
1784.4740203007066 1.00011146068573
1784.4948529270462 1.0000779628753662
1784.5156855528144 1.0003035068511963
1784.5365181780226 1.000137448310852
1784.5573508026512 1.0001081228256226
1784.5781834267218 1.0004163980484009
1784.5990160502158 1.0002386569976807
1784.6198486731437 1.0000934600830078
1784.6406812955167 1.0001277923583984
1784.6615139173168 1.0001194477081299
1784.6823465385642 1.0002113580703735
1784.7031791592403 1.000231385231018
1784.724011779367 1.0002418756484985
1784.7448443989244 1.0003094673156738
1784.7656770179242 1.0002086162567139
1784.786509636378 1.000148892402649
1784.8073422542664 1.000291109085083
1784.8281748716106 1.0001904964447021
1784.8490074883923 1.0002059936523438
1784.8698401046324 1.0002700090408325
1784.8906727203123 1.0002694129943848
1784.9115053354533 1.0003104209899902
1784.9323379500363 1.0002808570861816
1784.9531705640727 1.000308632850647
1784.9740031775743 1.0003299713134766
1784.9948357905218 1.0001139640808105
1785.0156684029366 1.0001204013824463
1785.0365010148003 1.0002022981643677
1785.0573336261339 1.000131368637085
1785.0781662369188 1.0000929832458496
1785.0989988471665 1.000049114227295
1785.1198314568883 1.0000354051589966
1785.1406640660653 0.9999796748161316
1785.1614966747193 1.0002530813217163
1785.1823292828315 1.000100016593933
1785.2031618904132 0.9999750852584839
1785.2239944974758 0.9999291896820068
1785.244827104001 0.9999963045120239
1785.26565971001 0.9999208450317383
1785.286492315484 0.9999171495437622
1785.3073249204454 0.9998367428779602
1785.3281575248745 1.0000100135803223
1785.3489901287835 0.9999938607215881
1785.369822732184 0.9998957514762878
1785.390655335057 0.9998169541358948
1785.4114879374242 0.9998176693916321
1785.4323205392677 0.9999160170555115
1785.4531531406083 0.9997629523277283
1785.473985741428 0.9998946189880371
1785.4948183417482 0.999800980091095
1785.5156509415506 0.9998140931129456
1785.5364835408468 0.9997358918190002
1785.557316139649 0.9997456669807434
1785.5781487379377 0.9997036457061768
1785.5989813357353 0.9996766448020935
1785.6198139330238 0.9996964931488037
1785.6406465298244 0.9997040629386902
1785.6614791261188 0.999607503414154
1785.6823117219292 0.9996781349182129
1785.703144317237 0.9996106028556824
1785.723976912054 0.999641478061676
1785.7448095063924 0.9997121691703796
1785.7656421002334 0.9996678829193115
1785.8073072864722 0.9997187852859497
1785.8281398788736 0.9998698830604553
1785.8489724707852 0.999813973903656
1785.8698050622297 0.9999924302101135
1785.8906376531884 0.9997963309288025
1785.9114702436734 0.9999827146530151
1785.932302833697 0.9998671412467957
1785.9531354232413 1.000023365020752
1785.9739680123278 0.9999139904975891
1785.994800600939 1.000014305114746
1786.0156331890973 1.000104546546936
1786.036465776784 1.0000771284103394
1786.0572983640122 1.0000205039978027
1786.0781309507938 1.000089406967163
1786.0989635371106 1.000054121017456
1786.1197961229855 1.0001112222671509
1786.1406287084003 1.0000290870666504
1786.1614612933777 1.0001802444458008
1786.1822938778996 1.0001237392425537
1786.203126461989 0.9999889731407166
1786.2239590456277 1.0000044107437134
1786.2447916288286 1.0001405477523804
1786.265624211604 1.000260353088379
1786.2864567939364 1.0001896619796753
1786.3072893758485 1.0000908374786377
1786.328121957323 1.0000969171524048
1786.348954538382 1.0001277923583984
1786.3697871190086 1.0002498626708984
1786.3906196992257 1.0002332925796509
1786.4114522790157 1.0000649690628052
1786.4322848583913 1.0001561641693115
1786.453117437366 0.9998601675033569
1786.4739500159217 1.000025749206543
1786.4947825940822 1.0002776384353638
1786.51561517183 1.0002622604370117
1786.5364477491883 1.0002620220184326
1786.5572803261398 0.9999012351036072
1786.5781129027084 0.9999871253967285
1786.5989454788764 0.9999929070472717
1786.6197780546577 0.9999625086784363
1786.6406106300653 0.9999600052833557
1786.6614432050824 0.9999097585678101
1786.6822757797322 1.0001015663146973
1786.7031083539987 1.0001102685928345
1786.7239409279052 1.0001351833343506
1786.744773501435 1.00021493434906
1786.765606074612 1.0002403259277344
1786.7864386474198 1.0002198219299316
1786.8072712198818 1.0002009868621826
1786.8281037919821 1.0000736713409424
1786.848936363735 1.0001933574676514
1786.8697689351538 1.0001654624938965
1786.8906015062225 1.000299096107483
1786.9114340769659 1.000109076499939
1786.9322666473672 1.0003581047058105
1786.9530992174514 1.0004422664642334
1786.9739317872024 1.0002880096435547
1786.9947643566347 1.000274896621704
1787.015596925763 1.0002182722091675
1787.0364294945716 1.000216007232666
1787.057262063085 1.0003117322921753
1787.0780946312884 1.0003376007080078
1787.0989271992066 1.0003840923309326
1787.119759766824 1.0005168914794922
1787.140592334166 1.0004384517669678
1787.161424901218 1.0004611015319824
1787.1822574680045 1.000411868095398
1787.2030900345114 1.0004855394363403
1787.2239226007644 1.0005993843078613
1787.2447551667483 1.0006282329559326
1787.2655877324792 1.0006176233291626
1787.286420297973 1.0006134510040283
1787.3072528632156 1.000375509262085
1787.3280854282325 1.000313639640808
1787.348917993011 1.0004369020462036
1787.3697505575763 1.0003870725631714
1787.3905831219151 1.0003808736801147
1787.4114156860544 1.0003573894500732
1787.4322482499808 1.0003502368927002
1787.4530808137113 1.0002923011779785
1787.4739133772623 1.0002505779266357
1787.4947459406321 1.0003716945648193
1787.515578503817 1.0004571676254272
1787.5364110668352 1.0004292726516724
1787.5572436297045 1.000328540802002
1787.5780761924123 1.000346064567566
1787.598908754987 1.0004065036773682
1787.6197413174173 1.0004860162734985
1787.640573879731 1.0004433393478394
1787.6614064419168 1.0004304647445679
1787.6822390040047 1.0004074573516846
1787.7030715659826 1.0003780126571655
1787.7239041278806 1.0003993511199951
1787.7447366896881 1.0004688501358032
1787.7655692514252 1.0005426406860352
1787.7864018131115 1.0005288124084473
1787.807234374738 1.0005178451538086
1787.8280669363353 1.0005619525909424
1787.8488994978939 1.0005208253860474
1787.8697320594456 1.0004690885543823
1787.8905646209816 1.0005179643630981
1787.911397182534 1.0005367994308472
1787.9322297440951 1.0005632638931274
1787.9530623056971 1.0005605220794678
1787.973894867333 1.0004745721817017
1787.9947274290366 1.000530481338501
1788.015559990801 1.0004675388336182
1788.0363925526503 1.0004583597183228
1788.0572251146093 1.0006614923477173
1788.0780576766726 1.0006234645843506
1788.0988902388758 1.0006284713745117
1788.119722801215 1.0007833242416382
1788.1405553637258 1.0007891654968262
1788.1613879264053 1.0007591247558594
1788.1822204892908 1.0007404088974
1788.2030530523807 1.0007816553115845
1788.223885615713 1.0007904767990112
1788.2447181792866 1.000765323638916
1788.2655507431416 1.0007407665252686
1788.2863833072781 1.0007802248001099
1788.307215871737 1.0008349418640137
1788.3280484365202 1.000882863998413
1788.34888100166 1.0008352994918823
1788.3697135671896 1.0008915662765503
1788.390546133113 1.0008143186569214
1788.411378699475 1.000855565071106
1788.4322112662815 1.0005956888198853
1788.4530438335792 1.0008339881896973
1788.473876401375 1.0008432865142822
1788.494708969718 1.000777006149292
1788.515541538618 1.0007905960083008
1788.536374108125 1.000767469406128
1788.5572066782513 1.0008840560913086
1788.5780392490503 1.000853419303894
1788.5988718205356 1.0007785558700562
1788.619704392763 1.000906229019165
1788.6405369657498 1.0008289813995361
1788.661369539554 1.0011976957321167
1788.682202114196 1.0013381242752075
1788.703034689727 1.0017544031143188
1788.7238672662 1.0020276308059692
1788.74469984364 1.0019482374191284
1788.7655324221143 1.0022658109664917
1788.7863650016507 1.0026942491531372
1788.8071975823202 1.0026601552963257
1788.8280301641555 1.0024313926696777
1788.8488627472311 1.0022876262664795
1788.8696953315844 1.00177001953125
1788.8905279172948 1.0014989376068115
1788.9113605044047 0.9997153878211975
1788.932193092998 0.9914716482162476
1788.9530256831222 0.9844244122505188
1788.9738582748676 0.9708370566368103
1788.9946908682866 0.9952433109283447
1789.0155234634756 0.7285587191581726
1789.0363560604933 0.5800011157989502
1789.0571886594319 0.5784615278244019
1789.0780212603865 --
1789.0988538634363 --
1789.1196864686628 0.6064006090164185
1789.1405190761718 0.6121829748153687
1789.1613516860716 0.5776914358139038
1789.203016913414 --
1789.22384953107 --
1789.2446821515418 --
1789.2655147749226 --
1789.2863474013475 --
1789.3071800309115 --
1789.3280126637512 --
1789.3488452999627 --
1789.369677939679 --
1789.3905105829908 --
1789.4113432300242 --
1789.4321758808562 --
1789.4530085355855 --
1789.473841194298 --
1789.4946738570425 --
1789.5155065238487 0.7834600806236267
1789.5363391947415 0.936374306678772
1789.5571718697167 0.9855412244796753
1789.5780045487065 0.9896568655967712
1789.598837231644 0.9938347339630127
1789.6196699183774 1.0000866651535034
1789.6405026087457 1.0015097856521606
1789.661335302495 1.0026904344558716
1789.6821679993548 1.0038293600082397