1790.6825631268475 1.015658974647522
1790.7033967587215 1.0156100988388062
1790.7242303878372 1.015563726425171
1790.745064014391 1.015370488166809
1790.765897638288 1.0153658390045166
1790.7867312597368 1.015221357345581
1790.8075648786141 1.0153098106384277
1790.8283984951315 1.0152599811553955
1790.8492321091671 1.015065312385559
1790.8700657209256 1.0146852731704712
1790.8908993302864 1.0143123865127563
1790.9117329374483 1.014447569847107
1790.9325665422912 1.0148361921310425
1790.9534001450081 1.01406991481781
1790.9742337454798 1.0141209363937378
1790.9950673438937 1.0140193700790405
1791.0159009401316 1.0140273571014404
1791.036734534376 1.0142099857330322
1791.057568126509 1.013947606086731
1791.0784017167084 1.0141777992248535
1791.0992353048575 1.0144474506378174
1791.390905346125 1.0169697999954224
1791.4117389076227 1.0172170400619507
1791.4325724674402 1.0173425674438477
1791.4534060257224 1.017428994178772
1791.4742395823591 1.0175658464431763
1791.495073137493 1.0178855657577515
1791.5159066910144 1.017372488975525
1791.5367402430634 1.0171926021575928
1791.5575737935312 1.0171467065811157
1791.5784073425557 1.0167548656463623
1791.5992408900286 1.0171359777450562
1791.620074436085 1.016013741493225
1791.640907980618 1.016523003578186
1791.6617415237608 1.0156563520431519
1791.6825750654064 1.0160176753997803
1791.7034086056865 1.0162383317947388
1791.7242421444946 1.0158369541168213
1791.7450756819599 1.0161691904067993
1791.7659092179777 1.0161032676696777
1791.786742752675 1.0158179998397827
1791.807576285947 1.015781283378601
1791.8284098179201 1.015939712524414
1791.8492433484894 1.0158454179763794
1791.8700768777792 1.0156947374343872
1791.890910405686 1.0155600309371948
1791.911743932333 1.0157932043075562
1791.9325774576162 1.0156233310699463
1791.9534109816575 1.0153567790985107
1791.9742445043541 1.0154167413711548
1791.9950780258257 1.0152980089187622
1792.0159115459705 1.0153312683105469
1792.036745064907 1.0152417421340942
1792.0575785825324 1.0150359869003296
1792.0784120989636 1.0150049924850464
1792.099245614103 1.0146808624267578
1792.1200791280664 1.0145682096481323
1792.1409126407523 1.0144686698913574
1792.1617461522749 1.0145189762115479
1792.1825796625346 1.0145857334136963
1792.203413171645 1.0146801471710205
1792.224246679517 1.0146287679672241
1792.2450801862324 1.0147278308868408
1792.265913691723 1.0146838426589966
1792.2867471960903 1.0148543119430542
1792.3075806992456 1.0146573781967163
1792.3284142012699 1.0144095420837402
1792.3492477021045 1.0145885944366455
1792.3700812018196 1.014270305633545
1792.3909147003576 1.0145014524459839
1792.4117481977871 1.014365553855896
1792.432581694051 1.0140858888626099
1792.4534151892171 1.0140008926391602
1792.4742486832288 1.014369249343872
1792.4950821761531 1.0139185190200806
1792.5159156679335 1.014140009880066
1792.536749158637 1.0136760473251343
1792.5575826482066 1.0137333869934082
1792.5784161367085 1.0139790773391724
1792.5992496240867 1.0137653350830078
1792.6200831104063 1.0139493942260742
1792.640916595612 1.013715147972107
1792.6617500797681 1.0133315324783325
1792.6825835628192 1.013431191444397
1792.7034170448294 1.0124813318252563
1792.7242505257436 1.0133593082427979
1792.7450840056244 1.013000249862671
1792.7659174844184 1.0130926370620728
1792.7867509621874 1.0130139589309692
1792.8075844388773 1.0130064487457275
1792.8284179145498 1.0128235816955566
1792.8492513891515 1.0129477977752686
1792.870084862743 1.0129103660583496
1792.8909183352714 1.012929916381836
1792.911751806797 1.0126316547393799
1792.9325852772668 1.0128778219223022
1792.9534187467407 1.012560248374939
1792.974252215166 1.0125036239624023
1792.995085682602 1.0126484632492065
1793.0159191489965 1.0126142501831055
1793.0367526144084 1.012316107749939
1793.0575860787858 1.0122276544570923
1793.0784195421863 1.0121604204177856
1793.0992530045587 1.0118192434310913
1793.1200864659609 1.012266993522644
1793.1409199263408 1.0119843482971191
1793.1617533857564 1.0119785070419312
1793.1825868441563 1.0116827487945557
1793.2034203016071 1.0119072198867798
1793.2242537580285 1.011838674545288
1793.2450872135162 1.0117743015289307
1793.26592066798 1.0116279125213623
1793.286754121516 1.0115134716033936
1793.3075875740337 1.0115410089492798
1793.3284210256284 1.0114250183105469
1793.3492544762103 1.0115530490875244
1793.3700879258745 1.0114295482635498
1793.3909213745308 1.0114881992340088
1793.4117548222744 1.011329174041748
1793.4325882690155 1.0112876892089844
1793.4534217148484 1.0110763311386108
1793.474255159684 1.0111035108566284
1793.4950886036158 1.0109796524047852
1793.5159220465548 1.0108997821807861
1793.5367554885952 1.0110186338424683
1793.5575889296476 1.01089608669281
1793.5784223698051 1.010832667350769
1793.5992558089795 1.010831356048584
1793.6200892472634 1.010912299156189
1793.640922684568 1.010705828666687
1793.6617561209869 1.0105689764022827
1793.682589556431 1.0104033946990967
1793.7034229909927 1.01056706905365
1793.7242564245944 1.0101971626281738
1793.7450898572974 1.010189175605774
1793.7659232890542 1.010368824005127
1793.7867567199164 1.010190725326538
1793.8075901498366 1.0098137855529785
1793.828423578866 1.009889841079712
1793.849257006957 1.0099881887435913
1793.8700904341606 1.0099462270736694
1793.8909238604297 1.0097754001617432
1793.9117572858152 1.0097832679748535
1793.93259071027 1.0097826719284058
1793.9534241338445 1.009698510169983
1793.974257556492 1.0094701051712036
1793.9950909782622 1.0095082521438599
1794.0159243991088 1.0094112157821655
1794.036757819092 1.0093752145767212
1794.057591238135 1.0093703269958496
1794.0784246563273 1.009158730506897
1794.099258073583 1.0092120170593262
1794.1200914899914 1.0090711116790771
1794.1409249054661 1.009293794631958
1794.1617583200966 1.0089597702026367
1794.1825917337967 1.0089645385742188
1794.2034251466557 1.0088411569595337
1794.2242585585873 1.0088032484054565
1794.2450919696805 1.0086872577667236
1794.2659253798495 1.0085958242416382
1794.286758789183 1.0086983442306519
1794.3075921975956 1.008621335029602
1794.3284256051752 1.0085352659225464
1794.3492590118367 1.0083630084991455
1794.370092417668 1.0081571340560913
1794.390925822584 1.0081473588943481
1794.4117592266725 1.0081071853637695
1794.4325926298588 1.0079971551895142
1794.4534260322 1.0079060792922974
1794.4742594336517 1.0077894926071167
1794.4950928342607 1.0078465938568115
1794.5159262339828 1.007910966873169
1794.5367596328651 1.0076528787612915
1794.557593030863 1.0074714422225952
1794.5784264280235 1.0074224472045898
1794.5992598243022 1.0072075128555298
1794.620093219746 1.0073598623275757
1794.64092661431 1.0070496797561646
1794.6617600080417 1.0070199966430664
1794.6825934008968 1.0065028667449951
1794.7034267929312 1.006767749786377
1794.7242601840715 1.0063968896865845
1794.7450935744034 1.0065505504608154
1794.7659269638432 1.0064641237258911
1794.7867603524771 1.006585955619812
1794.8075937402216 1.0064712762832642
1794.8284271271623 1.006077527999878
1794.8492605132155 1.0056320428848267
1794.870093898467 1.0057189464569092
1794.8909272828334 1.0057581663131714
1794.9117606664004 1.0058035850524902
1794.9325940490844 1.0052801370620728
1794.9742608119766 1.0059430599212646
1794.9950941921868 1.005086064338684
1795.0159275715182 1.005385160446167
1795.0367609500563 1.0053645372390747
1795.057594327727 1.0056747198104858
1795.0784277045852 1.0053776502609253
1795.09926108059 1.005126953125
1795.1200944557856 1.0054371356964111
1795.140927830129 1.0051038265228271
1795.1617612036644 1.0048965215682983
1795.1825945763494 1.0049422979354858
1795.2034279482286 1.004462480545044
1795.2242613192593 1.0046629905700684
1795.2450946894855 1.004441261291504
1795.2659280588653 1.0042927265167236
1795.2867614274428 1.0040124654769897
1795.3075947951756 1.004004716873169
1795.328428162118 1.0044779777526855
1795.3492615281973 1.0041698217391968
1795.3700948934977 1.0039634704589844
1795.390928257937 1.0040489435195923
1795.4117616215995 1.003936529159546
1795.4325949844026 1.0039197206497192
1795.4534283464302 1.003478765487671
1795.4742617076106 1.003684163093567
1795.4950950679968 1.003679871559143
1795.5159284275376 1.0034208297729492
1795.536761786306 1.003328561782837
1795.5575951442308 1.0033057928085327
1795.5784285013647 1.0032132863998413
1795.5992618576668 1.0030750036239624
1795.6200952131794 1.0029641389846802
1795.6409285678617 1.0027049779891968
1795.6617619217564 1.0028570890426636
1795.6825952748225 1.0026060342788696
1795.7034286271025 1.0027340650558472
1795.7242619785557 1.0025794506072998
1795.745095329234 1.0023235082626343
1795.7659286790667 1.0024701356887817
1795.7867620281368 1.0023859739303589
1795.807595376363 1.001982569694519
1795.8284287238275 1.001903772354126
1795.84926207045 1.001946210861206
1795.8700954163123 1.001787781715393
1795.8909287613337 1.0018929243087769
1795.9117621055968 1.0015596151351929
1795.9325954490207 1.0015815496444702
1795.9534287916874 1.001521348953247
1795.9742621335267 1.001349687576294
1795.99509547459 1.0012640953063965
1796.0159288148373 1.0013885498046875
1796.03676215431 1.0011584758758545
1796.0575954929686 1.000845193862915
1796.078428830854 1.0010656118392944
1796.0992621679263 1.0007902383804321
1796.1200955042273 1.0005556344985962
1796.1409288397163 1.0006424188613892
1796.1617621744354 1.0003210306167603
1796.182595508344 1.000303864479065
1796.2034288414943 1.0002838373184204
1796.2242621738155 1.0001591444015503
1796.2450955053894 1.0000710487365723
1796.2659288361358 0.9998011589050293
1796.2867621661362 0.9999289512634277
1796.307595495311 0.999716579914093
1796.3284288237408 0.9995337128639221
1796.3492621513462 0.999297559261322
1796.370095478208 0.999243438243866
1796.3909288042466 0.9993128180503845
1796.4117621295434 0.9990153312683105
1796.4325954540286 0.998957633972168
1796.4534287777526 0.9988200068473816
1796.4742621006767 0.9986991286277771
1796.495095422841 0.9987165927886963
1796.5159287442063 0.9984899759292603
1796.5367620648135 0.9982671141624451
1796.5575953846233 0.998254120349884
1796.5784287036759 0.9983300566673279
1796.5992620219324 0.9981335401535034
1796.6200953394432 0.9979807138442993
1796.640928656139 0.9978440999984741
1796.6617619720907 0.9978691339492798
1796.682595287249 0.9976469278335571
1796.703428601664 0.997589111328125
1796.7242619152669 0.9973569512367249
1796.7450952281379 0.9974848031997681
1796.765928540198 0.9971331357955933
1796.7867618515274 0.9970652461051941
1796.8075951620478 0.9970003962516785
1796.8284284718386 0.996787965297699
1796.8492617808315 0.9967496991157532
1796.870095089076 0.9967968463897705
1796.8909283965338 0.9966098666191101
1796.9117617032448 0.9964437484741211
1796.9325950091704 0.9965150952339172
1796.9534283143605 0.9963129758834839
1796.9742616187466 0.9962263107299805
1796.995094922408 0.9960381984710693
1797.0159282252669 0.9958838820457458
1797.0367615274024 0.9956698417663574
1797.0575948287371 0.9954490661621094
1797.0784281293495 0.9956677556037903
1797.0992614291622 0.9953685402870178
1797.120094728254 0.9953794479370117
1797.140928026547 0.9951191544532776
1797.1617613241208 0.9950820207595825
1797.1825946209074 0.9948679208755493
1797.2034279169557 0.9949691891670227
1797.2242612122284 0.9947319030761719
1797.245094506764 0.9946472644805908
1797.2659278005249 0.9944409728050232
1797.28676109355 0.9944155812263489
1797.3075943858025 0.9942706823348999
1797.3284276773302 0.9943622350692749
1797.3492609680663 0.9942837357521057
1797.370094258089 0.9939360618591309
1797.3909275473216 0.9936659932136536
1797.411760835842 0.9936990141868591
1797.4325941235738 0.9934502840042114
1797.4534274105947 0.9935897588729858
1797.4742606968284 0.9933125376701355
1797.4950939823525 0.9934221506118774
1797.5159272671003 0.993308961391449
1797.5367605511203 0.9929911494255066
1797.5575938343757 0.992850661277771
1797.5784271169043 0.9927592873573303
1797.5992603986697 0.9926343560218811
1797.6200936797095 0.9924785494804382
1797.6409269599874 0.9924986958503723
1797.6617602395413 0.99237060546875
1797.682593518335 0.9920439124107361
1797.703426796416 0.991847574710846
1797.724260073718 0.9915327429771423
1797.7450933503185 0.9918356537818909
1797.7659266261414 0.9915807843208313
1797.7867599012648 0.9915594458580017
1797.807593175612 0.9915298223495483
1797.8284264492609 0.991351842880249
1797.8492597221452 0.9909870028495789
1797.8700929943122 0.9908726215362549
1797.8909262657264 0.9909555912017822
1797.911759536425 0.990946888923645
1797.9325928063724 0.9907374382019043
1797.9534260756152 0.990661084651947
1797.9742593440885 0.9906383156776428
1797.9950926118688 0.9906041622161865
1798.015925878881 0.9901154637336731
1798.036759145202 0.9903963208198547
1798.0575924107566 0.9900387525558472
1798.078425675621 0.9898608922958374
1798.0992589397208 0.9898921847343445
1798.1200922031323 0.9896687865257263
1798.1409254657806 0.9894120097160339
1798.161758727742 0.9896942973136902
1798.1825919889523 0.9895283579826355
1798.203425249457 0.9893654584884644
1798.2242585092224 0.9891431927680969
1798.245091768284 0.988978922367096
1798.2659250266076 0.9891287088394165
1798.2867582842296 0.989062488079071
1798.3075915411152 0.9888255596160889
1798.3284247973106 0.9886470437049866
1798.349258052752 0.9885382056236267
1798.3700913075145 0.9881904721260071
1798.3909245615246 0.988407552242279
1798.411757814858 0.9881086945533752
1798.4325910674409 0.9881572723388672
1798.4534243193486 0.9878057837486267
1798.4742575705181 0.9877700805664062
1798.4950908209942 0.9880614876747131
1798.5159240707437 0.9878758788108826
1798.5367573198016 0.9875539541244507
1798.5575905681355 0.9872663617134094
1798.5784238157896 0.9872881770133972
1798.5992570627016 0.9872651100158691
1798.6200903089457 0.9870142340660095
1798.6409235544497 0.9870456457138062
1798.661756799288 0.9869025945663452
1798.6825900433887 0.9867082238197327
1798.7034232868255 0.9865018725395203
1798.7242565295367 0.9865756034851074
1798.7450897715662 0.986627995967865
1798.7659230128822 0.9864760637283325
1798.786756253519 0.9864403009414673
1798.8075894934448 0.9861716032028198
1798.8284227327033 0.9860410690307617
1798.8492559712333 0.986066997051239
1798.8700892091085 0.9857096076011658
1798.8909224462573 0.9859257936477661
1798.9117556827537 0.9854360818862915
1798.9325889185266 0.9852200746536255
1798.9534221536492 0.9855757355690002
1798.974255388061 0.9851413369178772
1798.995088621805 0.9850295782089233
1799.0159218548508 0.9852078557014465
1799.0367550872315 0.9847206473350525
1799.0575883189383 0.9845787882804871
1799.0784215500025 0.984939455986023
1799.099254780353 0.9844940304756165
1799.1200880100237 0.9841240644454956
1799.140921239005 0.984010636806488
1799.161754467339 0.9842365384101868
1799.182587694967 0.9838133454322815
1799.2242541482512 0.9848727583885193
1799.2450873739103 0.9844915270805359
1799.2659205988698 0.984470784664154
1799.2867538232008 0.9844592213630676
1799.3075870468458 0.9841986298561096
1799.3284202698455 0.9839467406272888
1799.3492534921727 0.9839413166046143
1799.3700867138577 0.9838333129882812
1799.3909199348739 0.9837493300437927
1799.4117531552615 0.9837388396263123
1799.432586374964 0.9834733605384827
1799.4534195940516 0.9836021065711975
1799.474252812458 0.9834517240524292
1799.495086030253 0.9834827184677124
1799.515919247371 0.9833072423934937
1799.5367524638814 0.9832558631896973
1799.557585679729 0.9830812811851501
1799.578418894953 0.9831066131591797
1799.5992521095288 0.9829757213592529
1799.6200853234952 0.9829442501068115
1799.6409185367977 0.9829340577125549
1799.6617517495051 0.9827209115028381
1799.6825849615536 0.9828410148620605
1799.7034181730114 0.9826344847679138
1799.7242513838155 0.9828168749809265
1799.7450845940334 0.9826337695121765
1799.7659178036026 0.98235023021698
1799.7867510125907 0.9822209477424622
1799.8075842209455 0.9825430512428284
1799.8284174287044 0.9820577502250671
1799.8492506358457 0.9819979071617126
1799.8700838423963 0.9819896221160889
1799.890917048335 0.9819118976593018
1799.9117502536988 0.9819743633270264
1799.9325834584374 0.981850802898407
1799.9534166626163 0.9818717837333679
1799.9742498661765 0.9818837642669678
1799.9950830691835 0.9815406203269958
1800.0159162715881 0.9814481735229492
1800.036749473426 0.9815341830253601
1800.0575826746792 0.9814047813415527
1800.0784158753718 0.9813521504402161
1800.0992490754875 0.9811077117919922
1800.1200822750598 0.9812235236167908
1800.1409154740425 0.9810295104980469
1800.1617486724992 0.9811580777168274
1800.1825818703753 0.9809205532073975
1800.203415067733 0.9809202551841736
1800.2242482645286 0.980808436870575
1800.2450814607937 0.9808221459388733
1800.265914656516 0.9808123707771301
1800.2867478517169 0.9808568954467773
1800.3075810463845 0.980726957321167
1800.3284142405396 0.9806509613990784
1800.3492474341717 0.9806081056594849
1800.3700806273107 0.9803006649017334
1800.3909138199178 0.9805312156677246
1800.4117470120518 0.9804139137268066
1800.4325802036656 0.980029284954071
1800.4534133948166 0.980207622051239
1800.4742465854697 0.9801735281944275
1800.4950797756514 0.980047345161438
1800.5159129653578 0.980131983757019
1800.5367461546048 0.9801095128059387
1800.5575793433904 0.9801052808761597
1800.5784125317393 0.9800446033477783
1800.5992457196212 0.9799381494522095
1800.62007890709 0.9798063635826111
1800.6409120941066 0.9798016548156738
1800.6617452807247 0.9798073172569275
1800.682578466908 0.9797200560569763
1800.703411652707 0.9798861145973206
1800.7242448380987 0.9797616600990295
1800.745078023103 0.9797026515007019
1800.765911207728 0.9795207977294922
1800.7867443919831 0.9795376062393188
1800.8075775758793 0.979462742805481
1800.8284107594338 0.9793602228164673
1800.8492439426307 0.9795138239860535
1800.8700771255158 0.9793819189071655
1800.890910308066 0.9791390299797058
1800.9117434903258 0.9792271852493286
1800.9325766722854 0.9791993498802185
1800.953409853957 0.979149580001831
1800.974243035365 0.9789385795593262
1800.9950762165095 0.9786868095397949
1801.0159093974182 0.9789643287658691
1801.03674257809 0.9788674712181091
1801.0575757585573 0.9786936640739441
1801.0784089388253 0.9787042737007141
1801.0992421189017 0.9787659049034119
1801.1200752988198 0.9789438247680664
1801.1409084785914 0.9787771701812744
1801.161741658218 0.978633463382721
1801.182574837747 0.9786715507507324
1801.2034080171666 0.9786950945854187
1801.2242411965306 0.9784401655197144
1801.2450743758336 0.9785239100456238
1801.2659075551062 0.9787489771842957
1801.2867407343704 0.9783254861831665
1801.3075739136539 0.9785652756690979
1801.3284070929744 0.978600800037384
1801.3492402723784 0.9785633683204651
1801.3700734518495 0.9783154129981995
1801.3909066314725 0.9780606627464294
1801.4117398112173 0.9782556891441345
1801.4325729911789 0.9772442579269409
1801.4534061713318 0.9773411154747009
1801.4742393517522 0.9778059720993042
1801.4950725324393 0.978074848651886
1801.5159057134713 0.9778637290000916
1801.536738894842 0.9778892397880554
1801.5575720766435 0.9780393242835999
1801.5784052588629 0.9780638813972473
1801.599238441617 0.9778950214385986
1801.620071624856 0.9781178832054138
1801.6409048087437 0.9779872298240662
1801.6617379932231 0.9779754877090454
1801.6825711784466 0.9778412580490112
1801.703404364378 0.9780939817428589
1801.7242375511812 0.9779676795005798
1801.7450707388107 0.977742075920105
1801.7659039274631 0.9781365990638733
1801.7867371170535 0.9779617190361023
1801.8075703078343 0.9791300892829895
1801.8284034997084 0.9777589440345764
1801.8492366929283 0.9781058430671692
1801.8700698874138 0.9777733683586121
1801.8909030834393 0.9780510663986206
1801.9117362809106 0.9767856597900391
1801.932569480139 0.97392737865448
1801.9534026810131 0.977827250957489
1801.9742358838946 0.9777930974960327
1801.9950690886244 0.9776449203491211
1802.015902295637 0.9771535992622375
1802.0367355047447 0.9781726002693176
1802.0575687164348 0.9776267409324646
1802.0784019305065 0.9774370789527893
1802.0992351474486 0.9775872826576233
1802.1200683670672 0.9775183200836182
1802.1409015899192 0.9777947068214417
1802.1617348157545 0.9769697785377502
1802.1825680452016 0.9750192165374756
1802.2034012779736 0.9724026918411255
1802.2242345147406 0.2517961859703064
1802.2450677551972 0.011930316686630249
1802.2659010000132 --
1802.2867342488844 --
1802.3075675024884 0.023391112685203552
1802.3284007604645 --
1802.3492340234966 0.8600835204124451
1802.3700672911905 0.9741541147232056
1802.3909005641622 0.9766130447387695
1802.4117338420015 0.9777969121932983
1802.432567125201 0.9783072471618652
1803.474231626914 0.9832475781440735
1803.4950648488973 0.9831957221031189
1803.51589806816 0.9832483530044556
1803.5367312848937 0.9831804633140564
1803.5575644989856 0.9831597805023193
1803.57839771065 0.983156681060791
1803.5992309197757 0.9830939769744873
1803.6200641265398 0.9834099411964417
1803.6408973308626 0.9833399653434753
1803.6617305329055 0.9832159280776978
1803.6825637325892 0.9830617904663086
1803.7033969300787 0.9831184148788452
1803.724230125266 0.9833835363388062
1803.745063318341 0.9835901260375977
1803.765896509196 0.9835363626480103
1803.7867296979853 0.9836618900299072
1803.8075628846325 0.9834933876991272
1803.8283960692768 0.9835862517356873
1803.8492292518426 0.9837494492530823
1803.870062432474 0.9837490320205688
1803.8908956110663 0.983731746673584
1803.9117287877898 0.9837970733642578
1803.9325619625401 0.9839431643486023
1803.953395135453 0.9838911294937134
1803.9742283064552 0.9839630722999573
1803.9950614756683 0.9840282201766968
1804.0158946430201 0.9840750098228455
1804.0367278086387 0.9838672280311584
1804.057560972422 0.9843569993972778
1804.0783941345248 0.9841402173042297
1804.099227294846 0.9841892719268799
1804.1200604535072 0.9843618869781494
1804.1408936104376 0.9843518137931824
1804.161726765746 0.9844630360603333
1804.1825599193623 0.9846391081809998
1804.2033930714024 0.9844176769256592
1804.2242262217667 0.9848533272743225
1804.245059370598 0.9845920205116272
1804.2658925177886 0.9847832322120667
1804.2867256634784 0.9849055409431458
1804.3075588075694 0.9849230051040649
1804.3283919501698 0.9848852157592773
1804.3492250912122 0.9851985573768616
1804.3700582308022 0.9850698113441467
1804.3908913688435 0.9852533340454102
1804.41172450547 0.9851557612419128
1804.4325576405847 0.9850484728813171
1804.45339077429 0.9855130314826965
1804.47422390652 0.9850962162017822
1804.4950570373644 0.9848878383636475
1804.5158901667587 0.9853458404541016
1804.5367232948004 0.9852501153945923
1804.5575564213955 0.9852084517478943
1804.57838954667 0.9853712916374207
1804.5992226705303 0.9856722950935364
1804.6200557930702 0.9857634902000427
1804.6408889142276 0.9854850172996521
1804.6617220340847 0.9854053258895874
1804.6825551525794 0.9857761859893799
1804.7033882698026 0.9859499931335449
1804.7242213856628 0.9853960275650024
1804.7450545002794 0.9857542514801025
1804.765887613561 0.9856683015823364
1804.7867207255968 0.9859312176704407
1804.8075538363253 0.985997200012207
1804.828386945834 0.9859296083450317
1804.8492200540322 0.9863438010215759
1804.8700531610361 0.9860334992408752
1804.890886266746 0.9863253235816956
1804.9117193712766 0.9861058592796326
1804.9325524745382 0.9864065647125244
1804.953385576615 0.9862097501754761
1804.9742186774474 0.986465334892273
1804.9950517771183 0.9866825938224792
1805.0158848755398 0.9865155816078186
1805.0367179728228 0.9867020845413208
1805.0575510688793 0.9868935346603394
1805.0783841637901 0.9866178631782532
1805.0992172574975 0.9868031144142151
1805.1200503500713 0.9867815375328064
1805.1408834414542 0.9870690107345581
1805.161716531725 0.9871151447296143
1805.1825496207969 0.9870084524154663
1805.2033827087778 0.9871482253074646
1805.2242157955811 0.9875676035881042
1805.2450488812842 0.987407922744751
1805.265881965831 0.9877009987831116
1805.286715049298 0.9874263405799866
1805.307548131599 0.9877292513847351
1805.32838121284 0.9877920746803284
1805.3492142929254 0.9877493977546692
1805.3700473719603 0.9880003929138184
1805.3908804498597 0.9880301356315613
1805.4117135266974 0.9878625273704529
1805.4325466024195 0.9876994490623474
1805.4533796770986 0.9881685376167297
1805.4742127506508 0.9882436394691467
1805.4950458231792 0.9883071780204773
1805.5158788945896 0.9882569313049316
1805.536711964984 0.9886192679405212
1805.5575450342792 0.9886712431907654
1805.5783781025464 0.9885554909706116
1805.5992111697321 0.988951563835144
1805.620044235908 0.9887653589248657
1805.6408773009905 0.9889025092124939
1805.6617103650804 0.9887295961380005
1805.6825434280947 0.9889177680015564
1805.7033764901032 0.9886301159858704
1805.7242095510537 0.9887659549713135
1805.7450426110156 0.9889524579048157
1805.765875669907 0.9888800978660583
1805.786708727826 0.9893522262573242
1805.8075417846815 0.9891937375068665
1805.8283748405713 0.9894802570343018
1805.8492078954139 0.9896357655525208
1805.8700409492774 0.989762544631958
1805.8908740021109 0.9895642995834351
1805.9117070539808 0.9899039268493652
1805.932540104807 0.9898813962936401
1805.9533731546856 0.9893674254417419
1805.9742062035364 0.9901254773139954
1805.9950392514256 0.990153968334198
1806.0158722983033 0.9900838136672974
1806.0367053442346 0.9900755882263184
1806.0575383891462 0.9901630878448486
1806.0783714331326 0.9901124238967896
1806.0992044760926 0.9904104471206665
1806.120037518122 0.9907941222190857
1806.1408705591468 0.9906108975410461
1806.161703599231 0.9906948208808899
1806.1825366383257 0.9903803467750549
1806.2033696764952 0.9908092021942139
1806.22420271366 0.990612268447876
1806.2450357499145 0.9910146594047546
1806.2658687851797 0.9912065267562866
1806.2867018195188 0.9909895658493042
1806.3075348528837 0.9912304878234863
1806.328367885337 0.9912075400352478
1806.3492009168008 0.9913994669914246
1806.3700339473673 0.9915820956230164
1806.3908669769594 0.9914014339447021
1806.4117000056385 0.9913492202758789
1806.4325330333572 0.9916673898696899
1806.4533660601776 0.9914681315422058
1806.4741990860216 0.9916239976882935
1806.4950321109811 0.9917213916778564
1806.5158651349693 0.9920218586921692
1806.5366981580767 0.9920424818992615
1806.5575311802268 0.9918880462646484
1806.57836420148 0.9920769333839417
1806.5991972217898 0.9919759035110474
1806.620030241217 0.9921820759773254
1806.6408632596847 0.9924489855766296
1806.661696277283 0.9922981262207031
1806.6825292939359 0.9922481179237366
1806.7033623097032 0.9925763010978699
1806.7241953245384 0.9926373362541199
1806.7450283384917 0.992501974105835
1806.765861351517 0.9928838014602661
1806.7866943636734 0.9925858974456787
1806.8075273748957 0.9929475784301758
1806.8283603852424 0.9929850101470947
1806.849193394668 0.992856502532959
1806.8700264032218 0.9930732250213623
1806.890859410858 0.9929859638214111
1806.9116924176353 0.9932541251182556
1806.9325254234784 0.9931755065917969
1806.953358428476 0.9932681918144226
1806.9741914325523 0.9934303760528564
1806.995024435766 0.9935251474380493
1807.0158574380723 0.9935060143470764
1807.0366904395287 0.9934430718421936
1807.0575234400605 0.9934579133987427
1807.0783564397557 0.993904173374176
1807.0991894385393 0.9937942624092102
1807.1200224364688 0.9939239025115967
1807.1408554335003 0.9941617846488953
1807.1616884296902 0.9941997528076172
1807.182521424965 0.9942044019699097
1807.203354419411 0.9941238164901733
1807.2241874129445 0.9939696788787842
1807.2450204056522 0.994281530380249
1807.2658533974604 0.9940412640571594
1807.2866863884353 0.9944355487823486
1807.3075193785032 0.9943270087242126
1807.3283523677503 0.9944288730621338
1807.3491853560934 0.9943211674690247
1807.3700183436183 0.9946030974388123
1807.3908513302517 0.9945092797279358
1807.4116843160493 0.994623064994812
1807.4325173009684 0.994704008102417
1807.4533502850636 0.9948523044586182
1807.4741832682628 0.9948135614395142
1807.495016250651 0.9948710799217224
1807.5158492321555 0.9951918125152588
1807.5366822128312 0.9949498772621155
1807.5575151926357 0.9949618577957153
1807.5783481716235 0.9951165318489075
1807.5991811497227 0.9955986142158508
1807.6200141270178 0.9954190850257874
1807.6408471034365 0.9956237077713013
1807.661680079033 0.9955272674560547
1807.6825130537654 0.9959729313850403
1807.703346027688 0.9958590865135193
1807.7241790007288 0.9956038594245911
1807.7450119729717 0.9959062337875366
1807.7658449443452 0.9960743188858032
1807.786677914903 0.9961286187171936
1807.8075108846035 0.9962284564971924
1807.8283438535004 0.9960997104644775
1807.849176821522 0.9962667226791382
1807.8700097887522 0.9963425993919373
1807.8908427551191 0.9961490035057068
1807.9116757206768 0.9963383674621582
1807.9325086853833 0.9965636134147644
1807.9533416492918 0.9964017271995544
1807.9741746123318 0.9964039325714111
1808.0158405359834 0.9967530965805054
1808.0366734965771 0.9969754815101624
1808.0575064563257 0.9969181418418884
1808.0783394152722 0.9970557689666748
1808.0991723733762 0.9969612956047058
1808.1200053306898 0.997334361076355
1808.1408382871525 0.9974871277809143
1808.161671242817 0.997360110282898
1808.1825041976422 0.9977201819419861
1808.2033371516807 0.9975216388702393
1808.2241701048624 0.9973180890083313
1808.2450030572693 0.9969701170921326
1808.2658360088308 0.9979870319366455
1808.2866689595992 0.9979895949363708
1808.307501909534 0.9979938864707947
1808.3283348586774 0.9978996515274048
1808.3491678069893 0.9984074831008911
1808.3700007545215 0.9986869096755981
1808.3908337012135 0.9984672665596008
1808.4116666471177 0.9985673427581787
1808.4324995921938 0.9985994696617126
1808.4533325364832 0.9987673759460449
1808.4741654799466 0.9986488819122314
1808.494998422635 0.9990336894989014
1808.5158313644888 0.9990164637565613
1808.5366643055593 0.9984203577041626
1808.5574972458069 0.9992359280586243
1808.5783301852725 0.9991286396980286
1808.599163123917 0.9992640614509583
1808.6199960617914 0.9994124174118042
1808.6408289988362 0.999602198600769
1808.6616619351025 0.9993725419044495
1808.6824948705505 0.9995570182800293
1808.7033278052215 0.9997951984405518
1808.724160739076 0.9994539022445679
1808.7449936721653 0.9997628927230835
1808.7658266044195 0.9996570944786072
1808.7866595359199 1.0002014636993408
1808.8074924665968 1.0000883340835571
1808.828325396501 0.9998578429222107
1808.8491583255936 1.0003920793533325
1808.8699912539253 1.0004515647888184
1808.8908241814265 1.0002938508987427
1808.9116571081784 1.0004061460494995
1808.9324900341114 1.0003156661987305
1808.953322959276 1.000341773033142
1808.9741558836336 1.0008069276809692
1808.9949888072344 1.0008630752563477
1809.0158217300097 1.0008596181869507
1809.0366546520395 1.000779390335083
1809.057487573255 1.000766396522522
1809.0783204937063 1.000539779663086
1809.0991534133555 1.00101900100708
1809.1199863322515 1.0007421970367432
1809.1408192503366 1.0007268190383911
1809.1616521676603 1.001394271850586
1809.1824850841842 1.00156569480896
1809.2033179999482 1.0011014938354492
1809.224150914914 1.000775694847107
1809.2449838291311 1.0015619993209839
1809.2658167425416 1.001786231994629
1809.2866496551944 1.001664400100708
1809.307482567052 1.0017095804214478
1809.3283154781534 1.001847743988037
1809.3491483884611 1.0020391941070557
1809.369981298024 1.001642107963562
1809.3908142067844 1.002030372619629
1809.4116471147915 1.0021463632583618
1809.4324800220072 1.00216805934906
1809.453312928481 1.0023547410964966
1809.474145834145 1.0024186372756958
1809.4949787390783 1.0024548768997192
1809.5158116432133 1.002724289894104
1809.5366445465986 1.0022664070129395
1809.5574774491968 1.002533197402954
1809.578310351057 1.0028693675994873
1809.5991432521116 1.002934455871582
1809.6199761524394 1.0025813579559326
1809.6408090519728 1.0030452013015747
1809.6616419507607 1.0027607679367065
1809.6824748487654 1.0029735565185547
1809.703307746036 1.0032556056976318
1809.724140642505 1.0033320188522339
1809.744973538251 1.0028053522109985
1809.765806433207 1.0035297870635986
1809.786639327421 1.003371238708496
1809.807472220856 1.0034865140914917
1809.8283051135606 1.0034778118133545
1809.849138005468 1.0037933588027954
1809.8699708966558 1.003857970237732
1809.8908037870578 1.0036958456039429
1809.9116366767316 1.0042494535446167
1809.9324695656105 1.003871202468872
1809.953302453773 1.0038809776306152
1809.974135341142 1.004001259803772
1809.9949682277954 1.0040949583053589
1810.015801113667 1.0043357610702515
1810.0366339988143 1.004364013671875
1810.0574668831707 1.0042766332626343
1810.0782997668143 1.0045441389083862
1810.0991326496687 1.004500389099121
1810.1199655318112 1.0047500133514404
1810.140798413176 1.0048632621765137
1810.1616312938204 1.004982829093933
1810.182464173678 1.004917025566101
1810.2032970528267 1.0047762393951416
1810.2241299311902 1.0051212310791016
1810.2449628088457 1.0050724744796753
1810.2657956857274 1.0052051544189453
1810.2866285618925 1.0054455995559692
1810.3074614372752 1.0056722164154053
1810.3282943119525 1.00550377368927
1810.349127185859 1.005670428276062
1810.3699600590414 1.0056208372116089
1810.3907929314644 1.0057073831558228
1810.4116258031743 1.0058273077011108
1810.432458674106 1.0061733722686768
1810.4532915443365 1.0060534477233887
1810.4741244138004 1.006266713142395
1810.494957282544 1.0061858892440796
1810.5157901505322 1.0063570737838745
1810.5366230178117 1.0066393613815308
1810.557455884317 1.0067994594573975
1810.5782887501252 1.0067558288574219
1810.599121615171 1.0066832304000854
1810.6199544795004 1.0064092874526978
1810.6407873430792 1.0068913698196411
1810.6616202059529 1.0069639682769775
1810.6824530680572 1.0071135759353638
1810.7032859294682 1.0070167779922485
1810.7241187901213 1.0069719552993774
1810.7449516500722 1.006886601448059
1810.7657845092567 1.007258415222168
1810.7866173677503 1.0074899196624756
1810.8074502254894 1.0073984861373901
1810.8282830825192 1.007357120513916
1810.8491159388057 1.0076463222503662
1810.869948794394 1.0074998140335083
1810.890781649221 1.0077617168426514
1810.911614503361 1.0078184604644775
1810.9324473567515 1.0076096057891846
1810.9532802094368 1.007728099822998
1810.9741130613836 1.0081642866134644
1810.994945912637 1.0078623294830322
1811.0157787631433 1.008016586303711
1811.0366116129474 1.0080865621566772
1811.0574444620167 1.008226752281189
1811.0782773103954 1.0081549882888794
1811.0991101580207 1.0083354711532593
1811.119943004967 1.008487343788147
1811.1407758511714 1.0083116292953491
1811.1616086966783 1.0083928108215332
1811.1824415414555 1.008420705795288
1811.2032743855468 1.0085211992263794
1811.2241072288898 1.00863516330719
1811.2449400715589 1.008718490600586
1811.2657729134912 1.0087451934814453
1811.286605754741 1.0088374614715576
1811.3074385952464 1.0088993310928345
1811.328271435081 1.0089651346206665
1811.3491042741828 1.0089919567108154
1811.3699371125956 1.0092191696166992
1811.3907699502877 1.0091429948806763
1811.4116027873022 1.0091443061828613
1811.432435623578 1.0092734098434448
1811.4532684591882 1.0093204975128174
1811.4741012940715 1.0095223188400269
1811.4949341282713 1.0093272924423218
1811.5157669617563 1.0096107721328735
1811.5365997945692 1.0093382596969604
1811.5574326266496 1.0097806453704834
1811.57826545807 1.009622573852539
1811.59909828877 1.0100401639938354
1811.619931118802 1.0097547769546509
1811.6407639481056 1.0099124908447266
1811.6615967767532 1.0101176500320435
1811.6824296046848 1.0099984407424927
1811.7032624319424 1.0101717710494995
1811.7240952584962 1.010127067565918
1811.7449280843884 1.0098531246185303
1811.765760909559 1.0100353956222534
1811.78659373408 1.010062575340271
1811.807426557892 1.0101912021636963
1811.828259381037 1.0102238655090332
1811.849092203485 1.0103967189788818
1811.8699250252782 1.0103204250335693
1811.8907578463675 1.0106064081192017
1811.911590666794 1.0105658769607544
1811.932423486529 1.0105834007263184
1811.953256305604 1.0108541250228882
1811.9740891239903 1.0106945037841797
1811.9949219417292 1.0108929872512817
1812.015754758772 1.0109573602676392
1812.0365875751595 1.011009931564331
1812.0574203908643 1.011138916015625
1812.0782532059268 1.0110077857971191
1812.0990860202892 1.0111019611358643
1812.119918834022 1.0112415552139282
1812.1407516470676 1.0113306045532227
1812.161584459467 1.0112409591674805
1812.1824172711922 1.0112208127975464
1812.2032500822838 1.0111863613128662
1812.224082892695 1.0113860368728638
1812.2449157024653 1.011699914932251
1812.2657485115683 1.0114421844482422
1812.2865813200442 1.011527180671692
1812.3074141278364 1.0116236209869385
1812.3282469350145 1.0114964246749878
1812.3490797415225 1.0116490125656128
1812.3699125473997 1.0114893913269043
1812.3907453526206 1.0116947889328003
1812.4115781572245 1.0118130445480347
1812.4324109611562 1.0117632150650024
1812.4532437644841 1.0119892358779907
1812.474076567154 1.0119518041610718
1812.5157421706103 1.0114878416061401
1812.536574971411 1.0116000175476074
1812.557407771562 1.011440396308899
1812.5782405711116 1.0113879442214966
1812.5990733700062 1.0118248462677002
1812.6199061683135 1.0117894411087036
1812.6407389659807 1.012205958366394
1812.6615717630452 1.0121278762817383
1812.6824045594847 1.0125868320465088
1812.7032373553361 1.0126100778579712
1812.7240701505477 1.0125588178634644
1812.7449029451861 1.012692928314209
1812.7657357392002 1.0123685598373413
1812.7865685326262 1.0125110149383545
1812.8074013254438 1.0125490427017212
1812.8282341176885 1.0123851299285889
1812.849066909321 1.0123264789581299
1812.8698997003762 1.0123308897018433
1812.890732490835 1.0125148296356201
1812.9115652807327 1.0127063989639282
1812.932398070021 1.0126664638519287
1812.9532308587638 1.0124354362487793
1812.9740636469146 1.0124770402908325
1812.9948964345162 1.012959599494934
1813.0157292215226 1.0127058029174805
1813.0365620079972 1.0127241611480713
1813.0573947938842 1.0129201412200928
1813.0782275792465 1.0129033327102661
1813.0990603640396 1.0128158330917358
1813.119893148305 1.0128966569900513
1813.1407259319997 1.0127935409545898
1813.1615587151848 1.012973427772522
1813.1823914978183 1.012859582901001
1813.2032242799307 1.0134814977645874
1813.224057061511 1.013462781906128
1813.2448898425887 1.0133365392684937
1813.2657226231343 1.0136945247650146
1813.286555403177 1.0136123895645142
1813.3073881827083 1.0134090185165405
1813.3282209617564 1.013067603111267
1813.3490537402843 1.0133624076843262
1813.3698865183496 1.0130800008773804
1813.3907192959164 1.0131242275238037
1813.411552073012 1.01328706741333
1813.432384849632 1.0130541324615479
1813.4532176258022 1.013597011566162
1813.4740504015003 1.0135849714279175
1813.4948831767513 1.0135091543197632
1813.5157159515547 1.0131808519363403
1813.5365487259342 1.0135308504104614
1813.5573814998716 1.013391137123108
1813.5782142733892 1.0129591226577759
1813.599047046491 1.0131056308746338
1813.619879819198 1.0136140584945679
1813.6407125914873 1.013635277748108
1813.6615453634079 1.0135419368743896
1813.6823781349392 1.0137438774108887
1813.7032109060995 1.0137618780136108
1813.7240436769005 1.0138134956359863
1813.7448764473588 1.0143178701400757
1813.7657092174595 1.0142079591751099
1813.786541987248 1.014171838760376
1813.8073747567116 1.0142009258270264
1813.8282075258746 1.0141791105270386
1813.849040294728 1.01441490650177
1813.8698730633132 1.014392614364624
1813.890705831626 1.0141133069992065
1813.911538599676 1.0139273405075073
1813.9323713674926 1.014103651046753
1813.9532041350833 1.0141723155975342
1813.9740369024619 1.0143846273422241
1813.9948696696335 1.0145246982574463
1814.0157024366376 1.0148301124572754
1814.036535203477 1.0145107507705688
1814.057367970175 1.014486312866211
1814.0782007367327 1.0146077871322632
1814.0990335032 1.0141522884368896
1814.1198662695738 1.0145580768585205
1814.1406990358817 1.0143742561340332
1814.161531802147 1.0144548416137695
1814.182364568404 1.0150816440582275
1814.2031973346534 1.0157026052474976
1814.2240301009374 1.0155590772628784
1814.244862867272 1.0154657363891602
1814.2656956337096 1.0154162645339966
1814.2865284002316 1.0153206586837769
1814.30736116693 1.0157041549682617
1814.328193933782 1.015714406967163
1814.3490267008601 1.0156364440917969
1814.369859468167 1.0158724784851074
1814.390692235788 1.01577889919281
1814.4115250037 1.0157803297042847
1814.4323577720018 1.0157932043075562
1814.453190540684 1.015988826751709
1814.4740233098619 1.0159205198287964
1814.4948560794885 1.0157283544540405
1814.5156888497274 1.0159801244735718
1814.5365216205241 1.016002893447876
1814.5573543920416 1.015647053718567
1814.5781871642168 1.0161370038986206
1814.5990199372561 1.0162467956542969
1814.6198527110864 1.0161478519439697
1814.64068548591 1.0161659717559814
1814.6615182616729 1.0163999795913696
1814.6823510386068 1.0164144039154053
1814.7031838166258 1.0165293216705322
1814.7240165959945 1.016451358795166
1814.7448493766337 1.0165894031524658
1814.7656821588462 1.0167158842086792
1814.7865149425168 1.0165939331054688
1814.807347727991 1.0167484283447266
1814.828180515157 1.0168190002441406
1814.8490133044088 1.0169063806533813
1814.869846095584 1.0168108940124512
1814.8906788891625 1.0169117450714111
1814.911511684959 1.0167711973190308
1814.9323444834836 1.0168800354003906
1814.9531772845562 1.0169236660003662
1814.974010088753 1.016745686531067
1814.9948428958362 1.0170637369155884
1815.015675706482 1.0170291662216187