1790.680045537152 1.0002027750015259
1790.7008791968715 1.0000699758529663
1790.721712855064 0.9999351501464844
1790.7425465118542 0.9997056126594543
1790.7633801672125 0.9998679757118225
1790.7842138212281 0.9997175335884094
1790.8050474738802 0.9996620416641235
1790.825881125253 0.9996486902236938
1790.8467147753258 0.9991536736488342
1790.8675484241774 0.9985464811325073
1790.888382071787 0.998324990272522
1790.9092157182295 0.9982005953788757
1790.930049363483 0.9988367557525635
1790.9508830076186 0.9981474280357361
1790.9717166506146 0.9980142712593079
1790.992550292538 0.9979268908500671
1791.0133839333673 0.997907817363739
1791.034217573166 0.9985985159873962
1791.055051211912 0.9982873201370239
1791.0758848496664 0.9981780648231506
1791.096718486407 0.9982103705406189
1791.388389305481 1.0023682117462158
1791.4092229291516 1.0027533769607544
1791.430056552033 1.0024526119232178
1791.4508901741658 1.0032380819320679
1791.47172379553 1.0030248165130615
1791.4925574161643 1.0039689540863037
1791.5133910360487 1.003218173980713
1791.5342246552211 1.0027209520339966
1791.5550582736614 1.0031818151474
1791.5758918914062 1.0026545524597168
1791.5967255084356 1.0028388500213623
1791.6175591247847 1.002497673034668
1791.638392740434 1.0027596950531006
1791.659226355418 1.0021328926086426
1791.6800599697174 1.0024394989013672
1791.7008935833646 1.0026055574417114
1791.721727196341 1.0020829439163208
1791.7425608086785 1.0024030208587646
1791.763394420358 1.0028082132339478
1791.784228031411 1.0020439624786377
1791.8050616418186 1.0019001960754395
1791.825895251611 1.0022189617156982
1791.84672886077 1.002453327178955
1791.8675624693244 1.0017328262329102
1791.8883960772564 1.0020402669906616
1791.9092296845945 1.0020067691802979
1791.9300632913207 1.0021055936813354
1791.9508968974626 1.0018244981765747
1791.9717305030028 1.0017787218093872
1791.9925641079676 1.0014933347702026
1792.0133977123403 1.001674771308899
1792.0342313161466 1.001757025718689
1792.0550649193538 1.0015655755996704
1792.0758985219884 1.001734972000122
1792.0967321240641 1.000872015953064
1792.1175657256044 1.0011789798736572
1792.138399326578 1.0007498264312744
1792.1592329270095 1.0010513067245483
1792.180066526882 1.0009368658065796
1792.2009001262293 1.0012757778167725
1792.2217337250052 1.0010571479797363
1792.2425673232726 1.0010493993759155
1792.2634009209755 1.0007158517837524
1792.2842345181666 1.0009405612945557
1792.3050681148204 1.001124382019043
1792.3259017109683 1.0009000301361084
1792.3467353065653 1.0009976625442505
1792.3675689016723 1.0010030269622803
1792.3884024962342 1.0009785890579224
1792.4092360903023 1.000985860824585
1792.4300696838516 1.0008537769317627
1792.450903276902 1.0006916522979736
1792.4717368694392 1.000463604927063
1792.4925704614927 1.000601053237915
1792.5134040530183 1.0006693601608276
1792.5342376440658 1.0009475946426392
1792.5550712346103 1.000606656074524
1792.5759048246814 1.0009350776672363
1792.5967384142346 1.0006579160690308
1792.6175720033289 1.000659704208374
1792.6384055919098 1.0004774332046509
1792.6592391800364 1.0003204345703125
1792.6800727676546 1.0004154443740845
1792.7009063548223 0.9994919896125793
1792.7217399414862 1.0005303621292114
1792.7425735277036 1.0002354383468628
1792.7634071134212 1.000152587890625
1792.7842406986965 1.0002816915512085
1792.8050742834764 1.0005419254302979
1792.8259078678175 1.0006160736083984
1792.8467414516667 1.0007675886154175
1792.8675750350812 1.0005829334259033
1792.8884086180074 1.0002771615982056
1792.9092422005024 1.000542163848877
1792.9300757825129 1.0006098747253418
1792.9509093640954 1.0004605054855347
1792.971742945197 1.0003527402877808
1792.992576525874 1.000308632850647
1793.0134101060733 1.000331163406372
1793.034243685851 1.000218152999878
1793.0550772651545 1.0001486539840698
1793.0759108440395 1.000284194946289
1793.0967444224634 1.0001778602600098
1793.1175780004517 1.0002894401550293
1793.1384115779817 1.00031316280365
1793.159245155099 0.9998654127120972
1793.1800787317516 0.9999493360519409
1793.2009123079936 1.000259280204773
1793.2217458837838 1.0003478527069092
1793.2425794591463 1.0000933408737183
1793.2634130340593 0.9999759793281555
1793.2842466085676 0.9997738003730774
1793.3050801826193 1.0000253915786743
1793.3259137562684 0.9997410178184509
1793.3467473294736 0.9999759793281555
1793.3675809022584 0.9997101426124573
1793.3884144746116 0.9996570944786072
1793.4092480465472 1.0000030994415283
1793.430081618054 1.000090479850769
1793.4509151891448 0.9993892908096313
1793.4717487598093 0.9998505115509033
1793.4925823300603 0.9994330406188965
1793.5134158998867 0.9994348883628845
1793.5342494693018 0.9998499155044556
1793.5550830382952 0.9997198581695557
1793.5759166068892 0.9995484948158264
1793.5967501750433 0.9997259378433228
1793.61758374281 0.9997499585151672
1793.638417310139 0.999782919883728
1793.6592508770825 0.9998123645782471
1793.6800844435907 0.999294102191925
1793.7009180097152 0.9993031024932861
1793.721751575406 0.9997453689575195
1793.7425851407152 0.9994441270828247
1793.7634187055924 0.9994668960571289
1793.78425227009 0.9993308782577515
1793.8050858341578 0.9995096325874329
1793.8259193978474 0.9993636608123779
1793.8467529611091 0.9996574521064758
1793.8675865239943 0.9996337294578552
1793.8884200864532 0.9992094039916992
1793.9092536485375 0.9994255304336548
1793.9300872101974 0.9997186064720154
1793.9509207714839 0.9996458292007446
1793.971754332348 0.9993894100189209
1793.9925878928402 0.9995954632759094
1794.0134214529112 0.9996466040611267
1794.0342550126124 0.9995979070663452
1794.0550885718942 0.9998355507850647
1794.0759221308074 0.9997551441192627
1794.0967556893129 0.9997052550315857
1794.1175892474312 0.999436616897583
1794.1384228051527 0.9996174573898315
1794.159256362489 0.999629557132721
1794.1800899194304 0.9995745420455933
1794.2009234759878 0.9997875690460205
1794.2217570321516 0.9997492432594299
1794.2634241433216 0.9994319081306458
1794.2842576983292 0.9995887875556946
1794.305091252946 0.999810516834259
1794.3259248071831 0.9995747804641724
1794.3467583610309 0.9995532631874084
1794.3675919144996 0.9994219541549683
1794.3884254675804 0.9998930096626282
1794.4092590202838 0.9998100996017456
1794.4300925726009 0.9996505379676819
1794.4509261245514 0.9997796416282654
1794.4717596760968 0.9999054074287415
1794.492593227287 1.0001903772354126
1794.513426778073 0.999714732170105
1794.5342603285053 0.9995948672294617
1794.555093878535 0.9995300769805908
1794.5759274282118 0.999475359916687
1794.596760977487 0.9994446635246277
1794.6175945264108 0.9996830224990845
1794.638428074934 0.9996381402015686
1794.6592616231069 0.9996154308319092
1794.6800951708808 0.9996001124382019
1794.700928718305 0.9994350671768188
1794.7217622653416 0.999618649482727
1794.7425958120095 0.9996647238731384
1794.7634293582908 0.999509871006012
1794.7842629042248 0.9999123215675354
1794.8050964497634 0.9997349977493286
1794.8259299949555 0.9993016719818115
1794.846763539763 0.9993584752082825
1794.8675970842055 0.9994298219680786
1794.8884306282741 0.9996063113212585
1794.909264171979 0.9994800090789795
1794.9300977153114 0.9991609454154968
1794.9509312582804 0.8990541100502014
1794.9717648008784 0.9999463558197021
1794.992598343124 0.9989055395126343
1795.0134318849791 0.999934196472168
1795.0342654264932 0.9995813965797424
1795.0550989676165 0.9998871088027954
1795.075932508398 1.0001410245895386
1795.096766048793 0.9997268915176392
1795.1175995888498 0.9999142289161682
1795.1384331285192 0.9997274279594421
1795.1592666678505 0.9997853636741638
1795.1801002067955 0.9996420741081238
1795.200933745403 0.9993565678596497
1795.2217672836252 0.9997164011001587
1795.242600821511 0.9994465112686157
1795.2634343590123 0.999348521232605
1795.2842678961777 0.9993349313735962
1795.30510143297 1.0000563859939575
1795.3259349694074 0.999893844127655
1795.3467685054825 0.9995406866073608
1795.3676020412036 0.9994814395904541
1795.388435576563 0.999866247177124
1795.4092691115698 0.9997653961181641
1795.4301026462158 1.000084400177002
1795.4509361805096 0.9996933341026306
1795.471769714444 1.0001155138015747
1795.4926032480366 0.9998279809951782
1795.5134367812507 0.9996973872184753
1795.5342703141243 0.9998698830604553
1795.5551038466401 0.9995768070220947
1795.5759373788162 0.999940812587738
1795.5967709106158 0.999859631061554
1795.617604442086 0.999849796295166
1795.6384379731805 0.999841570854187
1795.6592715039465 0.9998252391815186
1795.6801050343379 1.0000699758529663
1795.7009385644017 1.0000360012054443
1795.7217720940916 0.9999198913574219
1795.742605623455 0.9999186992645264
1795.7634391524546 0.9998826384544373
1795.784272681109 0.999999463558197
1795.805106209411 1.0000231266021729
1795.825939737368 1.0002906322479248
1795.8467732649735 0.9999759197235107
1795.8676067922347 1.0001769065856934
1795.8884403191453 1.0001059770584106
1795.9092738457127 0.9998225569725037
1795.9301073719303 1.0002219676971436
1795.9509408978054 1.0001018047332764
1795.9717744233315 0.9999046325683594
1795.9926079485158 0.9999661445617676
1796.013441473352 0.9998742938041687
1796.0342749978572 0.9998542666435242
1796.0551085219952 0.9996927976608276
1796.0759420458132 1.000205397605896
1796.0967755692648 1.0002650022506714
1796.1176090923968 0.9997996091842651
1796.1384426151633 1.0002233982086182
1796.1592761376112 1.0002821683883667
1796.1801096596944 1.000361680984497
1796.2009431814597 0.9998019337654114
1796.2217767028712 1.0002074241638184
1796.2426102239458 1.0000362396240234
1796.2634437446773 0.9999386668205261
1796.2842772650724 1.0000004768371582
1796.3051107851254 1.0001463890075684
1796.325944304843 0.9999690651893616
1796.3467778242193 0.9997444748878479
1796.3676113432607 0.9998096823692322
1796.388444861962 1.0000172853469849
1796.409278380329 1.0001055002212524
1796.4301118983565 1.0001822710037231
1796.4509454160507 0.9999590516090393
1796.4717789334063 0.9998880624771118
1796.4926124504398 0.9999663233757019
1796.513445967115 1.0000568628311157
1796.5342794834787 0.9997754096984863
1796.5551129994853 0.9997806549072266
1796.5967800305311 0.9998204112052917
1796.617613545551 1.000057339668274
1796.6384470602354 1.0002340078353882
1796.6592805745904 1.000050663948059
1796.6801140886112 0.9998785853385925
1796.7009476023036 0.9998896718025208
1796.7217811156625 0.9999476671218872
1796.7426146286937 0.9999583959579468
1796.7634481413922 0.9996309876441956
1796.7842816537636 0.9998569488525391
1796.8051151658037 0.999748945236206
1796.8259486775275 0.9999006390571594
1796.8467821889008 1.0001400709152222
1796.8676156999686 1.0001555681228638
1796.8884492106865 0.9998194575309753
1796.9092827210998 1.000338077545166
1796.9301162311642 1.0000637769699097
1796.9509497409251 0.999993622303009
1796.971783250348 1.000079870223999
1796.9926167594479 0.9998847246170044
1797.0134502682206 0.9998833537101746
1797.0342837766714 1.0001708269119263
1797.055117284796 0.9996683597564697
1797.0759507925998 1.0001355409622192
1797.0967843000778 1.0001641511917114
1797.117617807236 0.999940812587738
1797.1384513140697 0.9999037384986877
1797.159284820584 0.999847948551178
1797.1801183267748 1.0001024007797241
1797.2009518326574 0.99986332654953
1797.2217853381974 0.9998852014541626
1797.24261884344 0.9998517036437988
1797.263452348341 0.9999266862869263
1797.2842858529452 1.0001293420791626
1797.305119357209 0.9998736381530762
1797.3259528611773 1.000111699104309
1797.346786364816 0.9999560117721558
1797.3676198681396 0.9999154806137085
1797.388453371145 0.9999850988388062
1797.4092868738364 1.0001108646392822
1797.4301203762104 1.000110149383545
1797.4509538782715 1.0000816583633423
1797.4717873800162 0.9999788403511047
1797.492620881449 0.9999383687973022
1797.5134543825664 1.0002378225326538
1797.5342878833826 1.0000699758529663
1797.5551213838646 0.9996575117111206
1797.5759548840567 0.9999653100967407
1797.5967883839155 1.0000700950622559
1797.6176218834855 1.000313401222229
1797.6384553827234 0.9998762011528015
1797.6592888816729 1.0001611709594727
1797.6801223802918 0.999884307384491
1797.7009558786237 0.9996260404586792
1797.7217893766358 0.9999207854270935
1797.742622874342 1.000016212463379
1797.7634563717393 0.9999762177467346
1797.7842898688318 0.9999164938926697
1797.805123365617 0.9998653531074524
1797.8259568620986 0.9999396204948425
1797.8467903582737 0.9998056888580322
1797.8676238541564 0.9997652173042297
1797.8884573497137 0.9995949864387512
1797.9092908449895 1.0001260042190552
1797.9301243399416 0.9999099969863892
1797.9509578346133 1.0000593662261963
1797.9717913289626 0.9998515844345093
1797.9926248230327 0.9997750520706177
1798.0134583167915 0.9999496936798096
1798.0342918102522 1.0000905990600586
1798.055125303413 0.9996615648269653
1798.075958796277 0.9999275207519531
1798.0967922888424 0.9993701577186584
1798.1176257811226 0.9996076822280884
1798.1384592730851 0.9996191263198853
1798.1592927647735 1.0001757144927979
1798.1801262561462 1.0001990795135498
1798.2009597472459 0.9995471835136414
1798.221793238031 0.9997934103012085
1798.2426267285448 0.9997401833534241
1798.2634602187454 0.9998465776443481
1798.2842937086757 0.9997754693031311
1798.3051271983047 1.0001236200332642
1798.3259606876447 0.9998753070831299
1798.3467941766949 0.9999074935913086
1798.3676276654576 0.9997765421867371
1798.388461153932 0.9997385740280151
1798.4092946421201 0.9996083378791809
1798.4301281300216 0.9999370574951172
1798.4509616176488 0.999859631061554
1798.4717951049704 0.9996709823608398
1798.4926285920294 1.0000128746032715
1798.5134620787849 0.9999375343322754
1798.5342955652786 0.9998595118522644
1798.5551290514707 0.9997898936271667
1798.575962537403 0.9995422959327698
1798.5967960230455 0.9996156692504883
1798.6176295084097 0.9993454217910767
1798.6384629934955 0.9995431900024414
1798.659296478305 0.9999848008155823
1798.680129962838 0.9998725652694702
1798.7009634470962 0.9996580481529236
1798.72179693108 0.9998244643211365
1798.742630414801 0.9998605847358704
1798.7634638982292 0.9995642900466919
1798.7842973814063 0.9997227787971497
1798.805130864293 0.9994396567344666
1798.8259643469303 0.9994341135025024
1798.8467978292892 0.9995701313018799
1798.8676313113808 0.9994999766349792
1798.888464793206 0.9997519254684448
1798.9092982747654 0.9994886517524719
1798.9301317560612 0.9994835257530212
1798.9509652370934 0.999518871307373
1798.9717987178637 0.9993849992752075
1798.9926321983828 0.9992862939834595
1799.0134656786224 0.9994428753852844
1799.0342991586226 0.9992964267730713
1799.055132638358 0.9992852807044983
1799.075966117868 1.0000959634780884
1799.0967995970907 0.9996322393417358
1799.1176330760677 0.9994621872901917
1799.1384665547823 0.9993881583213806
1799.1593000332446 0.9994249939918518
1799.1801335114576 0.9991783499717712
1799.2009669894205 0.8745415806770325
1799.2218004671367 1.0000615119934082
1799.2426339446056 0.9998324513435364
1799.2634674218302 1.000101923942566
1799.28430089881 0.99995356798172
1799.3051343755487 1.0000985860824585
1799.3259678520553 0.9999225735664368
1799.3468013283039 0.9996504187583923
1799.367634804333 1.0000876188278198
1799.388468280107 0.9997469782829285
1799.4093017556643 1.0001100301742554
1799.4301352309799 0.9997532367706299
1799.4509687060618 1.0000684261322021
1799.4718021809151 1.0000518560409546
1799.4926356555382 1.0002562999725342
1799.5134691299359 1.0003526210784912
1799.534302604106 1.0000437498092651
1799.5551360780546 1.000009536743164
1799.5759695517893 0.9999608397483826
1799.5968030252861 1.0001899003982544
1799.617636498582 0.9999300241470337
1799.6384699716439 0.9999303817749023
1799.6593034445084 0.9999622106552124
1799.680136917153 1.0001022815704346
1799.7009703895842 1.0002129077911377
1799.7218038618093 1.0002931356430054
1799.7426373338346 1.00007963180542
1799.763470805638 1.0001391172409058
1799.7843042772556 1.000212550163269
1799.8051377486563 1.0002241134643555
1799.825971219875 1.0001850128173828
1799.8468046908813 1.0000311136245728
1799.86763816171 1.000033974647522
1799.8884716323407 1.0003520250320435
1799.9093051027785 1.0000370740890503
1799.9301385730337 1.0002821683883667
1799.9509720431004 1.0000665187835693
1799.9718055129895 1.0004768371582031
1799.9926389827053 1.0002028942108154
1800.0134724522284 0.9999757409095764
1800.0343059215934 1.000373363494873
1800.055139390772 1.000289797782898
1800.0759728597973 1.000423550605774
1800.096806328642 0.9998815059661865
1800.1176397973393 0.9999784827232361
1800.1384732658717 1.000171422958374
1800.1593067342426 1.0003575086593628
1800.1801402024655 1.0001332759857178
1800.2009736705324 1.0002398490905762
1800.2218071384584 0.999960720539093
1800.2426406062445 1.0000430345535278
1800.2634740738768 1.0003421306610107
1800.284307541386 1.000356674194336
1800.3051410087487 1.0002477169036865
1800.3259744759953 0.999813973903656
1800.3468079431032 1.0000085830688477
1800.3676414101021 1.0002161264419556
1800.3884748769804 1.0003496408462524
1800.4093083437376 1.000220775604248
1800.430141810393 1.0001516342163086
1800.4509752769452 1.0002316236495972
1800.4718087433846 1.000373125076294
1800.492642209739 1.0000249147415161
1800.5134756759899 1.0000195503234863
1800.534309142165 1.000057578086853
1800.5551426082473 1.0003653764724731
1800.5759760742626 1.0001248121261597
1800.5968095402054 1.0001490116119385
1800.6176430060714 1.00010085105896
1800.638476471886 1.000282645225525
1800.6593099376341 0.9999616146087646
1800.680143403343 0.9999958872795105
1800.7009768690061 1.0004074573516846
1800.7218103346227 1.0003862380981445
1800.742643800215 1.0002392530441284
1800.7634772657736 0.9999157786369324
1800.7843107313208 1.0000388622283936
1800.8051441968485 1.0006006956100464
1800.8259776623775 1.0003139972686768
1800.8468111279121 1.0004335641860962
1800.8676445934416 1.0002353191375732
1800.8884780590024 1.000205397605896
1800.9093115245732 1.0001294612884521
1800.930144990192 1.0002926588058472
1800.9509784558466 1.00039803981781
1800.9718119215472 1.0003280639648438
1800.9926453873097 1.0004799365997314
1801.0134788531377 1.0005968809127808
1801.0343123190455 1.0006368160247803
1801.055145785049 1.0000797510147095
1801.0759792511312 1.0004746913909912
1801.0968127173414 1.0006216764450073
1801.1176461836503 1.0007296800613403
1801.1384796501102 1.00055992603302
1801.1593131167006 1.000249981880188
1801.1801465834474 1.0003116130828857
1801.2009800503579 1.000239610671997
1801.2218135174617 1.000146746635437
1801.242646984734 1.0002658367156982
1801.2634804522381 1.0002609491348267
1801.2843139199379 0.9999606013298035
1801.3051473879007 1.0003665685653687
1801.3259808560979 1.0001511573791504
1801.3468143245716 1.0004849433898926
1801.3676477933207 0.9999853372573853
1801.3884812623824 1.000085473060608
1801.409314731753 1.0007119178771973
1801.4301482014757 1.000206708908081
1801.450981671543 1.0004913806915283
1801.4718151420152 1.0011838674545288
1801.4926486128509 1.000993013381958
1801.5134820841467 1.0008769035339355
1801.5343155558494 1.0011199712753296
1801.5551490280618 1.0011643171310425
1801.5759825007365 1.0009047985076904
1801.5968159739552 1.0012160539627075
1801.6176494476965 1.0012389421463013
1801.63848292205 1.001396656036377
1801.6593163969603 1.001226782798767
1801.6801498725572 1.0016077756881714
1801.7009833487698 1.0019980669021606
1801.7218168257382 1.0017485618591309
1801.7426503033967 1.001642107963562
1801.7634837818664 1.002439260482788
1801.784317261106 1.0022916793823242
1801.825984222219 1.00287926197052
1801.8468177041914 1.0030968189239502
1801.867651187072 1.003998875617981
1801.8884846710523 1.0034633874893188
1801.9093181560306 1.0045932531356812
1801.9301516422133 1.004805088043213
1801.9509851295004 1.0048085451126099
1801.971818618084 1.0053067207336426
1801.9926521078858 1.0062018632888794
1802.0134855991032 1.0068107843399048
1802.0343190916499 1.007192611694336
1802.0551525857416 1.007489800453186
1802.0759860812814 1.008845329284668
1802.0968195785003 1.0091122388839722
1802.1176530772623 1.0093997716903687
1802.1384865778477 1.0090701580047607
1802.1593200801108 1.0117363929748535
1802.1801535843056 1.0094138383865356
1802.200987090306 1.0089335441589355
1802.2218205983643 1.0109729766845703
1802.242654108316 1.011642336845398
1802.2634876204297 1.0104024410247803
1802.2843211345244 1.0098892450332642
1802.3051546508393 1.0091941356658936
1802.3259881691986 1.0087814331054688
1802.346821689761 1.0081321001052856
1802.3676552123807 1.007293701171875
1802.3884887371307 1.007192850112915
1802.4093222638705 1.0061438083648682
1802.4301557925696 1.0053964853286743
1803.4718308417732 1.0005967617034912
1803.492664290905 1.0009111166000366
1803.5134977385142 1.0006719827651978
1803.5343311847348 1.0005981922149658
1803.555164629516 1.0004991292953491
1803.5759980729556 1.0002409219741821
1803.5968315150324 1.0005067586898804
1803.6176649558395 1.000450611114502
1803.638498395325 1.0007303953170776
1803.659331833608 1.0006134510040283
1803.6801652706258 1.0000463724136353
1803.7009987064932 1.0003347396850586
1803.7218321411578 1.0003957748413086
1803.7426655746997 1.0002413988113403
1803.7634990070965 1.0003098249435425
1803.7843324384253 1.0003043413162231
1803.8051658686334 1.0004615783691406
1803.8259992978242 1.000435471534729
1803.846832725945 1.0005632638931274
1803.8676661530662 1.0005767345428467
1803.8884995791652 1.000292420387268
1803.9093330042997 1.0006250143051147
1803.9301664284471 1.0004198551177979
1803.9509998516723 1.0003901720046997
1803.9718332739226 1.000209927558899
1803.9926666952906 1.0004091262817383
1804.0135001157141 1.0005078315734863
1804.0343335352832 1.0001083612442017
1804.0551669539457 1.0005966424942017
1804.0760003717596 1.0000638961791992
1804.096833788703 1.0004152059555054
1804.1176672048318 1.0005029439926147
1804.1385006200949 1.0004394054412842
1804.1593340345757 1.0001946687698364
1804.1801674482233 1.0003942251205444
1804.20100086109 1.0002256631851196
1804.2218342731544 1.0001249313354492
1804.2426676844575 1.0003753900527954
1804.2635010949784 1.000327467918396
1804.2843345047663 1.0003256797790527
1804.305167913771 1.0004808902740479
1804.3260013220695 1.000190019607544
1804.346834729612 1.0005179643630981
1804.367668136445 1.0004078149795532
1804.3885015425483 1.0002237558364868
1804.4093349479574 0.9999220967292786
1804.4301683526523 0.9998651146888733
1804.4510017566772 1.0005662441253662
1804.4718351599824 0.9997865557670593
1804.4926685626408 0.9997214674949646
1804.5135019646036 0.9999334812164307
1804.5343353659125 0.9995677471160889
1804.5551687665484 0.9995687007904053
1804.5760021665526 0.9995996356010437
1804.5968355658758 0.9998357892036438
1804.6176689645886 0.9997957348823547
1804.6385023626324 0.9998580813407898
1804.6593357600764 0.9992674589157104
1804.6801691568721 0.9998258948326111
1804.7010025530583 0.9997560977935791
1804.7218359486167 0.9996989965438843
1804.7426693435848 0.9994134306907654
1804.7635027379151 0.999660074710846
1804.7843361316745 0.9995179176330566
1804.8051695248157 0.9996108412742615
1804.8260029173744 0.9994298219680786
1804.8468363093334 0.9999011158943176
1804.8676697007181 0.9994171857833862
1804.8885030915121 1.0001933574676514
1804.9093364817497 0.9995250701904297
1804.9301698713844 0.9993763566017151
1804.95100326048 0.9993779063224792
1804.9718366489906 0.999561607837677
1804.992670036949 0.999351978302002
1805.0135034243397 0.9993524551391602
1805.0343368111853 0.9996728301048279
1805.05517019747 0.999821662902832
1805.076003583226 0.9993333220481873
1805.0968369684078 0.9995136260986328
1805.1176703530773 0.9992174506187439
1805.1385037371886 0.9994439482688904
1805.1593371207737 0.999380350112915
1805.1801705038167 0.9995718002319336
1805.201003886339 0.9992574453353882
1805.2218372683255 0.9995436668395996
1805.2426706498063 0.9995090365409851
1805.2635040307366 1.000008225440979
1805.284337411177 0.9994471073150635
1805.305170791082 0.9997742772102356
1805.326004170482 0.9999251961708069
1805.346837549362 0.9998729825019836
1805.367670927741 0.9996991753578186
1805.3885043056055 0.999668300151825
1805.409337682984 0.9993236064910889
1805.4301710598422 0.9993438720703125
1805.451004436209 0.999765932559967
1805.4718378120697 0.9994978904724121
1805.4926711874432 0.99994957447052
1805.5135045623153 0.999596357345581
1805.5343379367143 0.9998862743377686
1805.555171310596 0.9997172355651855
1805.5760046840185 0.9994525909423828
1805.5968380569377 0.999855101108551
1805.6176714293813 0.9998796582221985
1805.6385048013358 0.9998928308486938
1805.6593381728183 0.9998511075973511
1805.6801715438155 0.9995218515396118
1805.701004914354 0.9992761611938477
1805.7218382843907 0.9992796182632446
1805.7426716539821 0.9992545247077942
1805.7635050230854 0.999272346496582
1805.7843383917268 0.9997692704200745
1805.8051717598933 0.9997828602790833
1805.826005127611 0.9999194741249084
1805.8468384948371 1.0001379251480103
1805.8676718616273 0.9998281598091125
1805.888505227939 0.9994087219238281
1805.909338593798 1.0002022981643677
1805.9301719591915 0.9996247887611389
1805.9510053241452 0.9993129372596741
1805.9718386886161 0.999763548374176
1805.9926720526598 0.9998914003372192
1806.013505416224 0.9998566508293152
1806.0343387793635 0.9998919367790222
1806.055172142037 1.0000977516174316
1806.076005504269 1.0000661611557007
1806.096838866046 0.999937117099762
1806.117672227393 1.0003201961517334
1806.1385055882686 1.0001420974731445
1806.1593389487268 0.9998242855072021
1806.1801723087262 0.9998487830162048
1806.2010056682907 1.0000590085983276
1806.2218390274086 0.9996747374534607
1806.2426723860935 1.0000041723251343
1806.2635057443347 0.9999111294746399
1806.2843391021554 0.9998353123664856
1806.3051724595143 1.0001311302185059
1806.3260058164649 1.0001367330551147
1806.3468391729655 1.0000578165054321
1806.3676725290402 0.9998780488967896
1806.3885058846774 1.0000410079956055
1806.4093392399006 0.9997381567955017
1806.4301725946682 1.000119924545288
1806.4510059490337 0.9997326731681824
1806.471839302956 0.9997233748435974
1806.492672656458 0.9998746514320374
1806.5135060095283 1.0000070333480835
1806.5343393621906 1.000245451927185
1806.5551727144036 0.9997860193252563
1806.5760060662199 0.9996600151062012
1806.5968394175884 1.000108242034912
1806.6176727685624 1.0001410245895386
1806.6385061191008 1.0001416206359863
1806.659339469226 1.000048041343689
1806.6801728189275 0.9997689127922058
1806.7010061682274 0.9999436140060425
1806.7218395170853 0.9999098777770996
1806.7426728655535 0.999904990196228
1806.7635062135912 1.0004394054412842
1806.7843395612208 0.9997689127922058
1806.8051729084318 1.0001569986343384
1806.8260062552463 1.000152587890625
1806.8468396016233 1.000119924545288
1806.8676729476156 1.0002483129501343
1806.8885062931724 0.9999862313270569
1806.9093396383455 0.9999017119407654
1806.930172983095 0.9997026324272156
1806.9510063274522 1.000137209892273
1806.9718396713768 0.9998974204063416
1806.992673014921 1.0000673532485962
1807.0135063580342 1.000133991241455
1807.034339700768 0.9999769330024719
1807.0551730430825 1.0000543594360352
1807.0760063849991 1.0005394220352173
1807.0968397265076 1.0003116130828857
1807.1176730676295 1.0002470016479492
1807.138506408325 0.9997926950454712
1807.159339748645 1.0001474618911743
1807.18017308855 1.0004268884658813
1807.2010064280607 0.9998489618301392
1807.2218397671677 0.9996472001075745
1807.2426731058918 1.0000516176223755
1807.2635064441936 0.9996833801269531
1807.2843397821237 1.0002353191375732
1807.3051731196426 0.9996221661567688
1807.3260064567712 1.0003553628921509
1807.3468397934998 0.9997841715812683
1807.3676731298392 0.99996018409729
1807.38850646578 0.999906063079834
1807.4093398013429 1.0002920627593994
1807.4301731364983 0.999541699886322
1807.4510064712665 0.9997632503509521
1807.4718398056386 0.9997801780700684
1807.4926731396251 0.9997966289520264
1807.5135064732165 1.000084638595581
1807.5343398064333 0.9996675848960876
1807.555173139246 0.9995762705802917
1807.5760064716753 0.9996281862258911
1807.5968398037116 1.0003104209899902
1807.6176731353758 0.9996697902679443
1807.6385064666283 0.9997820258140564
1807.6593397975191 1.0000284910202026
1807.6801731279998 0.9997643828392029
1807.7010064581198 1.0000019073486328
1807.7218397878403 0.9998787641525269
1807.7426731171815 0.999739408493042
1807.7635064461344 1.0000011920928955
1807.784339774719 0.999970555305481
1807.8051731029063 0.9999351501464844
1807.8260064307162 0.9993507266044617
1807.8468397581396 1.0000184774398804
1807.8676730851869 0.9997268319129944
1807.888506411849 1.0
1807.9093397381455 1.0002871751785278
1807.930173064038 0.9998443722724915
1807.951006389576 0.9995349645614624
1807.9718397147205 0.9999790787696838
1807.9926730394918 0.8809117078781128
1808.0135063638809 0.9999217987060547
1808.0343396879073 0.9999604821205139
1808.0551730115326 0.9997740983963013
1808.0760063348062 0.9997056126594543
1808.0968396576893 0.9996956586837769
1808.1176729802019 1.0005009174346924
1808.1385063023351 0.9999414086341858
1808.1593396241085 1.000246286392212
1808.1801729454837 1.0002418756484985
1808.2010062665097 1.0000321865081787
1808.2218395871485 1.0000090599060059
1808.2426729074189 0.9993221759796143
1808.2635062273132 1.000420093536377
1808.28433954685 1.000123143196106
1808.3051728659916 1.0002102851867676
1808.3260061847868 1.0000022649765015
1808.346839503197 1.0003395080566406
1808.367672821242 1.000367283821106
1808.3885061389133 1.0004068613052368
1808.4093394562299 1.0000041723251343
1808.4301727731538 1.0003687143325806
1808.4510060897337 1.0005472898483276
1808.4718394059319 1.0002012252807617
1808.5135060372313 1.0002979040145874
1808.534339352343 1.0001778602600098
1808.555172667065 1.0003023147583008
1808.5760059814454 1.0004708766937256
1808.596839295437 1.0006532669067383
1808.6176726090875 1.0002751350402832
1808.6385059223603 1.0003162622451782
1808.659339235283 1.0005968809127808
1808.6801725478183 1.0005245208740234
1808.7010058600144 1.0005475282669067
1808.7218391718243 1.0001564025878906
1808.742672483296 1.0004441738128662
1808.7635057943921 0.9999399781227112
1808.7843391051408 1.000589370727539
1808.8051724155046 1.000362753868103
1808.8260057255316 1.0002144575119019
1808.846839035175 1.0003561973571777
1808.8676723444826 1.000381350517273
1808.888505653417 1.0002546310424805
1808.9093389620066 1.0004171133041382
1808.930172270214 1.000105857849121
1808.9510055780868 0.9998817443847656
1808.9718388855886 1.0002057552337646
1808.9926721927368 1.0004727840423584
1809.0135054995246 1.0002387762069702
1809.0343388059698 1.000105381011963
1809.0551721120353 1.000106692314148
1809.0760054177686 0.9998123049736023
1809.0968387231335 1.0001184940338135
1809.1176720281474 0.9999353289604187
1809.138505332803 0.9994073510169983
1809.1593386371187 1.0000641345977783
1809.180171941057 1.0002715587615967
1809.2010052446658 0.9999213218688965
1809.2218385479086 1.0001062154769897
1809.2426718508025 1.0002719163894653
1809.2635051533412 1.0001258850097656
1809.2843384555417 0.9997922778129578
1809.305171757368 1.000048279762268
1809.3260050588667 1.0001331567764282
1809.346838360002 1.00015127658844
1809.3676716607908 0.9997264742851257
1809.388504961227 1.0002050399780273
1809.4093382613275 1.000123143196106
1809.4301715610563 1.000208854675293
1809.4510048604598 1.0000065565109253
1809.4718381595026 1.0000258684158325
1809.4926714582011 0.9999538064002991
1809.5135047565498 1.0001251697540283
1809.534338054565 0.9997552633285522
1809.5551713522111 1.0001217126846313
1809.5760046495343 1.0005840063095093
1809.5968379464996 1.0003228187561035
1809.6176712431231 0.9998610019683838
1809.638504539399 0.9999344944953918
1809.659337835344 1.000041127204895
1809.6801711309226 1.0002833604812622
1809.7010044261808 0.999833345413208
1809.7218377210836 1.0002318620681763
1809.742671015647 0.9995702505111694
1809.7635043098655 0.9998588562011719
1809.7843376037558 0.9999991655349731
1809.805170897282 0.9997361302375793
1809.8260041904907 0.9996850490570068
1809.8468374833462 1.0001682043075562
1809.8676707758652 1.0004290342330933
1809.888504068042 0.9997884035110474
1809.909337359893 1.0002596378326416
1809.9301706513925 0.9997050166130066
1809.9510039425572 0.9995574355125427
1809.9718372333816 0.9994760155677795
1809.992670523882 0.9997406601905823
1810.013503814023 0.9998304843902588
1810.0343371038505 0.9997565746307373
1810.0551703933295 0.9995611310005188
1810.0760036824763 0.9996320009231567
1810.0968369712857 0.9998379349708557
1810.1176702597734 0.9998952746391296
1810.1385035479047 1.0002907514572144
1810.1593368357255 1.0000865459442139
1810.1801701232005 0.9998646378517151
1810.201003410346 0.9998608231544495
1810.221836697157 0.9997696280479431
1810.242669983649 0.9999750256538391
1810.2635032697876 1.0003318786621094
1810.2843365556184 0.9999074935913086
1810.3051698411064 1.0000133514404297
1810.3260031262676 1.0000005960464478
1810.3468364110975 1.0001250505447388
1810.3676696956113 0.9998276233673096
1810.3885029797746 0.9998515248298645
1810.409336263633 1.0003565549850464
1810.4301695471515 1.0000064373016357
1810.4510028303464 0.9999377131462097
1810.471836113213 1.0000920295715332
1810.4926693957661 0.9998372197151184
1810.5135026779824 0.9999381899833679
1810.5343359598764 1.0000687837600708
1810.5551692414442 1.0003125667572021
1810.5760025227012 1.0004565715789795
1810.596835803613 1.0002747774124146
1810.6176690842249 0.9998906850814819
1810.6385023645028 1.000172734260559
1810.6593356444619 0.9996854066848755
1810.6801689240979 1.0002336502075195
1810.701002203426 1.0000262260437012
1810.7218354824129 1.0001603364944458
1810.7426687611028 0.9996390342712402
1810.7635020394623 0.9998704195022583
1810.784335317516 1.0004934072494507
1810.8051685952305 0.9998258948326111
1810.8260018726505 0.9998950958251953
1810.8468351497327 1.00052011013031
1810.8676684265213 1.000170111656189
1810.8885017029831 1.000362753868103
1810.9093349791428 1.0001214742660522
1810.930168254967 1.0000348091125488
1810.9510015305002 1.0000241994857788
1810.9718348057092 1.0002385377883911
1810.9926680806084 1.00010347366333
1811.0135013551946 0.9998258948326111
1811.0343346294824 0.9998186826705933
1811.0551679034386 1.0000370740890503
1811.0760011771074 0.9997374415397644
1811.0968344504563 0.9998883008956909
1811.1176677234992 1.0002593994140625
1811.1385009962332 0.9998694658279419
1811.1593342686726 1.000227689743042
1811.1801675407844 0.999744176864624
1811.201000812613 0.9997593760490417
1811.2218340841262 1.0001085996627808
1811.242667355347 0.9998200535774231
1811.2635006262437 0.9997460842132568
1811.2843338968596 0.999599039554596
1811.3051671671628 1.0000535249710083
1811.3260004371668 0.9997580051422119
1811.3468337068698 0.9997937083244324
1811.367666976285 0.9999700784683228
1811.3885002453808 0.9999960064888
1811.4093335142002 0.9997938871383667
1811.4301667827115 0.9998149871826172
1811.4510000509283 0.999875009059906
1811.4718333188491 0.9999309182167053
1811.4926665864866 0.9999097585678101
1811.51349985381 0.9996952414512634
1811.534333120861 0.9996690154075623
1811.5551663876101 1.0000371932983398
1811.5759996540792 0.9997314214706421
1811.5968329202374 1.0000518560409546
1811.6176661861275 0.9999744892120361
1811.6384994517186 1.0003211498260498
1811.659332717023 1.0003536939620972
1811.6801659820408 1.000016689300537
1811.7009992467836 1.000298261642456
1811.7218325112217 0.9997920989990234
1811.7426657753967 0.9994458556175232
1811.763499039279 0.999854326248169
1811.7843323028799 0.9995953440666199
1811.8051655662002 1.0001447200775146
1811.8259988292514 0.9995641708374023
1811.846832092014 1.0001757144927979
1811.8676653544996 0.9995734095573425
1811.8884986167086 1.0003491640090942
1811.9093318786524 0.9997534155845642
1811.9301651403023 1.0000900030136108
1811.950998401699 0.9999150633811951
1811.971831662814 1.000027060508728
1811.9926649236586 1.000089406967163
1812.0134981842334 0.999866783618927
1812.0343314445497 0.9999292492866516
1812.0551647045793 0.9999656677246094
1812.0759979643626 1.000113844871521
1812.0968312238715 0.9998659491539001
1812.1176644831269 0.9998733401298523
1812.1384977421003 1.000069260597229
1812.1593310008323 1.000069499015808
1812.1801642592957 0.9998083710670471
1812.2009975175001 0.9998855590820312
1812.2218307754486 1.0000481605529785
1812.242664033151 1.0003641843795776
1812.26349729059 0.9995997548103333
1812.2843305477754 1.000198483467102
1812.3051638047111 1.000261902809143
1812.325997061406 0.9998933672904968
1812.3468303178342 1.0001126527786255
1812.3676635740344 0.9998612403869629
1812.388496829981 0.9998461604118347
1812.4093300856828 0.9999430179595947
1812.4301633411444 1.000086784362793
1812.4509965963744 1.0001397132873535
1812.4718298513576 0.9996398687362671
1812.4926631061023 0.8682392239570618
1812.513496360614 0.9994654655456543
1812.5343296149003 0.9994871616363525
1812.5551628689375 0.9995525479316711
1812.5759961227632 0.9992198944091797
1812.5968293763535 0.9996981620788574
1812.6176626297158 0.9992736577987671
1812.6384958828567 0.9999606609344482
1812.659329135783 1.0000745058059692
1812.6801623884726 1.0001187324523926
1812.7009956409618 1.000096321105957
1812.7218288932283 0.9998619556427002
1812.7426621452887 1.0001635551452637
1812.7634953971208 0.9999018311500549
1812.7843286487607 1.0001659393310547
1812.8051619001874 1.0000509023666382
1812.8259951514065 1.000086784362793
1812.8468284024273 0.9996092319488525
1812.867661653255 0.9994186758995056
1812.8884949038697 0.9999597072601318
1812.9093281543057 1.0000165700912476
1812.9301614045444 0.9996553063392639
1812.9509946546 0.9995176792144775
1812.9718279044532 0.9994676113128662
1812.9926611541387 1.0000007152557373
1813.0134944036377 0.9998014569282532
1813.0343276529543 1.0000728368759155
1813.055160902101 0.9999485611915588
1813.0759941510812 0.9996594190597534
1813.0968273998776 0.999511182308197
1813.1176606485235 0.999536395072937
1813.1384938970025 0.9996337294578552
1813.1593271453273 0.9997317790985107
1813.1801603934825 0.9997958540916443
1813.2009936414997 1.0000675916671753
1813.221826889365 1.0000954866409302
1813.2426601370796 0.999981701374054
1813.2634933846596 1.0001686811447144
1813.2843266321063 1.0002244710922241
1813.305159879407 0.9998506903648376
1813.325993126592 0.9991656541824341
1813.3468263736497 0.9998539090156555
1813.3676596205896 0.999416172504425
1813.3884928674013 0.9993481636047363
1813.4093261141138 0.9996108412742615
1813.430159360718 0.9991157054901123
1813.450992607212 0.9997197389602661
1813.471825853618 1.0000230073928833
1813.4926590999328 0.9996051788330078
1813.5134923461503 0.9992044568061829
1813.5343255922974 1.0000221729278564
1813.5551588383685 0.9991011619567871
1813.5759920843693 0.999000072479248
1813.5968253302965 0.999222457408905
1813.6176585761748 0.9996033906936646
1813.638491822002 0.9996383190155029
1813.6593250677722 0.9990736246109009
1813.6801583135154 0.9994913339614868
1813.7009915592243 0.9994383454322815
1813.7218248049105 0.9993451833724976
1813.7426580505658 1.0001332759857178
1813.7634912962235 0.9997448325157166
1813.784324541875 0.9997904300689697
1813.8051577875258 0.9998552799224854
1813.8259910331954 0.9998553991317749
1813.8468242788917 0.9996257424354553
1813.8676575246132 1.0000121593475342
1813.88849077037 0.9997431635856628
1813.9093240161794 0.9990665316581726
1813.9301572620548 0.999910831451416
1813.9509905079813 0.999422550201416
1813.971823754005 0.9995139837265015
1813.9926570001098 0.999423086643219
1814.0134902463153 0.9997671246528625
1814.0343234926333 0.999660849571228
1814.055156739087 0.9994956254959106
1814.0759899856662 0.9993849396705627
1814.0968232323978 0.9992477893829346
1814.1176564792897 0.9995882511138916
1814.1384897263733 0.9990108013153076
1814.159322973624 0.9992618560791016
1814.1801562211076 0.9998866319656372
1814.2009894687974 1.0000245571136475
1814.2218227167439 1.0003913640975952
1814.242655964918 1.0003565549850464
1814.2634892133956 1.000404953956604
1814.284322462145 0.9998779892921448
1814.3051557112176 1.0004485845565796
1814.3259889606093 1.0005590915679932
1814.3468222103777 1.0002633333206177
1814.367655460495 1.0005370378494263
1814.3884887110266 1.0006694793701172
1814.4093219619613 1.0000935792922974
1814.4301552133725 1.0006471872329712
1814.4509884652143 1.0009136199951172
1814.4718217175991 1.0004746913909912
1814.4926549704774 1.0003291368484497
1814.5134882239508 1.0009719133377075
1814.5343214779655 1.0007305145263672
1814.5551547326534 1.0006500482559204
1814.5759879879558 1.0005426406860352
1814.5968212439968 1.0013288259506226
1814.6176545007113 1.0013272762298584
1814.6384877582573 1.001224160194397
1814.6593210165638 1.0017178058624268
1814.6801542757726 1.0019237995147705
1814.7009875358358 1.002123475074768
1814.721820796912 1.0022636651992798
1814.7426540589154 1.0023775100708008
1814.763487322052 1.0029735565185547
1814.7843205862284 1.0029751062393188
1814.8051538516495 1.0036780834197998
1814.8259871182124 1.0034805536270142
1814.846820386163 1.0047115087509155
1814.8676536553885 1.005349040031433
1814.8884869261262 1.005599856376648
1814.9093201982835 1.0055147409439087
1814.930153472119 1.0057095289230347
1814.9509867475085 1.0064269304275513
1814.971820024733 1.0066279172897339
1814.9926533036753 1.007957100868225
1815.0134865846364 1.008339524269104