1764.7020296611977 0.9857965111732483
1764.7228634230646 0.9856371879577637
1764.743697181713 0.9854599833488464
1764.7645309372344 0.9854768514633179
1764.785364689709 0.9858235120773315
1764.8061984392166 0.9858843088150024
1764.827032185844 0.9858466386795044
1764.8478659296475 0.986135721206665
1764.8686996707108 0.9863731861114502
1764.8895334091055 0.9859192967414856
1764.9103671449013 0.9858261346817017
1764.9312008781762 0.9863265156745911
1764.9520346089746 0.9863625168800354
1764.9728683373698 0.9861974120140076
1764.9937020634234 0.9865082502365112
1765.0145357871934 0.9865026473999023
1765.035369508747 0.9863311052322388
1765.0562032281186 0.9868256449699402
1765.0770369453708 0.9865632653236389
1765.0978706605542 0.9867444038391113
1765.118704373718 0.9867914915084839
1765.1395380849187 0.9870047569274902
1765.1603717941819 0.9872480034828186
1765.1812055015607 0.9874026775360107
1765.2020392070972 0.987064778804779
1765.2228729108317 0.9872658848762512
1765.243706612813 0.9874433279037476
1765.2645403130582 0.98758465051651
1765.2853740116134 0.98694908618927
1765.3062077085133 0.9873006343841553
1765.3270414037909 0.9875956773757935
1765.3478750974782 0.9873550534248352
1765.368708789617 0.9870346784591675
1765.3895424802156 0.9877060055732727
1765.4103761693138 0.986716628074646
1765.4312098569392 0.9872762560844421
1765.452043543128 0.987200915813446
1765.4728772278859 0.9867212176322937
1765.4937109112482 0.986854612827301
1765.5145445932383 0.9868060350418091
1765.5353782738796 0.9869895577430725
1765.5562119532044 0.9864917993545532
1765.5770456312139 0.9869372248649597
1765.5978793079394 0.9869518876075745
1765.6187129834007 0.9873046278953552
1765.639546657627 0.9867623448371887
1765.6603803306175 0.9871881604194641
1765.6812140024003 0.9872777462005615
1765.7020476729926 0.9879194498062134
1765.7228813424117 0.9876245260238647
1765.7437150106741 0.9882315397262573
1765.7645486778054 0.9876160025596619
1765.785382343801 0.9879478812217712
1765.8062160086865 0.9874906539916992
1765.8270496724756 0.9872151017189026
1765.8478833351826 0.987146258354187
1765.8687169968312 0.9874446988105774
1765.8895506574145 0.9869565963745117
1765.910384316955 0.9878008365631104
1765.9312179754654 0.9882476925849915
1765.952051632968 0.988057553768158
1765.9728852894539 0.9872931241989136
1765.9937189449447 0.987893283367157
1766.0145525994517 0.9882922768592834
1766.035386252985 0.987907886505127
1766.0562199055653 0.9884355664253235
1766.077053557183 0.9882648587226868
1766.0978872078574 0.9890629649162292
1766.1187208575982 0.9890115857124329
1766.139554506425 0.989432692527771
1766.1603881543263 0.9896901845932007
1766.1812218013213 0.9893301129341125
1766.2020554474186 0.9897657036781311
1766.2228890926262 0.9897239804267883
1766.2437227369624 0.9899182319641113
1766.2645563804153 0.9901344776153564
1766.2853900230023 0.9896999597549438
1766.3062236647306 0.9894987940788269
1766.3270573056084 0.9900873303413391
1766.347890945652 0.9904698729515076
1766.3687245848487 0.9903908371925354
1766.3895582232153 0.9910522103309631
1766.4103918607582 0.9910022020339966
1766.4312254974839 0.9908297657966614
1766.452059133409 0.9905060529708862
1766.4728927685192 0.9903743267059326
1766.4937264028304 0.9906368255615234
1766.5145600363492 0.990746796131134
1766.5353936690806 0.9909814596176147
1766.5562273010403 0.991068959236145
1766.5770609322142 0.9911004900932312
1766.5978945626168 0.9909325242042542
1766.618728192254 0.9911743998527527
1766.639561821141 0.9911788105964661
1766.6603954492618 0.9906032681465149
1766.6812290766322 0.9910237789154053
1766.7020627032566 0.9911618232727051
1766.7228963291398 0.9917107820510864
1766.743729954296 0.9908705949783325
1766.76456357871 0.9917378425598145
1766.785397202396 0.9916831254959106
1766.8062308253584 0.9914191365242004
1766.8270644476113 0.9913572669029236
1766.8478980691386 0.9911859035491943
1766.8687316899545 0.9918531775474548
1766.889565310063 0.9916836619377136
1766.9103989294676 0.9913025498390198
1766.9312325481822 0.9920921325683594
1766.952066166191 0.9918381571769714
1766.9728997835066 0.9919642210006714
1766.9937334001334 0.9919695258140564
1767.0145670160846 0.9920474886894226
1767.0354006313435 0.992631196975708
1767.0562342459234 0.992386519908905
1767.077067859828 0.9922634363174438
1767.09790147306 0.9923254251480103
1767.1187350856326 0.992082417011261
1767.1395686975293 0.9925057888031006
1767.1604023087625 0.9925225377082825
1767.1812359193357 0.992441713809967
1767.2020695292617 0.9928840398788452
1767.2229031385232 0.9927693605422974
1767.2437367471332 0.9930625557899475
1767.2645703550945 0.9924278259277344
1767.2854039624197 0.9924861788749695
1767.3062375690913 0.9927780032157898
1767.327071175122 0.9930866956710815
1767.347904780515 0.9927034974098206
1767.3687383852716 0.993159830570221
1767.3895719894053 0.9928625822067261
1767.4104055928985 0.9934518337249756
1767.431239195763 0.9929978251457214
1767.4520727980014 0.9933911561965942
1767.4729063996265 0.9932595491409302
1767.49374000062 0.9930362701416016
1767.5145736009943 0.9934778213500977
1767.5354072007517 0.9929551482200623
1767.5562407998943 0.9927743077278137
1767.5770743984342 0.9931557774543762
1767.5979079963538 0.9941565990447998
1767.6187415936647 0.9931973814964294
1767.6395751903692 0.9933621883392334
1767.6604087864796 0.9939990043640137
1767.6812423819772 0.9936856031417847
1767.7020759768745 0.9935911893844604
1767.7229095711732 0.9930664896965027
1767.7437431648752 0.9929301738739014
1767.7645767579922 0.9942691326141357
1767.7854103505067 0.994565486907959
1767.8062439424295 0.9944263100624084
1767.827077533763 0.9944000244140625
1767.8479111245192 0.9936971068382263
1767.868744714679 0.9936739206314087
1767.8895783042549 0.9945292472839355
1767.9104118932482 0.9940912127494812
1767.9312454816604 0.9936612844467163
1767.9520790695033 0.9943470358848572
1767.972912656759 0.9944971203804016
1767.9937462434382 0.9942879676818848
1768.014579829543 0.993866503238678
1768.035413415085 0.9933010339736938
1768.0562470000452 0.9941616654396057
1768.0770805844356 0.9934793710708618
1768.0979141682678 0.9948287606239319
1768.118747751523 0.9939002394676208
1768.1395813342124 0.9951336979866028
1768.160414916338 0.9939318299293518
1768.1812484979005 0.9944854378700256
1768.2020820789119 0.9942127466201782
1768.2229156593535 0.9948292374610901
1768.2437492392362 0.9954575300216675
1768.2645828185618 0.9949467778205872
1768.2854163973418 0.9948856234550476
1768.3062499755567 0.9951478242874146
1768.3270835532185 0.995014488697052
1768.3479171303284 0.9955322742462158
1768.368750706887 0.9956075549125671
1768.3895842829065 0.99509197473526
1768.4104178583677 0.9954288005828857
1768.431251433282 0.995810866355896
1768.4520850076499 0.9959377646446228
1768.4729185814836 0.9950844049453735
1768.4937521547636 0.9958208203315735
1768.514585727501 0.9958814978599548
1768.5354192996977 0.9964421987533569
1768.556252871364 0.9962397813796997
1768.5770864424815 0.9956583976745605
1768.6187535831043 0.9973201155662537
1768.6395871526217 0.9961209893226624
1768.6604207215946 0.9973958730697632
1768.681254290034 0.9966724514961243
1768.7020878579413 0.9962831139564514
1768.7229214253168 0.9964084625244141
1768.7437549921724 0.9968156814575195
1768.7645885584886 0.9963967204093933
1768.7854221242765 0.9963405728340149
1768.8062556895375 0.9965855479240417
1768.8270892542819 0.9967127442359924
1768.8479228184913 0.9962713122367859
1768.8687563821766 0.9964473247528076
1768.8895899453482 0.9972602128982544
1768.9104235079876 0.9965311288833618
1768.931257070106 0.9966280460357666
1768.9520906317036 0.9968211054801941
1768.9729241927819 0.9973885416984558
1768.993757753352 0.9977430701255798
1769.014591313394 0.9972928762435913
1769.0354248729195 0.9978367686271667
1769.0562584319296 0.9980053305625916
1769.0770919904346 0.9981869459152222
1769.0979255484156 0.9975515007972717
1769.1187591058836 0.9969412088394165
1769.1395926628393 0.9984772801399231
1769.1604262192936 0.997959315776825
1769.181259775228 0.9981721043586731
1769.2020933306524 0.9980214834213257
1769.222926885568 0.997968316078186
1769.243760439986 0.998388409614563
1769.264593993887 0.997851550579071
1769.2854275472816 0.9979599118232727
1769.3062611001712 0.9977830052375793
1769.3270946525663 0.998542308807373
1769.3479282044475 0.9985173344612122
1769.368761755826 0.9985018968582153
1769.3895953067024 0.9977840781211853
1769.4104288570875 0.9984592795372009
1769.4312624069626 0.999299168586731
1769.4520959563376 0.9994648098945618
1769.4729295052139 0.9992124438285828
1769.4937630536024 0.9990261197090149
1769.5145966014834 0.9992151856422424
1769.5354301488678 0.999285876750946
1769.5562636957568 0.9993385076522827
1769.5770972421608 0.9993302226066589
1769.5979307880607 0.9994099736213684
1769.6187643334674 0.9993102550506592
1769.6395978783812 0.9994478225708008
1769.6604314228132 1.0000450611114502
1769.6812649667445 0.9997773766517639
1769.7020985101851 0.999174952507019
1769.722932053136 0.9995689988136292
1769.7437655956085 0.9998430013656616
1769.7645991375828 0.999700665473938
1769.7854326790696 1.0001304149627686
1769.8062662200798 1.000087857246399
1769.8270997605941 1.0003514289855957
1769.8479333006235 0.9993725419044495
1769.8687668401685 1.0
1769.8896003792295 1.0005838871002197
1769.9104339178177 1.0004119873046875
1769.9312674559137 1.000072717666626
1769.9521009935283 1.0003186464309692
1769.972934530662 1.0004328489303589
1769.9937680673256 1.0001648664474487
1770.0146016035003 1.0007822513580322
1770.035435139196 1.0004068613052368
1770.0562686744236 1.000813364982605
1770.0771022091644 1.0002566576004028
1770.0979357434285 1.0002093315124512
1770.1187692772166 1.0005953311920166
1770.13960281054 1.0006357431411743
1770.160436343379 1.0007495880126953
1770.1812698757442 1.000715970993042
1770.2021034076367 1.000827431678772
1770.2229369390666 1.0008131265640259
1770.243770470015 1.0004289150238037
1770.264604000493 1.0005100965499878
1770.2854375305003 1.0012530088424683
1770.3062710600482 1.0012034177780151
1770.3271045891177 1.001816749572754
1770.347938117719 1.0013192892074585
1770.3687716458528 1.001363754272461
1770.3896051735303 1.0010219812393188
1770.4104387007314 1.0011765956878662
1770.4312722274674 1.0013644695281982
1770.4521057537393 1.001745581626892
1770.4729392795568 1.0014370679855347
1770.4937728049013 1.0013872385025024
1770.5146063297834 1.0009613037109375
1770.5354398542038 1.0012952089309692
1770.5562733781728 1.0010690689086914
1770.577106901672 1.0014699697494507
1770.5979404247112 1.0016673803329468
1770.6187739473014 1.0011416673660278
1770.6396074694237 1.0012497901916504
1770.6604409910883 1.0017032623291016
1770.6812745122959 1.0019896030426025
1770.7021080330576 1.001532793045044
1770.7229415533538 1.0019487142562866
1770.7437750731951 1.0015828609466553
1770.7646085925828 1.001983880996704
1770.785442111527 1.0016721487045288
1770.8062756300083 1.0019208192825317
1770.8271091480383 1.0018540620803833
1770.8479426656268 1.0022786855697632
1770.8687761827548 1.0022011995315552
1770.8896096994333 1.0019317865371704
1770.9104432156626 1.001909613609314
1770.9312767314536 1.0023926496505737
1770.9521102467875 1.002581000328064
1770.972943761674 1.0031152963638306
1770.9937772761148 1.002963662147522
1771.0146107901203 1.0023905038833618
1771.0354443036708 1.0032954216003418
1771.0562778167775 1.0024975538253784
1771.0771113294413 1.0024198293685913
1771.0979448416724 1.0023796558380127
1771.118778353452 1.0028870105743408
1771.1396118647906 1.0035089254379272
1771.160445375699 1.0027722120285034
1771.181278886158 1.0028060674667358
1771.2021123961783 1.0032752752304077
1771.222945905761 1.0033378601074219
1771.2437794149064 1.003076195716858
1771.2646129236252 1.0032260417938232
1771.2854464318987 1.003764033317566
1771.3062799397371 1.003731608390808
1771.3271134471515 1.0035532712936401
1771.347946954123 1.0037263631820679
1771.3687804606616 1.003650188446045
1771.3896139667686 1.0038716793060303
1771.4104474724547 1.0036380290985107
1771.4312809777007 1.0037888288497925
1771.4521144825173 1.0038604736328125
1771.4729479869156 1.004157543182373
1771.493781490876 1.0042028427124023
1771.5146149944096 1.0046244859695435
1771.5354484975273 1.004138469696045
1771.5562820002096 1.0043220520019531
1771.5771155024674 1.004023790359497
1771.597949004302 1.0045944452285767
1771.6187825057136 1.0049790143966675
1771.6396160067134 1.0053058862686157
1771.6604495072822 1.0048185586929321
1771.6812830074307 1.0046744346618652
1771.7021165071599 1.0049816370010376
1771.722950006481 1.004526138305664
1771.7437835053743 1.0046772956848145
1771.7646170038506 1.0051945447921753
1771.7854505019216 1.0054194927215576
1771.8062839995675 1.0057638883590698
1771.8271174967992 1.0050666332244873
1771.8479509936283 1.0050054788589478
1771.8687844900348 1.0056445598602295
1771.88961798603 1.0057624578475952
1771.9104514816154 1.0055001974105835
1771.9312849768007 1.0058315992355347
1771.952118471568 1.0056984424591064
1771.9729519659277 1.006097435951233
1771.993785459891 1.0057249069213867
1772.0146189534382 1.0059419870376587
1772.0354524465813 1.0061476230621338
1772.0562859393206 1.006517767906189
1772.0771194316671 1.006241798400879
1772.0979529236024 1.0065008401870728
1772.1187864151366 1.0064408779144287
1772.1396199062713 1.0065715312957764
1772.1604533970176 1.0070244073867798
1772.1812868873562 1.006168246269226
1772.2021203772983 1.0067671537399292
1772.222953866855 1.0070302486419678
1772.2437873560073 1.0065019130706787
1772.2646208447661 1.0070902109146118
1772.2854543331327 1.0071797370910645
1772.3062878211183 1.0068291425704956
1772.327121308704 1.007422685623169
1772.3479547959003 1.0074013471603394
1772.3687882827192 1.007194995880127
1772.3896217691413 1.0067259073257446
1772.4104552551778 1.0075101852416992
1772.43128874083 1.006748914718628
1772.452122226109 1.0072458982467651
1772.4937891955024 1.0074114799499512
1772.514622679639 1.007695198059082
1772.535456163387 1.006893277168274
1772.5562896467582 1.0067561864852905
1772.5771231297533 1.0076842308044434
1772.5979566123838 1.0077683925628662
1772.618790094631 1.007743239402771
1772.6396235765062 1.0079631805419922
1772.6604570580205 1.0081861019134521
1772.6812905391557 1.0080211162567139
1772.7021240199224 1.0089534521102905
1772.7229575003223 1.007870078086853
1772.743790980367 1.0085513591766357
1772.7646244600376 1.0082170963287354
1772.7854579393456 1.0083223581314087
1772.8062914183024 1.008155345916748
1772.8271248968895 1.0083014965057373
1772.847958375118 1.0084261894226074
1772.868791853 1.0087943077087402
1772.8896253305163 1.008980631828308
1772.9104588076787 1.0088143348693848
1772.931292284489 1.0089138746261597
1772.9521257609583 1.008583903312683
1772.9729592370684 1.0077675580978394
1772.9937927128308 1.0081650018692017
1773.014626188257 1.0087590217590332
1773.0354596633288 1.0087056159973145
1773.0562931380578 1.0091923475265503
1773.0771266124455 1.008770227432251
1773.0979600865037 1.0093456506729126
1773.1187935602143 1.0094585418701172
1773.1396270335886 1.0095186233520508
1773.1604605066386 1.0094164609909058
1773.1812939793465 1.0090526342391968
1773.202127451723 1.008338451385498
1773.222960923771 1.00977623462677
1773.243794395502 1.0091090202331543
1773.2646278668976 1.0106762647628784
1773.28546133797 1.009303331375122
1773.306294808731 1.0074678659439087
1773.3271282791627 1.0108200311660767
1773.3479617492767 1.0134508609771729
1773.3687952190855 1.0126261711120605
1773.389628688571 1.0095587968826294
1773.4104621577453 1.0094348192214966
1773.43129562661 1.0083754062652588
1773.4521290951782 1.008803367614746
1773.472962563431 1.010935664176941
1773.4937960313814 1.0085924863815308
1773.5146294990416 1.0105339288711548
1773.5354629663932 1.0096559524536133
1773.5562964334492 1.010749101638794
1773.5771299002217 1.0114086866378784
1773.5979633666927 1.0112959146499634
1773.6187968328752 1.0108736753463745
1773.6396302987814 1.009314775466919
1773.6604637643939 1.0109775066375732
1773.6812972297248 1.0108237266540527
1773.7021306947775 1.0099056959152222
1773.7229641595638 1.0105714797973633
1773.7437976240667 1.0111924409866333
1773.764631088299 1.0103405714035034
1773.7854645522632 1.0111429691314697
1773.8062980159723 1.0106886625289917
1773.8271314794092 1.0104575157165527
1773.8479649425865 1.0109353065490723
1773.8687984055173 1.011448621749878
1773.8896318681848 1.01119863986969
1773.9104653306017 1.0102503299713135
1773.9312987927813 1.0106277465820312
1773.9521322547066 1.011541485786438
1773.972965716391 1.0109034776687622
1773.9937991778377 1.011242389678955
1774.01463263906 1.0111089944839478
1774.0354661000413 1.0106295347213745
1774.056299560795 1.0114514827728271
1774.0771330213347 1.0107654333114624
1774.0979664816439 1.0118986368179321
1774.1187999417364 1.0113186836242676
1774.1396334016258 1.0113470554351807
1774.1604668612958 1.0121378898620605
1774.1813003207603 1.0119019746780396
1774.2021337800336 1.011286735534668
1774.2229672390993 1.0113308429718018
1774.2438006979714 1.0112308263778687
1774.2646341566644 1.0117666721343994
1774.2854676151626 1.0111411809921265
1774.30630107348 1.0114914178848267
1774.3271345316314 1.0119960308074951
1774.3479679896009 1.0118416547775269
1774.3688014474035 1.0116591453552246
1774.389634905044 1.011672854423523
1774.4104683625364 1.0117202997207642
1774.4313018198666 1.0126917362213135
1774.4521352770491 1.0128014087677002
1774.4729687340994 1.0113478899002075
1774.493802191002 1.012060284614563
1774.514635647773 1.0123918056488037
1774.5354691044276 1.012491226196289
1774.5563025609513 1.0120556354522705
1774.5771360173599 1.0122182369232178
1774.5979694736593 1.012557864189148
1774.6188029298653 1.0126644372940063
1774.639636385964 1.012557029724121
1774.660469841982 1.0126380920410156
1774.6813032979053 1.0122758150100708
1774.7021367537504 1.0130404233932495
1774.7229702095244 1.0125467777252197
1774.7438036652438 1.012481927871704
1774.764637120896 1.0128774642944336
1774.7854705764978 1.012174129486084
1774.8063040320565 1.0124796628952026
1774.8271374875899 1.0123673677444458
1774.847970943086 1.0128926038742065
1774.8688043985621 1.0125117301940918
1774.8896378540367 1.0124833583831787
1774.910471309498 1.0126901865005493
1774.9313047649646 1.0123094320297241
1774.952138220455 1.013222575187683
1774.9729716759587 1.0128101110458374
1774.9938051315046 1.0124757289886475
1775.014638587082 1.0133731365203857
1775.035472042711 1.0131028890609741
1775.0563054984013 1.0133639574050903
1775.0771389541733 1.0131338834762573
1775.0979724100175 1.0127485990524292
1775.1188058659545 1.0135118961334229
1775.1396393220055 1.0129504203796387
1775.1604727781623 1.013729214668274
1775.181306234446 1.0138473510742188
1775.2021396908792 1.0138518810272217
1775.2229731474542 1.0136278867721558
1775.2438066041937 1.0133122205734253
1775.2646400611106 1.0133602619171143
1775.2854735182293 1.0137064456939697
1775.3063069755426 1.0139950513839722
1775.3271404330756 1.0143275260925293
1775.3479738908532 1.0140020847320557
1775.36880734887 1.0140113830566406
1775.3896408071519 1.0140650272369385
1775.4104742657257 1.0148770809173584
1775.4313077245872 1.0135027170181274
1775.4521411837643 1.0144846439361572
1775.4729746432843 1.0140973329544067
1775.493808103146 1.0137808322906494
1775.5146415633776 1.0143400430679321
1775.5354750240092 1.0134985446929932
1775.5563084850412 1.0139633417129517
1775.5771419465034 1.0141879320144653
1775.597975408428 1.0142539739608765
1775.6188088708175 1.0145630836486816
1775.6396423337042 1.0146820545196533
1775.660475797122 1.0147042274475098
1775.6813092610757 1.0137015581130981
1775.7021427256002 1.0146691799163818
1775.722976190732 1.0149524211883545
1775.7438096564786 1.0144370794296265
1775.7646431228773 1.0143283605575562
1775.7854765899674 1.0135130882263184
1775.8063100577594 1.0141526460647583
1775.8271435262939 1.0136737823486328
1775.847976995603 1.0133960247039795
1775.8688104657306 1.0157438516616821
1775.8896439366904 1.014949917793274
1775.9104774085386 1.0147368907928467
1775.9313108812923 1.0134605169296265
1775.952144354999 1.0142484903335571
1775.972977829699 1.0141026973724365
1775.993811305443 1.013329029083252
1776.0146447822528 1.0132501125335693
1776.0354782601926 1.011414885520935
1776.056311739288 1.0115501880645752
1776.077145219595 1.011406660079956
1776.0979787011622 1.013696312904358
1776.1188121840496 1.0157055854797363
1776.1396456682883 1.0133295059204102
1776.160479153951 1.0165752172470093
1776.1813126410725 1.0159865617752075
1776.2021461297186 1.0100160837173462
1776.2229796199463 1.0103480815887451
1776.2438131118251 1.0117807388305664
1776.2646466053943 1.0142757892608643
1776.2854801007252 1.0131666660308838
1777.7438262270364 1.0151679515838623
1777.7646596669329 1.0156199932098389
1777.7854931042828 1.0146312713623047
1777.8063265391586 1.0147607326507568
1777.8271599716306 1.0149362087249756
1777.847993401738 1.014589548110962
1777.868826829547 1.014663577079773
1777.8896602551224 1.014078974723816
1777.9104936784975 1.014183521270752
1777.9313270997325 1.0121597051620483
1777.952160518887 1.0130276679992676
1777.9729939359884 1.012805700302124
1777.993827351092 1.0130314826965332
1778.0146607642523 1.0131062269210815
1778.0354941754915 1.012763261795044
1778.0563275848601 1.0128823518753052
1778.0771609924082 1.0138075351715088
1778.097994398153 1.0130512714385986
1778.1188278021516 1.0132062435150146
1778.1396612044189 1.0137460231781006
1778.160494604999 1.013037085533142
1778.1813280039346 1.0124539136886597
1778.202161401237 1.0126382112503052
1778.222994796947 1.0124049186706543
1778.2438281911036 1.0129343271255493
1778.264661583715 1.0128718614578247
1778.2854949748191 1.0127227306365967
1778.3063283644515 1.0126904249191284
1778.327161752618 1.012260913848877
1778.347995139353 1.012013554573059
1778.3688285246903 1.0123897790908813
1778.389661908633 1.012794017791748
1778.4104952912123 1.0130997896194458
1778.4313286724607 1.0129508972167969
1778.452162052378 1.012373924255371
1778.4729954309948 1.0124311447143555
1778.4938288083401 1.0124914646148682
1778.5146621844124 1.012755036354065
1778.53549555925 1.0122767686843872
1778.5563289328504 1.0128116607666016
1778.5771623052403 1.012292504310608
1778.5979956764465 1.0124329328536987
1778.6188290464647 1.0124170780181885
1778.6396624153201 1.01286780834198
1778.6604957830377 1.0120153427124023
1778.6813291496126 1.0125125646591187
1778.7021625150676 1.0127170085906982
1778.7229958794273 1.012863278388977
1778.7438292426846 1.0123831033706665
1778.7646626048622 1.0127755403518677
1778.7854959659826 1.012277364730835
1778.806329326038 1.0122936964035034
1778.8271626850599 1.012347936630249
1778.8479960430398 1.0126949548721313
1778.868829399999 1.0128544569015503
1778.8896627559577 1.012176752090454
1778.9104961109067 1.012695550918579
1778.9313294648664 1.0117921829223633
1778.952162817856 1.0126888751983643
1778.9729961698658 1.0130373239517212
1778.9938295209151 1.0130879878997803
1779.0146628710227 1.0124194622039795
1779.0354962201775 1.01218581199646
1779.0563295684083 1.0127465724945068
1779.0771629157034 1.0124008655548096
1779.0979962620809 1.0120073556900024
1779.1188296075593 1.0123980045318604
1779.1396629521257 1.012050986289978
1779.1604962957979 1.0123564004898071
1779.1813296385938 1.0130057334899902
1779.2021629804997 1.0120892524719238
1779.2229963215332 1.0121263265609741
1779.243829661711 1.012454628944397
1779.2646630010204 1.0126662254333496
1779.285496339487 1.0126367807388306
1779.3063296770977 1.0124212503433228
1779.3271630138686 1.011777400970459
1779.3479963498157 1.012071967124939
1779.3688296849252 1.0123071670532227
1779.3896630192128 1.01198410987854
1779.410496352694 1.0118464231491089
1779.4313296853545 1.0119379758834839
1779.4521630172198 1.0114930868148804
1779.472996348275 1.0121430158615112
1779.4938296785353 1.0118353366851807
1779.514663008016 1.011732816696167
1779.5354963367017 1.0118752717971802
1779.5563296646073 1.012357473373413
1779.577162991748 1.0118626356124878
1779.597996318108 1.0115416049957275
1779.618829643702 1.0118439197540283
1779.6396629685446 1.0117814540863037
1779.6604962926197 1.0116633176803589
1779.6813296159519 1.0114253759384155
1779.7021629385254 1.0109939575195312
1779.722996260354 1.0117484331130981
1779.743829581452 1.011492371559143
1779.7646629018036 1.0115635395050049
1779.785496221422 1.0113213062286377
1779.8063295403213 1.011172890663147
1779.8271628584853 1.0110772848129272
1779.8479961759372 1.0112289190292358
1779.8688294926612 1.01100492477417
1779.8896628086704 1.0110383033752441
1779.9104961239782 1.0112922191619873
1779.9313294385681 1.0106861591339111
1779.9521627524537 1.010724663734436
1779.9729960656475 1.0105223655700684
1779.9938293781331 1.010873556137085
1780.0146626899339 1.0107266902923584
1780.0354960010322 1.0103802680969238
1780.0563293114417 1.0106319189071655
1780.0771626211754 1.010589838027954
1780.0979959302156 1.0107425451278687
1780.1188292385755 1.0103459358215332
1780.1396625462678 1.0103538036346436
1780.1604958532755 1.0099313259124756
1780.181329159621 1.0102710723876953
1780.202162465287 1.0098304748535156
1780.2229957702866 1.0097570419311523
1780.2438290746318 1.009952425956726
1780.264662378305 1.0101466178894043
1780.2854956813194 1.0097663402557373
1780.3063289836869 1.0103223323822021
1780.3271622853897 1.0101615190505981
1780.347995586451 1.0101135969161987
1780.3688288868523 1.0102851390838623
1780.3896621866063 1.0099822282791138
1780.4104954857253 1.0098754167556763
1780.431328784191 1.0100445747375488
1780.4521620820162 1.0102373361587524
1780.472995379213 1.0098657608032227
1780.493828675763 1.0096830129623413
1780.5146619716788 1.0096416473388672
1780.5354952669725 1.0098958015441895
1780.5563285616254 1.009859323501587
1780.5771618556603 1.0098652839660645
1780.5979951490588 1.0093932151794434
1780.6188284418427 1.0093531608581543
1780.6396617339942 1.0091665983200073
1780.6604950255253 1.0096722841262817
1780.6813283164472 1.0097295045852661
1780.7021616067423 1.0092109441757202
1780.7229948964223 1.0095924139022827
1780.7438281854986 1.0095380544662476
1780.7646614739535 1.009063482284546
1780.7854947618086 1.0092929601669312
1780.8063280490453 1.0089341402053833
1780.8271613356753 1.0091530084609985
1780.8479946217108 1.0089272260665894
1780.8688279071328 1.0089442729949951
1780.889661191953 1.0089720487594604
1780.9104944761837 1.0087751150131226
1780.9313277598055 1.0087826251983643
1780.9521610428403 1.0087436437606812
1780.9729943252698 1.008673071861267
1780.9938276071055 1.0082871913909912
1781.0146608883585 1.008703589439392
1781.035494169011 1.0087907314300537
1781.0563274490837 1.0083954334259033
1781.0771607285585 1.0083822011947632
1781.0979940074467 1.0084857940673828
1781.1188272857596 1.0084606409072876
1781.1396605634786 1.0084424018859863
1781.1604938406153 1.0080162286758423
1781.181327117181 1.0079432725906372
1781.2021603931566 1.0080859661102295
1781.2229936685637 1.0080440044403076
1781.2438269433842 1.007636308670044
1781.2646602176283 1.0074224472045898
1781.285493491308 1.0074741840362549
1781.3063267644045 1.007478952407837
1781.3271600369387 1.0077252388000488
1781.3479933088922 1.0073623657226562
1781.3688265802764 1.0071033239364624
1781.3896598511017 1.0072582960128784
1781.4104931213499 1.007150411605835
1781.4313263910424 1.0072910785675049
1781.4521596601599 1.0073171854019165
1781.4729929287134 1.0071649551391602
1781.4938261967147 1.0072652101516724
1781.5146594641446 1.006544589996338
1781.535492731014 1.0066518783569336
1781.5563259973346 1.0064533948898315
1781.5771592630867 1.0062330961227417
1781.597992528292 1.0069971084594727
1781.6188257929316 1.0067158937454224
1781.6396590570162 1.0064769983291626
1781.660492320557 1.0062296390533447
1781.6813255835355 1.0063875913619995
1781.702158845972 1.0061858892440796
1781.7229921078476 1.0060054063796997
1781.7438253691741 1.0062757730484009
1781.7646586299618 1.006125569343567
1781.8063251498857 1.0054676532745361
1781.8271584090237 1.005333423614502
1781.847991667617 1.005367398262024
1781.8688249256766 1.0048714876174927
1781.8896581831837 1.0045452117919922
1781.910491440149 1.0050172805786133
1781.9313246965835 1.005045771598816
1781.9521579524685 1.0052828788757324
1781.9729912078242 1.004528522491455
1781.993824462632 1.0047736167907715
1782.014657716913 1.004776120185852
1782.0354909706475 1.00560462474823
1782.056324223847 1.0050559043884277
1782.0771574765222 1.0045520067214966
1782.097990728654 1.0051125288009644
1782.118823980253 1.0041329860687256
1782.1396572313306 1.004472255706787
1782.1604904818673 1.004488468170166
1782.181323731884 1.0044256448745728
1782.202156981362 1.004520297050476
1782.2229902303116 1.004549503326416
1782.2438234787437 1.004251480102539
1782.2646567266395 1.0040923357009888
1782.2854899740196 1.0036414861679077
1782.3063232208647 1.0035920143127441
1782.3271564671861 1.0035120248794556
1782.3479897129941 1.0022433996200562
1782.36882295827 1.0023504495620728
1782.3896562030343 1.002640962600708
1782.4104894472678 1.0030571222305298
1782.4313226909812 1.0023338794708252
1782.452155934186 1.0017284154891968
1782.4729891768623 1.0013225078582764
1782.493822419031 1.0016647577285767
1782.5146556606733 1.0019642114639282
1782.5354889017992 1.0015864372253418
1782.5563221424202 1.0013973712921143
1782.577155382517 1.0017304420471191
1782.5979886221103 1.0016005039215088
1782.6188218611805 1.0010465383529663
1782.639655099749 1.0012859106063843
1782.660488337796 1.001133918762207
1782.6813215753325 1.0000271797180176
1782.7021548123694 1.0015170574188232
1782.7229880488874 1.0006879568099976
1782.743821284907 1.0008659362792969
1782.7646545204093 1.0004725456237793
1782.785487755405 1.0003119707107544
1782.8063209899044 1.0008963346481323
1782.8271542238888 1.0006510019302368
1782.8479874573788 1.0006119012832642
1782.8688206903548 1.0007580518722534
1782.889653922828 1.0002301931381226
1782.910487154809 1.0004268884658813
1782.9313203862785 0.9999909400939941
1782.9521536172472 1.0004388093948364
1782.972986847726 1.0000234842300415
1782.993820077695 1.0001959800720215
1783.0146533071756 1.0001764297485352
1783.0354865361485 0.9996464252471924
1783.0563197646343 1.0
1783.0771529926133 1.0004284381866455
1783.097986220107 0.999516487121582
1783.1188194470956 0.9996620416641235
1783.1396526735898 0.999962568283081
1783.1604858996006 0.9998459219932556
1783.1813191251085 0.9994462728500366
1783.2021523501244 0.9992579221725464
1783.2229855746589 0.999299168586731
1783.2438187986925 0.9992706179618835
1783.2646520222463 0.9993104338645935
1783.285485245301 0.9986907839775085
1783.306318467877 0.9983094334602356
1783.3271516899551 0.9992601275444031
1783.3479849115463 0.9983809590339661
1783.3688181326609 0.9987009763717651
1783.38965135328 0.999012291431427
1783.4104845734241 0.998670756816864
1783.4313177930737 0.9985002279281616
1783.45215101224 0.9985615611076355
1783.4729842309332 0.9982254505157471
1783.4938174491347 0.9982318878173828
1783.5146506668643 0.9986134767532349
1783.5354838841035 0.9982519149780273
1783.5563171008728 0.9981735348701477
1783.5771503171525 0.9976294040679932
1783.5979835329538 0.9981040954589844
1783.6188167482876 0.9979605078697205
1783.6396499631337 0.9982229471206665
1783.6604831775137 0.9976286292076111
1783.681316391408 0.9980155229568481
1783.7021496048274 0.9973118305206299
1783.7229828177822 0.9974844455718994
1783.743816030254 0.9972904324531555
1783.7646492422625 0.9973300695419312
1783.7854824537892 0.996910572052002
1783.8063156648445 0.9969485998153687
1783.827148875439 0.9966633319854736
1783.8479820855537 0.9964826107025146
1783.8688152952095 0.9966541528701782
1783.8896485043865 0.9968428015708923
1783.9104817130958 0.9969108700752258
1783.9313149213485 0.9963066577911377
1783.9521481291247 0.995941698551178
1783.9729813364452 0.9961670637130737
1783.9938145432914 0.9955755472183228
1784.0146477496833 0.9953598976135254
1784.035480955602 0.9961236715316772
1784.0563141610583 0.995423436164856
1784.0771473660627 0.9954322576522827
1784.097980570596 0.9954355359077454
1784.1188137746794 0.9943912625312805
1784.139646978293 0.9952057600021362
1784.160480181448 0.9947410821914673
1784.1813133841554 0.9951881766319275
1784.2021465863952 0.9948134422302246
1784.2229797881885 0.9946923851966858
1784.2438129895165 0.9947130680084229
1784.2646461903994 0.9939127564430237
1784.2854793908182 0.9937192797660828
1784.3063125907838 0.9943564534187317
1784.3271457903072 0.9945895075798035
1784.3479789893686 0.9939100742340088
1784.3688121879889 0.9942686557769775
1784.3896453861496 0.9936579465866089
1784.4104785838606 0.99347323179245
1784.4313117811332 0.9938554763793945
1784.4521449779584 0.9940211772918701
1784.4729781743265 0.9941003322601318
1784.4938113702485 0.9930575489997864
1784.5146445657356 0.9930434823036194
1784.5354777607681 0.993237316608429
1784.556310955367 0.9935446381568909
1784.5771441495135 0.993177056312561
1784.5979773432182 0.9933353066444397
1784.6188105364915 0.992995023727417
1784.6396437293151 0.992829442024231
1784.6604769217092 0.9930561184883118
1784.6813101136552 0.9930779337882996
1784.7021433051736 0.9926953315734863
1784.722976496245 0.9928283095359802
1784.7438096868811 0.9926556348800659
1784.7646428770925 0.9930494427680969
1784.7854760668595 0.9920734763145447
1784.8063092562036 0.9923496842384338
1784.8271424451057 0.9927735328674316
1784.8479756335864 0.9923814535140991
1784.868808821627 0.992462158203125
1784.8896420092483 0.9921000599861145
1784.9104751964312 0.9918944835662842
1784.9313083831864 0.9916673302650452
1784.9521415695256 0.9917648434638977
1784.9729747554288 0.9918762445449829
1784.9938079409076 0.9921738505363464
1785.0146411259732 0.9916791319847107
1785.0354743106157 0.9914335012435913
1785.0563074948268 0.9918556809425354
1785.077140678617 0.9918240308761597
1785.0979738619983 0.9916197061538696
1785.1188070449507 0.9912562370300293
1785.1396402274954 0.9912182092666626
1785.160473409614 0.9904661774635315
1785.181306591317 0.990913450717926
1785.2021397726155 0.9905816316604614
1785.2229729534909 0.9911253452301025
1785.243806133964 0.9907455444335938
1785.264639314016 0.9910094738006592
1785.285472493668 0.9910082817077637
1785.306305672901 0.9907026886940002
1785.3271388517262 0.9904511570930481
1785.347972030155 0.9906591176986694
1785.368805208168 0.9906108975410461
1785.3896383857866 0.9906671047210693
1785.4104715629921 0.9902390241622925
1785.4313047398055 0.9903303980827332
1785.4521379162081 0.9902735352516174
1785.4729710922213 0.9900621175765991
1785.493804267826 0.9903680086135864
1785.514637443033 0.9898593425750732
1785.5354706178548 0.9899904727935791
1785.5563037922714 0.9893556237220764
1785.5771369663048 0.9897802472114563
1785.5979701399363 0.9899151921272278
1785.6188033131864 0.9896948337554932
1785.6396364860373 0.9898920655250549
1785.6604696585 0.9895797967910767
1785.6813028305858 0.9894309043884277
1785.7021360022761 0.9897322058677673
1785.7229691735924 0.9898179769515991
1785.7438023445159 0.9890459179878235
1785.7646355150678 0.9893079400062561
1785.8063018550238 0.9886000752449036
1785.8271350244304 0.9877772927284241
1785.8479681934616 0.98866206407547
1785.868801362129 0.9883894920349121
1785.8896345304136 0.9885585904121399
1785.910467698337 0.9885112643241882
1785.9313008658814 0.9882147908210754
1785.9521340330675 0.9881308674812317
1785.9729671998775 0.9885236024856567
1785.993800366333 0.9881271719932556
1786.0146335324152 0.9878553152084351
1786.0354666981361 0.9877057671546936
1786.0562998635075 0.9885960817337036
1786.0771330285108 0.9878056645393372
1786.0979661931676 0.9882717728614807
1786.1187993574601 0.9878864288330078
1786.1396325214098 0.9887253046035767
1786.1604656849984 0.9881287813186646
1786.1812988482482 0.9877948760986328
1786.2021320111403 0.9882200956344604
1786.222965173687 0.9881075024604797
1786.2437983359005 0.9880147576332092
1786.2646314977621 0.9874087572097778
1786.2854646592941 0.9880245923995972
1786.3062978204787 0.9876416325569153
1786.3271309813372 0.9875646233558655
1786.3479641418523 0.9874821305274963
1786.368797302046 0.9876789450645447
1786.3896304619002 0.9879124760627747
1786.410463621427 0.9877772331237793
1786.4312967806388 0.9873504638671875
1786.4521299395178 0.9879242777824402
1786.4729630980858 0.9878235459327698
1786.4937962563258 0.9877181053161621
1786.5146294142594 0.9876367449760437
1786.5354625718694 0.9877432584762573
1786.5562957291681 0.9886895418167114
1786.5771288861679 0.9876185059547424
1786.5979620428511 0.9878478646278381
1786.6187951992404 0.9878098368644714
1786.6396283553186 0.9878401160240173
1786.6604615111075 0.9879068732261658
1786.6812946665905 0.9870107173919678
1786.70212782179 0.9876070618629456
1786.7229609766887 0.9877306222915649
1786.7437941312994 0.987926185131073
1786.764627285635 0.9876439571380615
1786.7854604396782 0.987910270690918
1786.806293593452 0.9878751635551453
1786.8271267469397 0.9877075552940369
1786.8479599001637 0.9874150156974792
1786.8687930531075 0.9873200058937073
1786.8896262057942 0.9872180223464966
1786.910459358207 0.9877105355262756
1786.9312925103588 0.9872862696647644
1786.9521256622638 0.9873262643814087
1786.9729588139144 0.9872545003890991
1786.9937919653044 0.9868632555007935
1787.0146251164476 0.9872319102287292
1787.0354582673572 0.9867688417434692
1787.056291418017 0.9868778586387634
1787.077124568451 0.9868842363357544
1787.0979577186424 0.987218976020813
1787.1187908686154 0.9870802760124207
1787.1396240183542 0.9867105484008789
1787.1604571678824 0.9865431785583496
1787.1812903171842 0.9872581362724304
1787.202123466284 0.9865332245826721
1787.2229566151661 0.9869358539581299
1787.2437897638445 0.986557126045227
1787.2646229123343 0.9862203001976013
1787.2854560606193 0.9863652586936951
1787.3062892087246 0.9867926836013794
1787.3271223566348 0.9868156909942627
1787.3479555043752 0.9861587882041931
1787.3687886519303 0.9867041707038879
1787.3896217993151 0.9863437414169312
1787.4104549465455 0.9866393804550171
1787.431288093606 0.9864950776100159
1787.4521212405225 0.9860809445381165
1787.4729543872807 0.9864300489425659
1787.4937875339056 0.9866300225257874
1787.5146206803836 0.9864652156829834
1787.5354538267409 0.9861985445022583
1787.5562869729627 0.9862028360366821
1787.577120119076 0.9866125583648682
1787.5979532650672 0.9863432049751282
1787.6187864109525 0.9862903356552124
1787.6396195567486 0.986392080783844
1787.6604527024529 0.9863787293434143
1787.6812858480619 0.9863592386245728
1787.702118993593 0.986168622970581
1787.722952139064 0.9861560463905334
1787.743785284462 0.9860826730728149
1787.764618429815 0.9859303832054138
1787.7854515751114 0.9859689474105835
1787.8062847203787 0.9862261414527893
1787.8271178656057 0.9864508509635925
1787.8479510108216 0.9864014387130737
1787.8687841560143 0.9864811301231384
1787.8896173012135 0.9856086373329163
1787.9104504464092 0.9862582683563232
1787.9312835916298 0.9859164357185364
1787.9521167368662 0.9856994152069092
1787.9729498821387 0.9859525561332703
1787.993783027467 0.9855060577392578
1788.0146161728426 0.9857984185218811
1788.0354493182965 0.9858866333961487
1788.0562824638205 0.9857417941093445
1788.0771156094459 0.9862831830978394
1788.097948755165 0.9863868951797485
1788.1187819010106 0.9857959747314453
1788.1396150469755 0.9860708117485046
1788.1604481930929 0.9858817458152771
1788.1812813393572 0.9863511919975281
1788.2021144857915 0.986039936542511
1788.2229476324212 0.986055850982666
1788.2437807792417 0.986433207988739
1788.264613926288 0.9853185415267944
1788.2854470735563 0.9859362244606018
1788.3062802210839 0.9855847954750061
1788.327113368867 0.9863056540489197
1788.3479465169444 0.9858587980270386
1788.368779665314 0.9865955114364624
1788.389612814015 0.9867331385612488
1788.410445963047 0.9868128895759583
1788.431279112451 0.9871216416358948
1788.4521122622273 0.9862006306648254
1788.4729454124183 0.9864022731781006
1788.4937785630268 0.9861253499984741
1788.514611714096 0.9852379560470581
1788.5354448656306 0.9859133362770081
1788.556278017666 0.98569655418396
1788.5771111702381 0.9856998324394226
1788.5979443233546 0.98659348487854
1788.6187774770638 0.9878240823745728
1788.6396106313746 0.9867008924484253
1788.660443786338 0.9862262606620789
1788.681276941966 0.986240029335022
1788.7021100983113 0.9870758652687073
1788.7229432553881 0.9866272211074829
1788.7437764132524 0.9865506887435913
1788.7646095719217 0.9870165586471558
1788.7854427314542 0.986714780330658
1788.80627589187 0.9868911504745483
1788.8271090532319 0.9870560765266418
1788.8479422155629 0.987787663936615
1788.8687753789284 0.9864158630371094
1788.8896085433564 0.9867144227027893
1788.9104417089059 0.9863808155059814
1788.9312748756383 0.9862261414527893
1788.9521080435973 0.9873738884925842
1788.9729412128286 0.98601895570755
1788.9937743834003 0.9854593276977539
1789.014607555383 0.9845512509346008
1789.0354407288194 0.9853717684745789
1789.0562739037953 0.9835501313209534
1789.0771070803585 0.982827365398407
1789.0979402585997 0.9842747449874878
1789.1187734385724 0.9844020009040833
1789.1396066203727 0.9854713082313538
1789.1604398040588 0.9880261421203613
1789.2021061774567 0.9837216734886169
1789.222939367338 0.9838494062423706
1789.2437725594448 0.9843228459358215
1789.264605753887 0.9828608632087708
1789.2854389507356 0.9826322197914124
1789.3062721500935 0.9845715761184692
1789.3271053520637 0.9834581017494202
1789.347938556728 0.9841137528419495
1789.3687717641671 0.9832726716995239
1789.38960497448 0.9860828518867493
1789.4104381877603 0.983341634273529
1789.4312714040666 0.9841541647911072
1789.4521046234893 0.9844627976417542
1789.472937846069 0.9861024022102356
1789.4937710718732 0.9860937595367432
1789.5146043009136 0.9859539866447449
1789.5354375332226 0.9872241020202637
1789.556270768769 0.987265944480896
1789.5771040075354 0.9893643260002136
1789.597937249432 0.9868541359901428
1789.618770494375 0.9876340627670288
1789.6396037422003 0.9864014983177185
1789.6604369927416 0.9857887029647827
1789.6812702457473 0.9862770438194275