1764.702283359824 1.0024102926254272
1764.7231173201537 1.0025975704193115
1764.743951277217 1.0026487112045288
1764.7647852310945 1.0022540092468262
1764.785619181856 1.0020205974578857
1764.8064531295724 1.0021378993988037
1764.8272870743226 1.0025439262390137
1764.8481210161551 1.0024573802947998
1764.868954955148 1.002476692199707
1764.8897888913664 1.0019035339355469
1764.910622824875 1.0027763843536377
1764.9314567557474 1.0025107860565186
1764.9522906840239 1.002697229385376
1764.9731246097745 1.0029723644256592
1764.9939585330574 1.002578616142273
1765.014792453928 1.002901315689087
1765.0356263724511 1.0024243593215942
1765.056460288659 1.0026448965072632
1765.0772942026128 1.0022071599960327
1765.0981281143615 1.0021940469741821
1765.118962023953 1.002456784248352
1765.1397959314424 1.0025805234909058
1765.1606298368547 1.0021597146987915
1765.1814637402429 1.0027010440826416
1765.2022976416476 1.0024335384368896
1765.2231315411093 1.0029927492141724
1765.2439654386765 1.0027129650115967
1765.2647993343658 1.0029349327087402
1765.2856332282236 1.0020602941513062
1765.3064671202844 1.0028131008148193
1765.3273010105818 1.0022485256195068
1765.3481348991475 1.002275824546814
1765.3689687860235 1.002494215965271
1765.3898026712193 1.0020794868469238
1765.4106365547739 1.001734733581543
1765.431470436716 1.0026215314865112
1765.4523043170818 1.001912236213684
1765.4731381958784 1.0018702745437622
1765.4939720731406 1.0019420385360718
1765.5148059488931 1.0019950866699219
1765.5356398231595 1.0018044710159302
1765.5564736959727 1.0015482902526855
1765.5773075673349 1.0018213987350464
1765.5981414372775 1.0023630857467651
1765.6189753058213 1.001704216003418
1765.6398091729961 1.0012578964233398
1765.6606430388017 1.001753330230713
1765.6814769032671 1.001947283744812
1765.70231076641 1.0023490190505981
1765.723144628248 1.0018430948257446
1765.7439784887993 1.0020133256912231
1765.7648123480892 1.0021662712097168
1765.7856462061145 1.0013599395751953
1765.806480062901 1.0015782117843628
1765.8273139184635 1.001815676689148
1765.8481477728167 1.0016759634017944
1765.8689816259848 1.0015465021133423
1765.8898154779622 1.0014935731887817
1765.9106493287718 1.0015356540679932
1765.931483178427 1.0013415813446045
1765.9523170269504 1.0011085271835327
1765.9731508743344 1.0010923147201538
1765.9939847206006 1.0010645389556885
1766.0148185657615 1.0007742643356323
1766.0356524098277 1.0009607076644897
1766.0564862528204 1.0009855031967163
1766.0773200947308 1.000916838645935
1766.098153935579 1.0013177394866943
1766.1189877753748 1.0015416145324707
1766.139821614139 1.0009125471115112
1766.1606554518603 1.001540184020996
1766.1814892885586 1.0013235807418823
1766.2023231242433 1.0006814002990723
1766.223156958923 1.001501441001892
1766.2439907926162 1.0010757446289062
1766.2648246253118 1.0010430812835693
1766.2856584570277 1.0012485980987549
1766.306492287772 1.001415491104126
1766.3273261175532 1.0008949041366577
1766.348159946388 1.0009275674819946
1766.3689937742643 1.000485897064209
1766.3898276011998 1.0014057159423828
1766.410661427201 1.0012433528900146
1766.431495252275 1.0005861520767212
1766.4523290764391 1.000139594078064
1766.4731628996794 1.0002824068069458
1766.4939967220125 1.0006099939346313
1766.514830543445 1.0005946159362793
1766.5356643639827 1.0004057884216309
1766.556498183642 1.0005872249603271
1766.5773320024086 1.0008010864257812
1766.5981658202982 1.0005208253860474
1766.6189996373166 1.0004979372024536
1766.6398334534797 1.000227689743042
1766.6606672687724 1.0004198551177979
1766.6815010832102 1.0003318786621094
1766.7023348967982 1.000342607498169
1766.7231687095416 1.0004879236221313
1766.744002521455 1.0000838041305542
1766.764836332524 1.0000838041305542
1766.7856701427627 1.0005896091461182
1766.8065039521757 1.000237226486206
1766.8273377607784 0.9996078610420227
1766.8481715685543 0.9996136426925659
1766.8690053755186 0.9997217655181885
1766.8898391816751 1.0000383853912354
1766.910672987028 0.9998915195465088
1766.9315067915913 0.9995522499084473
1766.9523405953498 0.9995633959770203
1766.9731743983168 1.000006079673767
1766.9940082004962 0.9999567270278931
1767.0148420019023 0.9998988509178162
1767.0356758025182 0.9994586706161499
1767.0565096023581 0.9986849427223206
1767.0773434014254 0.9998579025268555
1767.0981771997235 0.9996283054351807
1767.119010997266 0.9997344017028809
1767.1398447940367 0.9993417859077454
1767.1606785900483 0.9992964863777161
1767.1815123853044 0.999661386013031
1767.2023461798183 0.9994280338287354
1767.2231799735728 0.9991450905799866
1767.2440137665812 0.9990149736404419
1767.264847558847 0.9989721775054932
1767.2856813503824 0.9991732835769653
1767.306515141171 0.9990991950035095
1767.3273489312253 0.9990228414535522
1767.3481827205487 0.9985232353210449
1767.3690165091434 0.9983431100845337
1767.3898502970223 0.9982460141181946
1767.4106840841685 0.9981944561004639
1767.431517870594 0.9978715181350708
1767.4523516563017 0.9977509379386902
1767.4731854413046 0.9976381659507751
1767.4940192255847 0.9980126023292542
1767.5148530091546 0.9981743097305298
1767.535686792017 0.9975301027297974
1767.556520574174 0.9975476264953613
1767.5773543556381 0.9970783591270447
1767.598188136392 0.997687578201294
1767.6190219164473 0.9968509674072266
1767.6398556958068 0.9970647096633911
1767.6606894744825 0.9980075359344482
1767.6815232524566 0.9969289898872375
1767.7023570297413 0.997094988822937
1767.7231908063388 0.9972611665725708
1767.744024582251 0.9967349171638489
1767.76485835749 0.9972248673439026
1767.7856921320383 0.996812105178833
1767.8065259059074 0.9971068501472473
1767.8273596790993 0.9971529841423035
1767.8481934516262 0.9967045187950134
1767.8690272234699 0.9968923330307007
1767.889860994642 0.9968720078468323
1767.910694765145 0.9972134232521057
1767.9315285349803 0.9964258670806885
1767.9523623041596 0.9962977766990662
1767.9731960726651 0.9966611862182617
1767.9940298405083 0.9956059455871582
1768.014863607691 0.9956279993057251
1768.035697374225 0.9943446516990662
1768.0565311400917 0.9961876273155212
1768.077364905303 0.9952906966209412
1768.0981986698707 0.9962286949157715
1768.119032433776 0.9944071173667908
1768.1398661970309 0.9962508678436279
1768.1606999596368 0.9947006702423096
1768.1815337215953 0.9956414103507996
1768.202367482918 0.9949948191642761
1768.2232012435863 0.9952863454818726
1768.2440350036118 0.9956170320510864
1768.2648687629958 0.9954460859298706
1768.2857025217502 0.9948644638061523
1768.306536279856 0.9954473376274109
1768.3273700373247 0.9952256679534912
1768.3482037941583 0.9955943822860718
1768.3690375503572 0.9962326884269714
1768.3898713059334 0.9949422478675842
1768.4107050608684 0.9949629306793213
1768.431538815173 0.9954473972320557
1768.4523725688491 0.9954726099967957
1768.4732063219078 0.9941657781600952
1768.4940400743303 0.9954274892807007
1768.5148738261278 0.9955336451530457
1768.535707577302 0.9951818585395813
1768.556541327864 0.9947337508201599
1768.5773750777944 0.9949847459793091
1768.6190425757977 0.9968885779380798
1768.6398763238824 0.9963849186897278
1768.660710071341 0.9961429834365845
1768.6815438181848 0.9964959621429443
1768.7023775644145 0.9956011176109314
1768.7232113100315 0.996248185634613
1768.7440450550473 0.9966455101966858
1768.7648787994422 0.9956373572349548
1768.7857125432279 0.9963099360466003
1768.8065462864058 0.9970002770423889
1768.8273800289862 0.996610701084137
1768.8482137709505 0.9953872561454773
1768.8690475123103 0.9956768751144409
1768.8898812530758 0.9958646297454834
1768.9107149932288 0.9962103366851807
1768.93154873278 0.9957626461982727
1768.9523824717303 0.9954966902732849
1768.973216210081 0.9960498213768005
1768.9940499478432 0.9967591166496277
1769.0148836849976 0.9959603548049927
1769.0357174215553 0.9963608980178833
1769.0565511575176 0.9961100220680237
1769.0773848928948 0.9960249662399292
1769.0982186276685 0.9952218532562256
1769.1190523618495 0.9957473874092102
1769.1398860954387 0.9966104030609131
1769.1607198284469 0.9968217611312866
1769.1815535608555 0.9969209432601929
1769.202387292675 0.99692302942276
1769.2232210239065 0.9968498945236206
1769.244054754561 0.9963918924331665
1769.2648884846192 0.996500551700592
1769.2857222140922 0.9963160157203674
1769.3065559429808 0.9960043430328369
1769.3273896712958 0.9965904951095581
1769.3482233990183 0.9965232610702515
1769.3690571261593 0.9969016909599304
1769.3898908527192 0.9967453479766846
1769.410724578709 0.9962954521179199
1769.43155830411 0.9969958662986755
1769.4523920289328 0.9972044229507446
1769.473225753178 0.997246503829956
1769.4940594768568 0.9971195459365845
1769.5148931999497 0.9975180625915527
1769.5357269224678 0.9967451691627502
1769.556560644412 0.9973139762878418
1769.5773943657928 0.9973675608634949
1769.5982280865912 0.9969306588172913
1769.619061806818 0.997130274772644
1769.6398955264742 0.9969934821128845
1769.6607292455703 0.9973491430282593
1769.6815629640873 0.9972938299179077
1769.702396682036 0.9968405961990356
1769.723230399417 0.9963851571083069
1769.7440641162414 0.9970798492431641
1769.7648978324896 0.9974367618560791
1769.7857315481724 0.9972921013832092
1769.806565263301 0.9964498281478882
1769.827398977856 0.9968770146369934
1769.848232691848 0.9968104958534241
1769.8690664052779 0.9975155591964722
1769.8899001181464 0.9973568320274353
1769.910733830464 0.9974992871284485
1769.9315675422122 0.9977059364318848
1769.9524012534011 0.9976596236228943
1769.9732349640317 0.9975630640983582
1769.9940686741145 0.9973775148391724
1770.014902383631 0.9972385764122009
1770.0357360925907 0.9973762631416321
1770.0565698010053 0.9973663687705994
1770.0774035088555 0.997241199016571
1770.0982372161513 0.9979312419891357
1770.1190709228943 0.9971666932106018
1770.1399046290946 0.9979197382926941
1770.1607383347334 0.9976112246513367
1770.181572039821 0.9971895813941956
1770.2024057443587 0.997499406337738
1770.2232394483565 0.9980912804603577
1770.2440731517954 0.9976029992103577
1770.2649068546866 0.9975860714912415
1770.28574055703 0.9978011250495911
1770.306574258837 0.9980765581130981
1770.327407960088 0.9976031184196472
1770.3482416607935 0.9982551336288452
1770.3690753609546 0.9984112977981567
1770.389909060582 0.9981962442398071
1770.4107427596564 0.9980204105377197
1770.4315764581881 0.998521089553833
1770.4524101561783 0.9976263642311096
1770.4732438536373 0.998066246509552
1770.494077550546 0.9984447360038757
1770.5149112469155 0.998310923576355
1770.5357449427459 0.9985372424125671
1770.556578638048 0.9986516833305359
1770.5774123328029 0.9984696507453918
1770.5982460270209 0.9989039897918701
1770.6190797207128 0.9983450770378113
1770.6399134138594 0.9987578392028809
1770.6607471064713 0.9990766048431396
1770.6815807985492 0.998331606388092
1770.702414490104 0.9990327954292297
1770.7232481811163 0.9987823367118835
1770.7440818715966 0.9986355900764465
1770.764915561546 0.9993777275085449
1770.7857492509747 0.9990063905715942
1770.8065829398638 0.9988753199577332
1770.8274166282242 0.998930811882019
1770.848250316066 0.9997177720069885
1770.86908400337 0.9992020726203918
1770.8899176901477 0.9992678165435791
1770.9107513763988 0.999147355556488
1770.9315850621347 0.9997784495353699
1770.9524187473357 1.0000461339950562
1770.9732524320127 0.9995917677879333
1770.9940861161663 0.9998541474342346
1771.0149197998078 1.0001274347305298
1771.0357534829168 1.000024676322937
1771.0565871655049 0.9999003410339355
1771.0774208475727 0.9997618794441223
1771.0982545291306 0.9992388486862183
1771.1190882101596 0.9996841549873352
1771.1399218906704 1.000361442565918
1771.1607555706737 1.0003085136413574
1771.1815892501502 0.999462366104126
1771.2024229291105 0.9997951984405518
1771.2232566075559 0.9997297525405884
1771.2440902854862 1.0005179643630981
1771.264923962913 1.0002727508544922
1771.2857576398167 1.0003305673599243
1771.306591316208 1.000259518623352
1771.3274249920978 1.000644564628601
1771.3482586674668 1.0010830163955688
1771.3690923423258 1.000511646270752
1771.3899260166752 1.0008193254470825
1771.4107596905264 1.000659704208374
1771.4315933638595 1.0007117986679077
1771.4524270366858 1.0010484457015991
1771.4732607090161 1.0008026361465454
1771.4940943808306 1.000396966934204
1771.5149280521405 1.0008283853530884
1771.5357617229567 1.0007035732269287
1771.5565953932596 1.0016143321990967
1771.5774290630604 1.0007209777832031
1771.59826273236 1.0006052255630493
1771.6190964011582 1.0012061595916748
1771.639930069467 1.0016450881958008
1771.6607637372667 1.0015112161636353
1771.681597404568 1.0016086101531982
1771.702431071372 1.0012129545211792
1771.7232647376898 1.0014011859893799
1771.7440984035013 1.0012788772583008
1771.7649320688179 1.0016326904296875
1771.7857657336508 1.0017932653427124
1771.80659939798 1.0014792680740356
1771.8274330618171 1.001356840133667
1771.848266725173 1.001747727394104
1771.8691003880278 1.002078890800476
1771.889934050393 1.0023013353347778
1771.9107677122697 1.001941204071045
1771.931601373668 1.0014582872390747
1771.9524350345691 1.001965045928955
1771.9732686949844 1.0015102624893188
1771.994102354924 1.0018895864486694
1772.0149360143694 1.0023521184921265
1772.0357696733315 1.0021921396255493
1772.056603331811 1.0018470287322998
1772.0774369898186 1.0017319917678833
1772.098270647336 1.00241219997406
1772.1191043043734 1.0023248195648193
1772.1399379609322 1.0024094581604004
1772.1607716170233 1.0026062726974487
1772.1816052726274 1.0025138854980469
1772.2024389277558 1.0013401508331299
1772.2232725824197 1.0021692514419556
1772.2441062365992 1.0024816989898682
1772.2649398903063 1.0022226572036743
1772.2857735435414 1.0020148754119873
1772.306607196316 1.0021110773086548
1772.3274408486109 1.0017845630645752
1772.348274500437 1.0022796392440796
1772.3691081518054 1.0026230812072754
1772.3899418026974 1.002272129058838
1772.410775453124 1.0018248558044434
1772.4316091030864 1.0030449628829956
1772.4524427525953 1.0021803379058838
1772.494110050208 1.0020496845245361
1772.514943698334 1.002781629562378
1772.5357773459912 1.0019851922988892
1772.556610993191 1.0021411180496216
1772.5774446399344 1.0021896362304688
1772.5982782862325 1.0025815963745117
1772.6191119320667 1.0030144453048706
1772.6399455774479 1.0030521154403687
1772.6607792223876 1.002981185913086
1772.6816128668672 1.003231167793274
1772.7024465108977 1.0034252405166626
1772.72328015448 1.0030099153518677
1772.7441137976264 1.0040655136108398
1772.7649474403172 1.0034722089767456
1772.7857810825642 1.0035542249679565
1772.8066147243787 1.0036766529083252
1772.827448365742 1.0037626028060913
1772.8482820066652 1.0036038160324097
1772.8691156471602 1.0034924745559692
1772.8899492872079 1.00367271900177
1772.9107829268198 1.0042320489883423
1772.931616565998 1.0048693418502808
1772.952450204753 1.0050660371780396
1772.9732838430664 1.0045340061187744
1772.9941174809505 1.004595160484314
1773.0149511184159 1.00441575050354
1773.0357847554446 1.0044478178024292
1773.0566183920482 1.005228877067566
1773.0774520282278 1.0054022073745728
1773.0982856639953 1.0053273439407349
1773.1191192993326 1.0051246881484985
1773.1399529342507 1.006299376487732
1773.1607865687618 1.0065720081329346
1773.1816202028472 1.0030001401901245
1773.2024538365188 1.004887342453003
1773.2232874697781 1.0061917304992676
1773.2441211026373 1.00324285030365
1773.2649547350777 1.0058361291885376
1773.2857883671113 1.0057027339935303
1773.30662199875 1.005707025527954
1773.3274556299755 1.0064804553985596
1773.3482892607997 1.0056644678115845
1773.3691228912344 1.005961537361145
1773.389956521262 1.0060349702835083
1773.410790150894 1.0037508010864258
1773.4316237801324 1.0046107769012451
1773.4524574089896 1.0053305625915527
1773.473291037447 1.005847692489624
1773.4941246655173 1.0054607391357422
1773.5149582932127 1.0052250623703003
1773.5357919205148 1.0054552555084229
1773.556625547436 1.005045771598816
1773.577459173989 1.0054396390914917
1773.5982928001551 1.0056437253952026
1773.6191264259473 1.005276083946228
1773.639960051378 1.0044801235198975
1773.660793676429 1.0052436590194702
1773.6816273011132 1.0043751001358032
1773.7024609254331 1.0051838159561157
1773.7232945494006 1.004604458808899
1773.744128172999 1.0035591125488281
1773.7649617962404 1.0047755241394043
1773.7857954191272 1.004709243774414
1773.8066290416727 1.0046499967575073
1773.8274626638595 1.003651738166809
1773.8482962857 1.0049827098846436
1773.869129907207 1.004602074623108
1773.889963528364 1.0050737857818604
1773.910797149183 1.0042473077774048
1773.931630769678 1.00492262840271
1773.9524643898312 1.0047794580459595
1773.9732980096558 1.004565715789795
1773.9941316291552 1.0052402019500732
1774.0149652483426 1.0044347047805786
1774.035798867201 1.0045584440231323
1774.0566324857439 1.0052132606506348
1774.077466103985 1.0051307678222656
1774.0982997219069 1.004284143447876
1774.1191333395238 1.0042442083358765
1774.1399669568493 1.0054137706756592
1774.1608005738667 1.0048964023590088
1774.1816341905896 1.0057493448257446
1774.2024678070327 1.0050606727600098
1774.2233014231788 1.0046321153640747
1774.2441350390425 1.0051157474517822
1774.2649686546379 1.004252314567566
1774.2858022699486 1.0048413276672363
1774.3066358849892 1.0044430494308472
1774.327469499774 1.0049619674682617
1774.3483031142873 1.003311038017273
1774.3691367285435 1.0056047439575195
1774.3899703425475 1.0055748224258423
1774.4108039563137 1.006025791168213
1774.4316375698268 1.00431489944458
1774.4524711831018 1.0042204856872559
1774.473304796154 1.0053176879882812
1774.4941384089682 1.0045934915542603
1774.5149720215595 1.0055495500564575
1774.5358056339437 1.0055545568466187
1774.5566392461058 1.005062222480774
1774.5774728580616 1.0047030448913574
1774.598306469817 1.004591941833496
1774.6191400813877 1.004956603050232
1774.6399736927594 1.0051147937774658
1774.660807303959 1.005637764930725
1774.6816409149721 1.005569577217102
1774.7024745258152 1.0072003602981567
1774.7233081364955 1.006744146347046
1774.744141747029 1.0058106184005737
1774.764975357403 1.0063430070877075
1774.7858089676347 1.0071051120758057
1774.8066425777313 1.0065429210662842
1774.82747618771 1.003485083580017
1774.848309797559 1.006939172744751
1774.8691434072957 1.0059133768081665
1774.8899770169385 1.005558729171753
1774.9108106264755 1.0072532892227173
1774.9316442359252 1.0063259601593018
1774.9524778453062 1.0055397748947144
1774.973311454608 1.0073059797286987
1774.9941450638592 1.0058746337890625
1775.0149786730494 1.0051870346069336
1775.0358122821988 1.0074745416641235
1775.0566458913167 1.0057380199432373
1775.077479500424 1.0071624517440796
1775.098313109511 1.0081268548965454
1775.1191467185986 1.0072880983352661
1775.1399803277077 1.0080140829086304
1775.1608139368304 1.0081286430358887
1775.1816475459882 1.0069799423217773
1775.2024811552033 1.0073754787445068
1775.2233147644686 1.0077184438705444
1775.2441483738066 1.0085217952728271
1775.2649819832309 1.007107138633728
1775.2858155927654 1.0080294609069824
1775.306649202404 1.0075106620788574
1775.3274828121714 1.0067415237426758
1775.3483164220931 1.0062379837036133
1775.369150032164 1.0076045989990234
1775.3899836424107 1.0073944330215454
1775.4108172528597 1.008868932723999
1775.431650863508 1.007799744606018
1775.4524844743833 1.0088821649551392
1775.4733180855137 1.0077886581420898
1775.494151696899 1.0084303617477417
1775.5149853085677 1.008955955505371
1775.5358189205506 1.0100314617156982
1775.5566525328486 1.0095936059951782
1775.577486145493 1.0113886594772339
1775.598319758516 1.0137543678283691
1775.6191533719216 1.01395583152771
1775.639986985743 1.0172715187072754
1775.6608206000153 1.0187780857086182
1775.6816542147446 1.021507978439331
1775.702487829967 1.024953007698059
1775.72332144572 1.024848461151123
1775.744155062013 1.0264400243759155
1775.7649886788852 1.0267467498779297
1775.7858222963773 1.0302280187606812
1775.8066559145018 1.0322747230529785
1775.827489533301 1.036346435546875
1775.8483231528098 1.0364432334899902
1775.869156773074 1.0381020307540894
1775.8899903941103 1.0387778282165527
1775.9108240159771 1.0417330265045166
1775.9316576386948 1.0428370237350464
1775.9524912623144 1.0427933931350708
1775.9733248868788 1.0477806329727173
1775.994158512443 1.0497745275497437
1776.014992139033 1.0534112453460693
1776.035825766717 1.0596462488174438
1776.056659395525 1.0641200542449951
1776.0774930255186 1.0687659978866577
1776.0983266567514 1.0709738731384277
1776.1191602892893 1.06986403465271
1776.1399939231694 1.0698556900024414
1776.160827558472 1.0678319931030273
1776.1816611952383 1.0640398263931274
1776.2024948335422 1.0639495849609375
1776.2233284734496 1.060684084892273
1776.2441621150385 1.0596542358398438
1776.2649957583585 1.0579555034637451
1776.2858294034916 1.057525396347046
1777.7441869934767 0.9961265921592712
1777.7650206066016 0.9956296682357788
1777.7858542170625 0.995680570602417
1777.8066878249272 0.9956889748573303
1777.8275214302623 0.9952427744865417
1777.8483550331034 0.9956496357917786
1777.869188633514 0.9958888292312622
1777.8900222315563 0.9954829216003418
1777.9108558272608 0.9946137070655823
1777.931689420686 0.9921514987945557
1777.9525230118898 0.9939862489700317
1777.973356600898 0.9934163093566895
1777.9941901877644 0.9938037395477295
1778.0150237725425 0.9949938654899597
1778.035857355254 0.9931658506393433
1778.0566909359482 0.9937814474105835
1778.0775245146742 0.9945448637008667
1778.0983580914497 0.9941727519035339
1778.1191916663306 0.9947789311408997
1778.1400252393319 0.9944946765899658
1778.1608588104978 0.9938304424285889
1778.1816923798701 0.9948399662971497
1778.202525947461 0.9953612089157104
1778.2233595133112 0.9945831298828125
1778.2441930774594 0.9947298765182495
1778.2650266399146 0.9947408437728882
1778.2858602007145 0.9941447377204895
1778.3066937598953 0.9947425127029419
1778.327527317463 0.9945736527442932
1778.3483608734523 0.9942017197608948
1778.3691944278976 0.9944196343421936
1778.390027980802 0.9953441023826599
1778.4108615321982 0.995247483253479
1778.4316950821183 0.9948900938034058
1778.452528630563 0.9945809245109558
1778.4733621775629 0.9944959878921509
1778.4941957231483 0.995648205280304
1778.515029267318 0.9953007698059082
1778.5358628101105 0.9949975609779358
1778.5566963515244 0.9954361915588379
1778.577529891587 0.995458722114563
1778.5983634303248 0.9956004023551941
1778.6191969677352 0.9958530068397522
1778.6400305038435 0.9949091076850891
1778.6608640386755 0.9952753782272339
1778.6816975722265 0.9954440593719482
1778.7025311045206 0.9953175783157349
1778.7233646355826 0.9959084987640381
1778.7441981654058 0.9957809448242188
1778.765031694014 0.9954982995986938
1778.7858652214297 0.9957840442657471
1778.8066987476464 0.9953990578651428
1778.8275322726956 0.9956913590431213
1778.8483657965699 0.9956566691398621
1778.8691993192908 0.9961002469062805
1778.8900328408795 0.9948239922523499
1778.910866361327 0.9959381222724915
1778.9316998806544 0.9955422878265381
1778.9525333988815 0.9958704113960266
1778.9733669159991 0.9956143498420715
1778.9942004320274 0.9962591528892517
1779.015033946985 0.9956150054931641
1779.0358674608622 0.9955136179924011
1779.056700973688 0.9954794049263
1779.0775344854515 0.9959197044372559
1779.0983679961707 0.9956184029579163
1779.119201505865 0.9964961409568787
1779.1400350145223 0.9960546493530273
1779.1608685221606 0.9953568577766418
1779.1817020287983 0.9957237243652344
1779.2025355344226 0.9958579540252686
1779.223369039051 0.9960249662399292
1779.2442025427013 0.9960501790046692
1779.2650360453606 0.9962553381919861
1779.2858695470557 0.9958674907684326
1779.3067030477735 0.9962491989135742
1779.3275365475308 0.9958561062812805
1779.348370046344 0.9962257146835327
1779.3692035441995 0.9968590140342712
1779.390037041114 0.9963668584823608
1779.410870537103 0.9961851239204407
1779.4317040321528 0.9964997172355652
1779.4525375262895 0.9963310956954956
1779.4733710194982 0.9960020780563354
1779.4942045117948 0.9962547421455383
1779.5150380031953 0.9964528679847717
1779.5358714936842 0.9964047074317932
1779.556704983277 0.9967443346977234
1779.5775384719896 0.9970797300338745
1779.5983719598062 0.9962583780288696
1779.6192054467417 0.9972428679466248
1779.6400389328116 0.9967336654663086
1779.660872418 0.9967159628868103
1779.6817059023317 0.9971992373466492
1779.7025393857919 0.9968914985656738
1779.7233728683939 0.9974364042282104
1779.7442063501528 0.9970992207527161
1779.7650398310532 0.9968109130859375
1779.7858733111084 0.9971352219581604
1779.806706790333 0.9967778325080872
1779.8275402687113 0.9972386360168457
1779.8483737462668 0.9973706007003784
1779.8692072229835 0.9977878332138062
1779.8900406988757 0.9972414374351501
1779.9108741739565 0.9974015951156616
1779.9317076482098 0.9979221820831299
1779.9525411216493 0.997809886932373
1779.9733745942885 0.99794602394104
1779.9942080661108 0.9972907304763794
1780.01504153714 0.9976785778999329
1780.0358750073588 0.997782289981842
1780.056708476781 0.9979134202003479
1780.0775419454199 0.9979256987571716
1780.098375413258 0.9980040192604065
1780.1192088803093 0.9981482625007629
1780.1400423465864 0.9980832934379578
1780.1608758120724 0.9984422922134399
1780.1817092767903 0.9983389973640442
1780.202542740723 0.9979646801948547
1780.2233762038836 0.9987952709197998
1780.2442096662844 0.9981051087379456
1780.2650431279085 0.9979037642478943
1780.2858765887688 0.9988811612129211
1780.306710048878 0.9982359409332275
1780.327543508218 0.998673677444458
1780.3483769668126 0.9982742667198181
1780.3692104246434 0.9986401796340942
1780.3900438817232 0.9986883401870728
1780.4108773380647 0.9987194538116455
1780.4317107936502 0.9989212155342102
1780.452544248492 0.9993489980697632
1780.4733777026026 0.9988574385643005
1780.4942111559642 0.9986242055892944
1780.515044608589 0.9990312457084656
1780.53587806049 0.9985489249229431
1780.5567115116485 0.9990314841270447
1780.5775449620871 0.9993795156478882
1780.5983784117884 0.9992381930351257
1780.6192118607735 0.998917818069458
1780.6400453090253 0.9989022016525269
1780.6608787565558 0.9988533854484558
1780.6817122033767 0.9991219639778137
1780.7025456494703 0.9993966817855835
1780.7233790948487 0.9992130398750305
1780.7442125395232 0.9995166063308716
1780.7650459834765 0.9991893172264099
1780.7858794267302 0.9995043277740479
1780.806712869266 0.9991790652275085
1780.827546311096 0.9996342062950134
1780.8483797522322 0.9995639324188232
1780.8692131926557 0.9993276596069336
1780.890046632379 0.9996623396873474
1780.9108800714134 0.9995212554931641
1780.931713509741 0.9992467761039734
1780.952546947383 0.9993029236793518
1780.973380384322 0.9995168447494507
1780.9942138205686 0.9994059205055237
1781.015047256135 0.99978107213974
1781.0358806910026 0.999808132648468
1781.0567141251934 0.9993569850921631
1781.0775475586886 0.9999662637710571
1781.0983809914999 0.9997831583023071
1781.119214423639 0.9996976852416992
1781.140047855087 0.9996635317802429
1781.1608812858558 0.9999575614929199
1781.1817147159568 0.9997974634170532
1781.2025481453713 1.0000731945037842
1781.223381574121 1.0001366138458252
1781.2442150021873 0.9998751878738403
1781.2650484295814 0.9996232986450195
1781.2858818563147 0.9999828338623047
1781.3067152823692 1.0002763271331787
1781.3275487077653 1.000187635421753
1781.348382132485 1.0001425743103027
1781.3692155565398 1.0000228881835938
1781.3900489799403 1.000133991241455
1781.4108824026684 1.0005691051483154
1781.4317158247454 1.000213384628296
1781.4525492461523 1.0002497434616089
1781.4733826669003 1.0007107257843018
1781.4942160870014 1.000400424003601
1781.5150495064358 1.000241756439209
1781.5358829252152 0.9998200535774231
1781.5567163433514 0.9999793767929077
1781.5775497608245 1.00035560131073
1781.5983831776562 1.0011000633239746
1781.6192165938282 1.0002065896987915
1781.6400500093507 1.0006176233291626
1781.6608834242356 1.0001697540283203
1781.681716838464 1.0008107423782349
1781.7025502520564 1.000170111656189
1781.7233836649946 1.000454068183899
1781.7442170772895 1.0000978708267212
1781.765050488952 1.0000327825546265
1781.8067173103452 0.9999351501464844
1781.8275507200776 0.9999880790710449
1781.848384129172 1.000137209892273
1781.8692175376398 1.0004538297653198
1781.8900509454618 1.0003576278686523
1781.9108843526487 1.0004228353500366
1781.931717759212 1.0003833770751953
1781.952551165133 1.0002957582473755
1781.9733845704318 0.9999105930328369
1781.99421797509 0.9996957182884216
1782.0150513791286 1.0002849102020264
1782.0358847825282 1.0005850791931152
1782.0567181853 1.0005476474761963
1782.0775515874554 1.000655174255371
1782.0983849889747 1.0010086297988892
1782.1192183898693 0.9998852610588074
1782.1400517901498 1.0006897449493408
1782.1608851897972 1.000951886177063
1782.1817185888328 1.0007818937301636
1782.2025519872373 1.001204490661621
1782.2233853850212 1.0009735822677612
1782.244218782196 1.000458836555481
1782.2650521787425 1.0007379055023193
1782.2858855746813 1.000644564628601
1782.3067189699937 1.0004539489746094
1782.3275523646903 1.0008965730667114
1782.348385758782 0.9999366402626038
1782.3692191522496 1.0003079175949097
1782.3900525451145 1.0000779628753662
1782.4108859373569 1.0012061595916748
1782.4317193289878 1.0002626180648804
1782.4525527200183 1.0003607273101807
1782.4733861104291 1.0004544258117676
1782.494219500241 1.0006343126296997
1782.515052889435 1.0005040168762207
1782.5358862780217 1.0001118183135986
1782.5567196660122 1.0007069110870361
1782.5775530533872 1.0005922317504883
1782.5983864401674 1.0009660720825195
1782.6192198263336 1.0005929470062256
1782.6400532119071 1.0009081363677979
1782.660886596868 1.000715970993042
1782.6817199812274 1.0001122951507568
1782.7025533649962 1.0010058879852295
1782.7233867481555 1.0007606744766235
1782.7442201307251 1.0008995532989502
1782.7650535126866 1.0006119012832642
1782.785886894051 1.0005593299865723
1782.806720274828 1.001072883605957
1782.8275536549993 1.000744342803955
1782.8483870345856 1.0008392333984375
1782.869220413567 1.0013401508331299
1782.890053791955 1.0012379884719849
1782.9108871697601 1.0010162591934204
1782.931720546963 1.0003262758255005
1782.9525539235747 1.0005059242248535
1782.9733872996057 1.0011485815048218
1782.9942206750366 1.0009644031524658
1783.0150540498885 1.0009486675262451
1783.035887424142 1.000603437423706
1783.056720797818 1.0013059377670288
1783.0775541708967 1.0013331174850464
1783.0983875433997 1.0009504556655884
1783.1192209153069 1.001328706741333
1783.1400542866295 1.001358985900879
1783.1608876573782 1.0012034177780151
1783.1817210275335 1.0009403228759766
1783.2025543971065 1.0018162727355957
1783.2233877661076 1.0013699531555176
1783.2442211345178 1.0007063150405884
1783.2650545023575 1.0016907453536987
1783.2858878696077 1.0004241466522217
1783.306721236289 1.000963807106018
1783.327554602382 1.00042724609375
1783.3483879678977 1.0011383295059204
1783.3692213328466 1.0006535053253174
1783.3900546972095 1.0001353025436401
1783.4108880610072 1.001098871231079
1783.4317214242203 1.0008877515792847
1783.4525547868593 1.0008126497268677
1783.4733881489353 1.0006530284881592
1783.494221510429 1.0007646083831787
1783.5150548713607 1.0007518529891968
1783.5358882317116 1.0004016160964966
1783.5567215915023 1.0007243156433105
1783.577554950713 1.00048828125
1783.598388309355 1.000687599182129
1783.619221667439 1.000532627105713
1783.6400550249455 1.000783085823059
1783.660888381895 1.0008902549743652
1783.6817217382686 1.000876545906067
1783.7025550940768 1.0004459619522095
1783.7233884493305 1.0001555681228638
1783.7442218040105 1.0003414154052734
1783.7650551581369 1.0008097887039185
1783.785888511691 1.0004920959472656
1783.8067218646834 0.9998856782913208
1783.8275552171244 1.0006078481674194
1783.8483885689955 1.000184178352356
1783.8692219203167 1.0003981590270996
1783.890055271069 1.0005608797073364
1783.9108886212632 1.0007466077804565
1783.93172197091 1.000211477279663
1783.9525553199899 1.000091791152954
1783.9733886685237 1.00034761428833
1783.9942220164926 0.9996119737625122
1784.0150553639166 1.0002480745315552
1784.0358887107766 0.9998487830162048
1784.0567220570838 1.0004633665084839
1784.0775554028485 1.0000308752059937
1784.0983887480513 0.9998403191566467
1784.1192220927135 0.9996516108512878
1784.1400554368154 0.9999939203262329
1784.1608887803675 0.9999514818191528
1784.1817221233814 0.9998770952224731
1784.202555465837 1.0001442432403564
1784.2233888077553 1.0000742673873901
1784.2442221491174 1.0000935792922974
1784.2650554899435 0.9991043210029602
1784.2858888302146 0.9994510412216187
1784.3067221699414 0.999456524848938
1784.327555509135 0.9994207620620728
1784.3483888477758 0.9994360208511353
1784.3692221858844 0.9997529983520508
1784.3900555234422 0.9997527599334717
1784.4108888604592 0.9996265172958374
1784.4317221969468 0.9994887709617615
1784.4525555328955 0.9995593428611755
1784.473388868296 0.9993160963058472
1784.4942222031593 0.9995790123939514
1784.5150555374962 0.9989664554595947
1784.5358888712872 0.9997613430023193
1784.5567222045531 0.9995563626289368
1784.5775555372752 0.9991487264633179
1784.5983888694639 0.9993572235107422
1784.6192222011298 0.9992640614509583
1784.6400555322543 0.9988906383514404
1784.6608888628577 0.9990823268890381
1784.6817221929211 0.9992647171020508
1784.7025555224657 0.9994781017303467
1784.7233888514713 0.9989928603172302
1784.7442221799497 0.9991947412490845
1784.7650555079113 0.9992671012878418
1784.785888835337 0.9988642334938049
1784.8067221622475 0.9995516538619995
1784.8275554886243 0.9991661310195923
1784.8483888144874 0.9987823367118835
1784.8692221398182 0.9986515045166016
1784.8900554646377 0.9988073706626892
1784.9108887889263 0.9984559416770935
1784.931722112695 0.9986054301261902
1784.9525554359552 0.9986340403556824
1784.9733887586872 0.9984330534934998
1784.994222080902 0.9981810450553894
1785.015055402611 0.9986116886138916
1785.0358887238046 0.9983091950416565
1785.0567220444739 0.9986066818237305
1785.07755536463 0.9984678030014038
1785.0983886842837 0.9987762570381165
1785.1192220034159 0.9988195300102234
1785.1400553220476 0.9989423751831055
1785.16088864016 0.9981389045715332
1785.1817219577636 0.9979189038276672
1785.2025552748698 0.9978764653205872
1785.2233885914595 0.9978306889533997
1785.2442219075538 0.9982067942619324
1785.2650552231332 0.998167097568512
1785.2858885382195 0.9980003237724304
1785.306721852793 0.998133659362793
1785.3275551668655 0.9977543950080872
1785.3483884804475 0.997490644454956
1785.3692217935202 0.9977058172225952
1785.3900551061045 0.9978062510490417
1785.410888418182 0.9976745247840881
1785.4317217297732 0.9975911378860474
1785.4525550408596 0.9976924061775208
1785.4733883514623 0.9975977540016174
1785.494221661562 0.9973004460334778
1785.5150549711705 0.9982981085777283
1785.5358882802986 0.9978955984115601
1785.5567215889273 0.9977105855941772
1785.577554897078 0.9974595308303833
1785.598388204732 0.9977278709411621
1785.6192215119102 0.9979808330535889
1785.640054818594 0.9975132346153259
1785.6608881247948 0.997485876083374
1785.6817214305236 0.9979121685028076
1785.7025547357616 0.9975453019142151
1785.7233880405306 0.9975842833518982
1785.7442213448112 0.9980348944664001
1785.765054648625 0.9976108074188232
1785.8067212548176 0.9967458248138428
1785.827554557199 0.9958552122116089
1785.848387859109 0.9967551231384277
1785.8692211605592 0.996294379234314
1785.8900544615303 0.9962373971939087
1785.9108877620445 0.9966829419136047
1785.9317210620832 0.995902419090271
1785.9525543616674 0.9963065981864929
1785.9733876607786 0.9960222244262695
1785.994220959439 0.9967080354690552
1786.0150542576291 0.9959000945091248
1786.0358875553611 0.9968361258506775
1786.0567208526465 0.9976428151130676
1786.0775541494668 0.9955809712409973
1786.0983874458434 0.9969509243965149
1786.1192207417585 0.996056079864502
1786.140054037233 0.9970109462738037
1786.1608873322493 0.9963458180427551
1786.1817206268288 0.9967132806777954
1786.2025539209528 0.996452271938324
1786.2233872146335 0.9965301752090454
1786.2442205078828 0.9968065023422241
1786.2650538006822 0.9961329102516174
1786.2858870930534 0.9969143271446228
1786.3067203849787 0.9965441226959229
1786.3275536764795 0.9972681999206543
1786.348386967538 0.9958884119987488
1786.3692202581765 0.9965253472328186
1786.3900535483763 0.9968569874763489
1786.4108868381495 0.9973573088645935
1786.4317201275085 0.9968538284301758
1786.452553416435 0.9973765015602112
1786.4733867049513 0.9971224069595337
1786.4942199930397 0.9979383945465088
1786.515053280722 0.9974619150161743
1786.5358865679802 0.9970347881317139
1786.5567198548274 0.9972487092018127
1786.577553141275 0.9974814057350159
1786.598386427306 0.9976291656494141
1786.6192197129421 0.9972190856933594
1786.6400529981665 0.9979222416877747
1786.6608862830008 0.9976517558097839
1786.6817195674278 0.9972137212753296
1786.7025528514703 0.9971088767051697
1786.7233861351103 0.9971879124641418
1786.744219418361 0.998038113117218
1786.765052701235 0.9973414540290833
1786.7858859837143 0.9975878000259399
1786.8067192658225 0.9983068704605103
1786.8275525475422 0.9978175163269043
1786.8483858288957 0.9978554844856262
1786.8692191098664 0.9979439973831177
1786.8900523904776 0.997660219669342
1786.9108856707117 0.9978328943252563
1786.9317189505819 0.9976701736450195
1786.952552230102 0.997820258140564
1786.973385509264 0.9979566931724548
1786.9942187880622 0.9979037046432495
1787.0150520665097 0.9976208806037903
1787.0358853446194 0.9982625246047974
1787.0567186223755 0.998002290725708
1787.0775518998012 0.9974501132965088
1787.0983851768797 0.9976724982261658
1787.1192184536353 0.9978770613670349
1787.1400517300517 0.9972714185714722
1787.1608850061525 0.9982170462608337
1787.1817182819216 0.9985652565956116
1787.2025515573835 0.9977479577064514
1787.2233848325213 0.9980915188789368
1787.2442181073502 0.9983841180801392
1787.2650513818842 0.9983041882514954
1787.2858846561073 0.9987941980361938
1787.3067179300442 0.9975787401199341
1787.3275512036796 0.9982138872146606
1787.3483844770383 0.9981247782707214
1787.3692177501046 0.9982727766036987
1787.3900510228937 0.9979488849639893
1787.4108842954206 0.9982804656028748
1787.4317175676701 0.999232292175293
1787.452550839668 0.9984928369522095
1787.4733841113994 0.9986914396286011
1787.4942173828895 0.9988384246826172
1787.5150506541243 0.997852087020874
1787.5358839251296 0.9990089535713196
1787.556717195891 0.9987148642539978
1787.5775504664346 0.9980310201644897
1787.598383736747 0.9992908239364624
1787.6192170068443 0.9994994401931763
1787.6400502767428 0.9984862804412842
1787.66088354644 0.9994413256645203
1787.6817168159316 0.9991824626922607
1787.7025500852355 0.9994893670082092
1787.723383354369 0.9998759627342224
1787.744216623319 0.9996891617774963
1787.7650498921132 0.9997438788414001
1787.7858831607402 0.999944806098938
1787.806716429227 0.999161958694458
1787.8275496975625 1.000787377357483
1787.8483829657753 1.0000673532485962
1787.8692162338539 1.0004966259002686
1787.8900495018272 1.0007319450378418
1787.910882769685 1.000341773033142
1787.9317160374562 1.0006829500198364
1787.952549305131 1.0000373125076294
1787.9733825727296 1.0011738538742065
1787.994215840272 0.999154806137085
1788.0150491077493 1.0009123086929321
1788.0358823751924 1.0007538795471191
1788.056715642593 1.0012922286987305
1788.0775489099822 1.0010597705841064
1788.0983821773527 1.0018177032470703
1788.119215444737 1.0017632246017456
1788.1400487121275 1.0022475719451904
1788.160881979558 0.9997199773788452
1788.1817152470226 1.003202199935913
1788.2025485145448 1.0008723735809326
1788.2233817821493 1.0020407438278198
1788.244215049832 1.0019570589065552
1788.265048317628 1.001899003982544
1788.2858815855338 1.0009100437164307
1788.3067148535863 1.002061367034912
1788.3275481217827 1.0013351440429688
1788.348381390161 1.0019352436065674
1788.3692146587202 1.0035125017166138
1788.3900479274992 1.0022944211959839
1788.4108811964984 1.0027543306350708
1788.4317144657587 1.0024505853652954
1788.452547735281 1.003318428993225
1788.4733810051086 1.0041126012802124
1788.4942142752443 1.0029603242874146
1788.5150475457322 1.006616473197937
1788.5358808165772 1.0067460536956787
1788.556714087816 1.0082875490188599
1788.5775473594852 1.0065642595291138
1788.598380631593 1.009752631187439
1788.619213904189 1.0097416639328003
1788.6400471772836 1.0114818811416626
1788.6608804509283 1.014018177986145
1788.6817137251367 1.0148875713348389
1788.7025469999626 1.015600562095642
1788.7233802754226 1.0188853740692139
1788.744213551574 1.0214561223983765
1788.7650468284357 1.0222163200378418
1788.7858801060688 1.024173378944397
1788.8067133844957 1.0273284912109375
1788.827546663781 1.0286768674850464
1788.8483799439507 1.031748652458191
1788.8692132250737 1.034485936164856
1788.8900465071808 1.035692811012268
1788.9108797903345 1.0393224954605103
1788.9317130746003 1.0413898229599
1788.9525463600262 1.0467373132705688
1788.9733796466624 1.0479592084884644
1788.994212934582 1.0585436820983887
1789.0150462238616 1.0678963661193848
1789.0358795145496 1.0751724243164062
1789.0567128067385 1.0838475227355957
1789.0775461004835 1.0906645059585571
1789.0983793958833 1.091902494430542
1789.1192126929996 1.0894839763641357
1789.1400459919382 1.0831513404846191
1789.1608792927682 1.0768121480941772
1789.2025459005154 1.0706623792648315
1789.2233792076283 1.0687659978866577
1789.244212517024 1.072229027748108
1789.2650458288283 1.0674484968185425
1789.2858791431304 1.0665700435638428
1789.306712460052 1.0646531581878662
1789.3275457797174 1.0628761053085327
1789.3483791022309 1.063114881515503
1789.3692124276986 1.0606919527053833
1789.3900457562459 1.0599843263626099
1789.410879087996 1.0595206022262573
1789.4317124230388 1.058846116065979
1789.4525457614989 1.0572264194488525
1789.4733791034537 1.0521697998046875
1789.4942124490092 1.049323320388794
1789.5150457982186 1.0441133975982666
1789.5358791511585 1.037964105606079
1789.5567125078428 1.0322215557098389
1789.5775458683022 1.0278434753417969
1789.5983792324962 1.02359139919281
1789.6192126003898 1.0204204320907593
1789.6400459718689 1.0165776014328003
1789.6608793468165 1.0127134323120117
1789.6817127250272 1.0105295181274414