1790.6814007189512 0.9992475509643555
1790.7022343653434 0.9992693066596985
1790.7230680095454 0.9990831613540649
1790.7439016517092 0.9988770484924316
1790.764735291775 0.9989248514175415
1790.7855689298879 0.9990012645721436
1790.806402565989 0.9990600347518921
1790.827236200216 0.9988724589347839
1790.8480698325113 0.9986019134521484
1790.8689034630065 0.9978032112121582
1790.8897370916436 0.9966551661491394
1790.9105707185493 0.9973196387290955
1790.9314043436664 0.9982942938804626
1790.952237967115 0.9969695210456848
1790.9730715888393 0.9966762661933899
1790.9939052089544 0.996405303478241
1791.0147388274042 0.9967705607414246
1791.0355724443002 0.9975257515907288
1791.0564060595868 0.9968556761741638
1791.07723967337 0.9975420236587524
1791.0980732855958 0.9971835613250732
1791.3897437096489 1.0047975778579712
1791.4105773016026 1.0061155557632446
1791.4314108923068 1.0052695274353027
1791.4522444818394 1.0073397159576416
1791.4730780701511 1.0071696043014526
1791.4939116573173 1.0077515840530396
1791.5147452432893 1.007404088973999
1791.5355788281408 1.006257176399231
1791.5564124118232 1.006811499595642
1791.5772459944087 1.005958914756775
1791.5980795758492 1.0064311027526855
1791.6189131562144 1.0060534477233887
1791.639746735457 1.0057274103164673
1791.6605803136451 1.0046892166137695
1791.681413890732 1.005151629447937
1791.7022474667845 1.005328893661499
1791.7230810417557 1.0050400495529175
1791.743914615711 1.0046510696411133
1791.764748188604 1.004556655883789
1791.7855817604986 1.0043494701385498
1791.8064153313494 1.0046820640563965
1791.8272489012184 1.0040591955184937
1791.8480824700607 1.0041204690933228
1791.868916037937 1.0038390159606934
1791.889749604803 1.0036314725875854
1791.910583170718 1.0034375190734863
1791.931416735638 1.0036437511444092
1791.9522502996215 1.0033117532730103
1791.9730838626251 1.003233790397644
1791.9939174247054 1.0031477212905884
1792.0147509858198 1.0029323101043701
1792.035584546024 1.002805233001709
1792.0564181052657 1.002737283706665
1792.0772516636005 1.0026859045028687
1792.0980852210055 1.0022377967834473
1792.1189187775337 1.001790165901184
1792.1397523331343 1.0013856887817383
1792.16058588786 1.002387523651123
1792.18141944167 1.0018813610076904
1792.2022529946157 1.001449704170227
1792.2230865466568 1.0021291971206665
1792.243920097844 1.0022445917129517
1792.264753648137 1.0018093585968018
1792.2855871975858 1.0017420053482056
1792.3064207461507 1.0015723705291748
1792.3272542938812 1.0014867782592773
1792.3480878407374 1.0017122030258179
1792.368921386768 1.0015888214111328
1792.3897549319338 1.0016735792160034
1792.4105884762826 1.0017651319503784
1792.4314220197753 1.0010801553726196
1792.4522555624596 1.000933051109314
1792.4730891042964 1.0014880895614624
1792.4939226453325 1.0010371208190918
1792.5147561855297 1.000820517539978
1792.5355897249335 1.002101182937622
1792.5564232635063 1.0006145238876343
1792.5772568012935 1.000551462173462
1792.598090338257 1.0009369850158691
1792.618923874442 1.0009204149246216
1792.6397574098107 1.0007785558700562
1792.6605909444074 1.0007983446121216
1792.6814244781951 1.0009145736694336
1792.7022580112275 0.999087929725647
1792.7230915434377 1.0005677938461304
1792.7439250749087 1.0009791851043701
1792.7647586055639 1.000274419784546
1792.785592135486 1.0001226663589478
1792.8064256645987 1.0005978345870972
1792.8272591929845 1.0000081062316895
1792.8480927205667 1.0001707077026367
1792.8689262474277 1.0004065036773682
1792.8897597734908 1.0001442432403564
1792.910593298838 1.0001113414764404
1792.9314268233934 1.0003408193588257
1792.952260347238 0.9998588562011719
1792.9730938702965 1.0001457929611206
1792.993927392649 1.0004674196243286
1793.0147609142207 1.0001791715621948
1793.035594435091 0.9996736645698547
1793.056427955186 0.9998724460601807
1793.077261474585 1.0001046657562256
1793.098094993223 1.0002144575119019
1793.1189285111493 0.9999030828475952
1793.1397620283296 1.0003232955932617
1793.1605955448026 1.000463843345642
1793.1814290605244 0.9999449849128723
1793.2022625755633 1.000366449356079
1793.2230960898555 1.0000109672546387
1793.2439296034488 0.9997457265853882
1793.2647631163097 1.000172734260559
1793.2855966284758 0.9999992847442627
1793.3064301399038 1.0001122951507568
1793.327263650661 1.0001070499420166
1793.3480971606841 1.0002654790878296
1793.3689306700203 1.000093936920166
1793.3897641786364 0.9997293949127197
1793.4105976865687 1.0003193616867065
1793.431431193785 0.9998115301132202
1793.4522647003218 0.9998472332954407
1793.473098206146 1.0001847743988037
1793.493931711294 1.0000838041305542
1793.514765215733 0.9993066787719727
1793.535598719499 0.9995411038398743
1793.5564322225598 0.9998831748962402
1793.5772657249508 0.999875009059906
1793.5980992266402 0.9999557137489319
1793.6189327276632 0.999673068523407
1793.6397662279876 0.9995399713516235
1793.6605997276483 1.000024437904358
1793.6814332266142 0.9990780353546143
1793.7022667249196 0.9996755719184875
1793.723100222533 0.9994116425514221
1793.743933719499 0.9996141791343689
1793.764767215756 0.9993608593940735
1793.7856007113683 0.9996143579483032
1793.8064342062949 0.9995459318161011
1793.8272677005796 0.9993398189544678
1793.8481011941612 0.999691903591156
1793.8689346871138 0.9994629621505737
1793.8897681793662 0.9993902444839478
1793.910601670992 0.9996381402015686
1793.9314351619207 0.9995937347412109
1793.9522686522255 0.9993337392807007
1793.9731021418359 0.9993426203727722
1793.9939356308246 0.9994936585426331
1794.0147691191214 0.998930037021637
1794.035602606799 0.9997209310531616
1794.0564360937876 0.9991614818572998
1794.0772695801597 0.9997820854187012
1794.0981030658547 0.9994591474533081
1794.1189365509158 0.9995077848434448
1794.1397700353123 0.9993218183517456
1794.1606035190769 0.999589741230011
1794.1814370021696 0.9992690682411194
1794.2022704846524 0.999649703502655
1794.223103966466 0.999778151512146
1794.243937447652 0.9994714260101318
1794.2647709281805 0.999333381652832
1794.2856044080836 0.9995678663253784
1794.3064378873316 0.9997049570083618
1794.3272713659567 0.9996044635772705
1794.3481048439287 0.999781608581543
1794.3689383212795 0.9994361400604248
1794.3897717979796 0.9994856119155884
1794.4106052740603 0.9991934895515442
1794.4314387494926 0.9995750784873962
1794.4522722243075 0.9994426369667053
1794.473105698476 0.9996527433395386
1794.4939391720393 0.9998959302902222
1794.514772644938 1.0000065565109253
1794.5356061172429 0.9995723366737366
1794.5564395888855 0.9995259046554565
1794.5772730599365 0.9995021820068359
1794.598106530327 0.9997143149375916
1794.6189400001276 0.9989495873451233
1794.6397734692696 0.9994142651557922
1794.660606937823 0.9994369745254517
1794.6814404057202 0.9988746047019958
1794.7022738730311 0.9993712902069092
1794.723107339697 0.9992231130599976
1794.743940805758 0.9993109107017517
1794.764774271186 1.0000287294387817
1794.785607736011 0.9993302226066589
1794.8064412001947 0.999856173992157
1794.827274663797 0.999789834022522
1794.8481081267598 0.9988977313041687
1794.8689415891229 1.0000050067901611
1794.8897750508581 0.9995505213737488
1794.910608511995 0.9991052746772766
1794.9314419725056 0.9987881779670715
1794.9731088917094 0.9995719194412231
1794.993942350404 0.9995180368423462
1795.0147758084756 1.0002254247665405
1795.0356092659538 0.9996920228004456
1795.056442722809 1.0002977848052979
1795.0772761790709 0.9998993277549744
1795.0981096347148 0.9999375343322754
1795.118943089779 1.0006139278411865
1795.139776544205 0.9999663829803467
1795.160609998062 0.9999094605445862
1795.181443451282 0.999961256980896
1795.2022769039345 0.9999125003814697
1795.2231103559518 0.9998431205749512
1795.2439438074027 1.0001341104507446
1795.26477725822 0.9996684193611145
1795.2856107084722 0.9994641542434692
1795.306444158092 0.999699592590332
1795.3272776071485 0.9999264478683472
1795.3481110555742 0.9997374415397644
1795.3689445034374 1.0001397132873535
1795.3897779506815 1.00002121925354
1795.4106113973446 0.9996470212936401
1795.4314448433995 1.0001102685928345
1795.4522782888748 1.000380277633667
1795.4731117337437 1.000084400177002
1795.4939451780342 1.0003551244735718
1795.5147786217194 1.000091552734375
1795.5356120648275 1.0001977682113647
1795.5564455073318 0.9997299313545227
1795.5772789492603 1.0001884698867798
1795.5981123905865 1.0004080533981323
1795.6189458313477 1.000211238861084
1795.6397792714881 0.9998334646224976
1795.660612711075 0.9997677206993103
1795.681446150042 0.9999808669090271
1795.7022795884566 1.0002591609954834
1795.723113026253 1.0006377696990967
1795.7439464634983 1.0002663135528564
1795.7647799001265 0.999710202217102
1795.785613336205 1.00001060962677
1795.8064467716672 1.000264048576355
1795.827280206581 1.000066876411438
1795.8481136408902 1.0000877380371094
1795.8689470746317 1.0002485513687134
1795.8897805077802 1.0008008480072021
1795.910613940362 1.0000391006469727
1795.9314473723516 0.9997937679290771
1795.9522808037764 1.0001190900802612
1795.9731142346102 1.0002515316009521
1795.9939476648797 1.0002272129058838
1796.0147810945598 1.0
1796.035614523687 1.0000965595245361
1796.0564479522056 0.9996350407600403
1796.0772813801825 1.0000442266464233
1796.0981148075523 0.9999449253082275
1796.1189482343812 1.0001254081726074
1796.1397816606043 1.000462532043457
1796.1606150862876 0.9999691247940063
1796.1814485113662 0.9998582005500793
1796.2022819359063 0.9998846650123596
1796.223115359843 0.9997747540473938
1796.243948783242 1.0000053644180298
1796.264782206049 1.0000810623168945
1796.2856156282994 1.000007152557373
1796.3064490499687 1.000090479850769
1796.3272824710828 0.9998077750205994
1796.3481158916168 0.9997841119766235
1796.3689493115967 0.9995586276054382
1796.389782730998 0.9998335242271423
1796.410616149846 0.9997437596321106
1796.431449568116 0.9998461604118347
1796.4522829858345 0.9996352791786194
1796.4731164029763 0.999777615070343
1796.4939498195774 0.999623715877533
1796.514783235583 0.9996886849403381
1796.535616651059 0.9996991753578186
1796.5564500659405 0.99970543384552
1796.5772834802933 0.9998268485069275
1796.5981168940534 0.9998955130577087
1796.6189503072856 1.0001466274261475
1796.639783719936 0.9998909831047058
1796.66061713204 0.9999653697013855
1796.681450543563 0.999035656452179
1796.7022839545605 0.9996546506881714
1796.7231173649786 0.9995206594467163
1796.7439507748525 0.9999741315841675
1796.7647841841579 0.9991384148597717
1796.7856175929198 0.9992863535881042
1796.8064510011143 0.9994494318962097
1796.827284408767 0.999839723110199
1796.8481178158534 0.999510645866394
1796.8689512224087 0.9997398257255554
1796.8897846283792 0.9992751479148865
1796.9106180338297 0.9992557764053345
1796.931451438696 0.9994864463806152
1796.9522848430438 0.9997950792312622
1796.973118246809 0.9996452331542969
1796.9939516500563 0.9993682503700256
1797.0147850527223 0.9997113347053528
1797.0356184548714 0.9994194507598877
1797.0564518564402 0.9992933869361877
1797.0772852574935 0.9992501735687256
1797.098118657978 0.9993553161621094
1797.1189520579276 0.9996528625488281
1797.1397854573197 0.9993754625320435
1797.1606188561782 0.9994981288909912
1797.18145225448 0.9989259243011475
1797.2022856522497 0.99961918592453
1797.2231190494642 0.9993147850036621
1797.2439524461572 0.9997251629829407
1797.2647858422763 0.9988031387329102
1797.2856192378854 0.999191164970398
1797.3064526329213 0.9992344379425049
1797.3272860274483 0.9987557530403137
1797.3481194214041 0.9997243881225586
1797.3689528148518 0.9995777606964111
1797.3897862077395 0.9991583228111267
1797.4106196001 0.9994071125984192
1797.4314529919118 0.9989629983901978
1797.452286383198 0.9994626045227051
1797.4731197739368 0.998935878276825
1797.493953164151 0.999172031879425
1797.514786553819 0.9994632601737976
1797.5356199429737 0.9990472793579102
1797.5564533315633 0.9992491006851196
1797.5772867196508 0.9992271065711975
1797.598120107175 0.9992267489433289
1797.6189534941982 0.9990633726119995
1797.6397868806591 0.9991541504859924
1797.6606202666205 0.9996241927146912
1797.6814536520208 0.9991326928138733
1797.7022870369228 0.9992339015007019
1797.7231204212756 0.9984707236289978
1797.743953805111 0.9991074800491333
1797.7647871884085 0.9987780451774597
1797.78562057119 0.998920738697052
1797.8064539534348 0.9995164275169373
1797.8272873351652 0.9988495111465454
1797.8481207163604 0.9990056157112122
1797.8689540970524 0.9989045858383179
1797.8897874771908 0.9987443685531616
1797.9106208568373 0.999305009841919
1797.9314542359311 0.9990047216415405
1797.952287614535 0.9993179440498352
1797.9731209925878 0.9987983703613281
1797.9939543701516 0.9987778663635254
1798.0147877471763 0.9990695118904114
1798.0356211236933 0.9990993142127991
1798.0564544996823 0.9988267421722412
1798.0772878751654 0.9985600113868713
1798.0981212501224 0.999138593673706
1798.1189546245746 0.998447060585022
1798.1397879985025 0.9989790916442871
1798.160621371937 0.9995337724685669
1798.1814547448284 0.999042809009552
1798.2022881172284 0.9988676309585571
1798.2231214891074 0.9995225071907043
1798.243954860496 0.9986298084259033
1798.2647882313452 0.9990907311439514
1798.2856216017158 0.9995425939559937
1798.3064549715486 0.9995136857032776
1798.3272883409047 0.9992491602897644
1798.3481217097346 0.9992832541465759
1798.3689550780696 0.9987792372703552
1798.3897884458902 0.9988880157470703
1798.4106218132174 0.9987576007843018
1798.431455180032 0.9990019798278809
1798.452288546355 0.9992249011993408
1798.4731219121675 0.9989675283432007
1798.4939552775002 0.9994238018989563
1798.5147886423042 0.9995590448379517
1798.53562200664 0.999076247215271
1798.5564553704494 0.9992379546165466
1798.5772887337923 0.9994973540306091
1798.598122096611 0.9989468455314636
1798.618955458965 0.9987116456031799
1798.6397888208069 0.9993304014205933
1798.6606221821662 0.9993090629577637
1798.681455543025 0.9995044469833374
1798.7022889034035 0.9987906217575073
1798.723122263284 0.9999575614929199
1798.7439556226961 0.9997221231460571
1798.7647889815926 0.999768078327179
1798.7856223400324 0.9995616674423218
1798.8064556979589 0.9996864199638367
1798.827289055431 0.9996344447135925
1798.8481224123925 0.9997301697731018
1798.8689557689015 0.9998374581336975
1798.8897891249123 0.9996137022972107
1798.9106224804532 0.9999682307243347
1798.9314558355081 0.9995012879371643
1798.9522891900954 0.9995827078819275
1798.9731225441997 1.0000274181365967
1798.9939558978485 0.999668300151825
1799.014789250997 1.0000306367874146
1799.0356226037027 0.9995990991592407
1799.0564559559275 0.9995962977409363
1799.0772893077285 1.0007513761520386
1799.0981226590172 1.0004128217697144
1799.1189560098526 0.9998195767402649
1799.1397893602061 0.9995428919792175
1799.1606227101047 1.0001591444015503
1799.181456059534 0.9997645616531372
1799.2231227570235 1.0012582540512085
1799.243956105086 1.0009340047836304
1799.264789452686 1.0012848377227783
1799.28562279985 1.0007673501968384
1799.3064561465344 1.0012872219085693
1799.327289492796 1.0004910230636597
1799.3481228385817 1.0007717609405518
1799.3689561839476 1.0009912252426147
1799.3897895288412 1.001104712486267
1799.4106228733185 1.0011820793151855
1799.431456217337 1.0010954141616821
1799.4522895609225 1.001251459121704
1799.4731229040633 1.0008904933929443
1799.4939562467748 1.001365303993225
1799.5147895890454 1.0014806985855103
1799.5356229308902 1.0014312267303467
1799.5564562722982 1.0015008449554443
1799.5772896132944 1.0016632080078125
1799.5981229538384 1.0015695095062256
1799.6189562939844 1.0014408826828003
1799.6397896336925 1.001213550567627
1799.6606229729866 1.0013624429702759
1799.6814563118576 1.001714825630188
1799.702289650319 1.0019060373306274
1799.723122988362 1.0018937587738037
1799.743956326 1.0023565292358398
1799.7647896632245 1.0024137496948242
1799.7856230000586 1.0025094747543335
1799.8064563364644 1.002645492553711
1799.8272896724948 1.0024044513702393
1799.8481230081024 1.0029873847961426
1799.8689563433395 1.0027011632919312
1799.8897896781596 1.0022605657577515
1799.9106230126142 1.0029089450836182
1799.9314563466678 1.0027155876159668
1799.9522896803417 1.002524733543396
1799.9731230136308 1.0025385618209839
1799.9939563465457 1.0024614334106445
1800.0147896790822 1.0029444694519043
1800.0356230112604 1.003075122833252
1800.0564563430473 1.0031123161315918
1800.0772896744925 1.0035710334777832
1800.0981230055531 1.0032752752304077
1800.1189563362784 1.0034109354019165
1800.1397896666367 1.0032525062561035
1800.1606229966467 1.0033537149429321
1800.1814563263072 1.0035072565078735
1800.2022896556268 1.0033867359161377
1800.2231229846054 1.0030572414398193
1800.2439563132502 1.0031095743179321
1800.2647896415629 1.0034277439117432
1800.2856229695597 1.0037511587142944
1800.3064562972131 1.0037596225738525
1800.3272896245694 1.003408670425415
1800.348122951592 1.00356125831604
1800.3689562783259 1.0033212900161743
1800.3897896047463 1.0039565563201904
1800.4106229308672 1.003922700881958
1800.431456256695 1.0039949417114258
1800.452289582233 1.0044095516204834
1800.4731229074894 1.0045146942138672
1800.4939562324764 1.0042678117752075
1800.5147895571736 1.0048084259033203
1800.5356228816217 1.005251407623291
1800.5564562057928 1.0051887035369873
1800.5772895297268 1.0053802728652954
1800.5981228534063 1.0054093599319458
1800.6189561768413 1.005774974822998
1800.6397895000455 1.005646824836731
1800.660622823018 1.0061954259872437
1800.681456145775 1.0065181255340576
1800.7022894683137 1.0066388845443726
1800.7231227906525 1.006974458694458
1800.7439561127978 1.0077348947525024
1800.7647894347401 1.0079656839370728
1800.7856227565137 1.0089995861053467
1800.8064560781024 1.009026288986206
1800.8272893995395 1.0096991062164307
1800.8481227208201 1.0096971988677979
1800.8689560419466 1.0106830596923828
1800.8897893629469 1.0104509592056274
1800.9106226838114 1.0103304386138916
1800.931456004572 1.010697364807129
1800.9522893252267 1.0106592178344727
1800.9731226457804 1.0111753940582275
1800.9939559662598 1.011677622795105
1801.014789286663 1.0129806995391846
1801.0356226070144 1.0130727291107178
1801.0564559273262 1.0139272212982178
1801.0772892475914 1.0146245956420898
1801.0981225678554 1.0158729553222656
1801.1189558880988 1.0163238048553467
1801.139789208372 1.0160578489303589
1801.1606225286628 1.016189694404602
1801.1814558489964 1.0160377025604248
1801.202289169389 1.0166172981262207
1801.2231224898596 1.0162136554718018
1801.243955810422 1.01612389087677
1801.2647891311115 1.01669442653656
1801.285622451908 1.0170098543167114
1801.3064557728837 1.0175747871398926
1801.3272890940054 1.0182738304138184
1801.3481224153516 1.0195626020431519
1801.3689557368953 1.0198721885681152
1801.389789058693 1.02122962474823
1801.4106223807435 1.0225497484207153
1801.4314557031016 1.0238041877746582
1801.4522890257629 1.0258255004882812
1801.4731223487997 1.030897855758667
1801.4939556721736 1.0357993841171265
1801.514788995997 1.0395166873931885
1801.535622320216 1.0438871383666992
1801.556455644955 1.0460898876190186
1801.5772889701539 1.0222389698028564
1801.5981222959492 1.0249863862991333
1801.618955622285 1.0051501989364624
1801.6397889492812 0.9981066584587097
1801.6606222769053 0.992838978767395
1801.6814556052918 0.9918234348297119
1801.7022889343718 0.9909688234329224
1801.7231222643254 0.9908089637756348
1801.743955595066 0.9911788105964661
1801.7647889267919 0.9903849959373474
1801.7856222594173 0.9875432252883911
1801.8064555931314 1.0077316761016846
1801.827288927869 1.0113412141799927
1801.8481222638302 1.008041501045227
1801.8689556009397 1.0142326354980469
1801.889788939432 1.0115132331848145
1801.9106222791904 1.0182141065597534
1801.9314556205054 1.018070101737976
1801.9522889632378 1.021036148071289
1801.9731223077065 1.0054455995559692
1801.9939556537684 0.9992316365242004
1802.0147890017424 0.9964579343795776
1802.0356223515003 1.0343925952911377
1802.0564557033879 1.059348702430725
1802.07728905726 1.0621203184127808
1802.09812241349 1.1181974411010742
1802.1189557718858 1.1395654678344727
1802.1397891328952 1.10026216506958
1802.1606224963066 1.1284546852111816
1802.1814558625608 1.1399309635162354
1802.202289231457 1.1712397336959839
1802.223122603454 0.9944833517074585
1802.2439559783027 1.0049612522125244
1802.264789356498 0.9542922377586365
1802.2856227377622 1.027656078338623
1802.3064561225774 0.9691726565361023
1802.3272895106502 0.8999449014663696
1802.3481229024214 0.9536868333816528
1802.368956297596 0.922089159488678
1802.3897896965082 0.9352524876594543
1802.410623098888 0.9448916912078857
1802.4314565049401 0.9537515640258789
1803.473126130821 1.0008726119995117
1803.493959460453 1.0007762908935547
1803.514792787892 1.0005911588668823
1803.5356261133263 1.000983715057373
1803.5564594366679 1.000576138496399
1803.5772927580679 1.000778317451477
1803.5981260774686 1.000556230545044
1803.6189593950148 1.000714659690857
1803.63979271062 1.0008987188339233
1803.6606260244523 1.000626802444458
1803.681459336416 1.0009288787841797
1803.702292646674 1.0007739067077637
1803.7231259551406 1.0007688999176025
1803.7439592619437 1.000491976737976
1803.7647925670276 1.0005643367767334
1803.7856258705158 1.000824213027954
1803.8064591723237 1.0009549856185913
1803.8272924725995 1.0003283023834229
1803.8481257712588 1.0006933212280273
1803.8689590684164 1.0009794235229492
1803.8897923640181 1.0010539293289185
1803.9106256581642 1.0009183883666992
1803.931458950802 1.0008646249771118
1803.952292242028 1.0006000995635986
1803.9731255317893 1.0010898113250732
1803.9939588201896 1.000278353691101
1804.0147921071461 1.000704288482666
1804.0356253927896 1.0005074739456177
1804.0564586770379 1.0008505582809448
1804.0772919599888 1.000745415687561
1804.0981252415907 1.0007636547088623
1804.1189585219379 1.0006380081176758
1804.1397918009502 1.0004689693450928
1804.1606250787488 0.9999772310256958
1804.1814583552443 1.0004547834396362
1804.202291630556 1.0006380081176758
1804.2231249046038 1.000473976135254
1804.2439581774752 1.0006945133209229
1804.2647914491206 1.0004403591156006
1804.2856247196257 1.0003408193588257
1804.3064579889117 1.0001243352890015
1804.3272912570915 1.00057852268219
1804.3481245240869 1.0000605583190918
1804.368957789979 1.0007128715515137
1804.38979105472 1.0002633333206177
1804.4106243183799 1.0004194974899292
1804.431457580911 1.0000739097595215
1804.452290842391 1.000365138053894
1804.4731241027432 0.9992516040802002
1804.4939573620738 0.9993979930877686
1804.5147906202965 0.9996289610862732
1804.535623877516 0.9992225170135498
1804.5564571336563 0.9992941617965698
1804.5772903887905 0.9992002248764038
1804.5981236428738 0.9994491934776306
1804.6189568959776 0.9995409250259399
1804.6397901480268 0.9999483823776245
1804.6606233991224 0.9985044002532959
1804.6814566491798 0.9995869994163513
1804.7022898982982 0.99972003698349
1804.7231231464039 0.9989748597145081
1804.7439563935645 0.9994006752967834
1804.7647896397366 0.9990573525428772
1804.7856228849876 0.9993118047714233
1804.8064561292442 0.9992888569831848
1804.827289372602 0.9985865354537964
1804.8481226149888 0.9993253946304321
1804.868955856469 0.9987850785255432
1804.8897890970006 0.9994783997535706
1804.9106223366375 0.9988163709640503
1804.931455575338 0.9985700845718384
1804.9522888131648 0.9992119073867798
1804.9731220500466 0.9991825819015503
1804.9939552860756 0.9994059205055237
1805.0147885211702 0.9987314939498901
1805.0356217554222 0.9989972710609436
1805.0564549887606 0.9995248317718506
1805.077288221256 0.9982192516326904
1805.098121452838 0.9987426996231079
1805.1189546835963 0.9987438321113586
1805.1397879134506 0.9985224008560181
1805.1606211424903 0.9987727999687195
1805.1814543706455 0.9985823631286621
1805.2022875979744 0.9983280301094055
1805.223120824438 0.9983848333358765
1805.2439540500932 0.9984545111656189
1805.2647872748714 0.9987416863441467
1805.2856204988595 0.998786449432373
1805.3064537219889 0.9984275698661804
1805.3272869443156 0.9990825653076172
1805.3481201658014 0.9986842274665833
1805.368953386502 0.9986250996589661
1805.389786606349 0.9988298416137695
1805.4106198254278 0.9986881613731384
1805.431453043661 0.9987353682518005
1805.4522862611323 0.9993335008621216
1805.4731194777746 0.9992339015007019
1805.4939526936419 0.9983281493186951
1805.514785908697 0.9986741542816162
1805.5356191229932 0.9991670250892639
1805.556452336464 0.9989774823188782
1805.5772855491919 0.9985285997390747
1805.5981187611105 0.9992512464523315
1805.6189519722723 0.9990813732147217
1805.6397851826405 0.9990126490592957
1805.6606183922577 0.9986959099769592
1805.6814516010875 0.9987062215805054
1805.7022848091813 0.9985384941101074
1805.7231180164736 0.9984704256057739
1805.743951223045 0.9984449744224548
1805.7647844288304 0.9982541799545288
1805.78561763388 0.9989703297615051
1805.806450838159 0.9992087483406067
1805.8272840417173 0.9988883137702942
1805.84811724449 0.9994763135910034
1805.8689504465565 0.9989110231399536
1805.889783647842 0.9981670379638672
1805.9106168484266 0.9991343021392822
1805.9314500482453 0.99953293800354
1805.952283247347 0.9983407855033875
1805.9731164456973 0.9991731643676758
1805.9939496433453 0.999131441116333
1806.0147828402262 0.999518096446991
1806.0356160364188 0.9993646740913391
1806.0564492318624 0.999527096748352
1806.0772824266044 0.9992797374725342
1806.0981156206053 0.9996591210365295
1806.118948813913 0.9997363686561584
1806.1397820064667 0.9991719722747803
1806.160615198344 0.9993388652801514
1806.1814483894714 0.9992589950561523
1806.2022815799257 0.999216616153717
1806.223114769644 0.9992830753326416
1806.243947958673 0.9994077086448669
1806.2647811469799 0.9997206926345825
1806.2856143346107 0.9993074536323547
1806.3064475215033 0.9994915723800659
1806.3272807077333 0.9996883869171143
1806.3481138932384 0.9998048543930054
1806.3689470780644 0.9997000694274902
1806.3897802621786 0.9998326897621155
1806.4106134456272 0.999345600605011
1806.4314466283477 0.9994110465049744
1806.4522798104153 0.9991058111190796
1806.4731129917584 0.9995933175086975
1806.4939461724516 0.9990516304969788
1806.514779352433 0.9988989233970642
1806.5356125317478 1.000156283378601
1806.5564457103644 0.999309778213501
1806.577278888327 0.9996547102928162
1806.5981120655742 0.9993606805801392
1806.6189452421804 0.9998106360435486
1806.639778418084 0.9999424815177917
1806.6606115933296 0.999345600605011
1806.6814447678855 0.9996039867401123
1806.702277941796 0.9995420575141907
1806.7231111149997 0.9997305870056152
1806.7439442875702 0.9997118711471558
1806.764777459447 1.0001320838928223
1806.7856106306735 0.9992527365684509
1806.8064438012188 0.9995173811912537
1806.8272769711261 0.9997992515563965
1806.848110140335 0.9998741149902344
1806.8689433089178 1.0005583763122559
1806.889776476805 0.9997882843017578
1806.9106096440694 1.000162124633789
1806.93144281065 0.9998069405555725
1806.9522759766 1.0000360012054443
1806.973109141859 0.9999480843544006
1806.993942306499 0.9998430013656616
1807.014775470451 0.9999355673789978
1807.0356086337865 0.9997537136077881
1807.0564417964458 0.999636709690094
1807.077274958471 0.9996983408927917
1807.0981081198322 0.9999161958694458
1807.1189412805713 1.0003793239593506
1807.139774440629 0.9996597170829773
1807.1606076000767 0.9999658465385437
1807.1814407588552 1.000281572341919
1807.2022739170054 1.0001122951507568
1807.2231070744988 0.9996636509895325
1807.2439402313757 1.0003561973571777
1807.264773387578 0.9998623728752136
1807.2856065431763 0.9998598098754883
1807.3064396981115 0.9998592138290405
1807.3272728524248 1.0000207424163818
1807.348106006087 1.000107765197754
1807.3689391591288 0.9998231530189514
1807.389772311522 0.9994602203369141
1807.4106054633069 0.9998648762702942
1807.4314386144347 0.9998021721839905
1807.452271764946 0.9997550845146179
1807.4731049148124 1.0003116130828857
1807.4939380640637 0.9997198581695557
1807.5147712126723 0.9998593926429749
1807.5356043606778 1.000006079673767
1807.5564375080219 0.9998674988746643
1807.5772706547748 0.9997631311416626
1807.5981038008783 1.0004774332046509
1807.618936946372 1.0004432201385498
1807.6397700912282 1.000190019607544
1807.6606032354866 1.0004912614822388
1807.681436379089 1.0005664825439453
1807.702269522105 1.0002424716949463
1807.7231026644772 1.0001392364501953
1807.743935806244 0.9997683167457581
1807.764768947379 1.000348448753357
1807.7856020879208 1.0002628564834595
1807.8064352278118 1.0003799200057983
1807.8272683671212 1.0003782510757446
1807.8481015057914 1.0003142356872559
1807.8689346438614 0.9999364614486694
1807.8897677813043 1.000173807144165
1807.9106009181585 1.0001813173294067
1807.931434054367 1.0002285242080688
1807.9522671899983 1.0000510215759277
1807.9731003249954 0.9999858140945435
1808.0147665931754 1.0008279085159302
1808.0355997263598 1.0010331869125366
1808.0564328589232 1.000531792640686
1808.077265990904 1.0000085830688477
1808.098099122255 1.00054931640625
1808.1189322530145 1.000693440437317
1808.139765383156 1.000718355178833
1808.1605985127073 1.0004416704177856
1808.1814316416421 1.0007483959197998
1808.2022647699985 1.0005700588226318
1808.2230978977193 1.00068199634552
1808.2439310248728 1.0005362033843994
1808.2647641514027 1.0005595684051514
1808.2855972773468 1.0007565021514893
1808.3064304026784 1.0005805492401123
1808.3272635274354 1.0006840229034424
1808.3480966515713 1.0006498098373413
1808.368929775124 1.0003418922424316
1808.389762898067 1.0007761716842651
1808.410596020438 1.0005301237106323
1808.4314291421808 1.000388503074646
1808.452262263363 1.000690221786499
1808.473095383928 1.0004585981369019
1808.4939285039138 1.000654935836792
1808.5147616232941 1.0007095336914062
1808.535594742096 1.000087857246399
1808.5564278602938 1.0004968643188477
1808.5772609779247 1.0002964735031128
1808.5980940949325 1.0005508661270142
1808.6189272113843 1.000368356704712
1808.6397603272248 1.0000171661376953
1808.6605934425008 1.0005217790603638
1808.6814265571566 1.00014066696167
1808.7022596712588 1.0005654096603394
1808.7230927847418 1.0002340078353882
1808.7439258976729 1.0004794597625732
1808.7647590099962 1.00022554397583
1808.7855921217586 1.0006163120269775
1808.8064252329043 1.0000929832458496
1808.8272583435003 1.0002862215042114
1808.848091453481 0.9999732375144958
1808.868924562913 1.0004318952560425
1808.889757671741 1.000582218170166
1808.9105907800117 0.9996805191040039
1808.9314238876696 0.9998294115066528
1808.952256994781 0.9996975660324097
1808.9730901012906 0.9994205832481384
1808.9939232072354 0.9998928308486938
1809.0147563125897 0.9995489120483398
1809.03558941739 0.99977046251297
1809.0564225215812 0.9996566772460938
1809.0772556252293 0.9994703531265259
1809.0980887282794 0.9991312623023987
1809.118921830768 0.9990105628967285
1809.1397549326696 0.998490035533905
1809.1605880340205 1.0000371932983398
1809.1814211347662 0.9996516108512878
1809.202254234972 0.9987064599990845
1809.2230873345734 0.9990953207015991
1809.2439204336365 0.9995608329772949
1809.2647535321064 0.9996462464332581
1809.2855866300288 0.9996379613876343
1809.3064197273495 0.999588131904602
1809.3272528241337 0.9994639158248901
1809.348085920317 0.999119758605957
1809.3689190159653 0.9997566342353821
1809.389752111024 0.9994915127754211
1809.4105852055386 0.9989033937454224
1809.4314182994547 0.9989742040634155
1809.4522513928378 0.9990345239639282
1809.4730844856235 0.9989972114562988
1809.4939175778775 0.9991565346717834
1809.5147506695455 0.9993605613708496
1809.5355837606724 0.9988621473312378
1809.5564168512046 0.9994763731956482
1809.577249941207 0.9992632269859314
1809.5980830306155 0.9988088011741638
1809.6189161194955 0.9990946650505066
1809.6397492077929 0.9988104701042175
1809.6605822955528 0.9988961815834045
1809.6814153827213 0.9987476468086243
1809.7022484693632 0.9995116591453552
1809.7230815554249 0.999494731426239
1809.7439146409413 0.9988318681716919
1809.7647477258888 0.9985781311988831
1809.7855808103018 0.9983363747596741
1809.8064138941272 0.9987168312072754
1809.8272469774292 0.9990097284317017
1809.8480800601546 0.9991188049316406
1809.8689131423378 0.9994262456893921
1809.8897462239559 0.9990777969360352
1809.9105793050426 0.9990549087524414
1809.9314123855554 0.9990909695625305
1809.952245465528 0.998994767665863
1809.9730785449374 0.9988722205162048
1809.9939116238183 0.9991839528083801
1810.0147447021175 0.9987207055091858
1810.0355777798986 0.9987916946411133
1810.0564108571093 0.9985982775688171
1810.0772439337834 0.9994053840637207
1810.0980770098981 0.9985362887382507
1810.1189100854874 0.9988960027694702
1810.1397431604985 0.9992309212684631
1810.1605762349952 0.9993098974227905
1810.1814093089251 0.9994403719902039
1810.2022423823219 0.9993475079536438
1810.2230754551626 0.998944878578186
1810.2439085274816 0.9990224242210388
1810.2647415992262 0.998993456363678
1810.28557467046 0.9992912411689758
1810.3064077411307 0.999920129776001
1810.3272408112712 0.9994310140609741
1810.34807388086 0.9993159770965576
1810.3689069499305 0.9995291233062744
1810.3897400184303 0.9995113611221313
1810.4105730864228 0.9996188879013062
1810.431406153856 0.9999794960021973
1810.4522392207627 0.999453067779541
1810.473072287122 0.9995834827423096
1810.493905352966 0.9992817044258118
1810.5147384182535 0.9996654987335205
1810.5355714830173 0.9998415112495422
1810.5564045472358 1.0001530647277832
1810.5772376109414 0.9998505711555481
1810.5980706740836 0.9996492862701416
1810.6189037367244 0.999824583530426
1810.6397367988127 0.9998247623443604
1810.660569860381 0.9995535016059875
1810.681402921408 0.9998269081115723
1810.7022359819264 0.9998287558555603
1810.723069041885 0.9989959001541138
1810.7439021013463 0.9995038509368896
1810.7647351602593 0.9996833801269531
1810.7855682186562 1.0002741813659668
1810.8064012765165 1.0001320838928223
1810.8272343338715 0.9998504519462585
1810.8480673906715 1.0000810623168945
1810.868900446978 0.9997107982635498
1810.8897335027407 0.9998987913131714
1810.9105665580014 0.9997159838676453
1810.9313996127098 0.9997987151145935
1810.952232666927 1.0000001192092896
1810.9730657205941 0.9998888969421387
1810.993898773772 0.9998591542243958
1811.0147318264103 0.9998916983604431
1811.035564878551 0.9993163347244263
1811.0563979301442 0.999929666519165
1811.0772309812508 0.9993941187858582
1811.0980640318217 0.9996806979179382
1811.1188970818878 0.9998053312301636
1811.1397301314296 0.9995933771133423
1811.160563180478 0.9996895790100098
1811.1813962289839 0.9996762871742249
1811.2022292770077 0.9996594190597534
1811.223062324501 0.9998190999031067
1811.243895371494 0.9998589158058167
1811.2647284179682 0.9997811317443848
1811.2855614639536 0.9996071457862854
1811.3063945094018 1.00016450881958
1811.3272275543727 1.0002890825271606
1811.3480605988186 1.0001640319824219
1811.368893642779 0.999862551689148
1811.3897266862061 0.9999973773956299
1811.4105597291596 1.0001949071884155
1811.4313927715914 1.0001356601715088
1811.4522258135314 0.9997863173484802
1811.473058854962 1.00029456615448
1811.4938918959124 1.0003684759140015
1811.5147249363351 1.0000468492507935
1811.53555797629 0.9994055032730103
1811.556391015729 1.0004569292068481
1811.5772240546917 0.9998912811279297
1811.5980570931313 1.0003411769866943
1811.6188901311064 1.0002212524414062
1811.6397231685703 1.0002162456512451
1811.6605562055518 1.000604510307312
1811.6813892420341 1.0005900859832764
1811.7022222780463 1.0002659559249878
1811.7230553135416 1.0003328323364258
1811.7438883485788 0.9995794296264648
1811.7647213831117 0.9997144937515259
1811.7855544171784 1.0002386569976807
1811.806387450733 0.999923825263977
1811.8272204838338 1.0005605220794678
1811.8480535164251 0.9999955296516418
1811.868886548565 1.0002498626708984
1811.8897195802076 1.0002734661102295
1811.9105526113913 1.0003933906555176
1811.9313856420702 1.000272274017334
1811.9522186723025 1.0002540349960327
1811.973051702043 1.000622034072876
1811.9938847313194 1.0001611709594727
1812.0147177601168 1.0005948543548584
1812.0355507884624 1.0004149675369263
1812.0563838163116 1.000332236289978
1812.0772168437222 1.000381350517273
1812.0980498706494 1.0005954504013062
1812.1188828971306 0.9999969601631165
1812.1397159231212 1.000567078590393
1812.1605489486788 1.000378131866455
1812.1813819737588 1.0001184940338135
1812.2022149983886 1.0000206232070923
1812.2230480225546 1.0006608963012695
1812.2438810462834 1.0010300874710083
1812.2647140695315 0.99992436170578
1812.285547092355 1.0010449886322021
1812.3063801147118 1.0003883838653564
1812.3272131366273 1.0005377531051636
1812.3480461580898 1.000720739364624
1812.3688791791242 1.0006740093231201
1812.3897121996993 1.0006771087646484
1812.4105452198398 1.000643253326416
1812.4313782395345 0.9999916553497314
1812.4522112588086 1.0009821653366089
1812.473044277621 1.0003039836883545
1812.5147103139846 1.0003160238265991
1812.5355433315292 1.0000821352005005
1812.5563763486207 0.9998597502708435
1812.5772093653134 0.9996852874755859
1812.5980423815572 0.9999675154685974
1812.6188753974063 1.000137209892273
1812.6397084128214 1.0008825063705444
1812.660541427836 1.000849723815918
1812.6813744424114 1.0012569427490234
1812.702207456601 1.0012891292572021
1812.7230404703666 1.0014150142669678
1812.743873483731 1.0015313625335693
1812.7647064966868 1.0010656118392944
1812.7855395092563 1.0010178089141846
1812.8063725214026 1.0010654926300049
1812.827205533178 1.0011183023452759
1812.8480385445462 1.0006260871887207
1812.8688715555384 1.0006356239318848
1812.8897045661197 1.0010336637496948
1812.9105375763406 1.0007951259613037
1812.9313705861668 1.0002111196517944
1812.952203595619 1.0000792741775513
1812.973036604693 1.0002319812774658
1812.9938696134088 1.001100778579712
1813.014702621744 1.001018762588501
1813.0355356297168 1.0014866590499878
1813.0563686373264 1.0009169578552246
1813.0772016445908 1.0017355680465698
1813.0980346514796 1.0018361806869507
1813.1188676580402 1.001454472541809
1813.1397006642433 1.0012905597686768
1813.1605336701057 1.0011680126190186
1813.181366675629 1.0012017488479614
1813.2021996808298 1.001546859741211
1813.2230326856904 1.001741886138916
1813.2438656902266 1.0013680458068848
1813.2646986944421 1.0020396709442139
1813.2855316983519 1.0017602443695068
1813.306364701931 1.0017132759094238
1813.3271977052236 1.0014638900756836
1813.3480307082061 1.0016487836837769
1813.368863710902 1.0015149116516113
1813.3896967132887 1.0018523931503296
1813.410529715409 1.001786708831787
1813.4313627172419 1.0011917352676392
1813.4521957187997 1.0024486780166626
1813.4730287200923 1.0019938945770264
1813.4938617211312 1.0026321411132812
1813.5146947219087 1.001584529876709
1813.5355277224342 1.0023212432861328
1813.5563607227223 1.0021852254867554
1813.5771937227819 1.0020872354507446
1813.598026722599 1.00252103805542
1813.618859722211 1.0026404857635498
1813.6396927216067 1.0028810501098633
1813.6605257207918 1.0026733875274658
1813.6813587197878 1.0036003589630127
1813.7021917185994 1.0039535760879517
1813.7230247172295 1.0046875476837158
1813.743857715682 1.0051583051681519
1813.7646907139826 1.005568027496338
1813.7855237121332 1.0057138204574585
1813.8063567101326 1.0054489374160767
1813.8271897080117 1.0061122179031372
1813.8480227057717 1.0056601762771606
1813.8688557034218 1.0061002969741821
1813.8896887009669 1.0062304735183716
1813.910521698434 1.0050052404403687
1813.931354695822 1.0065059661865234
1813.9521876931558 1.0061532258987427
1813.9730206904483 1.0071449279785156
1813.993853687702 1.0077072381973267
1814.0146866849343 1.0091863870620728
1814.0355196821654 1.0095566511154175
1814.0563526794176 1.0094151496887207
1814.077185676679 1.0105154514312744
1814.0980186740057 1.0108951330184937
1814.1188516713842 1.0111600160598755
1814.1396846688565 1.0119415521621704
1814.1605176664052 1.012180209159851
1814.181350664099 1.0130048990249634
1814.2021836619178 1.0141115188598633
1814.2230166599168 1.014409065246582
1814.2438496580723 1.014777660369873
1814.264682656467 1.0153228044509888
1814.2855156550736 1.0166735649108887
1814.3063486539534 1.0174832344055176
1814.3271816531048 1.0188063383102417
1814.3480146525985 1.0204217433929443
1814.3688476523982 1.021768569946289
1814.389680652615 1.0231258869171143
1814.4105136532075 1.0245740413665771
1814.4313466542787 1.0259813070297241
1814.452179655782 1.0308330059051514
1814.4730126578525 1.034544587135315
1814.4938456604375 1.0380098819732666
1814.5146786636567 1.0414689779281616
1814.5355116674816 1.0448992252349854
1814.5563446720473 1.0482436418533325
1814.5771776772976 1.0247564315795898
1814.5980106833863 1.0261846780776978
1814.6188436902687 0.9953843951225281
1814.6396766981186 0.9946120977401733
1814.6605097068627 0.993549108505249
1814.6813427166978 0.9921450018882751
1814.7021757275602 0.9936091303825378
1814.723008739672 0.9919446706771851
1814.7438417529381 0.9895374178886414
1814.7646747676097 1.0115735530853271
1814.7855077835993 1.0083473920822144
1814.8063408011901 1.0113294124603271
1814.8271738202502 1.0099912881851196
1814.8480068411282 1.0154874324798584
1814.8688398636766 1.0160270929336548
1814.8896728882532 1.0175131559371948
1814.9105059147232 1.0183868408203125
1814.931338943487 1.003604531288147
1814.9521719743695 1.0011144876480103
1814.973005007816 1.0016636848449707
1814.9938380436506 1.0245555639266968
1815.0146710823633 1.0281438827514648