1790.681839262683 0.9953424334526062
1790.7026729049826 0.9951195120811462
1790.7235065448774 0.9954591989517212
1790.7443401825358 0.9950758814811707
1790.765173817886 0.9956486821174622
1790.7860074510893 0.9953431487083435
1790.8068410820747 0.9956187009811401
1790.8276747109965 0.9955089092254639
1790.8485083377848 0.9951724410057068
1790.8693419625872 0.9947908520698547
1790.8901755853344 0.9941250085830688
1790.9110092061685 0.9944400787353516
1790.9318428250208 0.9950650334358215
1790.9526764420273 0.993921160697937
1790.9735100571204 0.9937258362770081
1790.9943436704305 0.9937689304351807
1791.0151772818908 0.9942472577095032
1791.0360108916268 0.9950410723686218
1791.0568444995727 0.9944803714752197
1791.0776781058487 0.9947792887687683
1791.09851171039 0.9947885870933533
1791.3901820098813 1.0038704872131348
1791.4110155917847 1.0042167901992798
1791.4318491722865 1.0045808553695679
1791.4526827514765 1.0047396421432495
1791.4735163292958 1.0047273635864258
1791.494349905832 1.0049537420272827
1791.5151834810265 1.0048109292984009
1791.536017054965 1.00462806224823
1791.5568506275895 1.0042991638183594
1791.5776841989837 1.003839373588562
1791.5985177690898 1.0047717094421387
1791.6193513379894 1.0032906532287598
1791.6401849056258 1.0040003061294556
1791.6610184720782 1.002923607826233
1791.681852037291 1.0038468837738037
1791.7026856013415 1.004096269607544
1791.7235191641741 1.0032858848571777
1791.744352725865 1.0041329860687256
1791.7651862863588 1.004151463508606
1791.78601984573 1.0041618347167969
1791.8068534039246 1.0040980577468872
1791.8276869610147 1.0041899681091309
1791.8485205169468 1.0041627883911133
1791.869354071792 1.0041470527648926
1791.8901876254972 1.0042170286178589
1791.911021178132 1.004392147064209
1791.9318547296439 1.0042976140975952
1791.9526882801013 1.0042153596878052
1791.9735218294518 1.0042423009872437
1791.994355377763 1.0043830871582031
1792.0151889249828 1.004508137702942
1792.0360224711771 1.0047036409378052
1792.0568560162878 1.004639744758606
1792.0776895603801 1.0045697689056396
1792.0985231034176 1.0043140649795532
1792.119356645463 1.0041579008102417
1792.1401901864601 1.0034435987472534
1792.1610237264704 1.004770040512085
1792.181857265445 1.0043634176254272
1792.2026908034452 1.005056381225586
1792.223524340422 1.005005121231079
1792.2443578764355 1.005239486694336
1792.2651914114374 1.005549430847168
1792.2860249454868 1.0053033828735352
1792.306858478536 1.0055780410766602
1792.3276920106434 1.0051257610321045
1792.348525541761 1.005591869354248
1792.3693590719472 1.005630612373352
1792.3901926011538 1.0057427883148193
1792.4110261294381 1.0059804916381836
1792.4318596567532 1.0060373544692993
1792.4526931831554 1.0057296752929688
1792.4735267085978 1.0061039924621582
1792.494360233136 1.0059077739715576
1792.5151937567236 1.0059551000595093
1792.5360272794153 1.0064609050750732
1792.5568608011656 1.0062094926834106
1792.577694322028 1.0062637329101562
1792.5985278419575 1.006640911102295
1792.6193613610073 1.0066496133804321
1792.640194879132 1.0064116716384888
1792.6610283963842 1.005998969078064
1792.6818619127196 1.0066877603530884
1792.7026954282 1.0049898624420166
1792.7235289427508 1.006443738937378
1792.7443624564637 1.0060794353485107
1792.7651959692546 1.0061349868774414
1792.7860294812137 1.0062694549560547
1792.8068629922582 1.0065301656723022
1792.827696502478 1.0065579414367676
1792.8485300117893 1.0067709684371948
1792.8693635202824 1.006449580192566
1792.8901970278737 1.0065637826919556
1792.9110305346524 1.0065834522247314
1792.9318640405359 1.0071605443954468
1792.9526975456129 1.0065162181854248
1792.9735310498008 1.0066419839859009
1792.9943645531878 1.0068925619125366
1793.0151980556914 1.0067449808120728
1793.0360315573996 1.0067685842514038
1793.0568650582304 1.0064977407455444
1793.077698558271 1.0064886808395386
1793.0985320574498 1.0066159963607788
1793.1193655558238 1.0071731805801392
1793.140199053351 1.0066994428634644
1793.161032550078 1.0066165924072266
1793.1818660459537 1.0063807964324951
1793.2026995410545 1.0066189765930176
1793.223533035309 1.0066468715667725
1793.2443665287728 1.006717562675476
1793.2652000214052 1.0065380334854126
1793.2860335132514 1.0064913034439087
1793.306867004261 1.0064975023269653
1793.3277004945091 1.0058484077453613
1793.348533983925 1.0064972639083862
1793.3693674725637 1.0062168836593628
1793.3902009603848 1.006226897239685
1793.4110344474323 1.0060211420059204
1793.4318679336668 1.0059287548065186
1793.4527014191322 1.0057063102722168
1793.4735349037883 1.0056943893432617
1793.494368387679 1.0056147575378418
1793.515201870765 1.0056101083755493
1793.536035353089 1.0057538747787476
1793.5568688346123 1.0054736137390137
1793.5777023153776 1.0053035020828247
1793.598535795346 1.0055619478225708
1793.6193692745599 1.0053976774215698
1793.6402027529803 1.0051344633102417
1793.6610362306499 1.0049841403961182
1793.6818697075298 1.0042635202407837
1793.7027031836624 1.0050591230392456
1793.7235366590087 1.0043872594833374
1793.744370133621 1.0046656131744385
1793.7652036074305 1.0044130086898804
1793.786037080509 1.0041736364364624
1793.8068705528083 1.0041887760162354
1793.8277040243797 1.004108190536499
1793.8485374951551 1.0038273334503174
1793.8693709652157 1.0038697719573975
1793.8902044344836 1.0036550760269165
1793.9110379030394 1.0033648014068604
1793.9318713708058 1.0032434463500977
1793.9527048378632 1.0032672882080078
1793.973538304134 1.0030925273895264
1793.9943717696988 1.003233551979065
1794.0152052344797 1.0029577016830444
1794.0360386985571 1.0026227235794067
1794.0568721618542 1.0029964447021484
1794.0777056244503 1.002524971961975
1794.0985390862788 1.0024107694625854
1794.1193725473893 1.0024785995483398
1794.1402060077444 1.0024672746658325
1794.161039467384 1.0021004676818848
1794.1818729262613 1.0018506050109863
1794.2027063844457 1.0017216205596924
1794.2235398418702 1.0014857053756714
1794.2443732985842 1.001478672027588
1794.2652067545512 1.001149296760559
1794.2860402098097 1.0009149312973022
1794.3068736643238 1.0009050369262695
1794.327707118132 1.0008563995361328
1794.348540571198 1.0003321170806885
1794.3693740235606 0.9999794363975525
1794.3902074751836 1.0
1794.4110409261048 0.9996981024742126
1794.431874376289 0.9995439052581787
1794.452707825774 0.9996336102485657
1794.4735412745242 0.9994423389434814
1794.494374722587 0.9992836117744446
1794.5152081698975 0.9991353750228882
1794.5360416165327 0.9981994032859802
1794.5568750624177 0.9979715347290039
1794.5777085076297 0.99776291847229
1794.5985419520935 0.9978395700454712
1794.6193753958864 0.9974960088729858
1794.6402088389332 0.9974517822265625
1794.661042281311 0.9971456527709961
1794.6818757229448 0.9964417815208435
1794.7027091639118 0.9964556097984314
1794.7235426041468 0.9958702921867371
1794.7443760436965 0.9959562420845032
1794.7652094825266 0.9956559538841248
1794.7860429206733 0.9957322478294373
1794.806876358092 0.9957472681999207
1794.8277097948494 0.9952326416969299
1794.848543230881 0.9947782158851624
1794.869376666233 0.9946045875549316
1794.8902101008707 0.994507372379303
1794.9110435348307 0.9942825436592102
1794.9318769680783 0.9939598441123962
1794.9735438325115 0.9945247769355774
1794.9943772636987 0.9938841462135315
1795.015210694177 0.9942759871482849
1795.036044123983 0.9937853813171387
1795.0568775530805 0.9940884709358215
1795.0777109815062 0.9937843680381775
1795.0985444092282 0.9936155080795288
1795.119377836292 0.9937703609466553
1795.1402112626324 0.9933109879493713
1795.1610446883249 0.9932988286018372
1795.1818781132959 0.9929805994033813
1795.2027115376206 0.9924924969673157
1795.2235449612256 0.9925914406776428
1795.2443783841857 0.9923837780952454
1795.2652118064277 0.9923012852668762
1795.2860452280268 0.9923902750015259
1795.3068786489087 0.9920425415039062
1795.3277120691494 0.992326021194458
1795.348545488675 0.991945207118988
1795.3693789075605 0.9917243123054504
1795.3902123257426 0.9919102787971497
1795.411045743266 0.9916856288909912
1795.4318791600972 0.9917269349098206
1795.4527125762713 0.9916298389434814
1795.4735459917554 0.9917842745780945
1795.4943794065834 0.9912861585617065
1795.5152128207228 0.9911651611328125
1795.5360462342076 0.991426944732666
1795.556879647005 0.9911136627197266
1795.5777130591496 0.9911546111106873
1795.5985464706084 0.991109311580658
1795.6193798814254 0.9906165599822998
1795.6402132915382 0.9906052947044373
1795.6610467010207 0.9909026622772217
1795.6818801098002 0.9907646179199219
1795.7027135179508 0.9906014204025269
1795.7235469254 0.9908603429794312
1795.7443803322215 0.9907531142234802
1795.765213738343 0.9906435012817383
1795.786047143838 0.990775465965271
1795.8068805486344 0.9905535578727722
1795.8277139528057 0.9907432794570923
1795.84854735629 0.990695595741272
1795.8693807591305 0.9907445311546326
1795.8902141612953 0.9908897876739502
1795.9110475628172 0.9908440113067627
1795.9318809636648 0.9909687042236328
1795.952714363871 0.9906774759292603
1795.9735477634044 0.9910975694656372
1795.994381162298 0.9909467101097107
1796.0152145605193 0.9909270405769348
1796.0360479581122 0.9908034205436707
1796.0568813550144 0.9909130334854126
1796.0777147512993 0.9911962747573853
1796.098548146895 0.9909958243370056
1796.1193815418744 0.9907523989677429
1796.140214936166 0.9911184310913086
1796.1610483298425 0.9908864498138428
1796.1818817228323 0.990801990032196
1796.2027151152085 0.9908847808837891
1796.2235485068995 0.9909207224845886
1796.2443818979777 0.9912377595901489
1796.265215288382 0.9909844994544983
1796.2860486781549 0.9911015629768372
1796.306882067265 0.9912683367729187
1796.3277154557447 0.990935742855072
1796.3485488435633 0.9910200834274292
1796.3693822307528 0.9907175898551941
1796.3902156172821 0.9909154176712036
1796.4110490031835 0.9907817244529724
1796.4318823884257 0.9911884069442749
1796.4527157730415 0.990903913974762
1796.4735491569998 0.9911053776741028
1796.4943825403423 0.9908231496810913
1796.5152159230083 0.9910725951194763
1796.53604930507 0.9909915328025818
1796.5568826864567 0.9911752343177795
1796.57771606724 0.991080641746521
1796.5985494473496 0.9911327362060547
1796.619382826857 0.9909940958023071
1796.640216205702 0.991121232509613
1796.661049583926 0.9912586212158203
1796.681882961488 0.991270124912262
1796.7027163384507 0.9912157654762268
1796.7235497147535 0.9909990429878235
1796.7443830904374 0.9914311766624451
1796.7652164654726 0.9910045862197876
1796.7860498398902 0.991208553314209
1796.80688321366 0.991278886795044
1796.8277165868135 0.9913049936294556
1796.848549959321 0.9912130236625671
1796.869383331223 0.9915027022361755
1796.8902167024598 0.9914408922195435
1796.9110500731026 0.9918007254600525
1796.9318834430817 0.9919270873069763
1796.9527168124678 0.991688072681427
1796.9735501811913 0.9918264150619507
1796.994383549323 0.9915673732757568
1797.0152169167934 0.991525411605835
1797.0360502836734 0.9917990565299988
1797.0568836498928 0.9911900162696838
1797.0777170155231 0.9917357563972473
1797.0985503805048 0.9916740655899048
1797.119383744878 0.9918123483657837
1797.1402171086138 0.9917688369750977
1797.1610504717423 0.9919047355651855
1797.1818838342347 0.991906464099884
1797.202717196121 0.991766631603241
1797.2235505573728 0.9918777942657471
1797.2443839180296 0.991936445236206
1797.2652172780327 0.9920406937599182
1797.2860506374523 0.9923009276390076
1797.3068839962195 0.9919946789741516
1797.3277173544043 0.9921009540557861
1797.3485507119383 0.9923271536827087
1797.3693840688911 0.9922245144844055
1797.3902174252041 0.9923186898231506
1797.4110507809173 0.9927406907081604
1797.4318841360018 0.9926512241363525
1797.4527174904879 0.9928755164146423
1797.473550844347 0.993091881275177
1797.4943841976085 0.9930285811424255
1797.5152175502446 0.9931198954582214
1797.5360509022942 0.9928570985794067
1797.5568842536995 0.9930834770202637
1797.5777176045299 0.9932020306587219
1797.5985509547177 0.9933499693870544
1797.6193843043316 0.9935248494148254
1797.640217653304 0.993549644947052
1797.661051001704 0.9934438467025757
1797.6818843494636 0.9934147000312805
1797.7027176966526 0.9932878613471985
1797.7235510432129 0.9936622977256775
1797.7443843891833 0.9937952756881714
1797.7652177345367 0.9941300749778748
1797.7860510793016 0.9940180778503418
1797.8068844234506 0.9943315386772156
1797.8277177670125 0.9942880868911743
1797.8485511099605 0.9942790269851685
1797.8693844523325 0.9942126274108887
1797.890217794072 0.994230329990387
1797.9110511352471 0.9945895671844482
1797.9318844757909 0.9948284029960632
1797.952717815772 0.9946624040603638
1797.9735511551235 0.995031476020813
1797.9943844939135 0.995147168636322
1798.0152178320855 0.9951488971710205
1798.0360511696774 0.9951949715614319
1798.056884506663 0.9948978424072266
1798.0777178430699 0.9953634738922119
1798.0985511788722 0.9952490329742432
1798.1193845140974 0.9953916668891907
1798.1402178487197 0.9957311153411865
1798.1610511827764 0.9959607720375061
1798.1818845162115 0.9957616329193115
1798.2027178490828 0.9958967566490173
1798.2235511813547 0.9962418079376221
1798.244384513064 0.9959209561347961
1798.2652178441554 0.9965165257453918
1798.2860511746962 0.9962023496627808
1798.3068845046207 0.9963436722755432
1798.3277178339963 0.9963666200637817
1798.3485511627675 0.9961133003234863
1798.3693844909715 0.9963054656982422
1798.390217818583 0.9966540932655334
1798.4110511456292 0.9966918230056763
1798.4318844720844 0.9968472719192505
1798.452717797976 0.9970649480819702
1798.473551123279 0.9969645142555237
1798.4943844480301 0.9975365400314331
1798.5152177721748 0.9977097511291504
1798.5360510957792 0.9975935816764832
1798.5568844187787 0.9976156949996948
1798.5777177412401 0.9977819323539734
1798.5985510630994 0.9978235363960266
1798.6193843844221 0.9974861741065979
1798.6402177051546 0.9982302784919739
1798.6610510253327 0.9983890056610107
1798.6818843449328 0.9989854693412781
1798.7027176639804 0.9987865090370178
1798.7235509824525 0.9990137815475464
1798.7443843003841 0.9989048838615417
1798.7652176177223 0.999319851398468
1798.7860509345323 0.999092161655426
1798.8068842507512 0.9994809031486511
1798.8277175664443 0.9992728233337402
1798.8485508815488 0.9998475313186646
1798.8693841961297 0.9998883008956909
1798.8902175101343 0.9996744990348816
1798.9110508235976 1.00002121925354
1798.9318841364973 0.9997080564498901
1798.952717448858 1.000055193901062
1798.973550760658 1.0001838207244873
1798.9943840719316 1.000339150428772
1799.015217382627 1.0007266998291016
1799.0360506928082 1.0002689361572266
1799.056884002433 1.0008795261383057
1799.077717311564 1.0011427402496338
1799.0985506201039 1.0010528564453125
1799.1193839281177 1.0009640455245972
1799.1402172355724 1.0010608434677124
1799.161050542501 1.000930905342102
1799.1818838488832 1.0008200407028198
1799.223550460059 1.0021793842315674
1799.2443837648552 1.0021777153015137
1799.2652170691117 1.002507209777832
1799.2860503728612 1.0024821758270264
1799.3068836760542 1.0028027296066284
1799.3277169787536 1.0026289224624634
1799.3485502809003 1.0028316974639893
1799.3693835825563 1.003089189529419
1799.3902168836632 1.003248929977417
1799.411050184283 1.0035327672958374
1799.4318834843675 1.003450870513916
1799.4527167839483 1.0036765336990356
1799.473550083008 1.0039136409759521
1799.4943833815673 1.0039267539978027
1799.5152166796097 1.0042400360107422
1799.5360499771557 1.003953456878662
1799.5568832741887 1.0043387413024902
1799.5777165707393 1.004347801208496
1799.5985498667617 1.0046074390411377
1799.6193831623157 1.0043216943740845
1799.6402164573558 1.004815697669983
1799.6610497519116 1.0048662424087524
1799.6818830459683 1.0052682161331177
1799.7027163395455 1.0053545236587524
1799.7235496326286 1.005426049232483
1799.7443829252366 1.005272626876831
1799.7652162173556 1.0054656267166138
1799.7860495090142 1.0055989027023315
1799.8068828001692 1.0057023763656616
1799.827716090879 1.0057766437530518
1799.8485493810908 1.0060113668441772
1799.8693826708627 1.0058412551879883
1799.8902159601423 1.0057889223098755
1799.9110492489874 1.006138563156128
1799.9318825373564 1.0058571100234985
1799.9527158252763 1.005979061126709
1799.973549112737 1.0063978433609009
1799.9943823997544 1.0060811042785645
1800.015215686319 1.0061804056167603
1800.0360489724565 1.0063680410385132
1800.0568822581286 1.0063285827636719
1800.07771554339 1.0064359903335571
1800.0985488281933 1.0063495635986328
1800.1193821125928 1.0064795017242432
1800.1402153965519 1.0062569379806519
1800.1610486800942 1.0066314935684204
1800.1818819632138 1.00658118724823
1800.2027152459248 1.0066311359405518
1800.2235485282215 1.0063505172729492
1800.2443818101171 1.0065234899520874
1800.2652150916078 1.0068669319152832
1800.2860483727154 1.006608486175537
1800.3068816534076 1.006596565246582
1800.3277149337355 1.006615400314331
1800.3485482136575 1.0066983699798584
1800.3693814932249 1.0065925121307373
1800.3902147724068 1.0067917108535767
1800.4110480512234 1.0063197612762451
1800.4318813296754 1.0063356161117554
1800.4527146077728 1.006235957145691
1800.4735478855175 1.006381630897522
1800.4943811629278 1.0061380863189697
1800.5152144399779 1.0064013004302979
1800.5360477167148 1.0063453912734985
1800.5568809931049 1.0063587427139282
1800.5777142691938 1.0062148571014404
1800.5985475449595 1.006008505821228
1800.619380820417 1.0060269832611084
1800.640214095576 1.0058157444000244
1800.6610473704402 1.0059303045272827
1800.6818806450215 1.0057982206344604
1800.7027139193224 1.0059547424316406
1800.723547193357 1.0055805444717407
1800.7443804671368 1.0054789781570435
1800.7652137406476 1.0057162046432495
1800.7860470139294 1.005262017250061
1800.8068802869618 1.0054645538330078
1800.8277135597825 1.00508713722229
1800.8485468323834 1.0052645206451416
1800.8693801047716 1.0049965381622314
1800.8902133769711 1.004825472831726
1800.9110466489774 1.0049266815185547
1800.9318799208186 1.0046581029891968
1800.9527131924976 1.0042922496795654
1800.9735464640157 1.004775047302246
1800.9943797354047 1.0044611692428589
1801.015213006659 1.00432288646698
1801.036046277808 1.004138708114624
1801.0568795488612 1.0039948225021362
1801.0777128198154 1.0042510032653809
1801.0985460907139 1.0039422512054443
1801.1193793615416 1.004150629043579
1801.1402126323467 1.00331449508667
1801.1610459031208 1.0035333633422852
1801.1818791738876 1.003309726715088
1801.202712444667 1.0032501220703125
1801.223545715477 1.0031660795211792
1801.2443789863346 1.0032384395599365
1801.2652122572747 1.0031818151474
1801.2860455282803 1.0022344589233398
1801.3068787994234 1.0027127265930176
1801.327712070674 1.0024727582931519
1801.3485453421108 1.002581238746643
1801.36937861371 1.002329707145691
1801.3902118855287 1.0018876791000366
1801.4110451575689 1.0020794868469238
1801.4318784298864 1.0020636320114136
1801.4527117024793 1.0016565322875977
1801.473544975423 1.0015290975570679
1801.4943782486803 1.0020171403884888
1801.5152115223675 1.0013726949691772
1801.5360447964324 1.0011652708053589
1801.5568780710034 1.000855565071106
1801.5777113460222 1.0009218454360962
1801.5985446216307 1.0007234811782837
1801.6193778977738 1.0001003742218018
1801.640211174578 1.0005156993865967
1801.6610444520118 1.0002198219299316
1801.6818777302178 1.0003665685653687
1801.7027110091267 0.9998340010643005
1801.7235442889296 0.9997785687446594
1801.7443775695378 0.999511182308197
1801.7652108511631 0.9996001720428467
1801.7860441337173 0.9995374083518982
1801.8068774174046 0.9994900226593018
1801.8277107021568 0.9994022250175476
1801.848543988192 0.999296247959137
1801.869377275431 0.9989649057388306
1801.8902105641291 0.9989175200462341
1801.9110438541638 0.9985566139221191
1801.9318771458518 0.998697817325592
1801.9527104390456 0.998238205909729
1801.9735437340946 0.9987932443618774
1801.9943770308457 0.9984424114227295
1802.0152103296537 0.9987765550613403
1802.0360436303781 0.9986159205436707
1802.0568769334066 0.9980624914169312
1802.07771023858 0.9986986517906189
1802.0985435463178 0.9983765482902527
1802.1193768564117 0.9984979033470154
1802.1402101693639 0.9981075525283813
1802.1610434849442 0.9990214109420776
1802.1818768036542 0.9984419345855713
1802.2027101252713 0.997589111328125
1802.223543450324 0.9988083839416504
1802.244376778537 0.9982489347457886
1802.2652101104825 0.9974198341369629
1802.286043445853 0.9973614811897278
1802.3068767852149 0.9976837635040283
1802.327710128241 0.9969849586486816
1802.3485434754614 0.9968288540840149
1802.369376826543 0.9963729977607727
1802.3902101819112 0.9961709380149841
1802.4110435412542 0.9959188103675842
1802.4318769048652 0.9955416321754456
1803.473544724984 0.9947224855422974
1803.4943780158724 0.9948862195014954
1803.5152113043569 0.9947946667671204
1803.536044590642 0.9948626756668091
1803.5568778746278 0.994920551776886
1803.5777111564814 0.9945816993713379
1803.5985444361336 0.994665265083313
1803.6193777137448 0.99477618932724
1803.640210989217 0.9950172901153564
1803.6610442627336 0.9948301911354065
1803.6818775341883 0.9946956634521484
1803.7027108037587 0.9947144985198975
1803.7235440713482 0.9949169158935547
1803.7443773370996 0.9948564767837524
1803.765210600947 0.9949468970298767
1803.7860438630273 0.9947339296340942
1803.8068771232463 0.9948535561561584
1803.8277103817659 0.9952285885810852
1803.8485436384917 0.9949473738670349
1803.8693768935523 0.9949778914451599
1803.890210146883 0.995055615901947
1803.9110433985982 0.9947915077209473
1803.931876648635 0.995077908039093
1803.9527098971027 0.9949829578399658
1803.9735431439394 0.9950982928276062
1803.994376389261 0.9950200915336609
1804.015209632976 0.9952029585838318
1804.0360428752265 0.9950160384178162
1804.0568761159218 0.9952613115310669
1804.0777093551717 0.9950286746025085
1804.0985425929155 0.9951514005661011
1804.1193758292595 0.9955458045005798
1804.1402090641138 0.9954312443733215
1804.1610422976123 0.9951265454292297
1804.1818755296558 0.9955006837844849
1804.2027087603756 0.9952530860900879
1804.2235419896824 0.9953420162200928
1804.2443752176753 0.9951575994491577
1804.2652084442957 0.9955424070358276
1804.2860416696406 0.9955309629440308
1804.3068748936219 0.9951288104057312
1804.327708116364 0.995647132396698
1804.3485413377798 0.9955339431762695
1804.3693745579617 0.9955838322639465
1804.3902077768525 0.9955273270606995
1804.411040994533 0.9952517151832581
1804.4318742109476 0.995193362236023
1804.452707426184 0.9956215620040894
1804.4735406401567 0.9951832294464111
1804.494373852983 0.9945627450942993
1804.5152070645672 0.9953508377075195
1804.536040275025 0.9949331879615784
1804.556873484272 0.9950287342071533
1804.5777066923913 0.9948274493217468
1804.5985398993294 0.9955026507377625
1804.6193731051676 0.9954115748405457
1804.640206309823 0.9954689145088196
1804.6610395134064 0.9953400492668152
1804.681872715825 0.995764434337616
1804.7027059171874 0.9957619309425354
1804.7235391174115 0.9953740239143372
1804.7443723165754 0.9956507682800293
1804.7652055146268 0.9960307478904724
1804.786038711643 0.9956284761428833
1804.8068719075425 0.9957483410835266
1804.8277051024302 0.995253324508667
1804.848538296226 0.9968774914741516
1804.8693714890037 0.9958916306495667
1804.8902046807132 0.996705174446106
1804.9110378714174 0.9958236813545227
1804.931871061067 0.9960885643959045
1804.9527042497336 0.9959880709648132
1804.9735374373383 0.9967715740203857
1804.994370623982 0.9964190721511841
1805.0152038095753 0.9963489770889282
1805.036036994219 0.9969146847724915
1805.0568701778345 0.9972129464149475
1805.0777033605011 0.9971679449081421
1805.0985365421404 0.9970687627792358
1805.1193697228512 0.996865451335907
1805.1402029025455 0.9972148537635803
1805.161036081321 0.9974226951599121
1805.1818692591007 0.9972138404846191
1805.2027024359509 0.9975180625915527
1805.2235356118251 0.9983353018760681
1805.244368786789 0.9978877305984497
1805.2652019607663 0.998576819896698
1805.286035133852 0.9975904226303101
1805.3068683059705 0.9984691739082336
1805.327701477186 0.9983259439468384
1805.3485346474529 0.998569130897522
1805.3693678168347 0.9989885091781616
1805.3902009852561 0.998491108417511
1805.4110341528105 0.9984500408172607
1805.431867319413 0.9987056255340576
1805.452700485156 0.9990326166152954
1805.4735336499646 0.9987919926643372
1805.4943668139008 0.9985722303390503
1805.5151999769203 0.9992498159408569
1805.5360331390846 0.999734103679657
1805.5568663003196 0.999582052230835
1805.5776994607158 0.9994718432426453
1805.5985326201999 0.9998744130134583
1805.6193657788317 0.999769926071167
1805.6401989365677 0.9996296167373657
1805.6610320934583 1.0000098943710327
1805.6818652494596 0.9999414086341858
1805.7026984046315 0.9996597766876221
1805.7235315589007 0.9999136924743652
1805.744364712356 1.0001059770584106
1805.7651978649244 0.9998334050178528
1805.786031016665 1.0009139776229858
1805.806864167535 1.0010696649551392
1805.8276973175923 1.0013055801391602
1805.8485304667647 1.001623511314392
1805.8693636151397 1.0015735626220703
1805.8901967626355 1.0012450218200684
1805.911029909339 1.0021802186965942
1805.9318630551786 1.0018420219421387
1805.9526962002112 1.0017558336257935
1805.973529344395 1.0028352737426758
1805.9943624877862 1.0027520656585693
1806.0151956303139 1.0030293464660645
1806.0360287720641 1.0025975704193115
1806.0568619129697 1.0028892755508423
1806.0776950530856 1.0029221773147583
1806.0985281923638 1.0033951997756958
1806.1193613308599 1.0039048194885254
1806.1401944685063 1.0039201974868774
1806.1610276053884 1.004013180732727
1806.181860741426 1.00364089012146
1806.2026938767028 1.0042521953582764
1806.2235270111496 1.0038142204284668
1806.2443601448201 1.0047032833099365
1806.2651932776741 1.0050585269927979
1806.286026409766 1.004914402961731
1806.3068595410261 1.00479257106781
1806.3276926715375 1.004836082458496
1806.3485258012308 1.0051082372665405
1806.3693589301595 1.0051677227020264
1806.390192058284 1.0053937435150146
1806.411025185657 1.0053415298461914
1806.4318583122104 1.0054279565811157
1806.4526914380256 1.0053352117538452
1806.4735245630245 1.0054876804351807
1806.494357687289 1.005247950553894
1806.5151908107505 1.0060189962387085
1806.5360239334611 1.0061949491500854
1806.5568570553826 1.0058296918869019
1806.5776901765662 1.0059552192687988
1806.598523296944 1.0062751770019531
1806.6193564165972 1.0067564249038696
1806.6401895354575 1.006823182106018
1806.6610226535765 1.0068275928497314
1806.6818557709164 1.0066806077957153
1806.7026888875275 1.0070537328720093
1806.7235220033429 1.007229208946228
1806.7443551184424 1.0075416564941406
1806.765188232759 1.007549524307251
1806.7860213463432 1.007407307624817
1806.8068544591572 1.0078657865524292
1806.8276875712515 1.0079184770584106
1806.8485206825587 1.0078706741333008
1806.8693537931588 1.0080770254135132
1806.8901869029748 1.0077635049819946
1806.9110200120865 1.0084022283554077
1806.931853120427 1.0079154968261719
1806.9526862280554 1.0082271099090576
1806.9735193349054 1.0086249113082886
1806.994352441056 1.0089906454086304
1807.0151855464312 1.0086314678192139
1807.0360186511093 1.0085833072662354
1807.0568517550246 1.0087826251983643
1807.0776848582254 1.0094423294067383
1807.0985179606757 1.0092523097991943
1807.119351062424 1.009589433670044
1807.1401841634045 1.0093191862106323
1807.1610172636952 1.009778618812561
1807.1818503632305 1.0092161893844604
1807.2026834620585 1.0089951753616333
1807.2235165601437 1.0085246562957764
1807.2443496575333 1.0091149806976318
1807.2651827541627 1.0088015794754028
1807.286015850109 1.009312391281128
1807.3068489453071 1.008833646774292
1807.3276820398046 1.0094753503799438
1807.348515133566 1.00912606716156
1807.3693482266285 1.0095844268798828
1807.3901813189575 1.0091102123260498
1807.4110144106 1.0094038248062134
1807.4318475015011 1.0092226266860962
1807.4526805917076 1.0094739198684692
1807.4735136811846 1.0091934204101562
1807.494346769969 1.0094412565231323
1807.5151798580264 1.0099663734436035
1807.5360129454032 1.0092684030532837
1807.5568460320349 1.0089805126190186
1807.5776791179978 1.0087727308273315
1807.5985122032278 1.009819746017456
1807.6193452877708 1.009352684020996
1807.6401783715928 1.0093038082122803
1807.66101145474 1.0096266269683838
1807.681844537148 1.0098745822906494
1807.702677618893 1.0094377994537354
1807.723510699911 1.0087549686431885
1807.7443437802472 1.0089192390441895
1807.7651768598687 1.009394645690918
1807.7860099388204 1.0093994140625
1807.806843017039 1.0091346502304077
1807.8276760945996 1.0089473724365234
1807.8485091714388 1.0092062950134277
1807.8693422476015 1.0090550184249878
1807.890175323055 1.008746862411499
1807.911008397844 1.0090051889419556
1807.931841471905 1.0088720321655273
1807.9526745453136 1.008368730545044
1807.9735076180057 1.0084435939788818
1808.0151737613432 1.0088622570037842
1808.0360068319906 1.0087469816207886
1808.056839901935 1.0085242986679077
1808.0776729712218 1.008478045463562
1808.0985060397973 1.0085359811782837
1808.1193391077063 1.0085841417312622
1808.1401721749162 1.0084903240203857
1808.1610052414615 1.0083122253417969
1808.1818383073087 1.0086536407470703
1808.202671372503 1.0083186626434326
1808.2235044369809 1.008050799369812
1808.2443375008168 1.0074031352996826
1808.2651705639485 1.0081181526184082
1808.2860036264199 1.0078684091567993
1808.3068366881985 1.0077478885650635
1808.327669749328 1.0076899528503418
1808.3485028097564 1.0076936483383179
1808.3693358695268 1.0075989961624146
1808.3901689286079 1.007301926612854
1808.411001987043 1.0072202682495117
1808.4318350447697 1.0070295333862305
1808.4526681018617 1.0069879293441772
1808.4735011582568 1.0068352222442627
1808.494334213999 1.0068728923797607
1808.5151672690558 1.0067731142044067
1808.5360003234607 1.0062083005905151
1808.5568333771819 1.0063586235046387
1808.5776664302625 1.0061436891555786
1808.5984994826408 1.0059843063354492
1808.6193325343897 1.006096363067627
1808.640165585448 1.0058789253234863
1808.6609986358683 1.0057059526443481
1808.6818316855893 1.0054385662078857
1808.7026647346836 1.0055630207061768
1808.7234977830797 1.00523841381073
1808.744330830851 1.004867672920227
1808.7651638779353 1.0043911933898926
1808.7859969243857 1.004675269126892
1808.806829970141 1.0044325590133667
1808.8276630152736 1.0040539503097534
1808.848496059712 1.0041229724884033
1808.8693291035293 1.0040171146392822
1808.8901621466641 1.0035216808319092
1808.9109951891687 1.0033940076828003
1808.931828230982 1.0029160976409912
1808.9526612721768 1.0025500059127808
1808.9734943126914 1.0028393268585205
1808.9943273525685 1.002466082572937
1809.015160391777 1.0020747184753418
1809.0359934303592 1.001720666885376
1809.0568264682543 1.0012959241867065
1809.0776595055343 1.0007010698318481
1809.098492542138 1.000756859779358
1809.1193255781081 1.0003000497817993
1809.1401586134136 0.9994109272956848
1809.1609916480966 1.0002859830856323
1809.181824682096 1.000414252281189
1809.202657715484 0.9992275834083557
1809.2234907481898 0.999154269695282
1809.2443237802856 0.9997427463531494
1809.2651568117105 0.9992091655731201
1809.2859898425165 0.9989833831787109
1809.3068228726431 0.9988510608673096
1809.3276559021617 0.9988929033279419
1809.3484889310018 0.9984040260314941
1809.3693219592355 0.9980557560920715
1809.3901549868026 0.998386800289154
1809.4109880137537 0.9977453947067261
1809.4318210400295 0.9981452822685242
1809.4526540657007 0.9976592063903809
1809.4734870906975 0.997602105140686
1809.4943201150913 0.9973987936973572
1809.5151531388221 0.9974759221076965
1809.5359861619409 0.9960499405860901
1809.5568191843877 0.996624767780304
1809.5776522062336 0.9967543482780457
1809.598485227409 0.9964802861213684
1809.6193182479847 0.9959509968757629
1809.6401512679013 0.9961655139923096
1809.6609842872092 0.9959902167320251
1809.681817305849 0.9960094690322876
1809.7026503238917 0.9955891966819763
1809.7234833412772 0.9957718253135681
1809.7443163580467 0.995033323764801
1809.765149374171 0.9952056407928467
1809.78598238969 0.9947925806045532
1809.8068154045447 0.9953877925872803
1809.8276484188057 0.995193600654602
1809.8484814324136 0.9952482581138611
1809.8693144454087 0.995100200176239
1809.8901474577624 0.9947284460067749
1809.9109804695142 0.9949705600738525
1809.9318134806158 0.9939193725585938
1809.952646491107 0.9940868020057678
1809.9734795009588 0.9937406182289124
1809.9943125102116 0.9943797588348389
1810.0151455188065 0.9942840933799744
1810.0359785268136 0.9939141273498535
1810.056811534174 0.9939326643943787
1810.0776445409274 0.9937086701393127
1810.0984775470454 0.9940126538276672
1810.1193105525679 0.9936481714248657
1810.1401435574364 0.9940117597579956
1810.1609765617204 0.9939675331115723
1810.1818095653618 0.9938727617263794
1810.2026425684 0.993587851524353
1810.2234755708064 0.9939087629318237
1810.244308572621 0.9940974116325378
1810.2651415737857 0.9941134452819824
1810.2859745743694 0.9939970970153809
1810.3068075743145 0.9941369891166687
1810.3276405736597 0.9936891794204712
1810.3484735723775 0.9940953850746155
1810.3693065705072 0.9938568472862244
1810.3901395679907 0.9940293431282043
1810.410972564897 0.9942901134490967
1810.4318055611689 0.994350254535675
1810.4526385568442 0.9940491914749146
1810.4734715518969 0.9940272569656372
1810.4943045463644 0.994118332862854
1810.5151375402004 0.9941441416740417
1810.5359705334429 0.9942248463630676
1810.5568035260649 0.9947904348373413
1810.5776365181046 0.9946519732475281
1810.5984695095053 0.994497537612915
1810.6193025003354 0.9943169355392456
1810.6401354905377 0.994747519493103
1810.6609684801506 0.9943453073501587
1810.681801469147 0.9947718977928162
1810.7026344575654 0.9946169257164001
1810.7234674453491 0.9941577315330505
1810.744300432566 0.9943174719810486
1810.7651334191596 0.994465708732605
1810.7859664051678 0.994743287563324
1810.8067993905643 0.9945540428161621
1810.8276323753864 0.9946423172950745
1810.8484653595785 0.9948124289512634
1810.869298343208 0.99454265832901
1810.8901313262186 0.9944040179252625
1810.910964308658 0.9947261214256287
1810.9317972904705 0.9941583275794983
1810.9526302717227 0.9941968321800232
1810.9734632523498 0.9948217272758484
1810.9942962324185 0.9944348335266113
1811.0151292118733 0.9944239258766174
1811.0359621907612 0.9944202303886414
1811.0567951690268 0.9944533109664917
1811.077628146737 0.994526743888855
1811.0984611238366 0.9941926002502441
1811.1192941003626 0.9949877262115479
1811.1401270762897 0.9945467114448547
1811.1609600516545 0.9944557547569275
1811.1817930264021 0.9942188262939453
1811.202626000599 0.9943967461585999
1811.2234589741906 0.9945421814918518
1811.2442919472132 0.9946464896202087
1811.2651249196424 0.9944577217102051
1811.285957891514 0.9942112565040588
1811.306790862774 0.9948000311851501
1811.3276238334884 0.9947932362556458
1811.3484568036029 0.9946554899215698
1811.3692897731632 0.994859516620636
1811.3901227421159 0.9945082068443298
1811.4109557105264 0.9944982528686523
1811.431788678341 0.9949763417243958
1811.452621645595 0.994641900062561
1811.473454612265 0.995242714881897
1811.4942875783868 0.9948503375053406
1811.5151205439065 0.9949023127555847
1811.5359535088896 0.9944509267807007
1811.556786473283 0.9954105615615845
1811.5776194371313 0.9952471256256104
1811.5984524003823 0.995495617389679
1811.6192853631005 0.9955029487609863
1811.6401183252333 0.9954130053520203
1811.6609512868154 0.9956440329551697
1811.681784247824 0.9956589937210083
1811.7026172082944 0.9954562187194824
1811.723450168174 0.9956008791923523
1811.7442831275268 0.9948890805244446
1811.7651160863013 0.9949340224266052
1811.7859490445417 0.9950772523880005
1811.8067820021956 0.995639979839325
1811.8276149593278 0.99563068151474
1811.8484479158765 0.9960792064666748
1811.8692808719056 0.9959489703178406
1811.8901138273636 0.9962993860244751
1811.9109467822946 0.9960898160934448
1811.9317797366468 0.9961755871772766
1811.9526126904846 0.99623703956604
1811.9734456437566 0.9966164231300354
1811.9942785964965 0.9967206120491028
1812.0151115486838 0.9969591498374939
1812.0359445003512 0.9967882633209229
1812.0567774514489 0.9968863725662231
1812.0776104020395 0.9969803690910339
1812.0984433520734 0.9969515800476074
1812.1192763015933 0.9971969723701477
1812.1401092505496 0.997359037399292
1812.1609421990042 0.997363269329071
1812.1817751469084 0.9975065588951111
1812.2026080942944 0.9974837899208069
1812.2234410411434 0.9978022575378418
1812.244273987487 0.9979583024978638
1812.265106933277 0.9977902173995972
1812.285939878575 0.9980326890945435
1812.3067728233325 0.9980745315551758
1812.3276057675814 0.9977928996086121
1812.3484387113037 0.9983463287353516
1812.3692716545308 0.9983298778533936
1812.3901045972254 0.9982908964157104
1812.410937539418 0.9982020258903503
1812.431770481092 0.998665452003479
1812.4526034222777 0.9989117980003357
1812.473436362929 0.9987764954566956
1812.5151022427629 0.9986290335655212
1812.535935181939 0.9988220930099487
1812.5567681205894 0.9987845420837402
1812.5776010587736 0.9986217617988586
1812.5984339964368 0.9989920258522034
1812.6192669336378 0.9987646341323853
1812.6400998703327 0.9999222755432129
1812.66093280656 1.000232458114624
1812.6817657422757 1.0003345012664795
1812.7025986775388 1.0002986192703247
1812.7234316123058 1.0003795623779297
1812.7442645466049 1.0005489587783813
1812.7650974804235 1.0001282691955566
1812.785930413789 1.0003846883773804
1812.8067633466594 1.0003653764724731
1812.8275962790924 1.0003750324249268
1812.8484292110466 1.0002018213272095
1812.8692621425587 1.0001604557037354
1812.890095073588 1.0007871389389038
1812.9109280041912 1.0008704662322998
1812.931760934328 1.0006120204925537
1812.9525938640247 1.0009276866912842
1812.9734267932724 1.00101900100708
1812.994259722096 1.001549243927002
1813.015092650468 1.0015956163406372
1813.0359255784122 1.0016518831253052
1813.0567585059223 1.001793384552002
1813.077591433022 1.0018560886383057
1813.0984243596756 1.0021321773529053
1813.119257285936 1.0021471977233887
1813.1400902117687 1.0023086071014404
1813.1609231371956 1.0024324655532837
1813.1817560622137 1.0027093887329102
1813.2025889868448 1.0033636093139648
1813.223421911066 1.0033798217773438
1813.2442548348986 1.0033433437347412
1813.2650877583412 1.0037938356399536
1813.2859206814142 1.0037249326705933
1813.3067536040876 1.0036489963531494
1813.3275865264113 1.0031098127365112
1813.348419448356 1.0037912130355835
1813.369252369951 1.0039292573928833
1813.390085291169 1.00356924533844
1813.4109182120576 1.0038434267044067
1813.4317511325917 1.003300666809082
1813.4525840527879 1.0044959783554077
1813.4734169726523 1.0048545598983765
1813.494249892201 1.0043894052505493
1813.5150828114217 1.0044296979904175
1813.5359157303294 1.0046319961547852
1813.556748648934 1.0044465065002441
1813.5775815672494 1.0041548013687134
1813.5984144852569 1.0045877695083618
1813.6192474029997 1.0045316219329834
1813.6400803204617 1.004828929901123
1813.660913237654 1.0042099952697754
1813.6817461545936 1.0053364038467407
1813.70257907129 1.004973292350769
1813.7234119877426 1.0056571960449219
1813.74424490396 1.0056158304214478
1813.7650778199636 1.0056915283203125
1813.7859107357606 1.0064646005630493
1813.806743651346 1.00591242313385
1813.8275765667554 1.0064481496810913
1813.8484094819867 1.0062873363494873
1813.8692423970533 1.0068327188491821
1813.8900753119572 1.0064033269882202
1813.9109082267294 1.0061339139938354
1813.9317411413663 1.006548523902893
1813.9525740558972 1.0066906213760376
1813.973406970332 1.0069401264190674
1813.9942398846777 1.0071548223495483
1814.015072798949 1.007401943206787
1814.0359057131707 1.0076004266738892
1814.0567386273624 1.0075299739837646
1814.0775715415164 1.0076526403427124
1814.0984044556876 1.0072715282440186
1814.1192373698655 1.0076559782028198
1814.1400702840913 1.0074434280395508
1814.1609031983512 1.0078787803649902
1814.1817361127132 1.0086474418640137
1814.2025690271605 1.0096098184585571
1814.2234019417479 1.0096312761306763
1814.244234856455 1.0096606016159058
1814.265067771365 1.009814977645874
1814.2859006864537 1.0099034309387207
1814.3067336017832 1.0099029541015625
1814.3275665173544 1.0099201202392578
1814.3483994332403 1.010103702545166
1814.3692323494067 1.0103949308395386
1814.3900652659675 1.010543704032898
1814.4108981828836 1.0104256868362427
1814.4317311002615 1.0103816986083984
1814.4525640180557 1.01042640209198
1814.4733969364074 1.0105502605438232
1814.4942298552646 1.010331630706787
1814.5150627747535 1.0107359886169434
1814.5358956948457 1.0108070373535156
1814.5567286156852 1.0102039575576782
1814.5775615372152 1.010998249053955
1814.5983944595996 1.0107438564300537
1814.619227382793 1.0109368562698364
1814.6400603069817 1.0109323263168335
1814.6608932320903 1.0111688375473022
1814.681726158331 1.0111676454544067
1814.7025590856367 1.011269211769104
1814.7233920142485 1.0111881494522095
1814.7442249440667 1.0113571882247925
1814.7650578753648 1.0116933584213257
1814.7858908080495 1.0118257999420166
1814.8067237424304 1.0123839378356934
1814.8275566783684 1.0118250846862793
1814.848389616244 1.0118743181228638
1814.8692225559 1.0121217966079712
1814.8900554977322 1.0120240449905396
1814.910888441594 1.012093424797058
1814.9317213879303 1.0119342803955078
1814.9525543365523 1.0124626159667969
1814.9733872879576 1.0123155117034912
1814.9942202419536 1.011857032775879
1815.0150531990914 1.0130655765533447