1955.8197101702428 1.0005979537963867
1955.8405431622082 1.001082181930542
1955.8613761529325 1.0010125637054443
1955.882209142244 1.0001461505889893
1955.9030421302425 1.0003572702407837
1955.9238751168073 1.0004035234451294
1955.944708102031 1.0004581212997437
1955.9655410858186 1.0009583234786987
1955.9863740682629 1.0009913444519043
1956.007207049291 1.0005338191986084
1956.028040028995 1.0004240274429321
1956.0488730073203 1.000746250152588
1956.0697059843656 1.0006368160247803
1956.0905389600716 1.0003043413162231
1956.1113719345337 1.0008138418197632
1956.1322049077248 1.001030683517456
1956.1530378797263 1.000736117362976
1956.17387085052 1.0006917715072632
1956.194703820183 1.000295639038086
1956.2155367887046 1.001018762588501
1956.2363697561584 1.0007420778274536
1956.2572027225385 1.0007448196411133
1956.2780356879139 1.0007860660552979
1956.2988686522929 1.0007468461990356
1956.3197016157208 1.0006109476089478
1956.3405345782094 1.0007535219192505
1956.3613675398187 1.0012341737747192
1956.3822005005532 1.0008974075317383
1956.4030334604695 1.0006296634674072
1956.4238664195739 1.0010491609573364
1956.4446993779181 1.0008000135421753
1956.4655323355107 1.0007599592208862
1956.4863652923991 1.0007742643356323
1956.5071982485933 1.0003231763839722
1956.5280312041475 1.0002992153167725
1956.5488641590516 1.0008149147033691
1956.5696971133566 1.00054132938385
1956.5905300670731 1.0011065006256104
1956.6113630202394 1.0012991428375244
1956.6321959728664 1.0010852813720703
1956.6530289249888 1.0008749961853027
1956.673861876618 1.0009922981262207
1956.6946948277862 1.000608205795288
1956.715527778515 0.9999979734420776
1956.7363607288137 1.0004273653030396
1956.7571936787044 0.9999754428863525
1956.7780266282134 1.0004547834396362
1956.7988595773536 1.0004457235336304
1956.8196925261486 0.9999563097953796
1956.8405254746115 0.999739408493042
1956.8613584227635 1.0003712177276611
1956.882191370618 1.0001335144042969
1956.9030243181944 1.0004230737686157
1956.923857265506 1.0009791851043701
1956.94469021257 0.9999642968177795
1956.9655231594 0.9995984435081482
1956.986356106021 0.9991432428359985
1957.0071890524277 1.000244379043579
1957.0280219986428 0.9992945194244385
1957.0488549446802 1.0002037286758423
1957.0696878905524 1.0000088214874268
1957.0905208362733 0.9995428919792175
1957.1113537818526 0.9995080232620239
1957.1321867273055 1.0000152587890625
1957.1530196726396 1.0004825592041016
1957.1738526178708 1.0000783205032349
1957.1946855630054 0.9997596740722656
1957.2155185080685 1.0005451440811157
1957.2363514530452 1.000605583190918
1957.257184397962 1.0001368522644043
1957.2780173428223 1.0002458095550537
1957.298850287642 0.9998261332511902
1957.3196832324234 1.0003242492675781
1957.3405161771827 1.000428318977356
1957.361349121922 1.0001976490020752
1957.3821820666572 1.0002467632293701
1957.4030150113886 1.0000784397125244
1957.4238479561327 1.000148892402649
1957.444680900889 1.000307559967041
1957.465513845674 1.0000519752502441
1957.4863467904963 0.999756395816803
1957.507179735353 1.0001260042190552
1957.5280126802506 1.0000169277191162
1957.5488456252076 0.99992835521698
1957.5696785702194 0.9998739361763
1957.590511515304 1.000404715538025
1957.6113444604564 1.0006099939346313
1957.6321774056946 1.0004968643188477
1957.6530103510136 1.000595211982727
1957.673843296431 1.0005851984024048
1957.6946762419507 1.0004032850265503
1957.7155091875704 1.0004687309265137
1957.7363421332943 1.0002186298370361
1957.7571750791399 1.0001819133758545
1957.7780080251 1.000322699546814
1957.7988409711932 0.9997782111167908
1957.8196739174105 1.000471591949463
1957.8405068637717 1.0003823041915894
1957.8613398102673 1.0007909536361694
1957.8821727569166 1.0002853870391846
1957.9030057037096 1.0005196332931519
1957.9238386506659 0.9997900128364563
1957.9446715977751 1.000428557395935
1957.965504545067 1.000154972076416
1957.98633749251 1.0001637935638428
1958.0071704401346 1.0010380744934082
1958.028003387929 1.000389575958252
1958.0488363359134 1.0003926753997803
1958.0696692840754 1.0005226135253906
1958.0905022324353 1.000776767730713
1958.1113351809809 1.000699758529663
1958.1321681297322 1.0005086660385132
1958.1530010786762 1.0006836652755737
1958.1738340278337 1.0008822679519653
1958.1946669771908 1.0005813837051392
1958.2154999267686 1.0005894899368286
1958.2363328765632 1.0000946521759033
1958.2571658265754 1.000204086303711
1958.2779987768006 1.000295639038086
1958.2988317272598 1.00075101852417
1958.3196646779386 1.0003894567489624
1958.3404976288584 1.000893235206604
1958.3613305800034 1.001416563987732
1958.3821635313955 1.0011249780654907
1958.4029964830188 1.000817894935608
1958.4238294348952 1.000849962234497
1958.4446623870085 1.0000501871109009
1958.4654953393806 1.0006176233291626
1958.4863282919948 1.0008515119552612
1958.5071612448735 1.0003126859664917
1958.52799419801 1.0001786947250366
1958.5488271514062 1.000685453414917
1958.5696601050547 1.001022458076477
1958.5904930589784 1.0007283687591553
1958.6113260131597 1.00101900100708
1958.632158967621 1.0004315376281738
1958.6529919223447 0.9999079704284668
1958.6738248773531 1.0008360147476196
1958.6946578326283 1.0006343126296997
1958.7154907881934 1.0007860660552979
1958.7363237440295 1.0007187128067017
1958.7571567001596 1.000851035118103
1958.7779896565655 1.0010063648223877
1958.7988226132702 1.0001851320266724
1958.8196555702643 1.0004571676254272
1958.8404885275515 1.0000596046447754
1958.8613214851118 1.0012860298156738
1958.8821544429998 1.0010377168655396
1958.902987401165 1.0011929273605347
1958.9238203596417 1.0013538599014282
1958.9446533184093 1.0010300874710083
1958.9654862774921 1.0012646913528442
1958.9863192368698 1.0004966259002686
1959.0071521965665 1.0009686946868896
1959.0279851565615 1.00077486038208
1959.048818116879 1.000777006149292
1959.0696510774985 1.0010182857513428
1959.0904840384442 1.000881552696228
1959.1113169996952 1.0007799863815308
1959.1321499612857 1.0005567073822021
1959.1529829231645 1.000847339630127
1959.1738158853866 1.001094102859497
1959.1946488479302 1.0011855363845825
1959.2154818108002 1.000984787940979
1959.2363147739845 1.0011481046676636
1959.2571477375088 1.000678300857544
1959.2779807013508 1.0010228157043457
1959.2988136655351 1.0002663135528564
1959.3196466300403 1.0004209280014038
1959.3404795948907 1.000389575958252
1959.3613125600648 1.0012081861495972
1959.3821455255875 1.0009045600891113
1959.4029784914364 1.0003352165222168
1959.4238114576367 1.000359296798706
1959.444644424166 1.000744104385376
1959.4654773910495 1.000319480895996
1959.4863103582745 1.0004265308380127
1959.5071433258465 1.000339150428772
1959.5279762937523 1.0009686946868896
1959.548809262008 1.0009347200393677
1959.5696422306203 1.0006035566329956
1959.590475199585 1.000390648841858
1959.6113081688882 1.0000896453857422
1959.6321411385563 1.0004724264144897
1959.652974108566 1.0009888410568237
1959.673807078943 1.0009078979492188
1959.6946400496636 1.0010201930999756
1959.7154730207535 1.0008256435394287
1959.7363059921895 1.0003300905227661
1959.7571389639977 1.0002259016036987
1959.777971936154 1.0003035068511963
1959.7988049086848 1.0001782178878784
1959.8196378815655 1.0000054836273193
1959.840470854823 1.000795602798462
1959.861303828433 1.0004817247390747
1959.882136802432 1.0003849267959595
1959.9029697767749 1.0004807710647583
1959.9238027514991 1.00003981590271
1959.9446357265797 0.9997645020484924
1959.9654687020436 1.0004780292510986
1959.9863016778659 1.0001540184020996
1960.007134654073 1.0004922151565552
1960.027967630641 1.000677466392517
1960.0488006075957 1.0005794763565063
1960.0696335849132 1.0004409551620483
1960.0904665626194 1.00032639503479
1960.11129954069 1.0004684925079346
1960.1321325191516 1.0006959438323975
1960.1529654979795 1.0004198551177979
1960.1737984772 0.9999321699142456
1960.1946314567883 1.0002886056900024
1960.2154644367718 1.0008764266967773
1960.2362974171247 1.0008169412612915
1960.2571303978843 1.0011346340179443
1960.277963379005 1.0004839897155762
1960.2987963605144 1.0006030797958374
1960.3196293424166 1.0002261400222778
1960.3404623247093 1.0000042915344238
1960.3612953073764 1.0001728534698486
1960.3821282904453 1.0006600618362427
1960.4029612738907 1.0009757280349731
1960.4237942577397 1.0005027055740356
1960.4446272419666 1.0002764463424683
1960.4654602265987 1.0005556344985962
1960.4862932116105 1.0007625818252563
1960.507126197029 1.000877857208252
1960.5279591828287 1.0004832744598389
1960.548792169037 1.0007764101028442
1960.5696251556274 1.000264048576355
1960.5904581426282 1.0003739595413208
1960.6112911300131 1.0001766681671143
1960.6321241178098 1.0005570650100708
1960.6529571060016 1.00084388256073
1960.6737900945868 1.000491976737976
1960.694623083569 1.000024676322937
1960.7154560729762 1.0006049871444702
1960.7362890627614 1.000431776046753
1960.7571220529628 1.0009071826934814
1960.7779550435541 0.9999663233757019
1960.7987880345634 1.000626564025879
1960.8196210259634 0.9998481273651123
1960.8404540177828 1.0008925199508667
1960.8612870099944 1.0004290342330933
1960.8821200026268 0.9998798966407776
1960.902952995653 1.0001587867736816
1960.9237859891016 1.0006613731384277
1960.9446189829448 0.9996305108070374
1960.9654519772116 0.9998598694801331
1960.9862849718747 1.000594139099121
1961.0071179669628 0.999809205532074
1961.0279509624486 1.0003626346588135
1961.0487839583604 1.000257134437561
1961.0696169546713 0.9998374581336975
1961.0904499514097 1.0004154443740845
1961.1112829485583 1.0006611347198486
1961.1321159461156 1.0004075765609741
1961.1529489440843 0.9997026324272156
1961.1737819424834 1.0002013444900513
1961.194614941295 1.0002853870391846
1961.215447940528 1.0003899335861206
1961.2362809401648 1.0000567436218262
1961.2571139402344 1.0004117488861084
1961.2779469407092 1.0006581544876099
1961.2987799416178 1.0007177591323853
1961.3196129429327 1.0001139640808105
1961.3404459446826 1.0008405447006226
1961.36127894684 0.9999430179595947
1961.3821119494341 1.0001745223999023
1961.4029449524367 0.9999387264251709
1961.4237779558766 1.0007244348526
1961.4446109597266 1.0003340244293213
1961.4654439640153 1.0004934072494507
1961.486276968715 0.9999485611915588
1961.5071099738545 0.9999962449073792
1961.527942979406 1.0001671314239502
1961.5487759853988 0.9998170733451843
1961.569608991805 0.9999629855155945
1961.5904419986534 1.0002559423446655
1961.6112750059158 1.0006219148635864
1961.632108013622 0.9998652935028076
1961.6529410217436 1.0005286931991577
1961.6737740303097 0.999943196773529
1961.6946070393024 1.0008916854858398
1961.7154400487207 1.0002789497375488
1961.7362730585667 1.0001499652862549
1961.7571060688697 0.9999588131904602
1961.7779390795813 1.0004853010177612
1961.7987720907408 1.0002907514572144
1961.81960510232 1.000527024269104
1961.8404381143487 1.0000865459442139
1961.861271126798 0.9999701380729675
1961.8821041396977 1.0005273818969727
1961.902937153019 1.000227451324463
1961.9237701667919 0.999873697757721
1961.9446031809875 1.0000020265579224
1961.9654361956357 0.9999945759773254
1961.9862692107079 0.9998199939727783
1962.0071022262334 1.0004137754440308
1962.027935242184 0.9999179840087891
1962.0487682585895 1.0001293420791626
1962.0696012754208 0.9998947978019714
1962.0904342927079 0.9997785091400146
1962.111267310422 1.0009220838546753
1962.132100328593 1.0003057718276978
1962.152933347192 1.0002084970474243
1962.1737663662489 1.000106930732727
1962.1945993857346 1.0002857446670532
1962.2154324056798 0.9999951720237732
1962.2362654260548 1.000162124633789
1962.25709844689 0.9999948740005493
1962.277931468156 1.0003383159637451
1962.2987644898835 1.0003578662872314
1962.319597512043 0.9998244643211365
1962.3404305346648 1.0005772113800049
1962.3612635577197 1.0001951456069946
1962.3820965812376 0.9996978044509888
1962.4029296051997 0.9997645020484924
1962.4237626296165 0.999695360660553
1962.444595654468 1.0003197193145752
1962.465428679785 1.0000323057174683
1962.486261705538 1.0009849071502686
1962.507094731758 1.0002211332321167
1962.5279277584145 1.0003145933151245
1962.5487607855391 0.9998656511306763
1962.5695938131012 0.9998582005500793
1962.5904268411323 1.0004432201385498
1962.6112598696025 1.0000911951065063
1962.6320928985424 1.0001182556152344
1962.6529259279223 0.9997605681419373
1962.6737589577729 1.0002974271774292
1962.6945919880645 0.9998471140861511
1962.7154250188282 0.9998640418052673
1962.7362580500337 0.9994885921478271
1962.7570910817124 0.9997686147689819
1962.777924113834 0.999697744846344
1962.7987571464296 0.9996339678764343
1962.8195901794693 0.9998113512992859
1962.8404232129842 0.9997814297676086
1962.8612562469439 0.9998392462730408
1962.8820892813799 1.0002213716506958
1962.902922316262 0.9997662305831909
1962.9237553516214 0.9999649524688721
1962.9445883874275 0.999508798122406
1962.9654214237125 1.0004667043685913
1962.9862544604453 1.0001875162124634
1963.0070874976577 0.9997665286064148
1963.027920535319 1.0004390478134155
1963.0487535734608 0.9997298717498779
1963.069586612053 0.9995233416557312
1963.0904196511267 0.9994282722473145
1963.1112526906516 1.0000030994415283
1963.1320857306591 1.0003228187561035
1963.1529187711187 0.9997334480285645
1963.1737518120624 0.9992104172706604
1963.1945848534592 0.9996549487113953
1963.2154178953513 1.0000066757202148
1963.2362509376771 1.0000718832015991
1963.2570839804994 0.9996094107627869
1963.277917023787 0.9996809363365173
1963.2987500675517 1.0000431537628174
1963.319583111773 0.9998027682304382
1963.3404161564724 1.0002398490905762
1963.3612492016393 0.9999485015869141
1963.382082247306 1.000009298324585
1963.4029152934108 0.9987756013870239
1963.4237483400266 0.9999025464057922
1963.4445813870918 1.0001850128173828
1963.4654144346491 1.0001291036605835
1963.486247482667 0.9997182488441467
1963.507080531178 0.9993078708648682
1963.5279135801504 0.9989627599716187
1963.5487466296076 0.9998066425323486
1963.5695796795474 1.0000101327896118
1963.5904127299727 0.9996493458747864
1963.611245780862 0.9992856383323669
1963.632078832248 0.9997097253799438
1963.652911884099 1.0000174045562744
1963.6737449364482 1.0001057386398315
1963.6945779892635 0.999186635017395
1963.7154110425777 0.9992143511772156
1963.7362440963595 0.999302089214325
1963.7570771506419 1.000137209892273
1963.7779102053928 0.9995797276496887
1963.7987432606453 0.9992119073867798
1963.8195763163676 0.9991784691810608
1963.8404093725928 0.9997809529304504
1963.8612424292892 0.9997601509094238
1963.8820754864896 0.9988629221916199
1963.902908544162 0.9996361136436462
1963.9237416023402 0.9990718364715576
1963.944574660992 0.9995653629302979
1963.9654077201506 1.000044584274292
1963.9862407797837 0.999131441116333
1964.007073839925 0.9983446002006531
1964.0279069005423 0.999191164970398
1964.0487399616693 1.0003788471221924
1964.0695730232735 0.9995436072349548
1964.0904060853884 0.9988008141517639
1964.1112391479821 0.9990829229354858
1964.1320722110881 0.9988750219345093
1964.152905274674 0.9998524188995361
1964.1737383387735 0.9985640645027161
1964.194571403354 0.9983699321746826
1964.2154044684503 0.9989191293716431
1964.2362375340288 0.9993979334831238
1964.257070600124 0.9997220635414124
1964.2779036667032 0.999245285987854
1964.2987367338005 0.9989132881164551
1964.319569801383 0.9988936185836792
1964.3404028694856 0.9998006224632263
1964.3612359380747 0.9993310570716858
1964.382069007185 0.998368501663208
1964.4029020767834 0.9990490078926086
1964.423735146905 0.999630868434906
1964.444568217516 1.0002449750900269
1964.4654012886517 0.9986134767532349
1964.486234360278 0.9985032677650452
1964.5070674324309 0.998574435710907
1964.5279005050763 0.9992929697036743
1964.5487335782495 0.9993323683738708
1964.5695666519166 0.9993077516555786
1964.5903997261134 0.9985915422439575
1964.611232800806 0.9994926452636719
1964.6320658760299 0.9994491934776306
1964.652898951751 0.9992393255233765
1964.673732028005 0.998650312423706
1964.694565104758 0.9983896613121033
1964.7153981820459 0.9991961121559143
1964.7362312598345 0.9988194704055786
1964.7570643381596 0.999053955078125
1964.7778974169871 0.9988481998443604
1964.7987304963533 0.9981766939163208
1964.8195635762233 0.9992810487747192
1964.840396656634 0.9991579055786133
1964.8612297375503 0.998963475227356
1964.8820628190092 0.998712956905365
1964.9028959009759 0.9986158013343811
1964.9237289834869 0.9992163777351379
1964.9445620665074 0.998374879360199
1964.9653951500743 0.9976605772972107
1964.9862282341528 0.9981378316879272
1965.0070613187797 0.9985098838806152
1965.0278944039203 0.9991257786750793
1965.048727489611 0.9978301525115967
1965.0695605758176 0.9979756474494934
1965.090393662577 0.9984212517738342
1965.111226749854 0.9989399313926697
1965.132059837686 0.9986574053764343
1965.1528929260373 0.9979590773582458
1965.1737260149464 0.997776448726654
1965.194559104377 0.9985156655311584
1965.2153921943675 0.9993264079093933
1965.2362252848818 0.9982594847679138
1965.2570583759582 0.9981691837310791
1965.277891467561 0.998141884803772
1965.2987245597285 0.9985904097557068
1965.3195576524245 0.9982327818870544
1965.3403907456873 0.9981464743614197
1965.3612238394815 0.9977909922599792
1965.3820569338452 0.9989888668060303
1965.4028900287426 0.999642550945282
1965.423723124212 0.9981091618537903
1965.4445562202177 0.9979639649391174
1965.4653893167983 0.9975704550743103
1965.4862224139179 0.9981260299682617
1965.5070555116151 0.9984552264213562
1965.5278886098536 0.997954785823822
1965.5487217086732 0.9977887272834778
1965.5695548080366 0.9976152181625366
1965.590387907984 0.9981213808059692
1965.6112210084782 0.9978749752044678
1965.632054109559 0.9977719783782959
1965.65288721119 0.9976021647453308
1965.6737203134112 0.9979520440101624
1965.694553416185 0.9987759590148926
1965.715386519552 0.9989068508148193
1965.736219623475 0.9978411197662354
1965.757052727995 0.9983583688735962
1965.777885833074 0.9980666041374207
1965.7987189387532 0.9979758858680725
1965.8195520449945 0.9974685311317444
1965.84038515184 0.9976030588150024
1965.8612182592512 0.9986496567726135
1965.8820513672702 0.9972140192985535
1965.902884475858 0.9977379441261292
1965.9237175850574 0.9974151253700256
1965.9445506948298 0.9976673126220703
1965.9653838052177 0.9977497458457947
1965.986216916182 0.9985393285751343
1966.007050027766 0.9973092079162598
1966.0278831399303 0.9976596236228943
1966.0487162527186 0.9981999397277832
1966.0695493660915 0.9982069134712219
1966.0903824800926 0.9984117746353149
1966.1112155946819 0.9978825449943542
1966.1320487099044 0.9981663227081299
1966.1528818257198 0.9972453117370605
1966.1737149421729 0.9976061582565308
1966.194548059223 0.9975905418395996
1966.215381176916 0.99705970287323
1966.2362142952106 0.9982032179832458
1966.2570474141532 0.9976933598518372
1966.2778805337025 0.9983101487159729
1966.2987136539045 0.9980964660644531
1966.3195467747184 0.997746467590332
1966.340379896191 0.9980537295341492
1966.3612130182803 0.9983416199684143
1966.3820461410337 0.9974735975265503
1966.4028792643994 0.9979835748672485
1966.4237123884454 0.9978638887405396
1966.4445455131292 0.9982607960700989
1966.4653786384797 0.9982483386993408
1966.4862117644632 0.9971269369125366
1966.5070448911201 0.9980829358100891
1966.5278780184367 0.9983431100845337
1966.5487111464329 0.9980870485305786
1966.569544275075 0.9981177449226379
1966.5903774044039 0.998401939868927
1966.6112105343952 0.9981822967529297
1966.6320436650908 0.9982298612594604
1966.6528767964458 0.9981033802032471
1966.6737099285124 0.9983022212982178
1966.6945430612457 0.9983438849449158
1966.7153761946988 0.9983051419258118
1966.7362093288261 0.998383104801178
1966.7570424636817 0.9984796643257141
1966.7778755992188 0.997724711894989
1966.7987087354932 0.997423529624939
1966.8195418724576 0.9985591769218445
1966.8403750101684 0.9987072944641113
1966.8612081485776 0.996752142906189
1966.8820412877428 0.9982994198799133
1966.9028744276159 0.9987415671348572
1966.9237075682547 0.9984691739082336
1966.944540709611 0.9982218146324158
1966.9653738517432 0.9976286292076111
1966.986206994603 0.9986984729766846
1967.0070401382504 0.9985995292663574
1967.0278732826357 0.9983713626861572
1967.04870642782 0.9967591166496277
1967.0695395737528 0.9986064434051514
1967.0903727204975 0.9982413649559021
1967.1112058680023 0.998645544052124
1967.1320390163316 0.9981886744499207
1967.1528721654333 0.9976103901863098
1967.1737053153734 0.9984070062637329
1967.1945384660985 0.9973616003990173
1967.2153716176765 0.9978713989257812
1967.236204770053 0.998154878616333
1967.2570379232975 0.9980362057685852
1967.277871077355 0.9981136322021484
1967.2987042322968 0.9981234073638916
1967.3195373880665 0.997710645198822
1967.3403705447272 0.9983680248260498
1967.361203702242 0.9983920454978943
1967.3820368606857 0.9983793497085571
1967.4028700199808 0.9975088834762573
1967.4237031802038 0.9973509907722473
1967.4445363413156 0.9981659650802612
1967.465369503386 0.9988372325897217
1967.4862026663643 0.9971482157707214
1967.5070358303028 0.998088002204895
1967.527868995169 0.9975362420082092
1967.5487021610381 0.9986184239387512
1967.5695353278466 0.9980806708335876
1967.5903684956825 0.9973483085632324
1967.6112016644806 0.9979294538497925
1967.6320348343315 0.9986087083816528
1967.6528680051692 0.9983839392662048
1967.6737011770877 0.996852695941925
1967.6945343500183 0.9977220892906189
1967.7153675240593 0.9991308450698853
1967.7362006991395 0.9985044002532959
1967.757033875362 0.9983345866203308
1967.7778670526534 0.9979388117790222
1967.7987002311202 0.9984757304191589
1967.8195334106872 0.9985621571540833
1967.8403665914657 0.9984460473060608
1967.8611997733783 0.9978007674217224
1967.8820329565403 0.9972747564315796
1967.9028661408727 0.9982057809829712
1967.9236993264954 0.9985582828521729
1967.944532513327 0.9978322386741638
1967.9653657014928 0.9973156452178955
1967.986198890909 0.9981287121772766
1968.0070320817065 0.9993306398391724
1968.027865273798 0.9985545873641968
1968.0486984673219 0.9980056881904602
1968.0695316621873 0.9976499676704407
1968.0903648585388 0.9983525276184082
1968.1111980562723 0.9988459944725037
1968.1320312555606 0.998749315738678
1968.152864456295 0.9992395639419556
1968.173697658636 1.0000901222229004
1968.1945308624818 0.9991887807846069
1968.2153640679999 0.9990065693855286
1968.2361972750853 0.9988900423049927
1968.2570304839141 0.9988608360290527
1968.2778636943765 0.9992552399635315
1968.2986969066576 0.9994955658912659
1968.319530120643 0.9991079568862915
1969.2778603863553 1.0001062154769897
1969.2986936931427 0.9998845458030701
1969.3195269996343 1.0001024007797241
1969.3403603054837 0.9995275139808655
1969.3611936107316 1.0007034540176392
1969.3820269150663 1.0001152753829956
1969.4028602185458 0.9996452331542969
1969.4236935209 0.999934196472168
1969.4445268222003 1.0003966093063354
1969.4653601222194 1.0001015663146973
1969.486193421039 0.9995310306549072
1969.507026718474 0.999984860420227
1969.5278600146119 1.0001554489135742
1969.548693309306 1.0004827976226807
1969.5695266026478 0.9995057582855225
1969.5903598945135 0.9999332427978516
1969.6111931850157 1.0001262426376343
1969.632026474059 1.0001959800720215
1969.6528597617353 1.0002919435501099
1969.6736930479817 1.0000416040420532
1969.694526332889 0.9999552965164185
1969.715359616412 1.000504970550537
1969.7361928986384 1.0000301599502563
1969.7570261795374 0.9999302625656128
1969.777859459194 0.9998050928115845
1969.798692737588 1.000106930732727
1969.8195260147997 0.9999159574508667
1969.840359290818 0.999893069267273
1969.861192565719 0.9999679327011108
1969.882025839498 0.9998508095741272
1969.9028591122262 0.9998859167098999
1969.9236923839042 0.9998769760131836
1969.9445256545882 0.9999303221702576
1969.965358924313 0.9998604655265808
1969.9861921931104 0.9999802112579346
1970.007025460987 1.000063180923462
1970.0278587280209 0.9998663067817688
1970.048691994211 1.0002402067184448
1970.0695252596108 1.0002591609954834
1970.0903585242306 0.9999236464500427
1970.1111917881199 0.9997673034667969
1970.1320250512902 0.9999365210533142
1970.152858313787 0.9998600482940674
1970.173691575623 0.9996613264083862
1970.1945248368397 1.0000680685043335
1970.2153580974502 0.9999476075172424
1970.2361913574925 1.0005425214767456
1970.257024616981 1.000257134437561
1970.27785787595 1.000423789024353
1970.2986911344137 1.0004929304122925
1970.3195243923935 1.0001345872879028
1970.3403576499243 0.9999640583992004
1970.3611909070248 0.99977707862854
1970.3820241637093 0.9995090365409851
1970.402857420004 0.9992559552192688
1970.4236906759234 0.9991642236709595
1970.4445239314916 0.9998455047607422
1970.4653571867234 0.9997909665107727
1970.4861904416396 0.9999510049819946
1970.5070236962551 1.0001965761184692
1970.5278569505895 0.9999492764472961
1970.5486902046573 0.9997601509094238
1970.5695234584757 1.000223994255066
1970.5903567120597 0.9994751811027527
1970.611189965424 1.0003057718276978
1970.6320232185844 0.9988933205604553
1970.6528564715536 0.9991937279701233
1970.6736897243475 0.9991378784179688
1970.6945229769765 0.9994138479232788
1970.7153562294468 0.9995989799499512
1970.736189481788 0.9998061656951904
1970.7570227340057 0.9991093873977661
1970.777855986108 0.9991874694824219
1970.7986892381107 0.9994061589241028
1970.8195224900205 0.998903214931488
1970.8403557418535 0.9989912509918213
1970.8611889936144 0.9994329810142517
1970.8820222453203 0.9986175894737244
1970.9028554969739 0.9994760155677795
1970.9236887485927 0.9990406036376953
1970.9445220001787 0.9995365738868713
1970.9653552517489 0.9995911121368408
1970.9861885033038 0.9989486336708069
1971.0070217548612 0.9997919797897339
1971.0278550064209 0.9993181228637695
1971.0486882579899 1.0001314878463745
1971.0695215095873 1.0000531673431396
1971.0903547612206 0.9998164176940918
1971.1111880128876 0.9995102286338806
1971.132021264606 0.999517560005188
1971.1528545163728 0.9998608231544495
1971.1736877682058 0.9996548295021057
1971.1945210201006 0.9996945858001709
1971.2153542720762 0.9996926784515381
1971.236187524127 0.9997189044952393
1971.2570207762715 0.9991305470466614
1971.2778540285035 0.9993657469749451
1971.2986872808422 0.9999837875366211
1971.3195205332806 0.9991634488105774
1971.340353785838 0.9999039173126221
1971.3611870384964 0.9994785785675049
1971.3820202912948 0.9997270107269287
1971.4028535442155 0.9997314214706421
1971.4236867972775 0.9991023540496826
1971.444520050472 0.9994750022888184
1971.4653533038183 1.0000946521759033
1971.486186557307 0.9994052052497864
1971.507019810958 0.9996294379234314
1971.5278530647606 0.9992774128913879
1971.548686318735 0.9995888471603394
1971.5695195728701 0.9997928142547607
1971.5903528271865 0.999904990196228
1971.6111860816725 0.9993472099304199
1971.6320193363483 0.9993152618408203
1971.6528525912022 0.9996254444122314
1971.673685846244 0.9997297525405884
1971.6945191014822 0.999721109867096
1971.7153523569268 1.0001717805862427
1971.736185612565 0.9996501803398132
1971.7570188684174 0.9997511506080627
1971.7778521244707 0.9991191029548645
1971.798685380746 0.9999386668205261
1971.8195186372293 1.0001517534255981
1971.8403518939417 1.0000261068344116
1971.8611851508686 0.9995673298835754
1971.8820184080319 0.9996384382247925
1971.9028516654162 0.9995564222335815
1971.9236849230433 1.000002145767212
1971.9445181808978 0.9998851418495178
1971.9653514389913 0.9995189905166626
1971.9861846973283 0.9994869828224182
1972.007017955921 0.9997538328170776
1972.0278512147527 0.9997457265853882
1972.0486844738457 0.9996271729469299
1972.0695177331836 1.0003094673156738
1972.0903509927887 0.9996469020843506
1972.1111842526439 0.9998798966407776
1972.1320175127717 0.9997717142105103
1972.1528507731548 1.0001527070999146
1972.173684033816 0.9997887015342712
1972.1945172947376 1.0003496408462524
1972.2153505559322 1.0003907680511475
1972.2361838174022 1.0002350807189941
1972.25701707916 0.9999293684959412
1972.277850341188 0.9998151063919067
1972.2986836035088 1.0007458925247192
1972.319516866104 1.000102162361145
1972.3403501289965 0.999755322933197
1972.361183392168 0.9994747638702393
1972.3820166556416 1.00025475025177
1972.4028499193982 1.0000524520874023
1972.4236831834612 1.0000476837158203
1972.4445164478109 1.0001498460769653
1972.4653497124714 0.9995440244674683
1972.486182977423 1.000111699104309
1972.5070162426791 0.9994776248931885
1972.52784950824 0.9998463988304138
1972.5486827741197 1.0002615451812744
1972.5695160402977 0.9997456073760986
1972.5903493067983 0.9996777772903442
1972.6111825736011 0.9998164176940918
1972.6320158407295 1.0001695156097412
1972.652849108164 0.9999597668647766
1972.6736823759281 0.9999332427978516
1972.6945156440013 1.000388503074646
1972.7153489124075 0.9997538924217224
1972.7361821811157 0.9996958374977112
1972.757015450171 0.9997286200523376
1972.7778487195412 1.000431776046753
1972.7986819892517 1.0002049207687378
1972.8195152592803 1.0001258850097656
1972.8403485296521 1.0007209777832031
1972.8611818003455 1.0002970695495605
1972.882015071385 0.9997528791427612
1972.902848342749 0.9999586939811707
1972.9236816144617 0.999944806098938
1972.944514886492 0.999771773815155
1972.9653481588944 1.0001415014266968
1972.9861814316168 1.0002609491348267
1973.007014704684 0.9999522566795349
1973.0278479780939 1.0000510215759277
1973.0486812518614 0.999860405921936
1973.0695145259642 0.9999496936798096
1973.0903478004277 1.0001733303070068
1973.1111810752284 1.0001673698425293
1973.1320143503926 0.9997320175170898
1973.152847625897 1.0000115633010864
1973.173680901767 0.999477744102478
1973.1945141779795 0.9993581175804138
1973.21534745456 0.9995461702346802
1973.2361807314758 0.9998313784599304
1973.2570140087719 1.0000114440917969
1973.2778472864154 0.9998457431793213
1973.2986805644316 0.9996833205223083
1973.3195138427975 0.999340832233429
1973.3403471215386 0.9999017715454102
1973.3611804006314 0.9999909400939941
1973.3820136801016 0.9999962449073792
1973.4028469599255 1.0000121593475342
1973.423680240129 1.0002655982971191
1973.4445135206886 0.9998012185096741
1973.46534680163 0.9996598958969116
1973.486180082919 0.9999722838401794
1973.507013364602 0.999582052230835
1973.5278466466448 0.999604344367981
1973.5486799290738 0.9997878670692444
1973.5695132118644 0.9998775720596313
1973.590346495043 0.9999743103981018
1973.6111797785852 0.999671995639801
1973.6320130625172 0.9992919564247131
1973.652846346815 0.9991821646690369
1973.6736796315045 1.0001153945922852
1973.694512916551 0.999755859375
1973.7153462020017 0.9992907643318176
1973.7361794878211 0.9995710253715515
1973.7570127740362 0.9995929002761841
1973.7778460606219 0.9997814297676086
1973.798679347605 1.00001859664917
1973.8195126349606 1.0002855062484741
1973.8403459227154 1.0001213550567627
1973.8611792108443 0.9998888969421387
1973.8820124993738 0.9996575117111206
1973.9028457882691 0.9995786547660828
1973.923679077587 0.9995866417884827
1973.944512367262 1.000008225440979
1973.9653456573515 0.9999561309814453
1973.9861789478193 0.9998766183853149
1974.0070122386933 0.9998502135276794
1974.0278455299474 1.0003560781478882
1974.048678821609 0.9995682835578918
1974.0695121136523 1.0000747442245483
1974.0903454061047 0.9998980164527893
1974.1111786989404 1.000004768371582
1974.1320119921866 0.9998926520347595
1974.1528452858074 0.999991238117218
1974.17367857985 1.0000357627868652
1974.194511874279 0.9996000528335571
1974.2153451691215 0.9999263882637024
1974.2361784643513 0.9994233846664429
1974.2570117599962 0.9999681115150452
1974.2778450560297 0.9996620416641235
1974.2986783524796 0.9996264576911926
1974.3195116493198 1.0000088214874268
1974.3403449465777 1.0002293586730957
1974.3611782442167 1.000030517578125
1974.3820115422852 0.9996989369392395
1974.4028448407464 0.9995285868644714
1974.4236781396282 0.9999938011169434
1974.4445114389039 0.999786376953125
1974.465344738601 0.9997875094413757
1974.4861780386939 0.9998627305030823
1974.5070113392096 0.9997386336326599
1974.5278446401219 0.9997786283493042
1974.5486779414584 1.0004205703735352
1974.5695112431827 0.9994041919708252
1974.5903445453428 0.9993707537651062
1974.6111778479017 1.0004624128341675
1974.6320111508874 1.0003328323364258
1974.652844454273 0.999895453453064
1974.6736777580868 0.9999445676803589
1974.694511062302 1.0001945495605469
1974.7153443669463 0.9999924302101135
1974.7361776719931 1.0002782344818115
1974.7570109774701 0.9995880722999573
1974.7778442833408 0.9992308616638184
1974.7986775896532 0.9999023079872131
1974.81951089637 1.0004940032958984
1974.8403442035196 0.999556303024292
1974.8611775110749 0.9994912147521973
1974.8820108190644 1.0003337860107422
1974.9028441274604 0.9999130368232727
1974.9236774362914 0.9994441270828247
1974.9445107455301 0.9990965723991394
1974.9653440551951 0.9998546838760376
1974.9861773652892 1.0000911951065063
1975.0070106758003 0.9999769926071167
1975.0278439867316 0.9996641874313354
1975.0486772981008 1.0003340244293213
1975.069510609881 0.9996625185012817
1975.0903439221008 0.9996975660324097
1975.1111772347324 0.9989868998527527
1975.1320105478044 0.9997068047523499
1975.1528438612793 1.000461220741272
1975.173677175206 1.0004216432571411
1975.1945104895462 0.9997695088386536
1975.2153438043294 0.999517023563385
1975.236177119527 0.9995984435081482
1975.2570104351685 0.9998816251754761
1975.2778437512256 0.9998697638511658
1975.2986770677276 0.9999457001686096
1975.3195103846463 0.9995330572128296
1975.3403437020104 1.000111699104309
1975.3611770197822 1.0002292394638062
1975.3820103380108 0.9988696575164795
1975.402843656658 0.9999147057533264
1975.4236769757526 0.9995162487030029
1975.444510295267 0.9995469450950623
1975.46534361523 0.9997426867485046
1975.4861769356135 0.9997013807296753
1975.5070102564464 0.9997221827507019
1975.5278435777007 0.9999729990959167
1975.5486768993956 0.9997416734695435
1975.5695102215227 0.9999764561653137
1975.5903435441014 0.9996309876441956
1975.611176867103 1.0003323554992676
1975.6320101905571 0.9997113943099976
1975.6528435144355 0.9999824166297913
1975.6736768387673 0.9997559785842896
1975.6945101635238 0.9996502995491028
1975.7153434887346 1.0001572370529175
1975.7361768143612 0.9999635815620422
1975.7570101404533 0.9994953274726868
1975.777843466972 1.000152349472046
1975.798676793947 1.0001003742218018
1975.819510121349 0.999604344367981
1975.8403434492084 1.0001581907272339
1975.8611767774962 0.9997674822807312
1975.8820101062422 0.999891459941864
1975.902843435407 0.999584972858429
1975.9236767650411 1.0000810623168945
1975.9445100951052 0.9996502995491028
1975.9653434256293 0.9999873638153076
1975.9861767565842 0.9999217391014099
1976.0070100879996 1.000144362449646
1976.027843419847 0.9994754195213318
1976.048676752156 0.999476969242096
1976.0695100848977 0.9995193481445312
1976.0903434181018 0.999903678894043
1976.1111767517293 0.9993641376495361
1976.1320100858304 0.9996369481086731
1976.1528434203658 1.00004243850708
1976.1736767553655 0.9996042847633362
1976.1945100908001 0.9999663829803467
1976.2153434267002 0.9993544220924377
1976.2361767630364 0.9998815655708313
1976.2570100998385 0.9996469616889954
1976.2778434370773 0.9993563294410706
1976.298676774773 0.9999108910560608
1976.3195101129165 1.000373125076294
1976.3403434515278 0.99948650598526
1976.3611767905777 0.9992884993553162
1976.3820101300962 1.000091552734375
1976.4028434700538 1.0000851154327393
1976.4236768104813 1.000076413154602
1976.4445101513488 1.0005286931991577
1976.465343492687 0.9995164275169373
1976.4861768344558 0.9995595216751099
1976.5070101767062 0.9999279379844666
1976.5278435193986 0.9997462034225464
1976.548676862563 0.9994538426399231
1976.5695102061702 0.9998868703842163
1976.5903435502503 0.999687910079956
1976.611176894774 1.0002272129058838
1976.632010239772 0.9999368190765381
1976.652843585214 0.9997943639755249
1976.6736769311208 1.000474214553833
1976.694510277483 1.0000505447387695
1976.715343624321 0.9995542168617249
1976.736176971605 0.9999637603759766
1976.7570103193657 0.9997216463088989
1976.777843667573 1.0002427101135254
1976.7986770162581 0.9995203018188477
1976.819510365381 1.0001825094223022
1976.8403437149923 0.9999118447303772
1976.861177065052 0.999529242515564
1976.8820104155911 0.9997481107711792
1976.90284376658 0.9998095035552979
1976.923677118049 0.9997974038124084
1976.9445104699682 0.9999898076057434
1976.9653438223586 1.000264048576355
1976.98617717521 0.9999805092811584
1977.007010528544 1.00028657913208
1977.0278438823298 1.0001747608184814
1977.0486772365987 1.0002641677856445
1977.090343946526 1.0004411935806274
1977.1111773021853 1.0005688667297363
1977.1320106583298 1.0002918243408203
1977.152844014929 1.0007058382034302
1977.1736773720038 1.0000171661376953
1977.1945107295444 1.000003695487976
1977.2153440875718 1.0002923011779785
1977.2361774460558 0.9999856352806091
1977.2570108050272 1.0000622272491455
1977.2778441644562 1.0003764629364014
1977.298677524374 1.000365972518921
1977.3195108847501 1.0005985498428345
1977.340344245606 1.0004844665527344
1977.3611776069308 1.0009807348251343
1977.3820109687467 0.9999277591705322
1977.4028443310226 1.000179409980774
1977.4236776937905 0.9997839331626892
1977.4445110570193 1.0003875494003296
1977.4653444207406 1.0006654262542725
1977.4861777849142 1.0000407695770264
1977.5070111495918 1.0005383491516113
1977.5278445147321 1.0009753704071045
1977.5486778803672 0.999884307384491
1977.5695112464666 1.0004792213439941
1977.5903446130617 1.0006823539733887
1977.6111779801217 1.0003454685211182
1977.632011347679 1.0000463724136353
1977.6528447156918 1.0003794431686401
1977.673678084213 1.0000234842300415
1977.694511453201 1.0002224445343018
1977.7153448226882 1.0010454654693604
1977.7361781926431 1.0002119541168213
1977.7570115630986 1.0004372596740723
1977.777844934023 1.000244379043579
1977.798678305449 1.0008434057235718
1977.819511677335 1.0005301237106323
1977.840345049733 1.0006558895111084
1977.8611784226027 1.000664234161377
1977.882011795976 1.000408411026001
1977.9028451698216 1.0000300407409668
1977.923678544172 1.0001870393753052
1977.9445119189854 1.000177264213562
1977.9653452943153 1.0007914304733276
1977.9861786701197 1.0004687309265137
1978.007012046431 1.00037682056427
1978.027845423218 1.0002844333648682
1978.0486788005137 1.000040054321289
1978.0695121782862 1.0000901222229004
1978.0903455565683 1.0000475645065308
1978.1111789353185 1.0003833770751953
1978.1320123145895 1.000260829925537
1978.1528456943397 1.0005061626434326
1978.1736790746024 1.000446081161499
1978.1945124553454 1.0000702142715454
1978.2153458366022 1.0007834434509277
1978.2361792183403 1.000137209892273
1978.2570126005837 1.0003169775009155
1978.2778459833198 1.000421166419983
1978.2986793665727 1.0006661415100098
1978.3195127503093 1.0002491474151611
1978.340346134564 1.0005545616149902
1978.3611795193042 1.0000569820404053
1978.3820129045637 1.0007596015930176
1978.40284629031 1.0004124641418457
1978.4236796765667 1.000402808189392
1978.4445130633221 1.0003582239151
1978.4653464505996 1.0002543926239014
1978.4861798383668 1.0001548528671265
1978.5070132266576 1.0002896785736084
1978.5278466154393 1.0002639293670654
1978.5486800047368 1.0004878044128418
1978.5695133945364 1.0005652904510498
1978.5903467848634 1.000996470451355
1978.611180175684 1.0004242658615112
1978.6320135670335 1.000296711921692
1978.6528469588784 1.0004870891571045
1978.6736803512536 1.0002845525741577
1978.694513744126 1.0003618001937866
1978.7153471375202 1.0003252029418945
1978.7361805314233 1.000316858291626
1978.7570139258603 1.0000312328338623
1978.7778473207977 1.0003198385238647
1978.7986807162706 0.99983149766922
1978.8195141122453 0.9997758865356445
1978.8403475087578 1.000321388244629
1978.861180905774 0.9996639490127563
1978.8820143033195 1.0003503561019897
1978.9028477013806 0.9999712109565735
1978.923681099983 0.9995126724243164
1978.9445144990927 1.0000715255737305
1978.965347898746 1.000051498413086
1978.9861812989084 0.9999703168869019
1979.007014699606 1.0002849102020264
1979.0278481008252 0.9996169805526733
1979.0486815025918 1.0002118349075317
1979.0695149048715 1.0004971027374268
1979.0903483077009 0.9999458193778992
1979.1111817110452 1.0002344846725464
1979.1320151149419 1.0004982948303223
1979.1528485193558 1.000341534614563
1979.1736819243138 0.9998503923416138
1979.1945153298013 1.0002318620681763
1979.2153487358455 1.0003199577331543
1979.2361821424113 1.0001919269561768
1979.2570155495364 1.0007976293563843
1979.2778489571854 1.000038743019104
1979.2986823653955 0.9998772740364075
1979.3195157741225 1.0006271600723267
1979.3403491834235 1.0001673698425293
1979.3611825932533 0.9996892213821411
1979.3820160036498 1.0006393194198608
1979.4028494145778 1.0002516508102417
1979.4236828260753 1.000659465789795
1979.4445162381069 0.9998834133148193
1979.4653496507008 1.0003583431243896
1979.4861830638413 1.0001579523086548
1979.5070164775573 1.0007297992706299
1979.5278498918126 1.0007301568984985
1979.5486833066464 1.000136137008667
1979.5695167220226 1.0007332563400269
1979.5903501379698 1.0003232955932617
1979.611183554473 1.000226378440857
1979.6320169715607 1.0001964569091797
1979.6528503891966 1.0003265142440796
1979.6736838074207 1.0003788471221924
1979.6945172261965 1.0004171133041382
1979.715350645554 1.000191569328308
1979.7361840654764 1.0000580549240112
1979.757017485994 1.000171184539795
1979.7778509070697 1.0005431175231934
1979.7986843287447 1.0002108812332153
1979.8195177509813 1.0006850957870483
1979.840351173821 0.9996801018714905
1979.8611845972262 1.0001940727233887
1979.8820180212283 1.0002384185791016
1979.9028514458096 1.0002164840698242
1979.9236848710025 1.0004891157150269
1979.9445182967684 0.9998540282249451
1979.9653517231498 1.0004158020019531
1979.9861851501087 1.0007281303405762
1980.0070185776779 1.0001552104949951
1980.0278520058387 1.0001540184020996
1980.0486854346245 0.9997442364692688
1980.069518863996 0.9994990825653076
1980.0903522939977 1.0002918243408203
1980.1111857245903 0.999814510345459
1980.1320191558177 0.9998036026954651
1980.1528525876308 0.9999862313270569
1980.1736860200942 0.9999293684959412
1980.1945194531581 0.9999884366989136
1980.2153528868685 1.0001877546310425
1980.2361863211843 1.000178575515747
1980.257019756142 1.000177264213562
1980.277853191721 1.0001697540283203
1980.2986866279584 1.000687837600708
1980.3195200648127 1.000030755996704
1980.3403535023315 0.9997935891151428
1980.361186940473 0.9996971487998962
1980.3820203792861 1.0001342296600342
1980.4028538187283 1.000027060508728
1980.4236872588388 1.000095009803772
1980.4445206995952 1.0002610683441162
1980.4653541410369 1.0004937648773193
1980.4861875831216 1.0000883340835571
1980.5070210258993 1.0002200603485107
1980.5278544693272 1.000419020652771
1980.5486879134462 0.9998656511306763
1980.569521358233 1.0001962184906006
1980.5903548037297 1.0001733303070068
1980.611188249892 1.0000723600387573
1980.6320216967729 1.0002917051315308
1980.6528551443275 1.0002131462097168
1980.6736885926005 1.0000437498092651
1980.6945220415664 1.0005987882614136
1980.7153554912702 1.00001859664917
1980.7361889416661 1.0002679824829102
1980.75702239281 1.000080943107605
1980.7778558446564 1.0002254247665405
1980.798689297262 1.0006953477859497
1980.8195227505698 1.0001741647720337
1980.8403562046585 1.000029444694519
1980.8611896594705 1.0000308752059937
1980.882023115066 1.0005395412445068
1980.902856571396 1.0000985860824585
1980.9236900285223 1.0000962018966675
1980.9445234863854 1.0003207921981812
1980.9653569450686 0.9996022582054138
1980.9861904045117 1.0002299547195435
1981.0070238647795 0.9996625781059265
1981.0278573258208 1.0001678466796875
1981.048690787692 1.000083088874817
1981.0695242503614 1.0006837844848633
1981.0903577138877 1.0003825426101685
1981.1111911782173 1.0000932216644287
1981.132024643421 0.9999269247055054
1981.1528581094444 0.9997304081916809
1981.173691576361 1.0001466274261475
1981.194525044115 0.9999247193336487
1981.215358512772 0.9997606873512268
1981.2361919822943 0.999855637550354
1981.2570254527511 0.9997050166130066
1981.2778589240838 0.9995399117469788
1981.2986923963733 0.999462366104126
1981.31952586955 1.0001614093780518
1981.3403593437176 1.0003057718276978
1981.3611928188054 1.0001440048217773
1981.3820262949005 1.0002031326293945
1981.4028597719398 1.000450849533081
1981.4236932500141 0.9999823570251465
1981.4445267290494 1.0003230571746826
1981.4653602091596 1.000043272972107
1981.4861936902687 1.0000381469726562
1981.5070271724753 1.000063419342041
1981.5278606557108 1.000117301940918
1981.5486941400786 1.0002219676971436
1981.5695276255085 1.0002641677856445
1981.590361112098 1.0003758668899536
1981.6111945997943 1.0001163482666016
1981.6320280887012 1.00004243850708
1981.6528615787433 0.9997643828392029
1981.6736950700397 1.0005455017089844
1981.694528562512 0.9996405243873596
1981.7153620562763 1.0001124143600464
1981.7361955512715 1.0001245737075806
1981.75702904762 1.000622034072876
1981.7778625452377 0.9999917149543762
1981.798696044265 1.0003070831298828
1981.8195295446033 1.0001194477081299
1981.8403630464222 1.000104308128357
1981.8611965496198 1.0004686117172241
1981.8820300543537 0.9998787045478821
1981.9028635605282 1.0000145435333252
1981.923697068311 1.0002775192260742
1981.944530577592 1.0002477169036865
1981.96536408857 1.0001342296600342
1981.986197601129 1.0003763437271118
1982.0070311154602 0.9997409582138062
1982.0278646314532 1.0001990795135498
1982.0486981493107 1.0003234148025513
1982.0695316689066 1.0005239248275757
1982.0903651904778 1.000429391860962
1982.1111987138918 1.0006823539733887
1982.1320322393804 1.0002659559249878
1982.152865766814 1.0004332065582275
1982.1736992964397 1.0003224611282349
1982.1945328281106 0.9998825192451477
1982.2153663621102 1.0003046989440918
1982.2361998982835 1.0007251501083374
1982.2570334369093 1.000458002090454