1983.6537351758261 1.0007587671279907
1983.6745684852237 0.9983053207397461
1983.6954017940668 1.0016249418258667
1983.7162351023796 1.0010464191436768
1983.7370684101948 1.000683069229126
1983.757901717535 1.0006660223007202
1983.7787350244305 1.0003283023834229
1983.7995683309027 1.0009186267852783
1983.820401636978 1.0007078647613525
1983.8412349426778 1.0009433031082153
1983.8620682480155 1.0000299215316772
1983.8829015530418 0.9999209642410278
1983.9037348577472 1.0010067224502563
1983.9245681621617 1.0002319812774658
1983.9454014663033 1.000581979751587
1983.9662347701917 1.0012136697769165
1983.987068073833 1.0007896423339844
1984.0079013772652 0.9998940825462341
1984.0287346804926 1.0010530948638916
1984.0495679835337 1.0001728534698486
1984.0704012863998 0.9997721314430237
1984.0912345891093 1.0005289316177368
1984.112067891672 1.000952124595642
1984.1329011941054 0.9995769262313843
1984.1537344964179 0.9998898506164551
1984.1745677986269 1.0015314817428589
1984.195401100739 1.000511884689331
1984.2162344027715 0.9998352527618408
1984.237067704729 1.000601053237915
1984.2579010066293 1.0008162260055542
1984.2787343084756 0.9998704791069031
1984.299567610285 0.999976396560669
1984.3204009120602 1.0001496076583862
1984.3412342138174 0.9995570182800293
1984.3620675155582 0.9996582865715027
1984.3829008172995 1.0006462335586548
1984.4037341190412 1.0003924369812012
1984.4245674208003 0.9998863935470581
1984.4454007225754 1.000783085823059
1984.4662340243833 1.0004067420959473
1984.4870673262224 0.9995244145393372
1984.5079006281092 1.0001016855239868
1984.5287339300407 0.9998209476470947
1984.549567232034 0.998810887336731
1984.570400534085 1.0001640319824219
1984.5912338362104 1.0004585981369019
1984.612067138406 1.0002851486206055
1984.6329004406887 1.000210165977478
1984.6537337430527 1.0002707242965698
1984.6745670455152 1.0002121925354004
1984.6954003480698 0.999770998954773
1984.716233650734 1.000036597251892
1984.7370669535005 1.000538945198059
1984.7579002563868 0.999879002571106
1984.7787335593853 0.9997936487197876
1984.7995668625028 1.0005155801773071
1984.8204001657516 1.0005793571472168
1984.8412334691388 0.9994102120399475
1984.8620667726561 1.000325083732605
1984.8829000763305 0.9998694658279419
1984.9037333801227 0.9990809559822083
1984.9245666840804 0.9997178912162781
1984.9453999881837 1.0002577304840088
1984.9662332924504 0.9998176097869873
1984.98706659687 0.9993037581443787
1985.0078999014602 1.0003081560134888
1985.0287332062103 1.000610589981079
1985.049566511138 0.9999305605888367
1985.0703998162326 0.9999934434890747
1985.091233121511 0.9993115663528442
1985.1120664269627 0.9996892809867859
1985.132899732605 1.0005130767822266
1985.153733038426 1.0007320642471313
1985.1745663444437 1.0000439882278442
1985.1953996506463 0.9995781779289246
1985.2162329570513 1.0006779432296753
1985.2370662636463 0.9998268485069275
1985.2578995704491 0.998384416103363
1985.2787328774473 0.9994956254959106
1985.299566184659 1.0001991987228394
1985.3203994920705 0.9997307062149048
1985.3412327997005 1.0001239776611328
1985.3620661075352 1.000293493270874
1985.382899415593 0.9995563626289368
1985.4037327238607 0.9990575909614563
1985.4245660323556 1.0003207921981812
1985.4453993410546 0.9997920393943787
1985.4662326499954 0.9998548030853271
1985.4870659591543 0.9997023940086365
1985.5078992685496 1.0007922649383545
1985.5287325781667 1.0001518726348877
1985.5495658880243 1.0000325441360474
1985.5703991981072 0.999721109867096
1985.5912325084348 1.0001745223999023
1985.6120658189918 0.9997161030769348
1985.6328991297967 1.000080943107605
1985.6537324408341 0.9998639225959778
1985.6745657521235 0.9994091987609863
1985.695399063649 1.0000004768371582
1985.7162323754299 1.0001744031906128
1985.7370656874498 0.9997042417526245
1985.7578989997282 1.0000711679458618
1985.778732312249 1.0001922845840454
1985.7995656250316 0.9995436668395996
1985.8203989380597 0.9993406534194946
1985.8412322513527 0.9999710917472839
1985.862065564894 1.0003610849380493
1985.8828988787027 0.9994245767593384
1985.9037321927628 0.9998420476913452
1985.9245655070933 1.0001808404922485
1985.945398821678 0.9995902180671692
1985.9662321365356 1.0001137256622314
1985.9870654516396 0.9999415278434753
1986.00789876703 0.9993730783462524
1986.0287320826787 0.999866783618927
1986.0495653986065 0.9998248219490051
1986.0703987147954 0.9996702671051025
1986.0912320312652 0.998872697353363
1986.1120653479989 1.0004032850265503
1986.1328986650158 1.0001803636550903
1986.1537319822987 0.999908447265625
1986.1745652998673 1.0002143383026123
1986.1953986177039 1.000119924545288
1986.2162319358285 0.999604344367981
1986.2370652542234 0.9995490312576294
1986.2578985729085 1.000265121459961
1986.2787318918656 0.9998263120651245
1986.299565211115 0.9992679357528687
1986.3203985306386 1.0001853704452515
1986.3412318504563 1.0002180337905884
1986.3620651705503 0.9995833039283752
1986.3828984909408 0.9998306035995483
1986.4037318116088 1.0006916522979736
1986.4245651325753 0.9998321533203125
1986.4453984538113 0.9982040524482727
1986.4662317753673 1.000174880027771
1986.4870650971952 1.00007164478302
1986.5078984193246 0.9998653531074524
1986.5287317417271 1.0000206232070923
1986.5495650644434 1.0007961988449097
1986.5703983874444 0.9999184608459473
1986.591231710751 0.9996477961540222
1986.6120650343437 0.9999845027923584
1986.6328983582432 0.9998162388801575
1986.6537316824308 0.999649167060852
1986.674565006927 1.000119686126709
1986.6953983317128 1.0001437664031982
1986.7162316568085 1.000253438949585
1986.7370649821953 0.999850869178772
1986.7578983078936 0.9999384880065918
1986.7787316338843 0.999392569065094
1986.7995649601883 0.9999338984489441
1986.8203982867858 1.000052809715271
1986.8412316136978 0.9999051094055176
1986.862064940905 1.000233769416809
1986.882898268428 0.9999871253967285
1986.9037315962478 0.9997224807739258
1986.9245649243849 1.000212550163269
1986.9453982528194 1.0002985000610352
1986.9662315815726 0.9994555711746216
1986.9870649106147 0.9997437000274658
1987.0078982399868 1.0005810260772705
1987.0287315696594 1.0002156496047974
1987.049564899653 0.999470055103302
1987.0703982299478 0.9996581077575684
1987.0912315605651 1.0002614259719849
1987.112064891485 0.9996803402900696
1987.132898222729 0.9995890855789185
1987.1537315542762 0.999885618686676
1987.1745648861483 1.000278353691101
1987.1953982183252 0.9996342658996582
1987.216231550828 1.000234842300415
1987.237064883637 1.0001580715179443
1987.257898216773 0.9996705651283264
1987.2787315502155 0.9996476173400879
1987.2995648839867 0.9995148181915283
1987.3203982180655 0.9997866153717041
1987.3412315524743 0.9994804859161377
1987.3620648871913 0.9995627403259277
1987.382898222239 1.0003831386566162
1987.4037315575868 0.9997138977050781
1987.4245648932756 0.999898374080658
1987.445398229276 0.9999136328697205
1987.4662315656083 0.9994116425514221
1987.4870649022525 0.9993178248405457
1987.5078982392301 1.0000675916671753
1987.5287315765206 1.0002682209014893
1987.5495649141458 1.000244140625
1987.5703982520845 0.9996070861816406
1987.5912315903583 0.9995250105857849
1987.612064928947 0.9993287324905396
1987.632898267872 1.0005470514297485
1987.6537316071121 1.0001893043518066
1987.67456494669 0.9999604821205139
1987.695398286584 0.9994603991508484
1987.716231626816 0.9994294047355652
1987.7370649673653 0.9999991059303284
1987.7578983082435 1.000352144241333
1987.77873164946 1.0000396966934204
1987.799564991006 0.9998720288276672
1987.820398332861 0.9992581009864807
1987.8412316750669 0.9992377161979675
1987.8620650175922 1.0007200241088867
1987.8828983604592 0.9997366070747375
1987.9037317036466 1.0002142190933228
1987.9245650471762 0.998805046081543
1987.9453983910273 0.9991168975830078
1987.9662317352213 0.9995059967041016
1987.9870650797377 1.0002251863479614
1988.007898424598 1.0001753568649292
1988.0287317697807 0.9995641112327576
1988.0495651153083 1.0001249313354492
1988.0703984611594 1.0
1988.0912318073563 0.9995108842849731
1988.1120651538772 0.9998504519462585
1988.1328985007442 1.0002834796905518
1988.1537318479263 0.9988626837730408
1988.1745651954654 0.999489963054657
1988.1953985433306 0.9998858571052551
1988.2162318915532 1.000085473060608
1988.237065240082 0.9996289610862732
1988.2578985889695 1.0001161098480225
1988.278731938184 0.9998002648353577
1988.2995652877478 0.9992297291755676
1988.3203986376393 1.0003329515457153
1988.3412319878807 1.0002422332763672
1988.3620653384505 1.0004523992538452
1988.382898689371 0.9995880126953125
1988.4037320406205 1.00010347366333
1988.4245653922214 0.9998335838317871
1988.445398744152 1.0008726119995117
1988.4662320964346 0.999861478805542
1988.4870654490476 0.9995669722557068
1988.5078988020132 0.9995225667953491
1988.5287321553 0.9991437792778015
1988.54956550896 0.9994667768478394
1988.5703988629318 1.0001254081726074
1988.5912322172676 0.9999064803123474
1988.6120655719355 0.9991054534912109
1988.6328989269584 0.9991937279701233
1988.653732282314 1.0006158351898193
1988.674565638025 1.0000745058059692
1988.6953989940691 1.0002152919769287
1988.7162323504697 0.9996454119682312
1988.7370657072042 0.9998202919960022
1988.7578990642953 1.0002707242965698
1988.7787324217213 0.9999440908432007
1988.7995657795043 0.9998241066932678
1988.8203991376229 0.9993888735771179
1988.8412324960893 0.9997338056564331
1988.8620658549114 1.000017523765564
1988.8828992140723 0.9999052286148071
1988.9037325735794 0.9997411966323853
1988.9245659334458 0.9996733069419861
1988.9453992936492 0.9993879199028015
1988.9662326542127 1.0003163814544678
1988.9870660151134 1.000372290611267
1989.0078993763748 0.9996954798698425
1989.0287327379742 0.9994879364967346
1989.0495660999345 0.9997373223304749
1989.070399462234 1.0001295804977417
1989.0912328248949 0.9997849464416504
1989.112066187895 0.9994556307792664
1989.1328995512574 0.9996933341026306
1989.1537329149596 0.9988892078399658
1989.174566279025 0.8527965545654297
1989.1953996434306 0.99946129322052
1989.2162330081994 0.9996781945228577
1989.2370663732995 1.000318169593811
1989.2578997387736 1.0005301237106323
1989.2787331045893 1.0000184774398804
1989.2995664707696 0.9997860193252563
1989.320399837292 1.0004267692565918
1989.3412332041794 1.000266432762146
1989.3620665714095 0.999849259853363
1989.382899939006 1.0005440711975098
1989.403733306945 1.0001274347305298
1989.4245666752508 1.000056505203247
1989.4454000439002 1.000274896621704
1989.4662334129166 1.00053071975708
1989.4870667822772 1.0000611543655396
1989.5079001520057 0.999675989151001
1989.528733522079 1.0002753734588623
1989.5495668925103 1.0008623600006104
1989.570400263297 0.9998831152915955
1989.5912336344525 1.0002447366714478
1989.6120670059543 1.0005000829696655
1989.6329003778249 1.0004620552062988
1989.6537337500422 1.000390887260437
1989.6745671226295 1.000374674797058
1989.6954004955637 1.0000088214874268
1989.7162338688688 1.0001552104949951
1989.737067242521 1.0000410079956055
1989.7579006165447 1.0006746053695679
1989.7787339909164 0.999767005443573
1989.7995673656496 0.9994965195655823
1989.820400740752 1.0006434917449951
1989.8412341162061 1.000493049621582
1989.8620674920198 1.000226616859436
1989.8829008682062 1.000799536705017
1989.9037342447425 1.0002096891403198
1989.9245676216526 0.9998528957366943
1989.9454009989126 1.000427484512329
1989.9662343765467 1.000247836112976
1989.9870677545318 0.9997982978820801
1990.0079011328917 1.000073790550232
1990.028734511603 1.000497579574585
1990.0495678906896 1.000441074371338
1990.070401270128 1.0004959106445312
1990.0912346499324 1.0007227659225464
1990.1120680300994 1.0001541376113892
1990.1329014106432 1.0001071691513062
1990.1537347915398 1.0005115270614624
1990.1745681728135 1.000193476676941
1990.1954015544409 1.0000133514404297
1990.2162349364462 1.0001819133758545
1990.2370683188055 1.000279426574707
1990.2579017015437 1.0000371932983398
1990.2787350846363 1.000551462173462
1990.2995684681077 1.0000044107437134
1990.320401851935 0.9998430013656616
1990.3412352361415 0.9999805092811584
1990.3620686207046 1.0007035732269287
1990.3829020056473 1.0003724098205566
1990.4037353909368 1.000014305114746
1990.4245687766172 1.0003085136413574
1990.4454021626548 1.000436782836914
1990.466235549074 1.0000988245010376
1990.487068935851 0.9999607801437378
1990.50790232301 1.0011422634124756
1990.5287357105276 0.9999802708625793
1990.5495690984278 0.9998123049736023
1990.5704024866873 1.0005050897598267
1990.59123587533 1.0004823207855225
1990.6120692643324 1.0000234842300415
1990.632902653719 1.0005171298980713
1990.6537360434656 1.0006128549575806
1990.6745694335975 0.9992055892944336
1990.69540282408 0.9995607733726501
1990.716236214958 1.0007532835006714
1990.7370696061976 1.0003416538238525
1990.757902997823 0.9998674988746643
1990.7787363898112 1.0003302097320557
1990.799569782186 1.00059175491333
1990.8204031749235 0.9999226331710815
1990.8412365680485 1.000063419342041
1990.8620699615371 1.0005078315734863
1990.882903355414 1.0003207921981812
1990.9037367496553 0.9995562434196472
1990.9245701442853 1.0006028413772583
1990.9454035392705 1.0003067255020142
1990.966236934655 0.9995003342628479
1990.9870703304052 0.9999558329582214
1991.0079037265461 1.000582218170166
1991.0287371230531 0.9998713135719299
1991.0495705199512 1.0002529621124268
1991.0704039172165 1.000388264656067
1991.0912373148735 0.9998145699501038
1991.1120707128985 1.0001916885375977
1991.132904111316 1.0004163980484009
1991.153737510102 0.9993712306022644
1991.1745709092816 0.9999154210090637
1991.1954043088201 1.0010745525360107
1991.2162377087734 1.000115990638733
1991.2370711090762 0.9995835423469543
1991.2579045097843 1.0004992485046387
1991.2787379108631 1.0005587339401245
1991.2995713123378 0.9998447895050049
1991.3204047141842 1.000030279159546
1991.3412381164273 1.0005651712417603
1991.3620715190425 0.999518632888794
1991.3829049220556 0.9998675584793091
1991.4037383254415 1.0004948377609253
1991.4245717292263 1.0002185106277466
1991.4454051333848 0.999610185623169
1991.4662385379327 1.0002361536026
1991.4870719428652 1.0005100965499878
1991.5079053481982 0.9997141361236572
1991.5287387539067 1.0000332593917847
1991.5495721600169 1.0006614923477173
1991.570405566503 0.999645471572876
1991.5912389733915 0.9995861053466797
1991.6120723806573 1.0008548498153687
1991.6329057883263 0.9999523758888245
1991.6537391963739 0.9996161460876465
1991.674572604825 1.0005197525024414
1991.6954060136457 1.000549077987671
1991.7162394228812 0.9996432662010193
1991.737072832497 1.0001649856567383
1991.757906242519 1.0007191896438599
1991.7787396529222 1.0000290870666504
1991.7995730637324 1.00016188621521
1991.8204064749245 1.0008106231689453
1991.841239886525 1.0000842809677124
1991.862073298509 0.9995112419128418
1991.8829067109018 1.0002613067626953
1991.9037401236787 1.0006722211837769
1991.9245735368563 0.9990655779838562
1991.9454069504288 0.9997516870498657
1991.9662403644134 1.0003011226654053
1991.9870737787837 0.9996837377548218
1992.007907193567 1.0002955198287964
1992.0287406087375 1.000698208808899
1992.049574024322 0.9999915361404419
1992.0704074402952 0.9997232556343079
1992.0912408566833 0.9997923374176025
1992.112074273461 0.9999743700027466
1992.1329076906552 0.9999564290046692
1992.1537411082402 1.0000526905059814
1992.1745745262333 1.0009188652038574
1992.195407944628 0.9999163150787354
1992.2162413634417 0.9999351501464844
1992.2370747826487 1.0005686283111572
1992.2579082022762 0.999820351600647
1992.2787416222982 0.9995715022087097
1992.2995750427422 1.0004712343215942
1992.3204084635818 1.0001405477523804
1992.3412418848445 0.9998844265937805
1992.3620753065045 0.9996894598007202
1992.3829087285892 1.0004762411117554
1992.4037421510727 0.9997092485427856
1992.424575573972 0.9999322295188904
1992.4454089972814 1.000961184501648
1992.4662424210187 0.9996196627616882
1992.4870758451575 1.0002774000167847
1992.5079092697256 1.000844120979309
1992.5287426946966 0.9999164342880249
1992.5495761200984 0.9980412125587463
1992.570409545905 1.0005661249160767
1992.591242972144 1.0005409717559814
1992.6120763987897 0.9994961023330688
1992.6329098258693 0.9996119737625122
1992.6537432533466 1.0006829500198364
1992.6745766812703 1.000281572341919
1992.6954101096035 0.9999895691871643
1992.7162435383748 1.0001184940338135
1992.7370769675572 1.0004229545593262
1992.7579103971796 0.9996030926704407
1992.7787438272148 1.000045657157898
1992.7995772576921 1.0007765293121338
1992.8204106885844 0.9998340010643005
1992.8412441199207 0.9996558427810669
1992.8620775516736 1.0007792711257935
1992.8829109838625 1.0001921653747559
1992.90374441648 0.9991045594215393
1992.9245778495463 1.0002384185791016
1992.9454112830333 1.0007258653640747
1992.9662447169706 0.9998776316642761
1992.9870781513307 1.000101923942566
1993.0079115861438 0.9999833106994629
1993.028745021382 0.9996930956840515
1993.0495784570758 1.000278353691101
1993.0704118931965 0.9997166991233826
1993.0912453297651 0.9994924664497375
1993.1120787667733 0.9998196959495544
1993.1329122042418 1.0008808374404907
1993.153745642143 0.9996305704116821
1993.1745790805069 0.9992755651473999
1993.1954125193051 1.0001201629638672
1993.2162459585695 1.0007914304733276
1993.2370793982711 0.999775230884552
1993.2579128384416 0.9999325275421143
1993.278746279052 1.000637412071228
1993.299579720134 1.0001113414764404
1993.320413161649 1.0004231929779053
1993.3412466036486 1.000247836112976
1993.3620800460942 0.9994610548019409
1993.3829134890177 0.9997852444648743
1993.40374693239 1.0000941753387451
1993.424580376244 1.0008479356765747
1993.4454138205497 0.9992915987968445
1993.4662472653406 0.9996274709701538
1993.4870807105867 1.000573754310608
1993.5079141563215 1.0001323223114014
1993.5287476025048 0.999678373336792
1993.5495810491907 1.0006788969039917
1993.5704144963393 1.00029456615448
1993.591247943984 0.9999494552612305
1993.6120813920945 1.0001626014709473
1993.632914840706 0.9998769164085388
1993.6537482897872 0.9996722936630249
1993.6745817393737 0.9997360110282898
1993.6954151894342 1.0000218152999878
1993.7162486399943 1.000080943107605
1993.7370820910426 0.9997059106826782
1993.7579155426051 1.000810146331787
1993.7787489946504 1.000450849533081
1993.7995824472152 0.9996832609176636
1993.8204159002676 0.9996528625488281
1993.8412493538442 0.9997572898864746
1993.8620828079133 0.9999237656593323
1993.8829162625125 0.9994513392448425
1993.9037497176093 0.9999925494194031
1993.9245831732417 0.9996641874313354
1993.9454166293672 1.0003790855407715
1993.9662500860443 1.0003129243850708
1993.9870835432303 1.0001745223999023
1994.0079170009644 0.9992950558662415
1994.0495839180167 1.0006588697433472
1994.0704173773413 0.9995735287666321
1994.0912508372278 0.9998510479927063
1994.112084297642 1.0003169775009155
1994.1329177586254 0.9995709657669067
1994.1537512201335 1.0000652074813843
1994.1745846822287 1.0000079870224
1994.195418144866 0.9998296499252319
1994.216251608089 1.0003098249435425
1994.2370850718614 1.0006755590438843
1994.2579185362283 1.0003832578659058
1994.2787520011532 0.9996562600135803
1994.299585466682 1.000195860862732
1994.3204189327673 1.0003827810287476
1994.3412523994764 0.9989943504333496
1994.3620858667614 0.9994037747383118
1994.3829193346703 0.9999285936355591
1994.4037528031652 1.000152826309204
1994.4245862722953 1.0000674724578857
1994.445419742022 1.0007433891296387
1994.4662532123955 0.9999030828475952
1994.4870866833764 0.9999938011169434
1994.507920155017 1.0000516176223755
1994.528753627267 0.9999472498893738
1994.5495871002001 0.9990264773368835
1994.5704205737652 0.9991567730903625
1994.5912540480176 1.0005367994308472
1994.6120875229158 1.0000088214874268
1994.6329209985167 0.9998559355735779
1994.6537544747778 0.9993226528167725
1994.674587951758 1.0008755922317505
1994.6954214294135 0.9998998045921326
1994.716254907796 0.9997724890708923
1994.7370883868805 1.0003838539123535
1994.7579218667213 1.0001903772354126
1994.7787553472715 0.999671459197998
1994.7995888285982 0.9990335702896118
1994.8204223106538 0.9992120862007141
1994.8412557935076 0.9999709129333496
1994.8620892771112 1.0003361701965332
1994.8829227615365 0.9998531341552734
1994.9037562467336 0.9997450113296509
1994.924589732768 0.9995296001434326
1994.9454232196083 1.0001379251480103
1994.966256707324 0.9995995759963989
1994.987090195861 0.9991477131843567
1995.007923685303 0.9997319579124451
1995.028757175595 0.9999541640281677
1995.0495906668243 0.9998870491981506
1995.0704241589337 0.999244749546051
1995.0912576520163 0.9992228150367737
1995.1120911460116 1.0003252029418945
1995.132924641008 1.0003432035446167
1995.1537581369637 1.0005208253860474
1995.1745916339717 0.9996887445449829
1995.1954251319682 0.9996703267097473
1995.2162586310624 1.000317931175232
1995.2370921311874 0.9997631311416626
1995.2579256324595 0.998706579208374
1995.2787591347987 1.0000232458114624
1995.2995926383492 1.0002529621124268
1995.320426143027 0.9997572898864746
1995.3412596489638 0.9999986886978149
1995.3620931560836 0.9999871850013733
1995.3829266645262 1.0001380443572998
1995.403760174211 1.0001156330108643
1995.4245936852878 0.9997380971908569
1995.4454271976715 0.9991779923439026
1995.4662607115217 1.0001775026321411
1995.4870942267391 1.0004864931106567
1995.5079277435134 1.000089406967163
1995.5287612617399 0.9994091391563416
1995.549594781599 0.9991698265075684
1995.5704283029902 1.0001250505447388
1995.5912618261045 0.9996442198753357
1995.6120953508364 1.0001614093780518
1996.9246091293905 0.9995342493057251
1996.9454426636187 0.9992182850837708
1996.9662761972875 0.9996358156204224
1996.9871097304313 1.0000431537628174
1997.0079432630766 0.9995093941688538
1997.0287767952532 0.9995642304420471
1997.0496103269863 0.9996641278266907
1997.0704438582934 0.9994551539421082
1997.0912773892178 0.9991831183433533
1997.1121109197738 0.9997623562812805
1997.1329444499843 0.9995507597923279
1997.1537779798698 0.9996491074562073
1997.1746115094527 0.9997377395629883
1997.1954450387514 0.9996054768562317
1997.216278567787 1.0000277757644653
1997.2371120965752 0.9996506571769714
1997.2579456251265 0.9996190667152405
1997.2787791534745 0.999272346496582
1997.2996126816292 0.9993783235549927
1997.320446209602 0.9996495842933655
1997.3412797374126 0.9992051720619202
1997.3621132650703 0.9995359182357788
1997.3829467925937 0.9994869828224182
1997.4037803199813 0.9994566440582275
1997.4246138472708 0.9993945956230164
1997.4454473744595 1.0000790357589722
1997.4662809015645 0.9997117519378662
1997.487114428591 0.9995056390762329
1997.5079479555566 0.9995938539505005
1997.5287814824653 0.9993940591812134
1997.549615009334 0.9992884993553162
1997.5704485361555 0.9998529553413391
1997.5912820629662 1.000247836112976
1997.612115589758 0.9989403486251831
1997.6329491165477 0.9997698664665222
1997.6537826433355 1.0001311302185059
1997.6746161701378 1.0001790523529053
1997.695449696954 0.9992775321006775
1997.7162832237907 0.9999581575393677
1997.737116750666 1.0004743337631226
1997.757950277587 0.9996070861816406
1997.7787838045504 0.9995697140693665
1997.7996173315728 0.9999219179153442
1997.8204508586507 1.0000922679901123
1997.841284385801 0.9993809461593628
1997.862117913019 1.0002366304397583
1997.882951440311 0.9999146461486816
1997.9037849676924 0.9999560713768005
1997.9246184951694 0.9998309016227722
1997.9454520227364 1.0000221729278564
1997.96628555041 0.9999217987060547
1997.9871190781835 0.9992377758026123
1998.0079526060733 1.0001927614212036
1998.0287861340728 0.9996271729469299
1998.0496196621884 0.9991405606269836
1998.0704531904325 0.999721109867096
1998.091286718812 1.0005613565444946
1998.112120247318 0.999267041683197
1998.1329537759677 0.99974524974823
1998.1537873047523 1.0003012418746948
1998.1746208336886 1.0001990795135498
1998.1954543627676 0.9994239807128906
1998.2162878919958 1.0000778436660767
1998.2371214213833 0.999257504940033
1998.2579549509376 0.9994863271713257
1998.2787884806482 0.9998104572296143
1998.2996220105324 0.9998186230659485
1998.3204555405794 0.9994570016860962
1998.341289070796 0.9997904896736145
1998.3621226011915 0.9999123811721802
1998.382956131773 0.9998494982719421
1998.4037896625296 0.9993736147880554
1998.4246231934778 1.0004247426986694
1998.4454567246062 0.9999027252197266
1998.466290255932 0.9993429780006409
1998.4871237874436 0.9998287558555603
1998.5079573191579 0.999696671962738
1998.5287908510525 0.9993060827255249
1998.549624383165 0.9996111392974854
1998.5704579154728 1.0002835988998413
1998.5912914479934 0.9994256496429443
1998.6121249807138 0.9995734095573425
1998.6329585136514 1.0001288652420044
1998.6537920467931 0.9998151659965515
1998.6746255801465 0.9994534850120544
1998.6954591137182 1.0003092288970947
1998.7162926475162 1.0004230737686157
1998.737126181526 0.9991600513458252
1998.757959715766 0.9995867609977722
1998.7787932502217 1.0002583265304565
1998.7996267849117 1.0000691413879395
1998.8204603198212 0.9992368817329407
1998.8412938549582 1.0002083778381348
1998.8621273903284 0.999724805355072
1998.8829609259394 0.9993994832038879
1998.9037944617771 0.9995903372764587
1998.9246279978593 0.9994715452194214
1998.9454615341715 1.0000666379928589
1998.9662950707311 1.0003379583358765
1998.9871286075133 1.0005239248275757
1999.0079621445566 0.9995076060295105
1999.0287956818356 0.9991520643234253
1999.0496292193689 1.0001904964447021
1999.0704627571401 1.0006310939788818
1999.0912962951684 0.9992502927780151
1999.1121298334278 1.0003637075424194
1999.132963371957 0.9994913339614868
1999.15379691073 0.9995324015617371
1999.1746304497653 0.9999968409538269
1999.1954639890469 1.0003535747528076
1999.2162975285935 0.9998939037322998
1999.2371310683889 0.9996309280395508
1999.2579646084516 1.0001091957092285
1999.2787981487656 0.9998310208320618
1999.299631689339 0.9993174076080322
1999.3204652301763 0.9999352693557739
1999.3412987712854 1.0000324249267578
1999.3621323126504 0.9993610382080078
1999.3829658542893 0.9994995594024658
1999.403799396186 0.9997026324272156
1999.4246329383493 0.9995790719985962
1999.4454664807824 0.9999363422393799
1999.4663000234941 0.9998973608016968
1999.4871335664673 0.9991346001625061
1999.5079671097212 0.999352753162384
1999.5288006532385 1.0004713535308838
1999.5496341970384 0.9997173547744751
1999.570467741104 0.9998080730438232
1999.5913012854437 0.999591052532196
1999.6121348300605 0.9999465942382812
1999.6329683749639 0.9997488260269165
1999.653801920136 0.9997020363807678
1999.674635465596 1.0001835823059082
1999.6954690113268 0.9995651841163635
1999.7163025573473 0.9987601041793823
1999.7371361036296 1.000076174736023
1999.7579696502137 1.0002102851867676
1999.7788031970713 0.9993698000907898
1999.799636744222 0.9997794032096863
1999.8204702916478 0.999913215637207
1999.8413038393683 0.9990159869194031
1999.8621373873652 0.9995539784431458
1999.8829709356485 1.0003492832183838
1999.9038044842198 0.9999105334281921
1999.9246380330887 0.9991480112075806
1999.945471582237 1.00021493434906
1999.966305131684 1.0002038478851318
1999.987138681412 0.9993864297866821
2000.0079722314408 0.9995784163475037
2000.0288057817413 1.0000041723251343
2000.0496393323535 0.9995008707046509
2000.070472883249 0.9992696046829224
2000.0913064344477 1.0002155303955078
2000.112139985931 1.000306487083435
2000.1329735377185 0.9991937279701233
2000.1538070897918 0.9993736743927002
2000.1746406421605 0.999665379524231
2000.1954741948261 1.000190019607544
2000.216307747799 0.9991807341575623
2000.2371413010594 1.0005770921707153
2000.257974854628 0.9994848966598511
2000.2788084084857 0.9996352195739746
2000.2996419626522 1.0000509023666382
2000.3204755170993 1.0000197887420654
2000.3413090718666 0.9987925887107849
2000.3621426269249 1.0003894567489624
2000.3829761822947 0.9999939799308777
2000.4038097379566 0.999693751335144
2000.424643293931 0.999516487121582
2000.4454768501987 0.9999039769172668
2000.4663104067695 0.9993066787719727
2000.4871439636447 0.9999792575836182
2000.5079775208342 1.0001981258392334
2000.5288110783192 0.9991777539253235
2000.5496446361194 0.9993584752082825
2000.5704781942156 1.000365138053894
2000.591311752618 1.0002217292785645
2000.6121453113276 0.9992527961730957
2000.6329788703542 0.9998077154159546
2000.6538124296792 0.9997033476829529
2000.674645989322 0.9996579885482788
2000.6954795492636 1.0002676248550415
2000.7163131095242 1.0002124309539795
2000.7371466700745 0.9991884231567383
2000.757980230955 0.9994876980781555
2000.7788137921355 1.0000855922698975
2000.7996473536368 0.9998221397399902
2000.8204809154395 0.9990611672401428
2000.8413144775636 1.000345230102539
2000.8621480399902 0.999294102191925
2000.882981602729 0.9995049238204956
2000.9038151657803 0.9996612668037415
2000.924648729155 1.0006184577941895
2000.9454822928333 0.9994860291481018
2000.9663158568355 0.9987955093383789
2000.9871494211422 0.9998699426651001
2001.0079829857734 0.9999745488166809
2001.0288165506997 0.9995838403701782
2001.0496501159616 0.9992437958717346
2001.0704836815294 0.9999098181724548
2001.0913172474234 0.9996082186698914
2001.1121508136234 0.9999836087226868
2001.1329843801507 1.000131607055664
2001.153817946975 0.9993209838867188
2001.1746515141374 0.9992923140525818
2001.1954850816073 0.9999449849128723
2001.2163186494054 1.0001251697540283
2001.2371522175122 0.999319851398468
2001.257985785948 0.9995575547218323
2001.278819354693 0.999911367893219
2001.2996529237575 0.9994492530822754
2001.3204864931417 0.9994523525238037
2001.3413200628565 1.0000312328338623
2001.3621536328817 0.9994504451751709
2001.382987203238 0.9995890259742737
2001.4038207739052 0.9999969601631165
2001.424654344894 0.9994595646858215
2001.4454879162042 0.9992584586143494
2001.466321487847 0.9998770952224731
2001.4871550598018 0.999924898147583
2001.5079886320898 0.9991858601570129
2001.5288222046902 0.9995148181915283
2001.5496557776244 1.0000180006027222
2001.5704893508619 0.9991520047187805
2001.5913229244434 0.999592661857605
2001.612156498339 1.000745177268982
2001.632990072569 0.9996173977851868
2001.6538236471138 0.9995201826095581
2001.6746572219938 0.9996664524078369
2001.6954907971888 0.9998441934585571
2001.7163243727098 0.9998975992202759
2001.7371579485562 0.9998959898948669
2001.757991524739 1.0001111030578613
2001.778825101238 0.998962938785553
2001.799658678074 0.9996045231819153
2001.8204922552268 1.0005168914794922
2001.8413258327168 0.9998565912246704
2001.8621594105143 0.9988210797309875
2001.8829929886597 0.9991409778594971
2001.9038265671227 0.9990847110748291
2001.9246601459247 0.9994634389877319
2001.9454937250443 0.9993635416030884
2001.9663273045035 1.0002769231796265
2001.9871608842711 0.9995766282081604
2002.0079944643885 0.9996311664581299
2002.0288280448253 0.9999969601631165
2002.0496616256023 0.99961256980896
2002.0704952066988 1.0000120401382446
2002.0913287881358 0.9994767904281616
2002.1121623698832 1.0001047849655151
2002.1329959519821 0.9998521208763123
2002.1538295344012 0.9997373819351196
2002.1954967002443 1.0000478029251099
2002.2163302836689 0.9997267127037048
2002.237163867415 0.9998539090156555
2002.2579974514936 0.999920129776001
2002.2788310359044 0.9992051124572754
2002.2996646206584 1.0000038146972656
2002.3204982057348 1.0000808238983154
2002.3413317911552 0.9992389678955078
2002.3621653768987 0.999976396560669
2002.382998962976 0.999268114566803
2002.4038325493868 0.9998762011528015
2002.4246661361426 0.9994878768920898
2002.445499723222 1.0003281831741333
2002.4663333106469 0.999359667301178
2002.487166898396 1.0000965595245361
2002.5080004864806 1.0001431703567505
2002.5288340749 0.9998783469200134
2002.5496676636658 0.9993000626564026
2002.570501252757 1.0001300573349
2002.5913348421943 0.9999467730522156
2002.6121684319573 0.999178946018219
2002.6330020220576 0.9998939037322998
2002.653835612494 0.999505341053009
2002.6746692032782 0.9997583627700806
2002.6955027943886 0.9995999932289124
2002.7163363858472 0.9998112916946411
2002.7371699776327 0.9995837807655334
2002.7580035697565 0.9995850920677185
2002.7788371622182 1.0003113746643066
2002.7996707550287 0.9998909831047058
2002.8205043481669 0.9991783499717712
2002.8413379416545 0.9989407658576965
2002.8621715354705 1.000345230102539
2002.8830051296366 0.9998549222946167
2002.9038387241212 0.9986729025840759
2002.924672318966 0.9995195269584656
2002.9455059141403 1.0001004934310913
2002.9663395096652 0.9995604157447815
2002.98717310552 0.999172031879425
2003.0080067017257 0.9997411966323853
2003.0288402982615 1.0000665187835693
2003.0496738951392 0.9999995827674866
2003.0705074923571 0.999372124671936
2003.0913410899277 0.9997355937957764
2003.1121746878289 0.9999294281005859
2003.1330082860827 0.9999730587005615
2003.1538418846578 0.9992837905883789
2003.174675483596 0.999213695526123
2003.1955090828662 0.9992873072624207
2003.21634268249 0.8601117730140686
2003.2371762824457 1.0004884004592896
2003.2580098827557 1.0001517534255981
2003.2788434833883 1.000116229057312
2003.2996770843854 1.0000920295715332
2003.3205106857158 1.0000386238098145
2003.341344287401 1.0005440711975098
2003.3621778894196 1.0004158020019531
2003.3830114917937 1.000280499458313
2003.4038450944918 1.00025475025177
2003.4246786975561 1.0002338886260986
2003.4455123009548 1.0004464387893677
2003.4663459047097 1.0006839036941528
2003.4871795087993 1.0005366802215576
2003.5080131132459 1.000052809715271
2003.528846718028 1.0006420612335205
2003.5496803231574 1.0005176067352295
2003.5705139286326 1.000327229499817
2003.5913475344655 1.0005230903625488
2003.6121811406347 1.0000512599945068
2003.6330147471624 1.0001320838928223
2003.6538483540266 1.000401258468628
2003.6746819612397 1.000544786453247
2003.6955155688 1.00062894821167
2003.7163491767194 1.0007253885269165
2003.7371827849768 0.999733567237854
2003.7580163935938 1.000409483909607
2003.7788500025488 1.000530481338501
2003.799683611854 1.0001293420791626
2003.820517221508 1.000121831893921
2003.8413508315232 1.0004003047943115
2003.862184441877 1.0007685422897339
2003.883018052592 0.9997953772544861
2003.9038516636367 1.0005394220352173
2003.9246852750534 1.000352144241333
2003.94551888681 1.0003372430801392
2003.9663524989292 1.0001335144042969
2003.9871861113886 1.000493049621582
2004.008019724211 1.000104308128357
2004.0288533373746 1.0002344846725464
2004.0496869508916 1.000465750694275
2004.07052056476 1.0008769035339355
2004.0913541789926 0.999944269657135
2004.1121877935668 0.9999547004699707
2004.133021408496 1.0009055137634277
2004.1538550237776 1.0000909566879272
2004.1746886394244 1.00017511844635
2004.1955222554143 1.0004494190216064
2004.2163558717696 1.0002772808074951
2004.2371894884686 1.000075101852417
2004.258023105534 1.0007634162902832
2004.2788567229338 1.000359058380127
2004.2996903407102 1.000151515007019
2004.320523958831 1.000232219696045
2004.3413575773195 1.0000795125961304
2004.3621911961534 1.0001696348190308
2004.3830248153554 1.0003687143325806
2004.403858434893 1.0003808736801147
2004.4246920548092 1.0002119541168213
2004.4455256750718 1.0006210803985596
2004.4663592957038 1.0001473426818848
2004.487192916683 1.001122236251831
2004.5080265380316 1.0004585981369019
2004.528860159718 1.0004669427871704
2004.549693781785 1.0007108449935913
2004.5705274042 1.000493049621582
2004.5913610269868 1.0003879070281982
2004.6121946501219 1.0003221035003662
2004.6330282736187 1.0002604722976685
2004.6538618974753 1.0002617835998535
2004.6746955217043 1.000956416130066
2004.6955291462834 1.000646948814392
2004.7163627712357 1.0003923177719116
2004.7371963965388 1.0007206201553345
2004.7580300222057 1.0005347728729248
2004.7788636482342 1.0002020597457886
2004.7996972746373 1.0001132488250732
2004.8205309013924 1.0006017684936523
2004.841364528523 1.0006654262542725
2004.8621981560061 1.0000501871109009
2004.8830317838556 1.000319242477417
2004.9038654120686 1.000440239906311
2004.9246990406584 0.9999542236328125
2004.9455326696022 1.0007718801498413
2004.966366298924 1.000753402709961
2004.9871999286006 1.0000195503234863
2005.0080335586558 1.000504970550537
2005.0288671890567 1.0007987022399902
2005.0497008198467 1.0004169940948486
2005.0705344509934 0.9999356865882874
2005.09136808252 1.0007805824279785
2005.112201714404 1.0005892515182495
2005.133035346659 0.9995385408401489
2005.1538689792822 1.0005489587783813
2005.1747026122869 1.00108003616333
2005.1955362456506 1.0000437498092651
2005.2163698793972 0.9998582005500793
2005.2372035135038 1.0005695819854736
2005.2580371479837 1.000688076019287
2005.2788707828342 1.0001907348632812
2005.2997044180695 1.0001611709594727
2005.3205380536663 1.0003337860107422
2005.341371689649 1.0000571012496948
2005.3622053259937 1.0004806518554688
2005.383038962715 1.0011242628097534
2005.4038725998096 1.0001851320266724
2005.424706237292 1.0001393556594849
2005.4455398751388 1.0005396604537964
2005.4663735133743 1.000963568687439
2005.4872071519649 0.9999643564224243
2005.5080407909552 1.0002381801605225
2005.5288744303118 1.000466227531433
2005.5497080700598 1.0002937316894531
2005.5705417101747 1.000658392906189
2005.5913753506816 1.0000704526901245
2005.6122089915468 1.0004534721374512
2005.6330426328154 1.0003809928894043
2005.6538762744538 1.0001758337020874
2005.674709916486 1.0000807046890259
2005.6955435588893 0.9998409748077393
2005.716377201688 1.0003020763397217
2005.7372108448485 1.0005007982254028
2005.7580444884163 0.999495804309845
2005.7788781323568 1.00040602684021
2005.7997117766954 1.000712275505066
2005.8205454213985 1.000046730041504
2005.841379066511 1.000169277191162
2005.8622127119995 1.001019835472107
2005.8830463578886 1.0003858804702759
2005.9038800041546 0.9999399781227112
2005.9247136508232 1.0000684261322021
2005.9455472978598 1.0001423358917236
2005.9663809453107 1.0000371932983398
2005.987214593141 1.0006613731384277
2006.0080482413766 1.0008336305618286
2006.0288818899935 1.0000649690628052
2006.0497155390176 1.0002212524414062
2006.0705491884144 1.001002311706543
2006.0913828382295 0.99997878074646
2006.1122164884289 0.9998342394828796
2006.1330501390387 1.000496506690979
2006.1538837900343 1.0004665851593018
2006.1747174414422 1.0000295639038086
2006.1955510932276 0.9999207854270935
2006.216384745437 1.0008444786071777
2006.237218398035 0.9996085166931152
2006.2580520510494 0.9999435544013977
2006.2788857044548 1.000771403312683
2006.299719358278 0.999955415725708
2006.3205530124837 0.9998629689216614
2006.3413866671197 1.0008714199066162
2006.36222032215 1.0004826784133911
2006.3830539776025 0.9995384216308594
2006.4038876334519 0.9998021125793457
2006.4247212897253 1.000563144683838
2006.4455549463873 0.9998558163642883
2006.466388603486 1.000211477279663
2006.4872222609854 1.0010876655578613
2006.508055918914 1.0004068613052368
2006.5288895772353 0.9997618198394775
2006.549723235998 1.0005284547805786
2006.5705568951662 1.0007539987564087
2006.5913905547682 1.0002620220184326
2006.6122242147783 1.0006870031356812
2006.6330578752247 1.0005277395248413
2006.6538915360713 1.0001027584075928
2006.6747251973675 1.0003646612167358
2006.6955588590765 1.0002013444900513
2006.716392521228 0.9996982216835022
2006.7372261837947 1.0001134872436523
2006.7580598467969 1.0003807544708252
2006.7788935102276 0.9999592304229736
2006.7997271741067 0.9988276958465576
2006.8205608384073 1.0003526210784912
2006.8413945031596 1.000564455986023
2006.8622281683363 0.9994336366653442
2006.8830618339582 0.9996069669723511
2006.9038955000178 1.0007036924362183
2006.9247291665365 0.9994763135910034
2006.945562833486 0.999695897102356
2006.966396500898 1.0004222393035889
2006.9872301687349 1.0000823736190796
2007.008063837048 0.9995198845863342
2007.0288975058 1.0000141859054565
2007.049731175022 1.0003553628921509
2007.0705648446867 0.9999173879623413
2007.091398514826 0.999701738357544
2007.1122321854018 1.0006510019302368
2007.1330658564673 0.9995546936988831
2007.1538995279834 0.9999919533729553
2007.1747331999836 1.0006282329559326
2007.195566872439 1.0002427101135254
2007.2164005453735 0.9993525743484497
2007.2372342187782 0.9999265670776367
2007.2580678926774 1.001064419746399
2007.2789015670414 1.0001078844070435
2007.2997352419056 1.0002834796905518
2007.3205689172298 1.0003846883773804
2007.3414025930701 1.0001798868179321
2007.3622362693864 0.9993647336959839
2007.3830699462146 1.000608205795288
2007.4039036235242 1.0003780126571655
2007.424737301353 0.9996206164360046
2007.4455709796591 1.0004757642745972
2007.4664046585012 1.0005520582199097
2007.4872383378372 1.0002949237823486
2007.5080720177066 1.0001944303512573
2007.5289056980769 1.0004545450210571
2007.549739378978 1.0002706050872803
2007.570573060398 0.9992454648017883
2007.5914067423666 1.0004960298538208
2007.6122404248515 1.0004245042800903
2007.6330741078943 0.9995860457420349
2007.6539077914617 0.9995868802070618
2007.6747414755864 1.0003618001937866
2007.6955751602543 0.9999520778656006
2007.7164088454992 1.0003029108047485
2007.7372425312867 0.9999881982803345
2007.7580762176622 0.9998206496238708
2007.7789099045904 1.0004100799560547
2007.7997435921075 1.0004451274871826
2007.8205772801978 1.000036597251892
2007.8414109688993 0.9999050498008728
2007.8622446581753 1.0004907846450806
2007.883078348076 1.0006176233291626
2007.903912038553 0.9999542832374573
2007.9247457296783 0.9999011754989624
2007.9455794214034 1.0006088018417358
2007.9664131137815 0.999830961227417
2007.987246806774 0.9995906352996826
2008.0080805004252 1.0006444454193115
2008.0289141947155 1.0002962350845337
2008.0497478896923 0.9991894364356995
2008.0705815853144 1.0001717805862427
2008.0914152816415 1.0004382133483887
2008.112248978622 0.9987310171127319
2008.1330826763374 1.0003490447998047
2008.1539163747348 1.0002902746200562
2008.1747500738797 1.0000494718551636
2008.1955837737269 0.9995459914207458
2008.2164174743355 1.0004448890686035
2008.2372511756787 1.000511884689331
2008.2580848778189 0.998862087726593
2008.2789185807083 0.9992733597755432
2008.2997522844228 1.0006755590438843
2008.3205859889033 0.9999710321426392
2008.3414196942492 0.9999703168869019
2008.3622534004 0.9994452595710754
2008.3830871074401 0.9998620748519897
2008.4039208153165 0.9999486207962036
2008.4247545241196 1.0001968145370483
2008.4455882337834 0.9998679161071777
2008.4664219444242 0.9998944401741028
2008.4872556559737 1.000622034072876
2008.508089368535 1.0003938674926758
2008.5289230820472 1.00010347366333
2008.5497567966097 1.000051498413086
2008.5705905121795 1.0009516477584839
2008.5914242288638 1.0001699924468994
2008.6122579465964 0.9994048476219177
2008.633091665504 1.0008798837661743
2008.6539253855158 1.0000057220458984
2008.6747591067588 0.9996418952941895
2008.6955928291782 1.0004096031188965
2008.7164265529123 1.0003089904785156
2008.7372602778823 1.0001685619354248
2008.758094004238 1.0008467435836792
2008.7789277319157 1.0005401372909546
2008.7997614610788 0.9999715089797974
2008.8205951916382 1.000661849975586
2008.8414289237821 1.0008184909820557
2008.862262657415 0.9999633431434631
2008.8830963927298 1.0000455379486084
2008.9039301296455 1.0004856586456299
2008.9247638683703 1.0004441738128662
2008.9455976087959 0.9994944930076599
2008.9664313511555 1.000336766242981
2008.987265095323 1.001139521598816
2009.0080988415648 0.9997559785842896
2009.028932589747 0.9993343353271484
2009.049766340124 1.000346064567566
2009.0706000925638 1.000178337097168
2009.0914338473106 0.9994749426841736
2009.1122676042448 1.0002593994140625
2009.133101363597 0.9998376369476318
2009.1539351252216 0.9999462366104126
2009.1747688893236 0.9999447464942932
2009.1956026557539 1.0002195835113525
2009.2164364246435 0.9996140003204346
2009.2372701958639 0.9998266100883484
2009.258103969446 1.0003750324249268
2009.2789377452486 1.0007624626159668