1955.8198248845076 1.000818133354187
1955.8406579199475 1.000701904296875
1955.8614909540581 1.00080406665802
1955.882323986679 1.0007314682006836
1955.903157017915 1.0007268190383911
1955.9239900476553 1.0005658864974976
1955.9448230759963 1.0005050897598267
1955.9656561028528 1.0005329847335815
1955.9864891283205 1.0006901025772095
1956.0073221523348 1.0002444982528687
1956.0281551749902 1.0004714727401733
1956.0489881962396 0.9997875690460205
1956.069821216184 1.0004006624221802
1956.0906542347702 1.000726580619812
1956.111487252095 1.0004072189331055
1956.1323202681372 1.00068199634552
1956.153153282979 1.00083589553833
1956.1739862966072 1.0003315210342407
1956.1948193090998 0.9996715784072876
1956.2156523204505 1.000662922859192
1956.2364853307326 1.000105381011963
1956.2573183399443 0.9999803304672241
1956.2781513481548 1.0006413459777832
1956.2989843553755 1.0010859966278076
1956.3198173616518 1.000639796257019
1956.3406503669978 1.0011043548583984
1956.361483371474 1.001294732093811
1956.3823163750867 1.001363754272461
1956.4031493778923 1.0011526346206665
1956.4239823798991 1.0019458532333374
1956.4448153811588 1.0007597208023071
1956.4656483816811 1.001670241355896
1956.4864813815134 1.001356601715088
1956.507314380667 1.0013511180877686
1956.5281473791954 1.000777244567871
1956.5489803770904 1.0014820098876953
1956.5698133744017 1.001579999923706
1956.5906463711417 1.001876711845398
1956.6114793673473 1.0028343200683594
1956.632312363031 1.0019677877426147
1956.6531453582265 1.0020416975021362
1956.6739783529463 1.001559853553772
1956.6948113472217 1.0020995140075684
1956.7156443410756 1.0009301900863647
1956.7364773345157 1.0016205310821533
1956.7573103275656 1.0028338432312012
1956.7781433202504 1.0016230344772339
1956.798976312584 1.0009130239486694
1956.8198093045887 1.0014177560806274
1956.840642296279 1.0015995502471924
1956.8614752876742 1.0020217895507812
1956.8823082787897 1.0018819570541382
1956.9031412696427 1.0016943216323853
1956.9239742602479 1.0019500255584717
1956.9448072506211 1.0011643171310425
1956.9656402407768 1.0030357837677002
1956.9864732307394 1.0029133558273315
1957.0073062205036 1.0004189014434814
1957.0281392100912 1.002292275428772
1957.0489721995175 1.0017589330673218
1957.0698051887928 1.0011248588562012
1957.0906381779325 1.001839280128479
1957.111471166945 1.0012682676315308
1957.1323041558462 1.0023694038391113
1957.1531371446426 1.0012866258621216
1957.1739701333506 1.0019153356552124
1957.1948031219756 1.001927375793457
1957.2156361105435 1.001842737197876
1957.2364690990385 1.000777244567871
1957.257302087487 1.002292275428772
1957.278135075892 1.0018819570541382
1957.2989680642695 1.0023664236068726
1957.3198010526216 1.0021263360977173
1957.3406340409645 1.0014793872833252
1957.361467029299 1.0023589134216309
1957.3823000176424 1.0008656978607178
1957.4031330059936 1.000733494758606
1957.4239659943696 1.0021543502807617
1957.4447989827688 1.002139687538147
1957.4656319712087 1.001161813735962
1957.4864649596968 1.001156210899353
1957.5072979482304 1.0011355876922607
1957.5281309368156 1.0008348226547241
1957.5489639254708 1.0015363693237305
1957.569796914191 1.0005086660385132
1957.5906299029946 1.0016400814056396
1957.611462891876 1.001617193222046
1957.6322958808532 1.0022166967391968
1957.6531288699202 1.0021449327468872
1957.6739618590957 1.0024796724319458
1957.6947948483823 1.0013880729675293
1957.7156278377788 1.0018701553344727
1957.7364608272876 1.0009251832962036
1957.7572938169276 1.0011897087097168
1957.77812680669 1.0009236335754395
1957.798959796594 1.001000165939331
1957.8197927866306 1.0009651184082031
1957.8406257768193 1.0011813640594482
1957.86145876715 1.0014657974243164
1957.8822917576422 1.0008941888809204
1957.9031247482856 1.0005130767822266
1957.9239577391 1.001587152481079
1957.9447907300741 1.0016649961471558
1957.9656237212382 1.0005625486373901
1957.9864567125605 1.0010037422180176
1958.007289704071 1.0004642009735107
1958.028122695758 1.0003706216812134
1958.0489556876412 1.0014299154281616
1958.0697886797086 1.0003821849822998
1958.09062167198 1.0019559860229492
1958.111454664443 1.001107096672058
1958.1322876571178 1.0018904209136963
1958.153120649991 1.000985860824585
1958.1739536430832 1.0013740062713623
1958.1947866363805 1.0008195638656616
1958.215619629904 1.0019657611846924
1958.236452623649 1.0014835596084595
1958.257285617617 1.0015623569488525
1958.278118611803 1.00084388256073
1958.2989516062275 1.0011399984359741
1958.3197846008766 1.0010515451431274
1958.340617595771 1.0005930662155151
1958.361450590895 1.0005865097045898
1958.3822835862704 1.0008753538131714
1958.403116581881 1.000356674194336
1958.423949577749 1.0011309385299683
1958.4447825738578 1.0007838010787964
1958.4656155702291 1.001035451889038
1958.486448566846 1.0001485347747803
1958.5072815637313 1.000475525856018
1958.5281145608776 1.000502109527588
1958.548947558287 1.000847578048706
1958.5697805559519 1.0001332759857178
1958.5906135538953 1.0003223419189453
1958.611446552099 1.000497817993164
1958.632279550586 1.0001490116119385
1958.6531125493377 1.000396490097046
1958.6739455483769 1.0006805658340454
1958.6947785476855 1.0006053447723389
1958.7156115472865 1.0003856420516968
1958.7364445471608 1.0004866123199463
1958.7572775473316 0.9999667406082153
1958.7781105477802 1.0005940198898315
1958.7989435485295 1.0001367330551147
1958.8197765495704 1.000428557395935
1958.840609550906 1.0005024671554565
1958.861442552517 1.0010594129562378
1958.882275554457 1.0008208751678467
1958.903108556676 1.0007622241973877
1958.9239415592076 1.000921607017517
1958.9447745620316 1.0004054307937622
1958.9656075651724 1.0003188848495483
1958.9864405686092 1.0007797479629517
1959.007273572366 1.0002834796905518
1959.0281065764225 1.0005769729614258
1959.048939580802 1.0009444952011108
1959.0697725854848 1.0002002716064453
1959.0906055904943 1.0011619329452515
1959.11143859581 1.0003803968429565
1959.1322716014656 1.0009210109710693
1959.1531046074103 1.000200629234314
1959.1739376136986 1.0008071660995483
1959.194770620309 1.0011075735092163
1959.215603627246 1.0010207891464233
1959.2364366344977 1.0003231763839722
1959.2572696420893 0.9997113943099976
1959.2781026499986 1.0015921592712402
1959.2989356582507 0.999896764755249
1959.3197686668232 1.0005220174789429
1959.3406016757408 1.0005263090133667
1959.3614346849822 1.0012321472167969
1959.3822676945717 1.0006366968154907
1959.403100704487 1.001383662223816
1959.4239337147533 1.0012949705123901
1959.444766725348 0.9996598362922668
1959.4655997362966 1.000307321548462
1959.486432747586 1.0001990795135498
1959.5072657592216 1.0004020929336548
1959.5280987711903 1.0005474090576172
1959.5489317835081 1.000434160232544
1959.5697647961817 1.0004671812057495
1959.5905978092064 1.000675082206726
1959.6114308225688 0.9998082518577576
1959.6322638362951 0.999578058719635
1959.6530968503619 1.0001823902130127
1959.6739298647944 0.9999063014984131
1959.6947628795695 1.0007624626159668
1959.7155958947126 1.0002983808517456
1959.7364289102006 1.0004075765609741
1959.757261926059 1.000218391418457
1959.7780949422643 0.9993707537651062
1959.7989279588421 1.0000828504562378
1959.8197609757685 1.000133752822876
1959.84059399307 1.0002951622009277
1959.861427010722 0.9998654723167419
1959.8822600287613 1.0004802942276
1959.9030930471429 0.9999731779098511
1959.9239260659037 0.9996107816696167
1959.9447590850193 1.0004074573516846
1959.9655921045157 1.000722885131836
1959.9864251243687 1.0003011226654053
1960.0072581446045 1.000800371170044
1960.0280911651987 1.0001804828643799
1960.0489241861778 0.9996987581253052
1960.0697572075171 1.0000038146972656
1960.090590229243 0.9986857771873474
1960.111423251331 1.0001897811889648
1960.1322562738073 0.9999178051948547
1960.1530892966475 1.0000156164169312
1960.173922319878 1.000051736831665
1960.1947553434738 0.999152421951294
1960.2155883674618 1.0004777908325195
1960.2364213918167 0.9999796748161316
1960.2572544165757 0.9996031522750854
1960.278087441693 0.9999979734420776
1960.2989204671962 1.0002012252807617
1960.3197534930896 1.000138521194458
1960.3405865193702 1.000000238418579
1960.3614195460227 0.9999539852142334
1960.3822525730739 1.0006217956542969
1960.4030856004986 1.0000436305999756
1960.423918628324 1.0001946687698364
1960.444751656524 0.9996659159660339
1960.4655846851258 1.000072956085205
1960.4864177141044 0.9996069669723511
1960.5072507434868 0.9997484087944031
1960.5280837732469 0.9998643398284912
1960.5489168034119 0.9997154474258423
1960.5697498339564 0.9997639060020447
1960.5905828649074 1.0003166198730469
1960.6114158962394 0.9995079636573792
1960.6322489279794 1.0008769035339355
1960.6530819601116 1.0001177787780762
1960.6739149926332 1.000433325767517
1960.6947480255485 0.9999549388885498
1960.7155810588847 0.9997341632843018
1960.7364140925959 0.9996607303619385
1960.7572471267192 0.9994665384292603
1960.7780801612291 0.9989530444145203
1960.7989131961526 0.9996798038482666
1960.8197462314638 0.999629020690918
1960.8405792671902 1.0002861022949219
1960.861412303305 1.0001347064971924
1960.8822453398368 1.0001070499420166
1960.9030783767587 1.0003759860992432
1960.9239114140983 0.9996914267539978
1960.9447444518291 0.9990747570991516
1960.9655774899793 1.000650405883789
1960.9864105285221 1.0004531145095825
1961.0072435674856 1.0001626014709473
1961.0280766068427 0.9993593692779541
1961.0489096466213 0.9998489618301392
1961.0697426867953 0.9998035430908203
1961.0905757273924 1.0004523992538452
1961.1114087683957 0.9999041557312012
1961.1322418098032 0.9997565746307373
1961.153074851618 1.0000609159469604
1961.1739078938585 1.0003838539123535
1961.1947409365077 0.9993861317634583
1961.2155739795737 1.0000503063201904
1961.236407023039 0.9995841979980469
1961.2572400669328 1.0003116130828857
1961.2780731112273 1.000268816947937
1961.298906155951 0.9997000098228455
1961.3197392010766 0.999386191368103
1961.3405722466325 1.0006217956542969
1961.3614052925918 1.0000759363174438
1961.3822383389827 0.9990827441215515
1961.4030713857776 0.99958336353302
1961.4239044330052 1.0002870559692383
1961.4447374806382 1.0001325607299805
1961.4655705287053 1.000793218612671
1961.4864035771786 1.0003050565719604
1961.5072366260872 1.0003094673156738
1961.5280696754028 1.0005322694778442
1961.548902725155 1.0005061626434326
1961.5697357753156 1.0001558065414429
1961.5905688259136 1.0003129243850708
1961.6114018769208 1.0001276731491089
1961.6322349283669 0.9996644258499146
1961.6530679802236 1.000751256942749
1961.6739010325198 1.0010145902633667
1961.6947340852375 1.0006898641586304
1961.715567138376 1.0011327266693115
1961.7364001919373 0.9996945858001709
1961.7572332459504 0.9999708533287048
1961.778066300367 1.0001084804534912
1961.7988993552265 1.0004981756210327
1961.8197324105008 1.0004976987838745
1961.8405654662192 1.0007652044296265
1961.8613985223533 1.0001896619796753
1961.8822315789325 1.0006996393203735
1961.903064635928 1.0007479190826416
1961.9238976933702 0.9999620318412781
1961.9447307512298 1.0009921789169312
1961.965563809537 0.9991493821144104
1961.9863968682625 0.9993281960487366
1962.0072299274364 1.0001418590545654
1962.0280629870301 1.0001929998397827
1962.0488960470732 1.0003671646118164
1962.069729107537 0.999495804309845
1962.0905621684508 1.0005062818527222
1962.1113952297867 1.000809907913208
1962.132228291574 1.0004569292068481
1962.1530613537839 1.0003820657730103
1962.1738944164465 1.0000760555267334
1962.1947274795325 1.0008116960525513
1962.2155605430721 1.0005813837051392
1962.2363936070365 0.9999806880950928
1962.2572266714553 0.9997351765632629
1962.2780597362998 1.000899076461792
1962.2988928016 1.0000548362731934
1962.3197258673267 0.9998857378959656
1962.3405589335102 1.0006953477859497
1962.3613920001212 1.001081109046936
1962.3822250671897 0.9998511672019958
1962.403058134697 0.9997238516807556
1962.423891202653 0.9997174143791199
1962.4447242710385 1.0009167194366455
1962.4655573398836 1.000406265258789
1962.4863904091594 1.0005565881729126
1962.507223478896 0.9996234774589539
1962.528056549064 1.0000613927841187
1962.5488896196941 1.0004113912582397
1962.5697226907564 0.9993210434913635
1962.5905557622816 1.0005877017974854
1962.6113888342404 0.9998698830604553
1962.632221906663 0.9999533891677856
1962.65305497952 1.0000616312026978
1962.6738880528417 1.0001060962677002
1962.694721126599 1.0001126527786255
1962.7155542008225 1.0000039339065552
1962.7363872754822 0.999667227268219
1962.7572203506088 1.0007387399673462
1962.7780534261728 1.0001293420791626
1962.7988865022053 1.0004637241363525
1962.8197195786756 1.0000483989715576
1962.8405526556155 0.9999855756759644
1962.8613857329942 0.9997379183769226
1962.8822188108436 1.0002895593643188
1962.903051889133 1.0009210109710693
1962.9238849678939 1.000221848487854
1962.9447180470956 0.9996383190155029
1962.9655511267702 0.9996544718742371
1962.986384206887 1.0000110864639282
1963.007217287477 1.0003252029418945
1963.0280503685105 1.0002989768981934
1963.0488834500184 1.0000224113464355
1963.0697165319705 0.999958336353302
1963.0905496143985 1.000589370727539
1963.1113826972714 0.9998039603233337
1963.1322157806214 1.0005815029144287
1963.1530488644173 1.000077247619629
1963.1738819486911 0.9990272521972656
1963.1947150334124 0.9998046159744263
1963.2155481186226 0.9997111558914185
1963.2363812042609 1.0000123977661133
1963.2572142903896 0.9992924332618713
1963.2780473769774 0.9995591044425964
1963.2988804640365 0.9996516704559326
1963.319713551546 1.0001498460769653
1963.3405466395275 1.0003879070281982
1963.3613797279709 0.9998902678489685
1963.3822128169074 1.000043272972107
1963.4030459062767 0.9990883469581604
1963.4238789961503 0.9993799924850464
1963.4447120864677 1.000380516052246
1963.465545177271 1.0003429651260376
1963.4863782685288 0.9992854595184326
1963.5072113602735 0.9994191527366638
1963.5280444524738 0.9986538887023926
1963.5488775451524 1.0001245737075806
1963.569710638308 0.9995982646942139
1963.5905437319427 1.0000249147415161
1963.6113768260354 0.9992017149925232
1963.6322099206186 0.9994771480560303
1963.653043015661 1.0009174346923828
1963.6738761111953 1.0005444288253784
1963.6947092071896 0.9990191459655762
1963.7155423036768 0.9993430376052856
1963.7363754006255 0.9991114139556885
1963.7572084980686 0.999835729598999
1963.7780415959742 0.998569905757904
1963.798874694375 0.998987078666687
1963.8197077932396 0.9993966817855835
1963.840540892601 0.9995301365852356
1963.8613739924276 1.0002760887145996
1963.882207092752 0.999146044254303
1963.9030401935424 0.9996901750564575
1963.9238732948324 0.9988295435905457
1963.9447063965897 0.9998837113380432
1963.9655394988476 1.0001899003982544
1963.9863726015744 0.9993889331817627
1964.0072057048028 0.9985779523849487
1964.0280388085014 0.9993570446968079
1964.0488719127034 1.000231146812439
1964.0697050173765 0.9991825222969055
1964.090538122554 0.9980154037475586
1964.1113712282045 0.9984439015388489
1964.132204334361 0.998931348323822
1964.1530374409915 0.9994614720344543
1964.1738705481293 0.998929500579834
1964.1947036557422 0.9981074333190918
1964.2155367638643 0.9985699653625488
1964.2363698724628 0.9989951252937317
1964.257202981572 0.9984546899795532
1964.2780360911588 0.9982571601867676
1964.2988692012575 0.9983412623405457
1964.319702311836 0.9986767172813416
1964.3405354229276 0.9999780654907227
1964.3613685345003 0.9987770318984985
1964.3822016465876 0.9976213574409485
1964.4030347591574 0.9987016320228577
1964.4238678722438 0.9995887279510498
1964.4447009858138 1.0003817081451416
1964.4655340999022 0.9988053441047668
1964.4863672144756 0.9981815218925476
1964.507200329569 0.9982078671455383
1964.528033445149 0.9985942840576172
1964.5488665612509 0.9990359544754028
1964.5696996778406 0.9987097978591919
1964.5905327949538 0.9987221360206604
1964.6113659125567 0.9982038140296936
1964.632199030685 0.9990742206573486
1964.6530321493044 0.9992181062698364
1964.6738652684505 0.9986055493354797
1964.69469838809 0.9984647631645203
1964.715531508258 0.9992942810058594
1964.736364628921 0.9987967014312744
1964.757197750114 0.9984819889068604
1964.7780308718038 0.9971917867660522
1964.798863994026 0.9971679449081421
1964.8196971167465 0.9995193481445312
1964.8405302400013 0.9989323019981384
1964.8613633637558 0.9984820485115051
1964.882196488047 0.9985226392745972
1964.9030296128399 0.9982781410217285
1964.923862738171 0.9987837672233582
1964.944695864006 0.9981189370155334
1964.965528990381 0.997721791267395
1964.9863621172622 0.9979363679885864
1965.0071952446856 0.998406708240509
1965.0280283726167 0.9992416501045227
1965.0488615010922 0.9977083206176758
1965.0696946300777 0.9986629486083984
1965.0905277596098 0.9978263974189758
1965.111360889654 0.999029815196991
1965.132194020247 0.998374342918396
1965.1530271513536 0.99747234582901
1965.173860283012 0.9976475238800049
1965.1946934151863 0.9971919655799866
1965.2155265479144 0.9988656640052795
1965.2363596811604 0.9978992342948914
1965.257192814963 0.9975187182426453
1965.278025949286 0.9983102083206177
1965.2988590841678 0.9984230995178223
1965.3196922195725 0.9983685612678528
1965.340525355538 0.9984207153320312
1965.3613584920292 0.9975613355636597
1965.3821916290842 0.9983871579170227
1965.4030247666672 0.9995216131210327
1965.4238579048165 0.9974930882453918
1965.444691043496 0.9973189830780029
1965.4655241827452 0.9978398680686951
1965.4863573225273 0.9983118176460266
1965.5071904628815 0.9987804293632507
1965.528023603771 0.9983550906181335
1965.5488567452362 0.9980862736701965
1965.5696898872395 0.9975149631500244
1965.590523029821 0.9982849359512329
1965.611356172944 0.9980779886245728
1965.6321893166478 0.9973152875900269
1965.6530224608962 0.9981676340103149
1965.673855605729 0.9975650906562805
1965.6946887511087 0.9977930784225464
1965.7155218970763 0.9990507364273071
1965.7363550435944 0.9976646304130554
1965.7571881907036 0.9980974197387695
1965.7780213383664 0.9975323677062988
1965.798854486624 0.9988568425178528
1965.819687635438 0.9977518320083618
1965.8405207848507 0.9969309568405151
1965.8613539348237 0.9984967708587646
1965.8821870853985 0.9966750144958496
1965.9030202365375 0.9980885982513428
1965.923853388282 0.996709942817688
1965.9446865405941 0.9975506067276001
1965.9655196935162 0.9970192313194275
1965.9863528470096 0.9990639090538025
1966.007186001117 0.9979877471923828
1966.0280191557993 0.998562753200531
1966.0488523111003 0.9977448582649231
1966.0696854669802 0.9981866478919983
1966.0905186234831 0.9984625577926636
1966.111351780569 0.9985662698745728
1966.1321849382825 0.9974502921104431
1966.1530180965838 0.9974107146263123
1966.173851255517 0.9985418915748596
1966.1946844150423 0.9984763860702515
1966.2155175752048 0.9974149465560913
1966.236350735964 0.9985960125923157
1966.2571838973654 0.9973593950271606
1966.2780170593685 0.9992154240608215
1966.298850222019 0.9983329176902771
1966.319683385276 0.9977177977561951
1966.340516549186 0.998040497303009
1966.361349713708 0.9987541437149048
1966.3821828788884 0.9977209568023682
1966.4030160446762 0.9986032247543335
1966.423849211139 0.9983365535736084
1966.4446823782341 0.9981805086135864
1966.4655155459905 0.9981856942176819
1966.486348714375 0.9983599185943604
1966.5071818834274 0.9982811808586121
1966.5280150531344 0.9984493255615234
1966.5488482235155 0.9979315996170044
1966.5696813945376 0.9975442886352539
1966.5905145662407 0.9984671473503113
1966.6113477386016 0.9980852603912354
1966.632180911661 0.9988000988960266
1966.6530140853747 0.9988464713096619
1966.6738472597945 0.9983060956001282
1966.6946804348759 0.9994621276855469
1966.7155136106717 0.9984435439109802
1966.7363467871364 0.9994217157363892
1966.7571799643238 0.9991706609725952
1966.7780131421878 0.9983969330787659
1966.7988463207835 0.9985811114311218
1966.819679500064 1.0002230405807495
1966.8405126800849 0.9986633658409119
1966.8613458607992 0.9967309832572937
1966.8821790422642 0.9982077479362488
1966.9030122244312 0.9987661838531494
1966.9238454073586 1.0001060962677002
1966.944678590998 0.9982580542564392
1966.9655117754075 0.997731626033783
1966.9863449605393 0.9988390803337097
1967.0071781464528 0.9989253878593445
1967.0280113330984 0.9990573525428772
1967.0488445205374 0.997142493724823
1967.0696777087192 0.9991044998168945
1967.0905108977067 0.9992287755012512
1967.1113440874487 0.998916745185852
1967.132177278009 0.9987849593162537
1967.1530104693359 0.9984128475189209
1967.1738436614946 0.999037504196167
1967.1946768544328 0.9982675313949585
1967.2155100482169 0.9988490343093872
1967.2363432427937 0.9979956150054932
1967.2571764382315 0.9981493949890137
1967.2780096344761 0.998123824596405
1967.298842831598 0.9982589483261108
1967.3196760295414 0.9980933666229248
1967.3405092283685 0.9988360404968262
1967.3613424280427 0.9986023902893066
1967.382175628639 0.9990085959434509
1967.403008830079 0.9984678030014038
1967.4238420324396 0.998117208480835
1967.4446752356812 0.9986458420753479
1967.4655084398735 0.9992624521255493
1967.486341644966 0.997990608215332
1967.50717485101 0.9982889294624329
1967.5280080579737 0.9984790682792664
1967.5488412659313 0.9991808533668518
1967.56967447482 0.99921053647995
1967.5905076847262 0.9988069534301758
1967.6113408955857 0.998306393623352
1967.632174107488 0.9996249079704285
1967.6530073203674 0.9993603229522705
1967.6738405343167 0.9971160292625427
1967.6946737492683 0.9980289340019226
1967.7155069653184 0.9995428919792175
1967.736340182397 0.9990360736846924
1967.7571734006053 0.9988740682601929
1967.7780066198711 0.9976474046707153
1967.7988398402986 0.9979528784751892
1967.819673061814 0.998828113079071
1967.8405062845263 0.9998112916946411
1967.8613395083592 0.9979392886161804
1967.882172733426 0.9972249269485474
1967.9030059596482 0.9990494251251221
1967.9238391871436 0.9987708926200867
1967.944672415832 0.9986776113510132
1967.9655056458362 0.997696578502655
1967.986338877073 0.9975943565368652
1968.0071721096708 0.9998239278793335
1968.0280053435436 0.9986222386360168
1968.0488385788262 0.9986749887466431
1968.0696718154293 0.9980570673942566
1968.090505053494 0.9991694092750549
1968.1113382929175 0.9991873502731323
1968.1321715338684 0.999039888381958
1968.15300477624 0.9994556307792664
1968.173838020188 0.9995776414871216
1968.1946712656124 0.9999505877494812
1968.2155045126758 0.9992914795875549
1968.2363377612749 0.9985138177871704
1968.2571710115803 0.9986929893493652
1968.278004263484 0.9986595511436462
1968.298837517165 0.9987146258354187
1968.3196707725115 0.9999359846115112
1969.278002816506 1.0004987716674805
1969.2988361573632 1.0000956058502197
1969.3196694977341 0.9996684789657593
1969.3405028372804 0.9997451305389404
1969.361336176054 1.0003418922424316
1969.3821695137544 0.9997570514678955
1969.4030028504492 0.9999440908432007
1969.4238361858802 1.0002213716506958
1969.4446695201273 0.9996643662452698
1969.4655028529758 1.0001482963562012
1969.4863361845146 0.9992491602897644
1969.5071695145712 0.9996455311775208
1969.5280028432387 1.0001009702682495
1969.5488361703822 1.000191330909729
1969.5696694960982 0.9996656179428101
1969.5905028202737 0.9995729327201843
1969.6113361430255 1.0004076957702637
1969.6321694642675 1.0001184940338135
1969.6530027840947 0.9995896816253662
1969.6738361024534 0.9999957084655762
1969.6946694194362 0.9997674822807312
1969.7155027350059 1.0000698566436768
1969.736336049252 1.000103235244751
1969.7571693621505 0.9997104406356812
1969.778002673787 0.9992562532424927
1969.7988359841477 0.9993615746498108
1969.8196692933134 0.9995043873786926
1969.840502601278 1.0001107454299927
1969.8613359081185 0.9995234608650208
1969.8821692138342 1.0000077486038208
1969.9030025184964 0.9998143911361694
1969.9238358221096 0.9994233846664429
1969.9446691247297 0.9994369745254517
1969.965502426395 0.9997168779373169
1969.9863357271367 0.9996106624603271
1970.0071690269651 0.9999867081642151
1970.0280023259565 0.9997658729553223
1970.0488356241135 0.9991333484649658
1970.069668921488 0.9991625547409058
1970.0905022180934 0.9998229146003723
1970.111335513978 1.0002344846725464
1970.132168809155 0.9996587634086609
1970.1530021036697 0.9995615482330322
1970.1738353975359 0.9995642900466919
1970.1946686907945 1.000658392906189
1970.2155019834604 0.9994472861289978
1970.2363352755704 1.0007917881011963
1970.25716856714 1.0008244514465332
1970.278001858203 1.0003345012664795
1970.2988351487747 1.0000622272491455
1970.3196684388754 1.0007038116455078
1970.3405017285413 1.00136137008667
1970.3613350177898 1.0006192922592163
1970.3821683066365 1.0002195835113525
1970.4030015951066 0.9999889731407166
1970.4238348832155 1.0009825229644775
1970.4446681709862 1.001529335975647
1970.4655014584341 1.0006036758422852
1970.4863347455796 1.0005347728729248
1970.507168032438 0.9998774528503418
1970.5280013190277 1.0003995895385742
1970.5488346053644 0.9988970160484314
1970.5696678914642 0.9997150301933289
1970.5905011773425 0.9992149472236633
1970.6113344630132 1.0001306533813477
1970.6321677484927 0.9990246891975403
1970.653001033793 0.9996652007102966
1970.67383431893 0.9994231462478638
1970.6946676039138 1.0003604888916016
1970.7155008887507 1.0010560750961304
1970.7363341734697 0.9993928074836731
1970.7571674580768 1.000046968460083
1970.778000742579 1.000270128250122
1970.7988340269928 0.9997982382774353
1970.819667311324 1.000381350517273
1970.8405005955892 0.9998399019241333
1970.8613338797925 1.0001229047775269
1970.8821671639505 1.000616431236267
1970.903000448066 1.0011177062988281
1970.9238337321567 1.0011900663375854
1970.9446670162235 1.000314712524414
1970.9655003002838 1.0009628534317017
1970.986333584338 1.0009175539016724
1971.0071668684034 0.9999799728393555
1971.0280001524793 1.0005277395248413
1971.0488334365734 1.000285029411316
1971.069666720704 1.000393271446228
1971.090500004878 1.0005571842193604
1971.1113332890939 1.000702142715454
1971.1321665733687 1.0004472732543945
1971.1529998576991 1.0003060102462769
1971.1738331421031 1.000285267829895
1971.1946664265758 1.0011414289474487
1971.215499711136 1.0008437633514404
1971.236332995778 1.0004874467849731
1971.25716628052 1.0005027055740356
1971.2779995653561 0.9996864795684814
1971.2988328503047 1.0015075206756592
1971.319666135359 1.000056266784668
1971.3404994205378 0.999735414981842
1971.361332705823 0.9990653395652771
1971.382165991254 0.9994828701019287
1971.4029992768121 0.9999574422836304
1971.4238325625167 0.99860018491745
1971.4446658483585 0.9994724988937378
1971.4654991343568 0.9993464946746826
1971.4863324205016 1.0005031824111938
1971.5071657068133 0.9996128678321838
1971.5279989932808 0.999592125415802
1971.548832279924 0.9991872310638428
1971.5696655667318 0.9999643564224243
1971.5904988537245 1.0004140138626099
1971.6113321408902 1.0008723735809326
1971.6321654282492 0.9995337128639221
1971.6529987157892 1.000112533569336
1971.6738320035206 1.000410795211792
1971.694665291451 0.9990339279174805
1971.7154985795908 1.0007838010787964
1971.7363318679265 1.0001325607299805
1971.757165156479 0.999958872795105
1971.7779984452347 1.0001370906829834
1971.798831734215 1.0000782012939453
1971.8196650234047 1.0005742311477661
1971.8404983128257 0.9992795586585999
1971.861331602463 0.9999218583106995
1971.882164892338 1.0006656646728516
1971.902998182436 0.9993566870689392
1971.923831472778 1.0004174709320068
1971.9446647633486 1.0004022121429443
1971.9654980541593 0.9994332790374756
1971.9863313452147 1.000442624092102
1972.0071646365266 0.9995782971382141
1972.027997928078 1.0000299215316772
1972.0488312198916 0.999616265296936
1972.0696645119506 0.9996579885482788
1972.090497804277 1.000065565109253
1972.111331096854 0.999539852142334
1972.1321643897038 0.9996401071548462
1972.1529976828087 0.9994614720344543
1972.1738309761918 0.9985753297805786
1972.1946642698351 0.999703586101532
1972.2154975637513 0.99976646900177
1972.2363308579424 0.9995420575141907
1972.2571641524207 0.9997085332870483
1972.2779974471687 0.9996498227119446
1972.2988307422086 1.0000452995300293
1972.3196640375224 0.9996081590652466
1972.3404973331324 0.9994246363639832
1972.3613306290206 0.9984747767448425
1972.3821639252096 1.0003371238708496
1972.4029972216804 0.9989767074584961
1972.4238305184563 0.999333381652832
1972.4446638155175 0.9996652603149414
1972.4654971128882 0.9989348649978638
1972.4863304105481 0.9991485476493835
1972.5071637085111 0.999252200126648
1972.527997006777 0.9996227622032166
1972.5488303053598 0.9985207319259644
1972.5696636042394 0.9989800453186035
1972.590496903439 1.0002248287200928
1972.611330202939 0.9995521306991577
1972.6321635027623 0.9989134669303894
1972.6529968028892 0.9987652897834778
1972.6738301033436 0.9982206225395203
1972.6946634041044 0.9992507100105286
1972.7154967051958 0.9988099932670593
1972.7363300065867 0.9986137747764587
1972.7571633083217 0.9995954036712646
1972.7779966103694 0.9998469948768616
1972.798829912754 0.9992271065711975
1972.8196632154538 0.9988781809806824
1972.840496518494 0.9993599653244019
1972.8613298218527 0.9999099969863892
1972.8821631255541 0.9992229342460632
1972.902996429577 0.9992246627807617
1972.9238297339452 0.999371349811554
1972.9446630386278 0.9992667436599731
1972.9654963436788 0.9992812275886536
1972.9863296490464 0.9993345141410828
1973.0071629547551 0.9988729953765869
1973.0279962608029 0.9993613362312317
1973.0488295672046 0.9996179938316345
1973.0696628739381 0.9990195631980896
1973.0904961810277 0.9989835619926453
1973.1113294884512 0.9991845488548279
1973.132162796234 0.9995974898338318
1973.152996104353 0.9993786811828613
1973.1738294128334 0.9998569488525391
1973.1946627216523 0.9994152784347534
1973.2154960308346 0.9997965097427368
1973.2363293403482 0.9997559785842896
1973.2571626502377 0.9993805885314941
1973.27799596047 0.9993751645088196
1973.2988292710706 0.9996875524520874
1973.3196625820165 0.9998181462287903
1973.3404958933327 0.9999956488609314
1973.361329204996 0.9996515512466431
1973.3821625170322 1.0003414154052734
1973.402995829417 0.9998394846916199
1973.4238291421768 0.9997345805168152
1973.4446624552877 1.0003145933151245
1973.4654957687756 1.000524878501892
1973.486329082606 0.9998679757118225
1973.5071623968254 0.999200701713562
1973.5279957113996 0.9992610216140747
1973.5488290263545 1.0003063678741455
1973.5696623416661 0.9995575547218323
1973.5904956573602 0.9997100234031677
1973.6113289734128 1.0004513263702393
1973.63216228985 0.9990224242210388
1973.6529956066474 1.0001754760742188
1973.6738289238308 0.9996284246444702
1973.6946622413661 0.9992950558662415
1973.7154955592996 0.9988105893135071
1973.7363288775969 0.9988167881965637
1973.7571621962836 0.9998121857643127
1973.7779955153353 0.9998366832733154
1973.798828834779 0.9995810985565186
1973.8196621545892 0.9992268681526184
1973.8404954747928 1.0006036758422852
1973.8613287953644 0.9998037815093994
1973.8821621163308 1.0000429153442383
1973.9029954376572 0.9986880421638489
1973.9238287594 0.9992309212684631
1973.9446620814942 0.9996092319488525
1973.9654954039963 0.9995377659797668
1973.986328726871 0.9994156360626221
1974.0071620501453 1.000233769416809
1974.027995373794 1.000240445137024
1974.0488286978436 0.999672532081604
1974.0696620222689 1.0002306699752808
1974.0904953470967 0.9994637370109558
1974.1113286723016 0.9995488524436951
1974.1321619979103 1.0004470348358154
1974.1529953238876 1.0000426769256592
1974.1738286502798 0.999573826789856
1974.1946619770522 1.0000196695327759
1974.2154953042311 0.9997109770774841
1974.2363286317911 0.9994599223136902
1974.2571619597593 0.9997761249542236
1974.2779952881097 1.0000176429748535
1974.2988286168695 0.999902606010437
1974.3196619460132 1.0001612901687622
1974.3404952755675 0.9989811182022095
1974.3613286054965 0.9999430179595947
1974.3821619358478 0.999559223651886
1974.402995266585 0.9987682700157166
1974.4238285977356 1.0003339052200317
1974.4446619292737 0.9993329048156738
1974.465495261226 0.9994195699691772
1974.486328593567 0.9993257522583008
1974.5071619263238 0.9988461136817932
1974.5279952594703 0.9988077282905579
1974.5488285930337 1.0000008344650269
1974.569661926978 0.9989912509918213
1974.5904952613505 0.9987220764160156
1974.6113285961148 0.9997521638870239
1974.632161931299 0.999847412109375
1974.6529952668755 0.9992033839225769
1974.673828602873 0.9991974830627441
1974.6946619392647 0.9999082088470459
1974.715495276078 1.0002325773239136
1974.7363286132866 0.9993643760681152
1974.7571619509176 0.9998676180839539
1974.7779952889355 0.9992313981056213
1974.7988286273871 1.0000265836715698
1974.819661966236 0.999825656414032
1974.8404953055099 0.9993433356285095
1974.8613286451823 0.9994381666183472
1974.8821619852808 0.9996557831764221
1974.9029953257789 0.9995024800300598
1974.923828666704 0.9989770650863647
1974.9446620080294 0.9985671639442444
1974.9654953497732 1.000037431716919
1974.9863286919385 0.9997310042381287
1975.007162034513 1.0001968145370483
1975.0279953775 0.999369740486145
1975.048828720917 0.9998939037322998
1975.0696620647377 0.9998878836631775
1975.09049540899 0.9998604655265808
1975.1113287536461 0.9994254112243652
1975.1321620987349 0.999809741973877
1975.1529954442187 0.9997678995132446
1975.1738287901462 0.9995736479759216
1975.1946621364798 0.9995180368423462
1975.2154954832479 0.9997523427009583
1975.236328830423 1.0004278421401978
1975.2571621780335 0.9999673962593079
1975.277995526052 1.0002305507659912
1975.298828874507 0.9999336004257202
1975.3196622233709 0.9992833137512207
1975.340495572672 0.9995294213294983
1975.361328922373 0.9993466138839722
1975.3821622725225 0.9997294545173645
1975.4029956230827 0.99959796667099
1975.4238289740817 1.000192642211914
1975.4446623254928 0.9995402693748474
1975.465495677344 0.9993869662284851
1975.4863290296078 0.9993792176246643
1975.5071623823126 0.9999635219573975
1975.5279957354307 0.9996062517166138
1975.548829088981 0.9999130368232727
1975.5696624429554 0.9992955923080444
1975.590495797373 0.9995409846305847
1975.6113291522054 1.0002288818359375
1975.6321625074818 0.9992658495903015
1975.6529958631743 0.9992888569831848
1975.6738292193115 0.9999305605888367
1975.6946625758656 1.0002765655517578
1975.715495932865 0.9999745488166809
1975.7363292902726 0.9996987581253052
1975.7571626481365 0.9996607899665833
1975.777996006419 0.9995847940444946
1975.798829365149 1.000030755996704
1975.8196627242983 0.9994510412216187
1975.840496083896 0.999250054359436
1975.8613294439137 0.9999632239341736
1975.8821628043809 0.9995136260986328
1975.9029961652589 0.9999465942382812
1975.923829526597 0.9992511868476868
1975.9446628883572 0.9996565580368042
1975.9654962505683 0.9996845126152039
1975.986329613202 0.9997891783714294
1976.0071629762876 0.9995519518852234
1976.0279963397968 0.9999785423278809
1976.0488297037587 0.9996888637542725
1976.0696630681448 0.9999145865440369
1976.0904964329845 0.9997421503067017
1976.1113297982395 1.0000258684158325
1976.1321631639587 1.0000208616256714
1976.1529965301042 0.9999243021011353
1976.173829896705 0.9996828436851501
1976.194663263732 1.0005254745483398
1976.215496631216 1.0000910758972168
1976.236329999127 0.9997737407684326
1976.2571633674954 1.0001015663146973
1976.2779967362924 1.0006401538848877
1976.2988301055368 0.9997852444648743
1976.3196634752208 1.0003689527511597
1976.3404968453633 1.0002694129943848
1976.361330215936 0.9998102188110352
1976.3821635869685 0.999454140663147
1976.4029969584315 0.999850332736969
1976.4238303303553 0.9998634457588196
1976.4446637027106 0.9998173713684082
1976.4654970755275 0.9994650483131409
1976.4863304487665 0.9999025464057922
1976.507163822478 1.0001726150512695
1976.527997196623 0.9997377991676331
1976.5488305712308 0.9995989799499512
1976.569663946273 1.00041663646698
1976.590497321779 1.0007660388946533
1976.61133069772 1.0001919269561768
1976.6321640741257 0.9996760487556458
1976.6529974509674 1.0002390146255493
1976.6738308282647 1.0008082389831543
1976.6946642060086 0.9998714923858643
1976.7154975842193 0.9993699193000793
1976.7363309628674 0.999859631061554
1976.7571643419828 1.0000275373458862
1976.7779977215366 1.000042200088501
1976.7988311015588 0.9997525811195374
1976.8196644820102 0.9997889399528503
1976.8404978629408 1.000198245048523
1976.8613312443115 0.9998171925544739
1976.882164626152 0.9994180798530579
1976.9029980084335 0.9997925162315369
1976.9238313911862 0.9997695684432983
1976.9446647743805 0.999776303768158
1976.9654981580368 0.9996858239173889
1976.9863315421455 0.9996018409729004
1977.0071649267272 0.9996515512466431
1977.0279983117523 1.0002976655960083
1977.0488316972514 1.000096321105957
1977.0904984696124 1.000195026397705
1977.1113318564755 1.0001810789108276
1977.1321652438144 0.9997924566268921
1977.152998631599 1.0003106594085693
1977.1738320198504 1.0002607107162476
1977.1946654085589 1.0003604888916016
1977.2154987977449 1.0000505447387695
1977.2363321873786 0.9994540810585022
1977.2571655774907 1.0004630088806152
1977.2779989680519 0.9998853802680969
1977.2988323590926 1.0007524490356445
1977.3196657505828 1.000108003616333
1977.3404991425436 1.000028371810913
1977.3613325349647 1.0006979703903198
1977.3821659278676 1.0000110864639282
1977.4029993212218 1.0000007152557373
1977.4238327150588 1.0002293586730957
1977.4446661093482 1.0006438493728638
1977.4654995041208 1.0004547834396362
1977.486332899337 1.000550627708435
1977.507166295048 1.0003407001495361
1977.5279996912132 1.0001580715179443
1977.5488330878638 1.000309944152832
1977.56966648497 1.0004639625549316
1977.5904998825629 1.0005531311035156
1977.611333280612 1.0005221366882324
1977.632166679149 1.0006277561187744
1977.653000078133 1.0008189678192139
1977.6738334776162 1.0003422498703003
1977.6946668775577 1.0009902715682983
1977.7155002779891 1.0002312660217285
1977.7363336788796 1.0007792711257935
1977.7571670802615 1.0001232624053955
1977.7780004821038 0.9999997615814209
1977.7988338844384 1.000864863395691
1977.8196672872243 1.0004584789276123
1977.8405006905136 1.00063955783844
1977.8613340942654 1.0006701946258545
1977.882167498512 1.001118779182434
1977.9030009032222 1.0009040832519531
1977.923834308428 1.0003565549850464
1977.9446677140886 1.0009087324142456
1977.9655011202562 1.0009801387786865
1977.9863345268898 0.9998471140861511
1978.0071679340215 1.0006835460662842
1978.02800134162 1.0000605583190918
1978.0488347497183 0.9998239278793335
1978.0696681582847 1.0001459121704102
1978.0905015673518 0.9998194575309753
1978.1113349768784 1.0008882284164429
1978.1321683869166 1.000489354133606
1978.153001797426 1.0002321004867554
1978.1738352084385 1.0003454685211182
1978.194668619923 1.0005840063095093
1978.2155020319121 1.0005357265472412
1978.2363354443742 1.0003290176391602
1978.2571688573325 1.000900387763977
1978.2780022707752 1.0002256631851196
1978.2988356847256 1.0004327297210693
1978.3196690991513 0.9999908208847046
1978.3405025140862 1.0006213188171387
1978.3613359294982 1.0009609460830688
1978.3821693454206 1.0009077787399292
1978.4030027618214 1.0001496076583862
1978.4238361787238 1.0006648302078247
1978.4446695961162 1.000356912612915
1978.4655030140223 1.0005621910095215
1978.4863364324094 1.0000044107437134
1978.5071698513116 1.0004327297210693
1978.5280032706962 1.0006262063980103
1978.5488366905874 0.9994693994522095
1978.5696701109732 1.000329852104187
1978.590503531877 1.000182032585144
1978.6113369532663 1.0001505613327026
1978.6321703751757 1.0009050369262695
1978.6530037975726 1.000195026397705
1978.673837220491 1.0001654624938965
1978.694670643898 1.0003278255462646
1978.7155040678183 0.9997062683105469
1978.7363374922395 0.9998493790626526
1978.7571709171857 1.0006903409957886
1978.7780043426242 1.0008305311203003
1978.7988377685895 1.000582218170166
1978.8196711950486 1.0000474452972412
1978.8405046220369 1.000362753868103
1978.8613380495208 1.000230073928833
1978.8821714775254 0.9998955726623535
1978.9030049060375 1.0004217624664307
1978.9238383350826 1.000191330909729
1978.944671764627 1.0005744695663452
1978.965505194706 1.0002368688583374
1978.9863386252866 1.000398874282837
1979.007172056394 1.0005649328231812
1979.0280054880145 1.000355839729309
1979.0488389201744 1.0004976987838745
1979.0696723528395 1.0001287460327148
1979.090505786046 1.0001013278961182
1979.1113392197594 1.0003206729888916
1979.1321726540166 1.0011836290359497
1979.1530060887835 1.0007776021957397
1979.1738395240861 1.0010497570037842
1979.1946729599103 1.0004572868347168
1979.215506396283 1.0007210969924927
1979.2363398331697 1.0003682374954224
1979.2571732706074 1.0007028579711914
1979.2780067085612 1.0001866817474365
1979.2988401470682 1.000052571296692
1979.319673586084 1.00071120262146
1979.340507025666 1.00111722946167
1979.3613404657692 1.0000667572021484
1979.3821739064308 1.0006722211837769
1979.4030073476165 1.0003166198730469
1979.4238407893636 1.0005320310592651
1979.4446742316372 1.0002005100250244
1979.4655076744652 1.0001531839370728
1979.4863411178321 0.9999503493309021
1979.5071745617668 1.0005817413330078
1979.5280080062334 0.9999536275863647
1979.5488414512704 0.9999493956565857
1979.5696748968426 1.0003377199172974
1979.590508342978 1.0005197525024414
1979.6113417896615 1.0003422498703003
1979.6321752369222 1.0005285739898682
1979.653008684724 1.000744104385376
1979.673842133106 1.0005710124969482
1979.6946755820325 1.0001287460327148
1979.715509031533 0.9998275637626648
1979.736342481591 1.000411868095398
1979.7571759322368 0.999809980392456
1979.7780093834333 1.0004358291625977
1979.7988428352216 0.9999198913574219
1979.8196762875648 0.9998131394386292
1979.8405097405032 1.000341534614563
1979.8613431940003 1.0004620552062988
1979.8821766480864 0.9991591572761536
1979.9030101027452 1.000360131263733
1979.9238435580078 1.0003831386566162
1979.9446770138368 1.000036358833313
1979.9655104702738 1.0003411769866943
1979.9863439272813 1.0000531673431396
1980.0071773848917 0.9992759227752686
1980.028010843087 1.0005741119384766
1980.0488443019 0.9998123049736023
1980.0696777612923 1.0000160932540894
1980.0905112213072 1.0001107454299927
1980.1113446819063 1.0001237392425537
1980.1321781431332 0.9999629259109497
1980.153011604939 0.9997717142105103
1980.173845067388 0.9997261166572571
1980.194678530431 0.9996140003204346
1980.215511994113 1.0005582571029663
1980.2363454583945 0.9997289776802063
1980.2571789233104 0.9999743700027466
1980.2780123888415 1.0000678300857544
1980.2988458550237 1.0001716613769531
1980.3196793218165 0.9992912411689758
1980.3405127892668 0.9999377727508545
1980.3613462573335 0.999977707862854
1980.3821797260648 1.000378966331482
1980.403013195419 1.000598669052124
1980.4238466654344 1.000676155090332
1980.4446801360896 0.999923825263977
1980.4655136074232 1.0006203651428223
1980.4863470793935 0.9999911785125732
1980.5071805520504 0.9996864795684814
1980.528014025351 1.000259280204773
1980.5488474993358 1.0007095336914062
1980.5696809739825 1.0001949071884155
1980.5905144493322 1.0005465745925903
1980.611347925341 0.9996403455734253
1980.6321814020623 1.000417947769165
1980.6530148794511 1.0003459453582764
1980.6738483575516 1.0002466440200806
1980.6946818363385 1.0009008646011353
1980.7155153158571 0.9994332194328308
1980.7363487960613 1.0002442598342896
1980.7571822770074 1.0008702278137207
1980.7780157586494 1.00066339969635
1980.798849241044 1.0001500844955444
1980.819682724135 1.0000693798065186
1980.840516208 1.0002129077911377
1980.861349692582 0.9998974204063416
1980.882183177941 1.000217318534851
1980.9030166640284 0.9997994899749756
1980.9238501509053 0.999912440776825
1980.9446836385127 1.000116229057312
1980.9655171269337 1.0000226497650146
1980.986350616108 1.0006000995635986
1981.0071841061003 1.0007789134979248
1981.0280175968596 1.0000346899032593
1981.0488510884422 0.9999496340751648
1981.0696845808163 1.0007339715957642
1981.0905180740403 1.0008041858673096
1981.111351568061 1.0006548166275024
1981.1321850629488 1.0007917881011963
1981.1530185586498 1.000264048576355
1981.1738520552362 0.9999565482139587
1981.1946855526533 1.0004197359085083
1981.2155190509657 1.0007176399230957
1981.2363525501366 1.000194787979126
1981.2571860502342 0.9998363852500916
1981.2780195512005 1.0001424551010132
1981.2988530531154 0.9998971819877625
1981.3196865559098 0.9999457001686096
1981.340520059687 1.000007152557373
1981.3613535643763 1.000315546989441
1981.382187070064 1.0000494718551636
1981.4030205766878 0.9998313784599304
1981.4238540843373 0.9999847412109375
1981.444687592939 0.9999727010726929
1981.465521102606 0.9993311762809753
1981.4863546132628 1.0004122257232666
1981.5071881250065 0.9996914863586426
1981.5280216377694 0.9998762011528015
1981.5488551516535 0.9997457265853882
1981.569688666589 0.9993652701377869
1981.5905221826724 0.9998608231544495
1981.6113556998512 1.000118374824524
1981.6321892182277 1.000076174736023
1981.6530227377273 1.0002272129058838
1981.673856258467 1.000636339187622
1981.6946897803696 0.9995530843734741
1981.7155233035485 1.0008444786071777
1981.7363568279438 1.0011906623840332
1981.757190353676 1.0003381967544556
1981.778023880661 1.0006495714187622
1981.798857409037 1.0002285242080688
1981.8196909387068 1.000190258026123
1981.8405244698363 1.0003186464309692
1981.861358002325 1.0008090734481812
1981.882191536327 1.0005381107330322
1981.9030250717476 1.0005037784576416
1981.9238586087508 1.0002027750015259
1981.9446921472281 1.0002729892730713
1981.965525687373 1.000290870666504
1981.9863592290721 1.0007158517837524
1982.00719277251 1.0001598596572876
1982.028026317579 1.0005933046340942
1982.048859864475 1.0002604722976685
1982.0696934130747 1.0004453659057617
1982.0905269636073 1.0006983280181885
1982.1113605159428 1.0005521774291992
1982.1321940703044 1.000227928161621
1982.1530276265657 1.0001758337020874
1982.1738611849637 1.0000721216201782
1982.1946947453548 1.0004962682724
1982.2155283080106 1.00006103515625
1982.2363618727807 1.0008236169815063
1982.2571954399298 1.0001198053359985