1955.7997087323336 1.003129005432129
1955.8205417137592 1.002729892730713
1955.8413746939113 1.002084493637085
1955.8622076728818 1.0009735822677612
1955.8830406505522 1.0003352165222168
1955.9038736270154 0.9996147751808167
1955.924706602196 0.9990605115890503
1955.9455395761772 0.9983954429626465
1955.966372548903 0.9978410005569458
1955.9872055204548 0.9970840811729431
1956.0080384907926 0.9968020915985107
1956.0288714599951 0.9964562058448792
1956.049704428036 0.9959584474563599
1956.0705373949993 0.9957001805305481
1956.0913703608494 0.9952108860015869
1956.112203325667 0.9951876401901245
1956.1330362894435 0.9949321150779724
1956.153869252246 0.9947137832641602
1956.174702214072 0.9945970773696899
1956.195535174984 0.9946935772895813
1956.2163681349841 0.9946177005767822
1956.2372010941308 0.9945256114006042
1956.2580340524291 0.9948533177375793
1956.278867009934 0.9948341250419617
1956.2996999666623 0.9945863485336304
1956.3205329226453 0.9950133562088013
1956.341365877902 0.9948262572288513
1956.362198832479 0.9948469996452332
1956.3830317863867 0.9948715567588806
1956.4038647396685 0.9949780702590942
1956.4246976923357 0.9949731826782227
1956.445530644428 0.9947916865348816
1956.4663635959569 0.9949675798416138
1956.4871965469588 0.9946322441101074
1956.5080294974466 0.9945690035820007
1956.528862447463 0.9948512315750122
1956.5496953970012 0.9941985011100769
1956.570528346101 0.994209885597229
1956.591361294775 0.9939766526222229
1956.6121942430511 0.9938414096832275
1956.6330271909426 0.993701159954071
1956.6538601384736 0.9935583472251892
1956.674693085658 0.9932595491409302
1956.6955260325176 0.9934068918228149
1956.7163589790762 0.9934732913970947
1956.7371919253337 0.9935057163238525
1956.7580248713132 0.9932951927185059
1956.7788578170325 0.9933210015296936
1956.7996907625059 0.9933314919471741
1956.8205237077484 0.9935892224311829
1956.841356652774 0.993927001953125
1956.8621895975962 0.993867814540863
1956.8830225422294 0.9944738149642944
1956.9038554866852 0.994460940361023
1956.9246884309773 0.9948759078979492
1956.9455213751166 0.9955008029937744
1956.9663543191166 0.9959061145782471
1956.9871872629963 0.9964944124221802
1957.00802020675 0.9969784617424011
1957.0288531503945 0.9976105093955994
1957.0496860939443 0.9983964562416077
1957.0705190374053 0.9993482232093811
1957.091351980792 0.9999754428863525
1957.112184924109 1.0008111000061035
1957.1330178673702 1.0018362998962402
1957.1538508105796 1.0027360916137695
1957.1746837537517 1.0034871101379395
1957.1955166968885 1.004582405090332
1957.2163496400149 1.0058062076568604
1957.2371825831117 1.0064491033554077
1957.2580155262044 1.0078743696212769
1957.2788484692928 1.0088081359863281
1957.299681412392 1.0095508098602295
1957.320514355501 1.0104056596755981
1957.3413472986347 1.0116771459579468
1957.362180241792 1.0129241943359375
1957.3830131849877 1.013660192489624
1957.4038461282194 1.0149697065353394
1957.4246790715024 1.0160694122314453
1957.4455120148334 1.0169670581817627
1957.4663449582279 1.0181330442428589
1957.487177901692 1.0189956426620483
1957.508010845221 1.0201001167297363
1957.5288437888198 1.0208790302276611
1957.549676732505 1.0212434530258179
1957.5705096762708 1.0218591690063477
1957.591342620133 1.0231690406799316
1957.6121755640852 1.0237911939620972
1957.6330085081436 1.0246273279190063
1957.6538414523018 1.0253045558929443
1957.6746743965757 1.026362419128418
1957.6955073409679 1.0266501903533936
1957.7163402854746 1.0271873474121094
1957.7371732300983 1.0272269248962402
1957.7580061748552 1.0277976989746094
1957.7788391197369 1.0281023979187012
1957.79967206476 1.0277683734893799
1957.8205050099155 1.0275858640670776
1957.84133795522 1.0278418064117432
1957.8621709006645 1.0276687145233154
1957.8830038462656 1.0272061824798584
1957.9038367920134 1.0270137786865234
1957.924669737925 1.0265508890151978
1957.9455026839898 1.0257986783981323
1957.9663356302356 1.025030255317688
1957.9871685766307 1.0243316888809204
1958.008001523203 1.0234864950180054
1958.028834469941 1.0226938724517822
1958.0496674168628 1.020999550819397
1958.070500363956 1.0206283330917358
1958.0913333112383 1.0198216438293457
1958.1121662586982 1.018453598022461
1958.1329992063531 1.0177172422409058
1958.1538321541907 1.0167919397354126
1958.1746651022288 1.0159486532211304
1958.1954980504545 1.0146639347076416
1958.2163309988864 1.0136215686798096
1958.2371639475211 1.0124326944351196
1958.2579968963566 1.0112863779067993
1958.2788298453897 1.0104715824127197
1958.2996627946384 1.0095243453979492
1958.3204957440894 1.0083107948303223
1958.341328693761 1.0075011253356934
1958.362161643639 1.0067147016525269
1958.382994593742 1.0060471296310425
1958.4038275440557 1.0048389434814453
1958.4246604945993 1.0043041706085205
1958.4454934453572 1.0030587911605835
1958.466326396349 1.0021395683288574
1958.487159347559 1.0018285512924194
1958.5079922990074 1.0007089376449585
1958.528825250688 1.0002727508544922
1958.5704911547384 0.998971164226532
1958.5913241071223 0.9983532428741455
1958.6121570597359 0.9977535605430603
1958.6329900125984 0.9972232580184937
1958.653822965694 0.9961482286453247
1958.674655919042 0.9959316849708557
1958.6954888726266 0.9957767724990845
1958.716321826467 0.9952942132949829
1958.7371547805471 0.9952965378761292
1958.7579877348862 0.9955335259437561
1958.7788206894681 0.9946349859237671
1958.7996536443125 0.9943634867668152
1958.8204865994126 0.9941633343696594
1958.841319554768 0.9943565726280212
1958.8621525103617 0.9942445755004883
1958.8829854662442 0.9947350025177002
1958.903818422368 0.9944255948066711
1958.9246513787632 0.9948411583900452
1958.9454843354122 0.9947086572647095
1958.9663172923356 0.9944994449615479
1958.9871502495155 0.9941899180412292
1959.0079832069725 0.9943934679031372
1959.0288161646886 0.9943958520889282
1959.0496491226838 0.9947324395179749
1959.0704820809412 0.9944655895233154
1959.0913150394806 0.994657039642334
1959.112147998284 0.9948190450668335
1959.132980957382 0.9939115047454834
1959.1538139167262 0.9939725399017334
1959.1746468763674 0.9939812421798706
1959.1954798362876 0.9942125678062439
1959.216312796487 0.9940387010574341
1959.237145756957 0.9937470555305481
1959.2579787177187 0.9933948516845703
1959.2788116787538 0.9933265447616577
1959.2996446400823 0.9929311871528625
1959.3204776016862 0.9930630326271057
1959.3413105635857 0.9931949973106384
1959.3621435257626 0.9931772351264954
1959.3829764882378 0.9932549595832825
1959.4038094509917 0.9935362339019775
1959.4246424140458 0.9930006861686707
1959.4454753773812 0.9929214715957642
1959.4663083410187 0.9930725693702698
1959.4871413049489 0.9936532378196716
1959.5079742691735 0.9939092993736267
1959.5288072336823 0.9937343597412109
1959.5496401984876 0.9944658279418945
1959.5704731635992 0.9947391748428345
1959.5913061290087 0.9948216676712036
1959.6121390947062 0.9949307441711426
1959.6329720607137 0.9961026310920715
1959.6538050270112 0.9967407584190369
1959.67463799362 0.9971544742584229
1959.6954709605204 0.9979117512702942
1959.7163039277339 0.9991394877433777
1959.7371368952406 0.999426543712616
1959.7579698630623 0.9998952746391296
1959.7788028311788 1.001219630241394
1959.799635799612 1.0022872686386108
1959.820468768341 1.0032504796981812
1959.8413017373884 1.0041472911834717
1959.8621347067337 1.0051226615905762
1959.8829676764087 1.0056302547454834
1959.903800646373 1.0065275430679321
1959.9246336166586 1.0077444314956665
1959.945466587245 1.0092095136642456
1959.9662995581543 1.010291576385498
1959.9871325293657 1.011466145515442
1960.007965500901 1.0123602151870728
1960.0287984727404 1.013303279876709
1960.0496314449053 1.0140293836593628
1960.0704644173752 1.0151151418685913
1960.091297390172 1.016086220741272
1960.1121303632754 1.017398476600647
1960.1329633367072 1.0188528299331665
1960.1537963104468 1.0191785097122192
1960.174629284516 1.0205011367797852
1960.1954622588942 1.0207768678665161
1960.2162952336037 1.0219569206237793
1960.2371282086233 1.0231424570083618
1960.2579611839856 1.0237066745758057
1960.278794159649 1.0246598720550537
1960.2996271356362 1.0249251127243042
1960.3204601119564 1.0258373022079468
1960.3412930886016 1.0264031887054443
1960.3621260655607 1.0271302461624146
1960.3829590428559 1.0275213718414307
1960.4037920204662 1.02797532081604
1960.4246249984142 1.0282576084136963
1960.4454579766782 1.028061032295227
1960.466290955281 1.0279332399368286
1960.4871239342012 1.0279337167739868
1960.5079569134614 1.027843952178955
1960.52878989304 1.0273722410202026
1960.5496228729598 1.0270823240280151
1960.5704558531988 1.026294469833374
1960.5912888337805 1.025814175605774
1960.6121218146827 1.025383472442627
1960.6329547959285 1.024498462677002
1960.6537877775056 1.02373468875885
1960.6746207594074 1.0230019092559814
1960.695453741642 1.0220869779586792
1960.7162867242323 1.0208040475845337
1960.7371197071363 1.0203726291656494
1960.7579526903871 1.0191251039505005
1960.7787856739626 1.018004059791565
1960.799618657886 1.0167685747146606
1960.8204516421351 1.015989899635315
1960.8412846267333 1.0151418447494507
1960.862117611658 1.01387357711792
1960.882950596933 1.0125279426574707
1960.9037835825354 1.0118625164031982
1960.924616568489 1.0108263492584229
1960.9454495547711 1.0096523761749268
1960.9662825414055 1.0087246894836426
1960.9871155283695 1.0082052946090698
1961.0079485156866 1.0068708658218384
1961.0287815033341 1.0058081150054932
1961.0496144913357 1.005240559577942
1961.070447479669 1.0041309595108032
1961.0912804683571 1.0039418935775757
1961.1121134573877 1.0030330419540405
1961.1329464467547 1.0013859272003174
1961.1537794364644 1.0009149312973022
1961.1746124265317 1.0003972053527832
1961.195445416943 0.9991924166679382
1961.2162784077022 0.9991057515144348
1961.2371113987965 0.9979102611541748
1961.2579443902498 0.9977489709854126
1961.2787773820394 0.997115969657898
1961.2996103741887 0.996795117855072
1961.3204433666747 0.9962297677993774
1961.3412763595215 0.9961912631988525
1961.3621093527063 0.9955236911773682
1961.3829423462528 0.9948542714118958
1961.4037753401378 0.9949110746383667
1961.4246083343855 0.9951155185699463
1961.4454413289727 0.994385838508606
1961.4662743239235 0.9944934248924255
1961.4871073192146 0.9939191341400146
1961.5079403148704 0.9942715167999268
1961.5287733108669 0.9941649436950684
1961.5496063072292 0.99429851770401
1961.5704393039334 0.9939390420913696
1961.5912723010038 0.9943030476570129
1961.612105298417 0.9946336150169373
1961.6329382961974 0.9942899346351624
1961.6537712943214 0.9944580793380737
1961.6746042928137 0.9943338632583618
1961.6954372916603 0.9944870471954346
1961.7162702908556 0.9944576025009155
1961.7371032904064 0.9942859411239624
1961.757936290337 0.9941977858543396
1961.7787692906038 0.9944908022880554
1961.7996022912412 0.994503378868103
1961.8204352922255 0.9944010972976685
1961.8412682935814 0.9939518570899963
1961.862101295285 0.9934122562408447
1961.8829342973609 0.993525505065918
1961.9037672997852 0.9934694766998291
1961.924600302583 0.9931536316871643
1961.94543330573 0.9933696985244751
1961.9662663092513 0.992960512638092
1961.9870993131226 0.9927172660827637
1962.0079323173686 0.9929512143135071
1962.0287653219657 0.993022620677948
1962.0495983269386 0.9926937818527222
1962.0704313322633 0.9928063154220581
1962.0912643379645 0.992887556552887
1962.1120973440184 0.9932801723480225
1962.1329303504497 0.9929293394088745
1962.1537633572343 0.9931458830833435
1962.1745963643973 0.9932999014854431
1962.195429371914 0.9937054514884949
1962.2162623798104 0.9944891929626465
1962.2370953880616 0.9945805668830872
1962.2579283966925 0.9949281215667725
1962.2787614056792 0.9954426884651184
1962.2995944150468 0.996026337146759
1962.320427424771 0.9969712495803833
1962.3412604348766 0.9976329803466797
1962.3620934453397 0.9986379742622375
1962.382926456185 0.9988763928413391
1962.4037594673987 1.0001031160354614
1962.4245924789857 1.000449299812317
1962.4454254909317 1.0016459226608276
1962.4662585032613 1.002475380897522
1962.487091515951 1.0038481950759888
1962.5079245290258 1.0045620203018188
1962.528757542461 1.005862832069397
1962.549590556282 1.0063210725784302
1962.570423570464 1.0073221921920776
1962.591256585033 1.008477807044983
1962.6120895999643 1.010033130645752
1962.632922615283 1.010495901107788
1962.6537556309643 1.0117233991622925
1962.674588647034 1.013117790222168
1962.6954216634674 1.0138325691223145
1962.7162546802904 1.0145792961120605
1962.7370876974776 1.01554274559021
1962.7579207150548 1.0172897577285767
1962.7787537329973 1.0176990032196045
1962.799586751331 1.0186855792999268
1962.8204197700306 1.0196969509124756
1962.841252789122 1.020318865776062
1962.8620858085803 1.021855115890503
1962.8829188284315 1.0225706100463867
1962.9037518486502 1.0227059125900269
1962.9245848692626 1.0235830545425415
1962.9454178902433 1.0243055820465088
1962.9662509116188 1.025410532951355
1962.9870839333635 1.025977611541748
1963.0079169555036 1.0260928869247437
1963.028749978014 1.0263952016830444
1963.0495830009202 1.0270600318908691
1963.0704160241978 1.0269957780838013
1963.0912490478725 1.0279929637908936
1963.112082071919 1.027711272239685
1963.1329150963636 1.0276771783828735
1963.1537481211806 1.0272561311721802
1963.1745811463968 1.0270559787750244
1963.1954141719866 1.0268796682357788
1963.2162471979861 1.0265816450119019
1963.23708022434 1.0261759757995605
1963.2579132511048 1.024910807609558
1963.2787462782549 1.0237733125686646
1963.2995793057967 1.0239380598068237
1963.3204123337148 1.022895097732544
1963.3412453620251 1.022242546081543
1963.3620783907227 1.0208852291107178
1963.382911419834 1.0203720331192017
1963.403744449303 1.0187082290649414
1963.4245774791966 1.0179537534713745
1963.4454105094592 1.0173077583312988
1963.4662435401274 1.0164141654968262
1963.487076571175 1.0144597291946411
1963.5079096026293 1.0134869813919067
1963.5287426344642 1.0125482082366943
1963.5495756666965 1.012173056602478
1963.5704086993305 1.0107475519180298
1963.591241732363 1.0097488164901733
1963.6120747657776 1.0084868669509888
1963.632907799602 1.0081971883773804
1963.65374083381 1.0073928833007812
1963.6745738684283 1.006285548210144
1963.6954069034311 1.0049136877059937
1963.7162399388453 1.0041277408599854
1963.737072974645 1.003477692604065
1963.7579060108571 1.0031167268753052
1963.7787390474557 1.0016459226608276
1963.799572084468 1.0010554790496826
1963.8204051218675 1.0004198551177979
1963.8412381596818 0.9996291995048523
1963.8620711978845 0.9991664290428162
1963.8829042365028 0.9974780082702637
1963.9037372755104 0.9974650740623474
1963.9245703149352 0.9967849254608154
1963.9454033547502 0.996791422367096
1963.9662363949833 0.9960710406303406
1963.9870694356077 0.9955577254295349
1964.0079024766512 0.994710385799408
1964.0287355180874 0.9947823286056519
1964.049568559944 0.9945865869522095
1964.070401602194 0.9940977692604065
1964.0912346448652 0.9939874410629272
1964.1120676879314 0.9937533140182495
1964.1329007314202 0.993807315826416
1964.1537337753048 0.9941093325614929
1964.1745668196131 0.9936484098434448
1964.1953998643182 0.9932082891464233
1964.2162329094488 0.9929758906364441
1964.2370659549772 0.9938459992408752
1964.257899000932 0.9935511946678162
1964.2787320472858 0.9934185147285461
1964.2995650940672 0.9935568571090698
1964.3203981412491 0.9937004446983337
1964.3412311888599 0.9941367506980896
1964.3620642368721 0.9938004016876221
1964.3828972853146 0.9939165711402893
1964.40373033416 0.9937012791633606
1964.4245633834366 0.9940680265426636
1964.4453964331176 0.9943758845329285
1964.4662294832315 0.9930841326713562
1964.4870625337503 0.9933875799179077
1964.5078955847036 0.9932147860527039
1964.5287286360635 0.9932823777198792
1964.549561687859 0.9928721189498901
1964.5703947400625 0.9925693273544312
1964.591227792703 0.9926989674568176
1964.612060845753 0.9922465682029724
1964.6328938992413 0.992661714553833
1964.6537269531404 0.9925755262374878
1964.6745600074792 0.992099404335022
1964.6953930622303 0.9921633005142212
1964.716226117423 0.9924411177635193
1964.7370591730291 0.9922548532485962
1964.7578922290782 0.9922187924385071
1964.7787252855424 0.9924700856208801
1964.7995583424513 0.9924669861793518
1964.8203913997766 0.993597149848938
1964.841224457548 0.9931185841560364
1964.8620575157372 0.9937290549278259
1964.8828905743746 0.9939000606536865
1964.9037236334316 0.993968665599823
1964.924556692938 0.9949320554733276
1964.9453897528656 0.9954596161842346
1964.9662228132445 0.9956587553024292
1964.987055874046 0.9962345957756042
1965.0078889353008 0.9973573088645935
1965.0287219969798 0.9981960654258728
1965.0495550591138 0.9980607032775879
1965.070388121674 0.9996213912963867
1965.0912211846908 1.0004050731658936
1965.1120542481353 1.0019274950027466
1965.1328873120385 1.0024746656417847
1965.1537203763712 1.0033295154571533
1965.1745534411648 1.0039184093475342
1965.1953865063895 1.0048667192459106
1965.216219572077 1.0066953897476196
1965.2370526381976 1.0068861246109009
1965.257885704783 1.0082918405532837
1965.2787187718034 1.009668231010437
1965.2995518392906 1.0100277662277222
1965.320384907215 1.0111993551254272
1965.341217975608 1.0122861862182617
1965.3620510444402 1.0134567022323608
1965.3828841137438 1.0145893096923828
1965.4037171834884 1.0162912607192993
1965.4245502537065 1.0160062313079834
1965.4453833243676 1.017216444015503
1965.4662163955045 1.0187104940414429
1965.487049467087 1.0196036100387573
1965.5078825391477 1.020297646522522
1965.5287156116556 1.0208570957183838
1965.5495486846444 1.0220012664794922
1965.5703817580832 1.0226290225982666
1965.591214832005 1.0235921144485474
1965.6120479063793 1.023378610610962
1965.632880981239 1.0244861841201782
1965.6537140565538 1.025165319442749
1965.6745471323568 1.0254844427108765
1965.6953802086173 1.0261999368667603
1965.7162132853684 1.0268131494522095
1965.7370463625798 1.0267367362976074
1965.757879440285 1.0267360210418701
1965.778712518453 1.026848554611206
1965.7995455971177 1.026760458946228
1965.8203786762474 1.0261179208755493
1965.8412117558773 1.0257790088653564
1965.8620448359754 1.0258536338806152
1965.8828779165763 1.024946689605713
1965.9037109976484 1.0242081880569458
1965.9245440792263 1.023512840270996
1965.9453771612787 1.022859811782837
1965.9662102438404 1.0217201709747314
1965.9870433268793 1.0213779211044312
1966.007876410431 1.0200328826904297
1966.0287094944633 1.019484519958496
1966.049542579012 1.0193074941635132
1966.0703756640444 1.0179688930511475
1966.091208749597 1.0167162418365479
1966.1120418356363 1.0155611038208008
1966.1328749222 1.0148066282272339
1966.1537080092542 1.0134092569351196
1966.1745410968365 1.012518286705017
1966.1953741849127 1.011085867881775
1966.216207273521 1.0101791620254517
1966.2370403626276 1.0096125602722168
1966.2578734522701 1.0078575611114502
1966.278706542415 1.0072053670883179
1966.2995396331 1.0068144798278809
1966.3203727242912 1.0054960250854492
1966.3412058160277 1.0047298669815063
1966.3620389082746 1.0041389465332031
1966.382872001071 1.0028769969940186
1966.4037050943725 1.0020651817321777
1966.4245381882386 1.0015746355056763
1966.445371282634 1.0002129077911377
1966.466204377579 0.9996253848075867
1966.487037473048 0.9993845224380493
1966.507870569072 0.9988136887550354
1966.5287036656455 0.9975053668022156
1966.5495367627793 0.9969359636306763
1966.5703698604473 0.9959069490432739
1966.5912029586812 0.9961736798286438
1966.6120360574648 0.9955152869224548
1966.6328691568306 0.9945240020751953
1966.6537022567416 0.9950262308120728
1966.6745353572408 0.9944606423377991
1966.6953684582911 0.9943300485610962
1966.716201559936 0.9934309720993042
1966.737034662138 0.9936586618423462
1966.7578677649417 0.9935669302940369
1966.7787008683085 0.9927218556404114
1966.799533972284 0.9927743077278137
1966.8203670768296 0.9932535886764526
1966.841200181991 0.993350625038147
1966.8620332877294 0.9919359087944031
1966.8828663940915 0.9932122826576233
1966.9036995010376 0.9934209585189819
1966.9245326086154 0.9933650493621826
1966.9453657167849 0.9929118752479553
1966.9661988255943 0.9931933879852295
1966.9870319350036 0.993447482585907
1967.007865045062 0.9930943846702576
1967.0286981557283 0.9932801723480225
1967.0495312670528 0.9922177195549011
1967.0703643789936 0.9933144450187683
1967.0911974916028 0.9931952953338623
1967.1120306048379 0.9931631684303284
1967.132863718751 0.9929735660552979
1967.1536968332994 0.9922371506690979
1967.174529948537 0.9927977323532104
1967.1953630644198 0.9927187561988831
1967.2161961810034 0.9923657178878784
1967.2370292982428 0.9916810989379883
1967.2578624161943 0.9919718503952026
1967.278695534813 0.9918050169944763
1967.299528654157 0.9917566180229187
1967.32036177418 0.9911502003669739
1967.3411948949308 0.9919375777244568
1967.362028016383 0.9919672012329102
1967.3828611385975 0.9919313192367554
1967.4036942615064 0.9919460415840149
1967.4245273851723 0.9916806817054749
1967.4453605095662 0.9923831224441528
1967.4661936347431 0.9925445318222046
1967.4870267606627 0.9923892617225647
1967.5078598873615 0.992659866809845
1967.5286930148188 0.9933269023895264
1967.5495261430926 0.9940279722213745
1967.5703592721313 0.9943880438804626
1967.5911924020052 0.994200587272644
1967.6120255326612 0.9948656558990479
1967.6328586641719 0.996358335018158
1967.6536917964834 0.9970571398735046
1967.6745249296707 0.9967154264450073
1967.6953580636782 0.9982556104660034
1967.7161911985836 0.9994147419929504
1967.7370243343296 0.9999943971633911
1967.7578574709974 1.0009410381317139
1967.7786906085282 1.0017060041427612
1967.7995237470054 1.002607822418213
1967.8203568863692 1.004284381866455
1967.841190026706 1.0050177574157715
1967.8620231679547 1.0054163932800293
1967.8828563102047 1.0061485767364502
1967.9036894533929 1.0080946683883667
1967.9245225976126 1.0092755556106567
1967.9453557427992 1.010247826576233
1967.9661888890494 1.010509729385376
1967.9870220362964 1.0120913982391357
1968.0078551846416 1.01349937915802
1968.0286883340152 1.0142489671707153
1968.0495214845237 1.0154409408569336
1968.070354636095 1.015684962272644
1968.0911877888402 1.0174001455307007
1968.1120209426742 1.0185956954956055
1968.1328540977333 1.0190316438674927
1968.1536872539302 1.0203198194503784
1968.174520411386 1.0211167335510254
1968.1953535700206 1.0218157768249512
1968.2161867299603 1.022605061531067
1968.2370198911226 1.0232155323028564
1968.2578530536389 1.0241209268569946
1968.278686217424 1.0247677564620972
1968.2995193826146 1.025729775428772
1968.3203525491222 1.0260159969329834
1969.2786799235241 0.9935370683670044
1969.299513150396 0.9927390813827515
1969.320346376641 0.9925543069839478
1969.3411796019989 0.9918648600578308
1969.3620128265252 0.9920353293418884
1969.3828460499933 0.9920405149459839
1969.4036792724698 0.9915181398391724
1969.424512493764 0.9917980432510376
1969.445345713951 0.9917174577713013
1969.4661789328754 0.9916660189628601
1969.487012150618 0.9914144277572632
1969.5078453670571 0.9914217591285706
1969.5286785822752 0.9914165735244751
1969.5495117961805 0.9918236136436462
1969.5703450088563 0.9917853474617004
1969.5911782202256 0.9913614988327026
1969.6120114303906 0.9917781352996826
1969.6328446392945 0.9915499091148376
1969.653677847017 0.991958498954773
1969.674511053528 0.9921943545341492
1969.695344258904 0.9913623929023743
1969.716177463127 0.9917986989021301
1969.7370106662702 0.991788387298584
1969.757843868325 0.9917164444923401
1969.7786770693604 0.9913138747215271
1969.799510269375 0.9916762113571167
1969.8203434684337 0.9911157488822937
1969.8411766665402 0.991171658039093
1969.8620098637548 0.9908425807952881
1969.8828430600854 0.9905455708503723
1969.903676255588 0.9906953573226929
1969.9245094502728 0.9906876087188721
1969.9453426441817 0.9905536770820618
1969.9661758373572 0.990189790725708
1969.9870090298168 0.9903784990310669
1970.0078422215743 0.9902330040931702
1970.028675412693 0.9900684952735901
1970.049508603178 0.9901312589645386
1970.070341793069 0.990376889705658
1970.0911749823813 0.99075847864151
1970.1120081711513 0.9908594489097595
1970.1328413593942 0.9914804697036743
1970.1536745471435 0.9912898540496826
1970.1745077344146 0.9918464422225952
1970.1953409212379 0.9922440052032471
1970.2161741076286 0.9926381707191467
1970.237007293614 0.9929677844047546
1970.2578404792102 0.9935582876205444
1970.2786736644414 0.9942477345466614
1970.2995068493233 0.9952301979064941
1970.3203400338675 0.995947003364563
1970.34117321811 0.9967072010040283
1970.3620064020604 0.9973427653312683
1970.382839585734 0.9980390071868896
1970.4036727691484 0.9991129040718079
1970.424505952319 0.9999495148658752
1970.4453391352608 1.001067042350769
1970.4661723179897 1.001734972000122
1970.487005500519 1.0029412508010864
1970.5078386828636 1.003920078277588
1970.528671865036 1.0048701763153076
1970.5495050470506 1.0059165954589844
1970.570338228918 1.007228970527649
1970.5911714106533 1.0080876350402832
1970.6120045922646 1.0091502666473389
1970.6328377737677 1.0102300643920898
1970.6536709551692 1.0113202333450317
1970.6745041364848 1.0122003555297852
1970.6953373177196 1.0134233236312866
1970.7161704988787 1.01445734500885
1970.737003679987 1.0152528285980225
1970.75783686105 1.0159200429916382
1970.77867004207 1.0169410705566406
1970.7995032230626 1.0183093547821045
1970.8203364040303 1.0186777114868164
1970.8411695849882 1.0196912288665771
1970.862002765937 1.0203793048858643
1970.8828359468926 1.0213028192520142
1970.9036691278543 1.0222047567367554
1970.9245023088383 1.0227882862091064
1970.945335489843 1.0235179662704468
1970.9661686708848 1.0240280628204346
1970.9870018519607 1.0244086980819702
1971.0078350330875 1.0245640277862549
1971.0286682142619 1.0247448682785034
1971.0495013954899 1.0250327587127686
1971.0703345767874 1.0254931449890137
1971.091167758161 1.0252721309661865
1971.112000939606 1.025099277496338
1971.1328341211388 1.0248727798461914
1971.153667302754 1.0245280265808105
1971.174500484468 1.0238090753555298
1971.1953336662743 1.0233598947525024
1971.2161668481904 1.0223947763442993
1971.2370000302092 1.0219471454620361
1971.2578332123471 1.0212397575378418
1971.278666394597 1.020157814025879
1971.299499576976 1.0196106433868408
1971.3203327594758 1.018594741821289
1971.3411659421138 1.0174696445465088
1971.361999124871 1.0163624286651611
1971.3828323077848 1.0156219005584717
1971.4036654908361 1.0147370100021362
1971.4244986740423 1.0133627653121948
1971.4453318573935 1.0125226974487305
1971.4661650409078 1.0110013484954834
1971.4869982245739 1.0102320909500122
1971.5078314084105 1.0089571475982666
1971.5286645924066 1.008556604385376
1971.5494977765802 1.0071605443954468
1971.5703309609194 1.0064120292663574
1971.5911641454431 1.0053927898406982
1971.6119973301393 1.0044007301330566
1971.6328305150262 1.003835916519165
1971.6536637000918 1.002508282661438
1971.6744968853438 1.0018666982650757
1971.6953300707908 1.000957727432251
1971.7161632564405 0.9999943971633911
1971.7369964422803 0.9993138909339905
1971.7578296283284 0.9983117580413818
1971.7786628145723 0.9978916049003601
1971.79949600103 0.9967501163482666
1971.8203291876885 0.9962586760520935
1971.8411623745662 0.9955573081970215
1971.8619955616493 0.9951549172401428
1971.8828287489569 0.9940492510795593
1971.9036619364747 0.9940590262413025
1971.9244951242217 0.9936222434043884
1971.9453283121836 0.9934428334236145
1971.966161500369 0.9920733571052551
1971.9869946887839 0.99238520860672
1972.007827877437 0.9922418594360352
1972.0286610663136 0.9919455647468567
1972.0494942554324 0.9912320375442505
1972.070327444779 0.9915359616279602
1972.0911606343723 0.9913313984870911
1972.111993824197 0.99146568775177
1972.1328270142724 0.9914056062698364
1972.1536602045826 0.9911084175109863
1972.1744933951477 0.991307258605957
1972.1953265859513 0.9916325807571411
1972.2161597770032 0.9915382862091064
1972.2369929683075 0.9917725324630737
1972.2578261598733 0.9913432002067566
1972.2786593516848 0.9914019107818604
1972.2994925437617 0.9917994141578674
1972.3203257360872 0.9915821552276611
1972.3411589286814 0.9915482997894287
1972.3619921215275 0.9916015267372131
1972.3828253146455 0.9915355443954468
1972.4036585080185 0.9914225339889526
1972.4244917016665 0.991346538066864
1972.445324895572 0.9911474585533142
1972.466158089756 0.9911912679672241
1972.4869912842003 0.9909226894378662
1972.5078244789156 0.9904648065567017
1972.528657673904 0.9906150698661804
1972.5494908691767 0.9904412627220154
1972.5703240647151 0.990744411945343
1972.6119904566337 0.9902123808860779
1972.6328236530162 0.9905252456665039
1972.65365684967 0.9899026155471802
1972.6744900466153 0.9900208115577698
1972.6953232438343 0.9901642799377441
1972.7161564413473 0.9902405738830566
1972.736989639126 0.9903517365455627
1972.7578228372115 0.9905409216880798
1972.778656035575 0.9908906817436218
1972.7994892342374 0.9912165403366089
1972.8203224331799 0.9911730885505676
1972.8411556324238 0.9918380975723267
1972.8619888319502 0.9923111200332642
1972.8828220317798 0.9928176999092102
1972.903655231894 0.9931751489639282
1972.9244884323134 0.9940928220748901
1972.9453216330096 0.9945883750915527
1972.9661548340334 0.9951639175415039
1972.9869880353356 0.995945394039154
1973.0078212369374 0.997052013874054
1973.0286544388393 0.9976966977119446
1973.0494876410532 0.9987091422080994
1973.070320843559 0.9993219971656799
1973.0911540463787 1.0002418756484985
1973.111987249492 1.0014598369598389
1973.132820452921 1.0025558471679688
1973.1536536566455 1.0032320022583008
1973.1744868606875 1.0043026208877563
1973.1953200650266 1.0056772232055664
1973.2161532696848 1.0064250230789185
1973.2369864746322 1.0074586868286133
1973.2578196799104 1.0085481405258179
1973.2786528854892 1.009773850440979
1973.2994860913905 1.0101375579833984
1973.3203192975939 1.0117477178573608
1973.3411525041215 1.0127962827682495
1973.361985710953 1.0138179063796997
1973.3828189181102 1.0146381855010986
1973.4036521255725 1.0158851146697998
1973.424485333362 1.0166243314743042
1973.4453185414586 1.0178890228271484
1973.466151749884 1.0186103582382202
1973.4869849586075 1.0193088054656982
1973.507818167671 1.0196561813354492
1973.5286513770445 1.0206491947174072
1973.5494845867497 1.0220566987991333
1973.5703177967657 1.0222326517105103
1973.591151007115 1.022678256034851
1973.6119842177766 1.023740291595459
1973.6328174287728 1.0240083932876587
1973.6536506400826 1.02446711063385
1973.6744838517284 1.0245516300201416
1973.6953170636789 1.0248892307281494
1973.7161502759768 1.0251103639602661
1973.7369834885908 1.0252374410629272
1973.7578167015436 1.0246273279190063
1973.7786499148135 1.0246026515960693
1973.7994831284234 1.0246710777282715
1973.8203163423518 1.0241529941558838
1973.8411495566215 1.0235530138015747
1973.861982771211 1.0228190422058105
1973.8828159861425 1.022412657737732
1973.9036492013852 1.0216529369354248
1973.9244824169914 1.0202621221542358
1973.9453156328996 1.0196486711502075
1973.9661488491627 1.0190329551696777
1973.9869820657484 1.0176631212234497
1974.0078152826804 1.0174908638000488
1974.0286484999367 1.0162993669509888
1974.0494817175402 1.015237808227539
1974.0703149354686 1.0145227909088135
1974.0911481537453 1.0132430791854858
1974.1119813723483 1.0113699436187744
1974.1328145913008 1.0109533071517944
1974.1536478105704 1.0098341703414917
1974.1744810302005 1.0088183879852295
1974.1953142501588 1.0078977346420288
1974.2161474704687 1.0067588090896606
1974.236980691108 1.005472183227539
1974.2578139120997 1.0049164295196533
1974.2786471334216 1.0039381980895996
1974.299480355097 1.0030298233032227
1974.320313577104 1.0023311376571655
1974.3411467994652 1.0012582540512085
1974.3619800221486 1.000838279724121
1974.3828132451974 0.9996973276138306
1974.4036464685798 0.9986116290092468
1974.4244796923185 0.9982833862304688
1974.4453129163912 0.997681200504303
1974.4661461408211 0.9968328475952148
1974.4869793655864 0.9959846138954163
1974.5078125907098 0.9950000643730164
1974.5286458161693 0.9950008392333984
1974.5494790419878 0.9943563342094421
1974.5703122681332 0.9932747483253479
1974.591145494649 0.993069589138031
1974.6119787215023 0.9931240677833557
1974.6328119487166 0.9927897453308105
1974.6536451762695 0.9925776124000549
1974.6744784041844 0.99170982837677
1974.6953116324387 0.9920693635940552
1974.7161448610557 0.9919157028198242
1974.736978090013 0.9916523694992065
1974.757811319334 0.991499662399292
1974.778644548986 0.9910171627998352
1974.7994777790127 0.9918175935745239
1974.8203110093812 0.9916555285453796
1974.8411442401148 0.9907430410385132
1974.8619774711913 0.9912814497947693
1974.8828107026343 0.992020845413208
1974.9036439344204 0.9919054508209229
1974.9244771665738 0.9914753437042236
1974.945310399071 0.9910879731178284
1974.9661436319266 0.9915546178817749
1974.986976865147 0.9918444752693176
1975.0078100987162 0.9918065667152405
1975.0286433326412 0.9917780756950378
1975.0494765669355 0.9915406703948975
1975.0703098015763 0.9918972849845886
1975.0911430365877 0.9916209578514099
1975.111976271946 0.9906315207481384
1975.1328095076758 0.9909384250640869
1975.1536427437434 0.9910791516304016
1975.174475980193 0.9907886981964111
1975.1953092169913 0.9904220700263977
1975.2161424541623 0.9900966286659241
1975.2369756916826 0.9904497265815735
1975.2578089295764 0.9903811812400818
1975.2786421678204 0.9900825619697571
1975.299475406439 0.9898460507392883
1975.320308645408 0.9903236627578735
1975.341141884752 0.9902538061141968
1975.3619751244378 0.9904079437255859
1975.3828083645094 0.9896534085273743
1975.4036416049332 0.9902516603469849
1975.4244748457334 0.9909188151359558
1975.4453080868866 0.9912523031234741
1975.4661413284173 0.9913219809532166
1975.4869745703015 0.9913018941879272
1975.5078078125637 0.9922506809234619
1975.52864105518 0.9926488995552063
1975.5494742981655 0.9930347800254822
1975.5703075415158 0.9935094118118286
1975.5911407852457 0.9944905042648315
1975.6119740293311 0.9951777458190918
1975.632807273797 0.9956132769584656
1975.653640518619 0.9965620636940002
1975.674473763822 0.9975268244743347
1975.6953070093823 0.9981146454811096
1975.716140255324 0.999453067779541
1975.7369735016136 1.0000056028366089
1975.7578067482955 1.0007869005203247
1975.7786399953359 1.0020816326141357
1975.7994732427594 1.0033248662948608
1975.8203064905417 1.0042215585708618
1975.8411397387083 1.0052742958068848
1975.8619729872344 1.0061261653900146
1975.882806236145 1.0072882175445557
1975.9036394854058 1.0081640481948853
1975.9244727350622 1.009015440940857
1975.9453059850796 1.0106093883514404
1975.9661392354828 1.0114213228225708
1975.9869724862479 1.012506365776062
1976.0078057373994 1.013013243675232
1976.0286389889136 1.014402151107788
1976.049472240815 1.015864610671997
1976.0703054930796 1.0162039995193481
1976.0911387457322 1.0175930261611938
1976.1119719987382 1.0182675123214722
1976.1328052521433 1.0187660455703735
1976.1536385059128 1.0199495553970337
1976.1744717600718 1.0205925703048706
1976.1953050145955 1.021506905555725
1976.2161382695097 1.0220340490341187
1976.2369715247896 1.0230032205581665
1976.2578047804604 1.023164987564087
1976.2786380364976 1.0240867137908936
1976.299471292916 1.0244075059890747
1976.3203045497119 1.0248934030532837
1976.3411378069 1.0249288082122803
1976.3619710644557 1.025081992149353
1976.3828043224046 1.0252643823623657
1976.4036375807216 1.0249402523040771
1976.4244708394324 1.0250743627548218
1976.4453040985125 1.0244492292404175
1976.4661373579868 1.0240532159805298
1976.4869706178206 1.0235669612884521
1976.5078038780598 1.0229196548461914
1976.5286371386694 1.0223937034606934
1976.5494703996749 1.0214393138885498
1976.5703036610514 1.020964503288269
1976.5911369228243 1.0203673839569092
1976.611970184969 1.0194331407546997
1976.6328034475114 1.0185167789459229
1976.6536367104259 1.0171828269958496
1976.6744699737283 1.0162891149520874
1976.695303237414 1.0156384706497192
1976.7161365014986 1.013954520225525
1976.736969765957 1.0132851600646973
1976.7578030308148 1.0119177103042603
1976.7786362960467 1.0110328197479248
1976.7994695616794 1.010213017463684
1976.820302827677 1.0088794231414795
1976.8411360940856 1.008373498916626
1976.8619693608703 1.00702702999115
1976.8828026280564 1.0057882070541382
1976.9036358956193 1.005187749862671
1976.9244691635847 1.004411220550537
1976.9453024319275 1.0034728050231934
1976.9661357006632 1.002750277519226
1976.986968969787 1.0015723705291748
1977.0078022393152 1.0007693767547607
1977.0286355092219 1.0002115964889526
1977.0494687795335 0.9991857409477234
1977.0703020502242 0.8638549447059631
1977.0911353213207 0.9982191324234009
1977.1119685927974 0.9975587129592896
1977.1328018646807 0.9964415431022644
1977.1536351369448 0.9960647821426392
1977.1744684096059 0.9952849745750427
1977.1953016826587 0.9950262308120728
1977.2161349561195 0.9946382641792297
1977.236968229963 0.9935866594314575
1977.2578015042147 0.9935108423233032
1977.2786347788501 0.9931729435920715
1977.2994680538952 0.9926862716674805
1977.320301329324 0.9924445152282715
1977.3411346051535 0.9920313358306885
1977.3619678813773 0.9924508929252625
1977.3828011580126 0.9919822812080383
1977.4036344350336 0.9919112324714661
1977.4244677124666 0.991902232170105
1977.445300990286 0.9921382665634155
1977.466134268518 0.9920076727867126
1977.4869675471275 0.9917706847190857
1977.507800826161 0.9919753074645996
1977.5286341055823 0.9921322464942932
1977.5494673854182 0.9921239018440247
1977.5703006656431 0.9921516180038452
1977.5911339462837 0.9921392202377319
1977.6119672273137 0.9923388957977295
1977.6328005087605 0.9922407865524292
1977.6536337905875 0.9923320412635803
1977.6744670728422 0.9921702146530151
1977.6953003554881 0.9924481511116028
1977.7161336385525 0.9920364618301392
1977.736966922009 0.9917792081832886
1977.7578002058851 0.9915814995765686
1977.778633490154 0.9914788007736206
1977.7994667748435 0.9913551807403564
1977.8203000599171 0.9913739562034607
1977.8411333454217 0.9914427995681763
1977.8619666313214 0.9910750985145569
1977.8827999176433 0.9908751845359802
1977.903633204361 0.9906922578811646
1977.9244664915025 0.9907602071762085
1977.9452997790302 0.9905824661254883
1977.9661330669924 0.9905192255973816
1977.9869663553527 0.9903858304023743
1978.007799644138 0.990763247013092
1978.0286329333221 0.990573525428772
1978.0494662229328 0.9908649325370789
1978.0702995129434 0.991206705570221
1978.0911328033812 0.9913157820701599
1978.1119660942102 0.9914289712905884
1978.1327993854773 0.9920632839202881
1978.1536326771466 0.9922859072685242
1978.1744659692456 0.9928109049797058
1978.1952992617473 0.9931130409240723
1978.2161325546801 0.9939157366752625
1978.2369658480168 0.9942424893379211
1978.2577991417754 0.9952200651168823
1978.2786324359492 0.9957684874534607
1978.2994657305564 0.9965858459472656
1978.3202990255695 0.9975559711456299
1978.3411323210173 0.9985263347625732
1978.3619656168723 0.9992543458938599
1978.3827989131632 1.0001804828643799
1978.4036322098625 1.0010402202606201
1978.4244655069886 1.0021789073944092
1978.4452988045343 1.0028514862060547
1978.4661321025187 1.0041210651397705
1978.4869654009137 1.0049514770507812
1978.5077986997485 1.0059285163879395
1978.528631998995 1.0073413848876953
1978.5494652986729 1.0079008340835571
1978.5702985987741 1.0092118978500366
1978.5911318993176 1.0104570388793945
1978.6119652002758 1.0112050771713257
1978.6327985016778 1.0123172998428345
1978.6536318034957 1.0133496522903442
1978.674465105759 1.0144495964050293
1978.6952984084398 1.0154541730880737
1978.716131711557 1.0159045457839966
1978.7369650151031 1.0171862840652466
1978.7577983190974 1.0182346105575562
1978.7786316235122 1.018667221069336
1978.7994649283764 1.01973557472229
1978.8202982336625 1.0204827785491943
1978.8411315393998 1.0213721990585327
1978.8619648455604 1.0222954750061035
1978.882798152164 1.022739052772522
1978.9036314592022 1.0235085487365723
1978.9244647666953 1.0236878395080566
1978.9452980746146 1.0243101119995117
1978.9661313829904 1.0249916315078735
1978.9869646917941 1.0249755382537842
1979.0077980010458 1.0249238014221191
1979.0286313107374 1.025225043296814
1979.049464620889 1.025057315826416
1979.0702979314717 1.0251638889312744
1979.0911312425164 1.024757742881775
1979.1119645539939 1.0245201587677002
1979.1327978659356 1.0239982604980469
1979.153631178312 1.023341417312622
1979.1744644911441 1.023056149482727
1979.1952978044228 1.0225056409835815
1979.2161311181696 1.0213249921798706
1979.236964432355 1.0207810401916504
1979.2577977470103 1.0197101831436157
1979.2786310621061 1.0186554193496704
1979.299464377674 1.0176328420639038
1979.3202976936745 1.017242670059204
1979.3411310101594 1.0159485340118408
1979.361964327089 1.0145069360733032
1979.382797644495 1.0138765573501587
1979.403630962348 1.0123807191848755
1979.42446428068 1.0117993354797363
1979.4452975994611 1.0104528665542603
1979.4661309187136 1.00960111618042
1979.4869642384272 1.008252739906311
1979.507797558625 1.0078448057174683
1979.5286308792765 1.0067094564437866
1979.5494642004144 1.0058192014694214
1979.5702975220086 1.0046508312225342
1979.5911308440818 1.0038259029388428
1979.6119641666237 1.0032987594604492
1979.6327974896578 1.0021910667419434
1979.653630813153 1.001413106918335
1979.674464137143 1.0002422332763672
1979.6952974615972 0.9997880458831787
1979.7161307865392 0.9988507032394409
1979.7369641119578 0.9982247948646545
1979.7577974378776 0.9969595074653625
1979.7786307642664 0.9970116019248962
1979.7994640911597 0.9960762858390808
1979.8202974185258 0.9952064752578735
1979.8411307463991 0.9948803186416626
1979.8619640747484 0.994450569152832
1979.8827974035978 0.9936999678611755
1979.9036307329368 0.9930527210235596
1979.9244640627899 0.992931067943573
1979.9452973931254 0.992682933807373
1979.9661307239785 0.9919633865356445
1979.9869640553177 0.9920379519462585
1980.007797387169 0.9913390278816223
1980.0286307195192 0.99210524559021
1980.0494640523955 0.9913091063499451
1980.0702973857644 0.9916521906852722
1980.0911307196636 0.9915105104446411
1980.1119640540599 0.99135822057724
1980.1327973889902 0.9910950064659119
1980.1536307244114 0.9914616346359253
1980.1744640603813 0.9915837049484253
1980.1952973968566 0.9915136694908142
1980.2161307338752 0.99189293384552
1980.2369640714035 0.9916475415229797
1980.2577974094697 0.9918504357337952
1980.27863074806 0.9916708469390869
1980.299464087204 0.9920516610145569
1980.3202974268665 0.9914193749427795
1980.3411307670879 0.9911400675773621
1980.3619641078328 0.9913589358329773
1980.382797449142 0.9915339946746826
1980.40363079098 0.9913253784179688
1980.4244641333783 0.991095781326294
1980.4452974763208 0.9910339117050171
1980.466130819839 0.9910413026809692
1980.4869641638975 0.9906045794487
1980.5077975085383 0.9904835820198059
1980.528630853725 0.990696907043457
1980.5494641994903 0.9902936220169067
1980.5702975458182 0.9902017116546631
1980.5911308927418 0.9901783466339111
1980.611964240224 0.9904452562332153
1980.6327975883094 0.9900755882263184
1980.65363093696 0.9901487231254578
1980.6744642862116 0.9899536967277527
1980.695297636046 0.9906209111213684
1980.716130986499 0.9905868172645569
1980.7369643375323 0.9909169673919678
1980.7577976891923 0.9911624789237976
1980.778631041441 0.9916165471076965
1980.7994643943255 0.9919847846031189
1980.8202977477965 0.9921380281448364
1980.8411311019229 0.9927468299865723
1980.8619644566545 0.9928843379020691
1980.8827978120414 0.9938933849334717
1980.9036311680427 0.9948353171348572
1980.92446452471 0.9950205087661743
1980.9452978819909 0.9960684180259705
1980.966131239959 0.9966887831687927
1980.9869645985614 0.9979850053787231
1981.0077979578523 0.997956395149231
1981.0286313177885 0.9992819428443909
1981.049464678415 1.0003162622451782
1981.0702980397089 1.0015782117843628
1981.0911314017162 1.0023963451385498
1981.111964764393 1.0032964944839478
1981.1327981277968 1.004380464553833
1981.153631491883 1.0058438777923584
1981.1744648567114 1.006108045578003
1981.1952982222356 1.0072085857391357
1981.2161315885076 1.008695125579834
1981.2369649555 1.0097036361694336
1981.2577983232668 1.0103561878204346
1981.2786316917598 1.0117264986038208
1981.2994650610449 1.0126872062683105
1981.3202984310626 1.0137004852294922
1981.341131801901 1.0145223140716553
1981.3619651734998 1.015593409538269
1981.3827985459297 1.0165207386016846
1981.4036319191387 1.0177825689315796
1981.4244652932002 1.0182687044143677
1981.4452986680512 1.0192877054214478
1981.4661320437879 1.020582914352417
1981.4869654203455 1.0211207866668701
1981.5077987978034 1.021813988685608
1981.528632176105 1.0219517946243286
1981.5494655553337 1.0230636596679688
1981.5702989354313 1.0235190391540527
1981.5911323164742 1.0238324403762817
1981.6119656984222 1.024468183517456
1981.6327990813563 1.0247540473937988
1981.6536324652145 1.0245728492736816
1981.6744658500913 1.0252118110656738
1981.6952992359234 1.0251588821411133
1981.716132622799 1.0249418020248413
1981.7369660106733 1.024757981300354
1981.7577993996397 1.0247814655303955
1981.7786327896304 1.0240908861160278
1981.7994661807543 1.0234862565994263
1981.8202995729307 1.022765040397644
1981.8411329662954 1.022456407546997
1981.8619663607647 1.021849513053894
1981.8827997564597 1.0205327272415161
1981.9036331533043 1.019672155380249
1981.9244665514268 1.0188184976577759
1981.9452999507375 1.0183167457580566
1981.9661333513923 1.0170599222183228
1981.9869667532978 1.0159789323806763
1982.007800156597 1.014861822128296
1982.0286335612043 1.0141758918762207
1982.0494669672705 1.0127676725387573
1982.0703003746953 1.0122298002243042
1982.0911337836592 1.010931134223938
1982.1119671940567 1.0103195905685425
1982.132800606058 1.0089524984359741
1982.1536340195632 1.0077159404754639
1982.1744674347515 1.006678819656372
1982.1953008515077 1.0060726404190063
1982.2161342700408 1.0049422979354858
1982.2369676902306 1.004332423210144
1982.2578011122741 1.0030930042266846