1983.6538757621395 1.0013139247894287
1983.6747089984497 0.9988042712211609
1983.6955422342892 1.00136399269104
1983.7163754696805 1.0010162591934204
1983.737208704652 1.0008513927459717
1983.7580419392248 1.000209927558899
1983.778875173424 0.9996814727783203
1983.7997084072704 1.0002824068069458
1983.820541640786 1.0002250671386719
1983.8413748739908 1.0004971027374268
1983.8622081068947 1.0002937316894531
1983.8830413395476 1.0002418756484985
1983.9038745719354 1.0008032321929932
1983.9247078040883 1.0006580352783203
1983.9455410360201 1.000372290611267
1983.96637426775 1.0009077787399292
1983.9872074992809 1.000746250152588
1984.0080407306505 1.0004854202270508
1984.0288739618593 1.000542163848877
1984.0497071929258 1.0005732774734497
1984.0705404238583 1.0002906322479248
1984.091373654675 1.0002323389053345
1984.1122068853826 0.9996811151504517
1984.1330401159985 0.9992442727088928
1984.1538733465284 1.000204086303711
1984.1747065769896 1.0003594160079956
1984.195539807386 1.0003138780593872
1984.216373037735 1.000415325164795
1984.237206268039 1.00074303150177
1984.258039498315 1.0004968643188477
1984.2788727285645 1.0003637075424194
1984.2997059588045 1.0001206398010254
1984.3205391890358 0.999361515045166
1984.341372419274 0.9998111724853516
1984.3622056495194 0.9998387694358826
1984.3830388797883 1.0000050067901611
1984.403872110079 1.0006839036941528
1984.4247053404083 1.000441074371338
1984.4455385707736 1.0003560781478882
1984.4663718011911 1.000679612159729
1984.4872050316578 1.0004229545593262
1984.50803826219 0.9995928406715393
1984.528871492784 0.9988727569580078
1984.5497047234558 0.9997066259384155
1984.5705379542003 1.0000336170196533
1984.5913711850344 1.0002926588058472
1984.6122044159524 1.0002347230911255
1984.633037646971 1.0005481243133545
1984.6538708780836 1.0002410411834717
1984.6747041093067 1.00014066696167
1984.6955373406338 1.0002726316452026
1984.716370572081 0.9990336298942566
1984.737203803641 0.9998475909233093
1984.7580370353307 1.0001260042190552
1984.7788702671417 0.999608039855957
1984.7997034990808 1.0002495050430298
1984.8205367311593 1.0001494884490967
1984.8413699633843 1.0001051425933838
1984.8622031957464 1.0000135898590088
1984.8830364282724 1.0003801584243774
1984.903869660923 0.9995594620704651
1984.9247028937448 0.9989067316055298
1984.9455361267178 0.9997869729995728
1984.9663693598595 0.9998173713684082
1984.9872025931586 0.9999854564666748
1985.0080358266327 1.0000097751617432
1985.028869060271 1.0002833604812622
1985.0497022940904 0.9997158646583557
1985.0705355280797 0.9995979070663452
1985.0913687622563 0.9981920719146729
1985.112201996608 0.9994728565216064
1985.133035231153 0.9998822808265686
1985.1538684658783 0.999994695186615
1985.1747017008022 1.0000053644180298
1985.195534935912 0.9999968409538269
1985.2163681712252 1.0000371932983398
1985.2372014067291 0.9994454979896545
1985.2580346424413 0.999182403087616
1985.278867878349 0.9998611807823181
1985.2997011144698 0.9997319579124451
1985.3205343507902 0.9999668002128601
1985.3413675873283 0.9998946189880371
1985.3622008240702 1.0001308917999268
1985.383034061034 0.9997993111610413
1985.4038672982063 0.9990506768226624
1985.424700535604 0.999196469783783
1985.4455337732038 0.9996716976165771
1985.4663670110433 0.9994255304336548
1985.4872002490986 0.9997051954269409
1985.5080334873876 1.0002861022949219
1985.5288667258958 1.000335693359375
1985.5496999646411 0.999679446220398
1985.570533203609 0.9992117881774902
1985.5913664428176 1.0000382661819458
1985.6121996822524 0.9995132088661194
1985.633032921931 1.0001919269561768
1985.6538661618386 0.999532163143158
1985.6746994019934 0.9998159408569336
1985.6955326423804 0.9999849796295166
1985.716365883018 0.9996529221534729
1985.73719912389 0.9995816946029663
1985.7580323650154 0.9999825358390808
1985.7788656063785 0.9993975162506104
1985.7996988479981 0.9997477531433105
1985.8205320898578 0.9995024800300598
1985.8413653319767 0.9999937415122986
1985.8621985743382 0.9997288584709167
1985.8830318169616 0.9995566010475159
1985.9038650598302 0.9991419315338135
1985.9246983029632 0.9996066093444824
1985.945531546344 0.9995242953300476
1985.9663647899913 0.9997766613960266
1985.9871980338787 0.999538779258728
1986.0080312780453 0.9995882511138916
1986.0288645224641 1.0000325441360474
1986.0496977671546 0.9992349147796631
1986.0705310120993 0.9995450377464294
1986.0913642573175 0.9994524717330933
1986.1121975027925 0.9997351169586182
1986.1330307485432 0.9994142055511475
1986.1538639945527 0.9996309280395508
1986.1746972408396 0.9995178580284119
1986.1955304873873 1.000070333480835
1986.2163637342148 0.9997249841690063
1986.2371969813046 0.9995967745780945
1986.2580302286765 1.0000169277191162
1986.2788634763126 0.9999906420707703
1986.2996967242323 0.9997572302818298
1986.320529972418 0.9999994039535522
1986.341363220889 0.9993111491203308
1986.3621964696279 0.9994677305221558
1986.3830297186544 0.9991494417190552
1986.40386296795 1.0000885725021362
1986.4246962175346 0.9996769428253174
1986.4455294673803 0.9985601305961609
1986.4663627175366 1.0000466108322144
1986.4871959679558 0.999946117401123
1986.508029218667 0.9997866153717041
1986.5288624696423 0.9998950958251953
1986.5496957209214 1.0000823736190796
1986.5705289724763 1.0000144243240356
1986.5913622243268 1.0001766681671143
1986.612195476454 0.9991672039031982
1986.633028728878 0.9995459318161011
1986.6538619815806 0.9995370507240295
1986.6746952345813 0.9999271035194397
1986.6955284878622 0.9998188018798828
1986.7163617414426 0.9999642372131348
1986.7371949953042 0.9998633861541748
1986.7580282494666 1.0002334117889404
1986.7788615039117 0.9992730617523193
1986.7996947586594 0.9986549615859985
1986.8205280136904 0.9997525811195374
1986.8413612690254 1.0002317428588867
1986.862194524645 0.999527096748352
1986.8830277805696 1.0000115633010864
1986.9038610367807 0.9998468160629272
1986.9246942932975 0.9996609091758728
1986.9455275501018 0.9996415972709656
1986.9663608072133 0.9998047947883606
1986.9871940646033 1.0000834465026855
1987.0080273223118 0.9997062683105469
1987.02886058031 0.9998626112937927
1987.049693838618 0.9998908042907715
1987.0705270972162 0.9996354579925537
1987.0913603561253 0.999707043170929
1987.112193615326 0.9993593096733093
1987.133026874839 0.9996748566627502
1987.1538601346444 0.9998989701271057
1987.1746933947627 1.000099778175354
1987.1955266551747 0.9993560314178467
1987.2163599159007 0.9997156858444214
1987.2371931769217 0.9998835325241089
1987.2580264382573 0.9996994137763977
1987.2788596998887 0.9997310042381287
1987.299692961836 0.9989166259765625
1987.32052622408 0.9994277954101562
1987.341359486641 0.9993736743927002
1987.3621927494994 0.9993117451667786
1987.3830260126756 1.0002496242523193
1987.4038592761403 0.9999605417251587
1987.424692539934 1.0002800226211548
1987.445525804027 0.9992017149925232
1987.4663590684397 0.9995641708374023
1987.4871923331525 0.9996377229690552
1987.5080255981861 0.9998894929885864
1987.5288588635206 1.000440239906311
1987.5496921291767 1.0001871585845947
1987.5705253951346 0.9995239973068237
1987.591358661415 0.9994162321090698
1987.6121919279979 0.9990944266319275
1987.6330251949041 1.0003083944320679
1987.6538584621137 1.0003697872161865
1987.6746917296477 1.0002601146697998
1987.6955249974858 0.9995145797729492
1987.7163582656488 0.9991655349731445
1987.7371915341166 0.9997989535331726
1987.7580248029003 1.0003539323806763
1987.7788580720098 1.0006051063537598
1987.7996913414358 1.000027060508728
1987.8205246111581 0.9992892146110535
1987.8413578812178 0.9994224309921265
1987.8621911515847 1.000382661819458
1987.88302442228 0.999826967716217
1987.9038576932828 0.999934732913971
1987.9246909646147 0.9987932443618774
1987.9455242362549 0.999150276184082
1987.966357508225 0.9996124505996704
1987.9871907805043 1.0003844499588013
1988.0080240531138 1.00030517578125
1988.0288573260334 0.9999276995658875
1988.0496905992838 0.999768078327179
1988.0705238728451 0.9991627931594849
1988.0913571467383 1.0000108480453491
1988.1121904209426 1.0002158880233765
1988.1330236954793 1.0000479221343994
1988.153856970318 0.9992125630378723
1988.1746902454997 0.9995518326759338
1988.1955235209944 0.9997588992118835
1988.2163567968328 1.0001343488693237
1988.237190072964 0.9998500347137451
1988.25802334944 0.9998552203178406
1988.27885662623 0.9999346733093262
1988.2996899033549 0.9999919533729553
1988.3205231807945 1.0002449750900269
1988.3413564585696 1.0001271963119507
1988.36218973666 0.9999369978904724
1988.3830230150868 0.9995233416557312
1988.4038562938292 0.9997426867485046
1988.424689572909 0.999414324760437
1988.4455228523047 1.0003880262374878
1988.4663561320383 1.0001193284988403
1988.4871894120888 0.9993021488189697
1988.5080226924774 0.9999780654907227
1988.528855973174 0.9997247457504272
1988.549689254229 1.0003066062927246
1988.5705225355823 0.9999666810035706
1988.591355817285 0.9996548891067505
1988.6121890993063 0.9987645149230957
1988.633022381668 0.9994542002677917
1988.6538556643486 1.0001271963119507
1988.67468894737 1.0002793073654175
1988.6955222307113 0.9999268651008606
1988.7163555143936 0.9996039271354675
1988.7371887983968 0.9995155334472656
1988.7580220827415 1.0006217956542969
1988.778855367407 1.0004980564117432
1988.7996886524152 0.9993934035301208
1988.8205219377446 0.9993956089019775
1988.8413552234072 0.9996991157531738
1988.8621885094117 1.000301718711853
1988.8830217957398 1.0001667737960815
1988.9038550824005 0.999598503112793
1988.9246883694052 0.999777615070343
1988.945521656733 0.9993975162506104
1988.9663549444058 1.0005855560302734
1988.987188232402 1.0003578662872314
1989.0080215207436 0.9997517466545105
1989.028854809409 0.9991939067840576
1989.0496880984203 0.9996678233146667
1989.0705213877568 1.0001976490020752
1989.091354677439 0.9999562501907349
1989.1121879674467 0.9995435476303101
1989.1330212578014 0.9996623992919922
1989.1538545484816 0.9994884133338928
1989.1746878395095 0.8539798259735107
1989.1955211308634 0.9990361928939819
1989.2163544225655 0.9996641874313354
1989.2371877145843 1.00052809715271
1989.2580210069616 1.000707983970642
1989.2788542996661 1.0001566410064697
1989.29968759272 0.9993481636047363
1989.3205208861011 0.9998794198036194
1989.3413541798323 1.0001882314682007
1989.3621874738915 1.0006976127624512
1989.3830207683013 0.9999451041221619
1989.4038540630395 0.9996073246002197
1989.4246873581285 0.9999690055847168
1989.4455206535467 1.0004322528839111
1989.4663539493163 0.9999328255653381
1989.4871872454157 0.9998046159744263
1989.508020541867 1.000536322593689
1989.5288538386483 1.0002597570419312
1989.549687135772 1.0003806352615356
1989.5705204332367 1.000277042388916
1989.591353731054 0.9999775886535645
1989.612187029203 1.0004328489303589
1989.633020327705 1.0006814002990723
1989.6538536265389 1.000776767730713
1989.6746869257267 1.0001211166381836
1989.6955202252468 1.0003454685211182
1989.7163535251216 1.000440239906311
1989.737186825329 1.0002450942993164
1989.7580201258913 1.0003772974014282
1989.778853426787 0.9999879002571106
1989.7996867280285 0.9993661046028137
1989.8205200296236 1.0005356073379517
1989.841353331555 1.0006028413772583
1989.8621866338303 1.000185489654541
1989.8830199364625 1.0002424716949463
1989.9038532394295 0.9999515414237976
1989.9246865427538 1.000186800956726
1989.9455198464132 1.0000392198562622
1989.9663531504305 1.0003793239593506
1989.9871864547833 0.9998968839645386
1990.0080197594948 1.0003303289413452
1990.0288530645425 1.0009080171585083
1990.049686369949 1.000350832939148
1990.0705196756924 1.000502586364746
1990.091352981785 1.0000108480453491
1990.112186288225 1.0005658864974976
1990.1330195950252 1.0006178617477417
1990.153852902163 1.000459909439087
1990.1746862096613 1.0003455877304077
1990.195519517498 0.999973714351654
1990.2163528256958 1.0006036758422852
1990.2371861342326 1.0006861686706543
1990.2580194431312 1.0004223585128784
1990.278852752369 1.0003622770309448
1990.299686061969 0.9998955726623535
1990.3205193719089 1.000364899635315
1990.3413526822117 1.0003046989440918
1990.362185992855 0.9999560713768005
1990.3830193038616 0.9997860193252563
1990.4038526151992 1.0005104541778564
1990.4246859269108 1.0004124641418457
1990.4455192389637 1.0002397298812866
1990.4663525513815 1.0003052949905396
1990.4871858641413 1.0002652406692505
1990.508019177266 1.0005805492401123
1990.5288524907337 1.0004849433898926
1990.549685804567 1.0003786087036133
1990.5705191187435 1.0000996589660645
1990.5913524332864 0.9998201727867126
1990.6121857481728 1.0004526376724243
1990.6330190634262 1.000373125076294
1990.653852379024 1.0006877183914185
1990.6746856949896 1.000287413597107
1990.69551901129 1.0003862380981445
1990.7163523279683 1.0004053115844727
1990.7371856449922 1.0002551078796387
1990.7580189623848 1.0002840757369995
1990.7788522801238 1.0000149011611938
1990.799685598232 1.000085473060608
1990.8205189166868 1.0003427267074585
1990.8413522355117 1.0001370906829834
1990.862185554684 1.0003222227096558
1990.8830188742268 0.9999048709869385
1990.9038521941177 1.0001704692840576
1990.92468551438 1.0003712177276611
1990.9455188349805 0.9998541474342346
1990.9663521559632 0.9999063014984131
1990.987185477295 0.9997497797012329
1991.0080187989997 1.000662922859192
1991.028852121054 1.0003656148910522
1991.0496854434816 1.0002961158752441
1991.0705187662597 0.9997231364250183
1991.0913520894119 0.9994716048240662
1991.112185412915 1.000138282775879
1991.1330187367932 1.000360131263733
1991.153852061023 0.9996396899223328
1991.174685385628 1.0000078678131104
1991.1955187105755 1.0003008842468262
1991.2163520359195 1.0006029605865479
1991.2371853615964 1.0002596378326416
1991.2580186876603 1.0001991987228394
1991.2788520140778 1.0000141859054565
1991.299685340873 0.9999927878379822
1991.320518668023 1.000278353691101
1991.3413519955511 0.9999781847000122
1991.3621853234347 0.9998927712440491
1991.3830186516973 0.9998750686645508
1991.4038519803157 1.0001857280731201
1991.4246853093146 1.0004017353057861
1991.44551863867 1.0000500679016113
1991.4663519683959 0.9995375871658325
1991.4871852984895 1.000335693359375
1991.5080186289645 1.000553011894226
1991.5288519597977 0.9997696876525879
1991.549685291014 0.9997048377990723
1991.5705186225887 0.9998764395713806
1991.5913519545468 0.9999501705169678
1991.6121852868646 1.0001453161239624
1991.6330186195667 0.9999578595161438
1991.6538519526296 1.000288724899292
1991.6746852860772 1.0003434419631958
1991.6955186198763 1.0003379583358765
1991.7163519540713 0.9997812509536743
1991.7371852886288 1.0003130435943604
1991.7580186235732 1.000261902809143
1991.7788519588805 1.0006415843963623
1991.7996852945757 1.000430703163147
1991.820518630635 0.9997565746307373
1991.841351967083 1.000041127204895
1991.8621853038962 1.0002878904342651
1991.883018641099 1.0002926588058472
1991.9038519786675 1.000258445739746
1991.924685316617 0.9993484020233154
1991.9455186549428 0.9998674392700195
1991.966351993661 1.000083088874817
1991.9871853327465 1.0000874996185303
1992.008018672225 1.000351905822754
1992.0288520120723 1.0003581047058105
1992.0496853523134 1.000116229057312
1992.0705186929247 1.000398874282837
1992.0913520339304 0.9995137453079224
1992.1121853753073 0.9997183680534363
1992.13301871708 1.0001200437545776
1992.1538520592246 1.0001360177993774
1992.174685401757 1.000309705734253
1992.1955187446717 0.9999714493751526
1992.2163520879851 1.0004127025604248
1992.2371854316725 1.0004754066467285
1992.2580187757596 0.999905526638031
1992.2788521202222 1.0000029802322388
1992.2996854650855 1.0001049041748047
1992.3205188103252 1.0000003576278687
1992.3413521559671 1.0001709461212158
1992.3621855019865 1.0003074407577515
1992.3830188484094 1.0001680850982666
1992.4038521952114 0.9994953870773315
1992.424685542408 1.0002845525741577
1992.445518889995 1.0006592273712158
1992.4663522379878 1.00011146068573
1992.487185586362 1.0007319450378418
1992.5080189351445 1.000508427619934
1992.5288522843093 0.9995202422142029
1992.5496856338834 0.9992793798446655
1992.5705189838416 1.000564694404602
1992.5913523342103 1.0000059604644775
1992.6121856849647 1.0000762939453125
1992.6330190361314 0.9997333884239197
1992.653852387675 1.0006248950958252
1992.6746857396424 1.000450849533081
1992.6955190919982 1.0002940893173218
1992.7163524447699 0.9993953108787537
1992.7371857979313 1.000115156173706
1992.75801915151 1.0003831386566162
1992.7788525054805 1.0003163814544678
1992.7996858598697 1.0002155303955078
1992.8205192146527 1.0002719163894653
1992.841352569856 1.0002754926681519
1992.8621859254545 1.0005958080291748
1992.8830192814655 0.9998296499252319
1992.9038526378833 0.9994665384292603
1992.924685994726 1.0001270771026611
1992.9455193519673 1.0001076459884644
1992.966352709635 0.9999769330024719
1992.9871860677033 0.9996246099472046
1993.0080194262002 0.999802827835083
1993.0288527850994 1.0006177425384521
1993.0496861444299 1.0002624988555908
1993.0705195041644 0.9990449547767639
1993.0913528643223 0.9994919896125793
1993.1121862248963 1.0001248121261597
1993.133019585906 1.0003939867019653
1993.1538529473244 0.9994624257087708
1993.1746863091805 0.9993253350257874
1993.1955196714475 0.9998980760574341
1993.2163530341547 1.000515103340149
1993.237186397275 0.9997249841690063
1993.2580197608386 0.9997179508209229
1993.2788531248175 1.0000041723251343
1993.299686489242 1.0000041723251343
1993.3205198540745 1.000415563583374
1993.3413532193654 0.9997954368591309
1993.3621865850773 0.9995549321174622
1993.38301995124 0.9998806715011597
1993.4038533178261 0.9999127984046936
1993.4246866848666 0.9998899102210999
1993.4455200523332 0.9998214244842529
1993.4663534202573 0.9999849796295166
1993.4871867886104 1.0001254081726074
1993.5080201574242 1.0004398822784424
1993.52885352666 0.9998631477355957
1993.5496868963698 1.0003206729888916
1993.5705202665154 1.0001300573349
1993.5913536371281 1.0004688501358032
1993.6121870081797 0.9996971487998962
1993.6330203797024 0.9997661113739014
1993.6538537516674 0.9998265504837036
1993.6746871241073 1.0005013942718506
1993.6955204969931 0.9996257424354553
1993.716353870348 0.9995908737182617
1993.7371872441624 0.9997494220733643
1993.7580206184603 1.0004440546035767
1993.7788539932117 1.000302791595459
1993.799687368451 0.9997344017028809
1993.8205207441476 1.0001927614212036
1993.841354120337 1.000220775604248
1993.862187496988 1.0003141164779663
1993.8830208741365 0.9996296763420105
1993.903854251752 0.999590277671814
1993.9246876298691 1.0001258850097656
1993.9455210084482 1.0003713369369507
1993.9663543875445 1.0002907514572144
1993.9871877671176 1.000143051147461
1994.008021147204 0.9997649192810059
1994.0496879088594 1.0003986358642578
1994.070521290434 0.999781608581543
1994.091354672534 1.0001916885375977
1994.1121880551275 0.9997996091842651
1994.1330214382529 1.0000932216644287
1994.1538548218675 1.000220775604248
1994.1746882060313 0.99967360496521
1994.1955215907012 1.0003116130828857
1994.2163549759175 1.0003961324691772
1994.2371883616463 1.0004327297210693
1994.2580217479294 0.9995034337043762
1994.2788551347328 1.0000895261764526
1994.2996885220984 0.9996377229690552
1994.320521909982 1.0003068447113037
1994.3413552984468 0.9995795488357544
1994.3621886874475 0.9991652965545654
1994.3830220770287 0.9999291896820068
1994.4038554671547 1.000283122062683
1994.424688857871 1.0003737211227417
1994.4455222491413 1.0002021789550781
1994.4663556410123 0.9998175501823425
1994.487189033447 0.9998307228088379
1994.5080224264939 0.9996039867401123
1994.528855820105 0.999542772769928
1994.54968921435 0.9996412992477417
1994.5705226091807 0.9999489188194275
1994.5913560046477 1.000380277633667
1994.6121894007122 1.0001875162124634
1994.6330227974267 0.9996073842048645
1994.6538561947518 0.9996512532234192
1994.6746895927413 1.0004240274429321
1994.6955229913547 0.9998124837875366
1994.7163563906383 0.9996529221534729
1994.7371897905707 0.9999527335166931
1994.7580231912002 1.0002731084823608
1994.7788565924839 1.0000935792922974
1994.7996899944826 0.9985559582710266
1994.8205233971526 1.0000287294387817
1994.841356800557 1.0001546144485474
1994.862190204651 1.00037682056427
1994.8830236095002 1.0000959634780884
1994.9038570150585 0.9992883205413818
1994.9246904213849 0.9997646808624268
1994.9455238284515 0.9999217391014099
1994.9663572363206 0.999872088432312
1994.987190644943 0.9995450377464294
1995.008024054394 1.0001270771026611
1995.0288574646231 0.9999105930328369
1995.0496908757098 1.0000373125076294
1995.0705242876015 0.9988284111022949
1995.0913577003819 0.9998739361763
1995.1121911139965 1.0000535249710083
1995.1330245285235 0.9998739957809448
1995.1538579439264 0.9991254210472107
1995.1746913602885 0.9991587996482849
1995.1955247775516 0.9995474815368652
1995.2163581958137 1.0002105236053467
1995.237191615014 0.9993177652359009
1995.258025035257 0.9977993369102478
1995.2788584564694 0.9995386600494385
1995.2996918787824 0.9997503161430359
1995.320525302119 0.9995144009590149
1995.341358726598 0.9997169971466064
1995.362192152149 0.9997814893722534
1995.3830255788987 1.0001333951950073
1995.403859006774 0.9998471736907959
1995.4246924359084 0.9996758103370667
1995.4455258662254 0.9995954036712646
1995.466359297868 1.000246524810791
1995.487192730745 1.000057578086853
1995.508026165029 0.9998573660850525
1995.528859600624 0.9991135597229004
1995.5496930376912 0.999538004398346
1995.570526476141 0.9993297457695007
1995.5913599161431 0.9995387196540833
1995.612193357603 1.0002002716064453
1996.9247017555467 0.9992688894271851
1996.945535207454 0.9993467330932617
1996.9663686588972 0.99979567527771
1996.9872021099043 0.9997447729110718
1997.008035560501 1.000070571899414
1997.0288690107116 0.9998103380203247
1997.0497024605602 0.9996170401573181
1997.0705359100589 0.9993795156478882
1997.0913693592508 0.9991178512573242
1997.1122028081452 0.9994276165962219
1997.133036256764 0.9998130798339844
1997.1538697051237 0.9992669820785522
1997.1747031532457 0.9995534420013428
1997.1955366011446 0.9995361566543579
1997.2163700488409 0.9995213747024536
1997.2372034963464 0.9992325305938721
1997.2580369436714 0.9994997978210449
1997.2788703908461 0.9993948340415955
1997.2997038378794 0.9995860457420349
1997.3205372847804 0.999756395816803
1997.3413707315676 0.9991124272346497
1997.3622041782478 0.9994226098060608
1997.3830376248393 0.9998165369033813
1997.4038710713373 0.9998224377632141
1997.4247045177801 0.999593198299408
1997.4455379641615 0.9997916221618652
1997.466371410499 0.9999567270278931
1997.4872048567952 0.9999533295631409
1997.5080383030675 0.9996725916862488
1997.5288717493174 0.9994415640830994
1997.5497051955624 0.9994717836380005
1997.570538641792 1.0000234842300415
1997.5913720880435 0.9997434616088867
1997.6122055343062 0.9989545941352844
1997.6330389805971 0.9999383091926575
1997.6538724269144 1.0000596046447754
1997.6747058732744 1.0000505447387695
1997.695539319675 0.9998070597648621
1997.7163727661223 0.9994064569473267
1997.7372062126333 1.0000900030136108
1997.7580396592145 1.0000687837600708
1997.7788731058613 0.9996436238288879
1997.7997065525906 0.9996193647384644
1997.820539999397 0.999871015548706
1997.8413734462972 0.999985933303833
1997.8622068932857 0.999848484992981
1997.8830403403686 0.9993442893028259
1997.9038737875594 1.0002317428588867
1997.924707234865 1.00019109249115
1997.9455406822785 0.9995682835578918
1997.9663741298161 0.9998826384544373
1997.9872075774704 0.9997261166572571
1998.0080410252576 1.000069499015808
1998.0288744731702 0.9995800852775574
1998.0497079212141 0.9997655153274536
1998.070541369401 0.9996505379676819
1998.0913748177377 1.0004618167877197
1998.1122082662148 1.0000327825546265
1998.1330417148488 0.9997080564498901
1998.1538751636306 1.0000241994857788
1998.1747086125765 1.0002614259719849
1998.1955420616769 0.9997749924659729
1998.216375510938 0.9999076128005981
1998.2372089603698 0.9995854496955872
1998.258042409979 1.0001200437545776
1998.2788758597546 0.9998978972434998
1998.299709309714 0.9996922612190247
1998.3205427598455 0.9993796944618225
1998.341376210156 1.0002455711364746
1998.3622096606546 1.0000066757202148
1998.3830431113477 0.9999223947525024
1998.4038765622238 0.9993260502815247
1998.4247100132995 1.0002548694610596
1998.4455434645631 0.9999862909317017
1998.4663769160315 0.9995638728141785
1998.4872103676923 0.9996427893638611
1998.508043819563 0.9994242787361145
1998.52887727162 0.9997274279594421
1998.5497107239014 0.9998413324356079
1998.5705441763835 0.9993225932121277
1998.5913776290843 0.9998577833175659
1998.6122110819902 0.9995898008346558
1998.6330445351182 0.9999496340751648
1998.6538779884554 0.9997273087501526
1998.6747114420089 0.9998486042022705
1998.695544895785 1.0001543760299683
1998.7163783497913 1.0001198053359985
1998.7372118040134 0.9996045231819153
1998.7580452584696 0.9990407228469849
1998.778878713145 1.000025987625122
1998.7997121680576 1.0001178979873657
1998.8205456231933 0.9996482729911804
1998.841379078559 0.9994339346885681
1998.8622125341606 0.9996535778045654
1998.8830459900057 0.9997455477714539
1998.9038794460796 0.9999591112136841
1998.9247129024002 0.998397946357727
1998.9455463589525 0.9995701909065247
1998.9663798157542 1.0004537105560303
1998.98721327278 0.9996050596237183
1999.0080467300684 0.9994432926177979
1999.0288801875936 0.999293327331543
1999.049713645374 0.9995276927947998
1999.0705471033937 0.9997678399085999
1999.0913805616708 0.9997851848602295
1999.1122140201799 0.9993723034858704
1999.133047478959 0.9993272423744202
1999.1538809379826 0.9997723698616028
1999.1747143972684 0.9998301267623901
1999.1955478568007 0.9994856715202332
1999.2163813165978 0.9998199939727783
1999.2372147766434 0.9993802905082703
1999.2580482369563 0.9995377063751221
1999.2788816975194 0.9997355341911316
1999.2997151583418 0.9992536902427673
1999.320548619427 0.9996494650840759
1999.3413820807832 0.9998655915260315
1999.3622155423943 0.9994465708732605
1999.3830490042783 0.9993061423301697
1999.403882466419 0.999650239944458
1999.4247159288245 0.9998764991760254
1999.4455493914986 0.9998254179954529
1999.4663828544496 1.0000505447387695
1999.4872163176606 0.9996058940887451
1999.5080497811502 0.9994738698005676
1999.5288832449019 0.9998025894165039
1999.5497167089338 0.9996836185455322
1999.5705501732293 0.9999954104423523
1999.5913836377968 0.9995855689048767
1999.6122171026393 0.9999089241027832
1999.6330505677654 0.9997473359107971
1999.6538840331582 1.000542402267456
1999.6747174988366 0.9996011853218079
1999.6955509647826 0.999794602394104
1999.7163844310155 0.9997318387031555
1999.737217897508 0.9996275305747986
1999.7580513642986 0.9995424747467041
1999.77888483136 1.0001158714294434
1999.7997182987117 0.999398410320282
1999.820551766335 0.9995567798614502
1999.8413852342499 1.000027060508728
1999.862218702438 0.9997881650924683
1999.8830521709085 0.9994432926177979
1999.9038856396642 0.9996355175971985
1999.9247191087134 0.9997993111610413
1999.9455525780386 0.9994853138923645
1999.966386047659 0.9997771978378296
1999.9872195175565 0.9995210766792297
2000.0080529877505 0.9995109438896179
2000.0288864582126 1.000390648841858
2000.0497199289823 1.0000005960464478
2000.0705534000315 0.9995695948600769
2000.0913868713794 0.9997655749320984
2000.1122203430082 1.000098466873169
2000.1330538149364 0.9999722242355347
2000.1538872871463 0.9994437098503113
2000.1747207596472 0.9998083114624023
2000.1955542324408 1.0003286600112915
2000.2163877055368 0.9996482133865356
2000.2372211789161 0.9998763799667358
2000.2580546525985 0.9997997283935547
2000.2788881265656 1.0001568794250488
2000.2997216008368 0.9994401335716248
2000.3205550753837 1.0000399351119995
2000.3413885502457 0.9986357092857361
2000.3622220253942 1.0001585483551025
2000.383055500849 1.0000840425491333
2000.403888976591 0.999868631362915
2000.4247224526403 0.9993354082107544
2000.4455559289777 0.9995573163032532
2000.4663894056132 0.999980628490448
2000.487222882548 1.0001212358474731
2000.5080563597915 0.9995523691177368
2000.5288898373253 1.0001596212387085
2000.5497233151686 0.9996472597122192
2000.570556793303 0.9997307658195496
2000.5913902717377 0.9996973872184753
2000.6122237504744 0.9999440312385559
2000.6330572295224 1.0002686977386475
2000.6538907088632 0.9997247457504272
2000.6747241885162 0.9992730021476746
2000.6955576684622 1.000012993812561
2000.7163911487214 0.9993513226509094
2000.7372246292646 0.9992833137512207
2000.758058110132 0.9997830390930176
2000.7788915912938 0.9995842576026917
2000.7997250727701 0.9996170401573181
2000.8205585545422 0.9997901916503906
2000.8413920366295 1.0001391172409058
2000.8622255190132 0.9986652731895447
2000.883059001703 0.9999462366104126
2000.9038924846996 0.9998502731323242
2000.924725968013 0.99991375207901
2000.945559451624 0.9991193413734436
2000.9663929355527 0.9994520545005798
2000.9872264197795 0.999701201915741
2001.0080599043245 0.9995282292366028
2001.0288933891584 0.9997791051864624
2001.049726874321 0.9993254542350769
2001.0705603597837 0.9997685551643372
2001.0913938455656 0.9991594552993774
2001.1122273316475 0.9991823434829712
2001.13306081805 0.999291181564331
2001.153894304743 0.9994360208511353
2001.1747277917673 0.9990780353546143
2001.1955612790925 0.9994306564331055
2001.2163947667393 0.999657392501831
2001.237228254688 0.9996219277381897
2001.258061742959 0.9985179901123047
2001.2788952315327 0.9995356798171997
2001.299728720419 0.999263346195221
2001.3205622096182 0.9999215006828308
2001.3413956991408 0.9998000264167786
2001.3622291889671 0.9996768832206726
2001.3830626791175 0.9994425177574158
2001.4038961695721 0.9992408156394958
2001.424729660341 0.9999257922172546
2001.4455631514247 0.9990619421005249
2001.4663966428336 0.999863862991333
2001.4872301345476 0.9992756843566895
2001.5080636265877 0.9989724159240723
2001.5288971189334 0.9992483854293823
2001.5497306116051 0.9997033476829529
2001.5705641045731 0.999089241027832
2001.591397597878 0.9994716048240662
2001.61223109149 0.9999919533729553
2001.6330645854289 0.999832272529602
2001.6538980796752 0.9995741844177246
2001.6747315742493 0.9991051554679871
2001.6955650691314 0.9995560050010681
2001.716398564332 0.9995432496070862
2001.7372320598506 0.9999600052833557
2001.758065555698 0.999900758266449
2001.7788990518543 0.9994831085205078
2001.79973254834 0.9995740652084351
2001.8205660451351 1.000014305114746
2001.8413995422598 0.9998234510421753
2001.8622330396843 0.9993290305137634
2001.8830665374492 0.9997273683547974
2001.9039000355244 0.9989163279533386
2001.9247335339305 0.9999181628227234
2001.9455670326472 0.9992863535881042
2001.9664005316952 0.9997835159301758
2001.9872340310442 0.9999480247497559
2002.008067530735 0.9993810653686523
2002.0289010307379 0.9996214509010315
2002.0497345310725 0.9992077946662903
2002.0705680317192 0.9996215105056763
2002.0914015326987 0.999663233757019
2002.1122350339808 0.9998369216918945
2002.133068535606 1.0000356435775757
2002.1539020375442 1.0002962350845337
2002.195569042401 0.9994590878486633
2002.2164025453203 1.000008463859558
2002.2372360485535 0.9995613694190979
2002.258069552111 0.9996001124382019
2002.2789030559927 0.9992958307266235
2002.2997365602096 0.9994186758995056
2002.3205700647409 0.999987781047821
2002.3414035696076 0.9995145797729492
2002.3622370747898 0.999658465385437
2002.3830705802975 0.9995276927947998
2002.4039040861308 0.9994029998779297
2002.4247375923 0.9994527101516724
2002.4455710987856 0.9996256828308105
2002.466404605608 0.9993388652801514
2002.4872381127464 0.9997334480285645
2002.508071620212 0.9997122883796692
2002.5289051280042 0.9989297986030579
2002.5497386361342 0.9992892742156982
2002.5705721445815 0.9995362758636475
2002.5914056533666 0.9998001456260681
2002.612239162469 1.0001438856124878
2002.6330726719 0.9996485710144043
2002.653906181659 0.9990698099136353
2002.674739691757 1.0001027584075928
2002.6955732021731 1.000313401222229
2002.7164067129286 0.999389111995697
2002.7372402240028 0.9995966553688049
2002.7580737354067 0.9995608329772949
2002.7789072471398 1.0000828504562378
2002.799740759213 0.9999626874923706
2002.8205742716054 0.9992085099220276
2002.8414077843388 0.9991509914398193
2002.8622412973918 1.0002751350402832
2002.883074810786 0.999994158744812
2002.9039083244904 0.9982160925865173
2002.9247418385462 0.999144971370697
2002.9455753529226 0.9999113082885742
2002.966408867641 0.9993817210197449
2002.9872423826805 0.9998920559883118
2003.0080758980619 0.9997704029083252
2003.028909413765 1.0001648664474487
2003.0497429298007 1.0001516342163086
2003.0705764461682 0.9994996190071106
2003.0914099628792 0.9988892078399658
2003.112243479912 0.9999174475669861
2003.1330769972883 0.9995777606964111
2003.1539105149773 0.9999632835388184
2003.1747440330203 1.0000742673873901
2003.1955775513866 0.9994968175888062
2003.2164110700967 0.862729549407959
2003.2372445891306 1.0001773834228516
2003.258078108509 1.000601887702942
2003.2789116282013 1.0003963708877563
2003.2997451482488 0.9996785521507263
2003.3205786686208 1.000288486480713
2003.3414121893381 1.0008289813995361
2003.36224571038 1.0004469156265259
2003.383079231768 1.0004544258117676
2003.4039127534709 1.0007323026657104
2003.4247462755307 1.0004825592041016
2003.4455797979156 1.0005967617034912
2003.4664133206472 1.0006046295166016
2003.487246843705 1.000778079032898
2003.5080803671096 1.0007219314575195
2003.528913890841 1.0008641481399536
2003.54974741491 1.0009928941726685
2003.5705809393155 1.000875473022461
2003.5914144640692 1.0004141330718994
2003.6122479891499 1.0003955364227295
2003.6330815145795 1.0003193616867065
2003.6539150403364 1.0001425743103027
2003.6747485664323 1.0008540153503418
2003.695582092866 1.0005781650543213
2003.7164156196495 1.0005242824554443
2003.7372491467613 0.9999004602432251
2003.7580826742228 1.0005414485931396
2003.7789162020133 1.0008012056350708
2003.799749730144 1.0008741617202759
2003.8205832586139 1.0001462697982788
2003.8414167874348 1.0001566410064697
2003.8622503165852 1.000441312789917
2003.883083846087 1.0004476308822632
2003.9039173759086 1.0003169775009155
2003.924750906092 1.0003162622451782
2003.9455844366064 1.0003407001495361
2003.9664179674726 0.9995877742767334
2003.9872514986698 1.000443935394287
2004.0080850302197 0.9999216198921204
2004.028918562101 1.0000193119049072
2004.0497520943256 1.000655174255371
2004.070585626892 1.0000730752944946
2004.091419159812 0.9999882578849792
2004.1122526930644 1.0000170469284058
2004.133086226661 1.000413179397583
2004.1539197606003 0.999904453754425
2004.1747532948943 1.000086784362793
2004.1955868295215 0.9998283386230469
2004.216420364504 1.0000380277633667
2004.2372538998202 1.0003539323806763
2004.258087435492 1.0001039505004883
2004.2789209714883 0.9999186396598816
2004.2997545078506 1.0000261068344116
2004.3205880445475 1.0002317428588867
2004.3414215816013 0.9997479319572449
2004.3622551189903 0.9998007416725159
2004.3830886567368 1.0001139640808105
2004.4039221948087 1.0006049871444702
2004.4247557332485 0.9997633695602417
2004.4455892720246 0.9994525909423828
2004.466422811159 1.000015139579773
2004.4872563506306 1.0001410245895386
2004.5080898904607 1.0
2004.528923430618 0.999767005443573
2004.5497569711451 0.9999345541000366
2004.5705905120099 1.0006035566329956
2004.591424053235 0.9996391534805298
2004.6122575947982 0.9999191761016846
2004.6330911367122 1.000223159790039
2004.6539246789753 1.0003198385238647
2004.6747582215994 1.0003432035446167
2004.6955917645635 1.0000394582748413
2004.7164253078893 0.9998393654823303
2004.737258851555 0.9999503493309021
2004.7580923955734 0.999933660030365
2004.7789259399424 1.0003933906555176
2004.7997594846747 0.9999800324440002
2004.8205930297484 1.000303030014038
2004.8414265751858 1.0003494024276733
2004.862260120965 1.000121831893921
2004.8830936670988 1.0001779794692993
2004.9039272135856 1.0000946521759033
2004.924760760437 1.000452995300293
2004.9455943076318 1.000231146812439
2004.9664278551925 1.000236988067627
2004.987261403097 1.000091314315796
2005.0080949513683 1.000593900680542
2005.028928499974 1.0000959634780884
2005.0497620489568 1.0004971027374268
2005.070595598285 1.000678300857544
2005.0914291479812 1.0007275342941284
2005.1122626980234 1.0002429485321045
2005.1330962484246 1.000067949295044
2005.1539297991822 1.0005333423614502
2005.1747633503094 1.0009753704071045
2005.195596901784 1.000704050064087
2005.2164304536288 1.000317931175232
2005.2372640058222 1.0003000497817993
2005.2580975583767 1.0001076459884644
2005.2789311112897 1.0009645223617554
2005.2997646645752 1.0002148151397705
2005.32059821821 1.0005260705947876
2005.3414317722181 1.0004674196243286
2005.3622653265766 1.0006275177001953
2005.3830988812986 1.0008840560913086
2005.403932436382 1.0004823207855225
2005.4247659918403 1.0003383159637451
2005.445599547651 1.0004801750183105
2005.466433103837 1.000617504119873
2005.487266660366 0.999945878982544
2005.5081002172817 1.000301480293274
2005.5289337745512 1.0005022287368774
2005.5497673321986 1.0000358819961548
2005.5706008902007 1.0004863739013672
2005.5914344485814 1.0005708932876587
2005.6122680073079 1.0010234117507935
2005.6331015664239 1.0004435777664185
2005.6539351258969 1.0005557537078857
2005.6747686857505 1.0003389120101929
2005.6956022459617 1.0005913972854614
2005.716435806555 1.000440001487732
2005.7372693674968 1.0006898641586304
2005.758102928832 1.0001195669174194
2005.7789364905268 1.0004191398620605
2005.7997700526057 1.0007948875427246
2005.8206036150355 1.0001327991485596
2005.8414371778606 1.0004523992538452
2005.862270741048 1.0005199909210205
2005.8831043046218 1.0004464387893677
2005.9039378685588 1.000937581062317
2005.9247714328837 1.0001167058944702
2005.9456049975631 1.000346064567566
2005.9664385626418 1.0006664991378784
2005.987272128086 1.0008176565170288
2006.0081056939207 1.0007007122039795
2006.0289392601223 1.0004467964172363
2006.049772826716 1.000502586364746
2006.0706063936682 1.0007266998291016
2006.0914399610235 1.0007355213165283
2006.1122735287483 1.0005630254745483
2006.1331070968683 1.000583291053772
2006.1539406653592 1.0003864765167236
2006.1747742342466 1.0007017850875854
2006.1956078034968 1.0005691051483154
2006.2164413731548 1.0008561611175537
2006.2372749431868 1.0004698038101196
2006.2581085136185 1.0006269216537476
2006.278942084426 1.0004737377166748
2006.2997756556351 0.9999346137046814
2006.3206092272112 1.000365972518921
2006.3414427992006 1.0002243518829346
2006.362276371569 0.9995880126953125
2006.3831099443423 1.0003736019134521
2006.4039435174966 1.0002471208572388
2006.4247770910579 1.0005342960357666
2006.4456106649916 1.0004786252975464
2006.4664442393444 1.0005773305892944
2006.4872778140814 1.0007518529891968
2006.50811138923 1.0007036924362183
2006.5289449647546 1.0007367134094238
2006.5497785407024 1.0001444816589355
2006.5706121170388 1.0006002187728882
2006.5914456937905 1.0007046461105347
2006.6122792709332 1.0004743337631226
2006.6331128484935 1.000556230545044
2006.6539464264365 1.0004737377166748
2006.6747800048097 1.0008893013000488
2006.695613583578 1.000570297241211
2006.7164471627696 1.0003516674041748
2006.737280742358 1.000662088394165
2006.7581143223624 1.0006184577941895
2006.7789479027765 1.0005848407745361
2006.7997814836187 1.0001018047332764
2006.820615064864 1.0006868839263916
2006.8414486465401 1.0005778074264526
2006.8622822286213 1.0003397464752197
2006.883115811127 0.9999040961265564
2006.9039493940506 1.0002667903900146
2006.924782977412 1.0003026723861694
2006.945616561184 1.000368595123291
2006.9664501453967 1.000500202178955
2006.9872837300138 1.0002154111862183
2007.008117315085 1.0006036758422852
2007.0289509005738 1.0001001358032227
2007.0497844865101 1.0001572370529175
2007.0706180728673 1.0003095865249634
2007.091451659676 1.0001788139343262
2007.1122852468993 1.0004242658615112
2007.1331188345882 0.9996522068977356
2007.1539524227055 0.9999890327453613
2007.1747860112823 1.000463843345642
2007.1956196002914 1.00081467628479
2007.2164531897545 1.0002455711364746
2007.2372867796641 1.0007270574569702
2007.2581203700427 1.000610589981079
2007.2789539608618 1.000704288482666
2007.2997875521546 1.0003780126571655
2007.3206211438828 1.0002388954162598
2007.3414547360999 1.000707983970642
2007.3622883287674 0.9999290108680725
2007.383121921919 1.0006004571914673
2007.4039555155257 1.0005557537078857
2007.424789109623 1.0006341934204102
2007.4456227041705 1.000781774520874
2007.4664562992248 1.0002890825271606
2007.4872898947451 1.0002130270004272
2007.5081234907682 1.000299096107483
2007.5289570872637 1.0002679824829102
2007.5497906842588 1.0008176565170288
2007.5706242817432 0.9997410774230957
2007.591457879744 1.0005322694778442
2007.6122914782304 0.9999731183052063
2007.6331250772416 1.0004298686981201
2007.6539586767456 0.9991458654403687
2007.6747922767725 1.0005625486373901
2007.69562587731 1.0008186101913452
2007.7164594783887 1.000355839729309
2007.7372930799766 1.0003598928451538
2007.758126682115 1.0007667541503906
2007.7789602847713 1.000204086303711
2007.799793887978 1.0003113746643066
2007.820627491722 1.0001580715179443
2007.841461096037 1.0006810426712036
2007.8622947008892 1.0003072023391724
2007.8831283063241 1.0005582571029663
2007.9039619122966 1.0004007816314697
2007.9247955188741 1.0001736879348755
2007.9456291260108 1.0008505582809448
2007.9664627337554 1.0004724264144897
2007.9872963420717 1.0005719661712646
2008.008129951 1.000361680984497
2008.028963560523 1.00017249584198
2008.0497971706834 1.0003533363342285
2008.0706307814428 1.0004539489746094
2008.091464392856 1.0004725456237793
2008.112298004874 0.9996922612190247
2008.133131617573 1.0006529092788696
2008.1539652309036 1.0006660223007202
2008.1747988449247 1.0006933212280273
2008.1956324595951 1.0006330013275146
2008.2164660749675 1.0010215044021606
2008.2372996910183 1.000766396522522
2008.2581333078037 0.9998697638511658
2008.278966925279 1.0000293254852295
2008.2998005435136 1.000288486480713
2008.3206341624518 1.0006707906723022
2008.341467782186 1.0001548528671265
2008.3623014026589 0.999355673789978
2008.3831350239475 1.0009139776229858
2008.4039686460028 1.0004312992095947
2008.4248022689062 1.0002224445343018
2008.4456358925963 1.0000829696655273
2008.4664695171803 1.0002495050430298
2008.4873031425943 1.0005425214767456
2008.5081367689313 1.0002866983413696
2008.5289703961357 0.9999198913574219
2008.5498040242958 1.0000247955322266
2008.5706376533735 1.0003759860992432
2008.591471283465 1.0003366470336914
2008.6123049145087 0.9992404580116272
2008.6331385466187 1.0006157159805298
2008.6539721797308 1.000494122505188
2008.674805813957 1.000063419342041
2008.69563944925 1.00035560131073
2008.7164730857316 1.0000234842300415
2008.7373067233311 1.0002214908599854
2008.7581403621805 1.0005003213882446
2008.778974002224 1.0000494718551636
2008.7998076436068 1.0003082752227783
2008.8206412862478 1.0008649826049805
2008.8414749303147 1.0000088214874268
2008.8623085757215 1.0000447034835815
2008.8831422226385 1.0001938343048096
2008.903975870995 1.0004870891571045
2008.9248095209748 1.0001733303070068
2008.9456431724805 1.0001044273376465
2008.9664768257192 1.000210165977478
2008.987310480577 1.0003663301467896
2009.0081441372922 1.000298023223877
2009.0289777957441 0.9991335272789001
2009.0498114561585 1.0002464056015015
2009.0706451184171 1.0000998973846436
2009.0914787827357 0.999541699886322
2009.1123124490098 0.9998658299446106
2009.1331461174427 0.9998922944068909
2009.1539797879045 1.0003859996795654
2009.1748134605782 1.0002541542053223
2009.1956471353303 1.000133991241455
2009.2164808122775 0.9991683959960938
2009.2373144913074 1.0001463890075684
2009.2581481724487 1.0002577304840088
2009.278981855575 1.0004820823669434