1955.8197000422667 1.0009227991104126
1955.8405328675915 1.0008882284164429
1955.861365692027 1.000718355178833
1955.8821985153886 1.0007867813110352
1955.9030313377543 1.000855803489685
1955.9238641589889 1.0005415678024292
1955.9446969791654 1.0007610321044922
1955.9655297981747 1.0008106231689453
1955.9863626160916 1.000803828239441
1956.007195432829 1.0006223917007446
1956.0280282484632 1.0007047653198242
1956.048861062926 1.0006552934646606
1956.069693876303 1.0007323026657104
1956.090526688521 1.000549077987671
1956.1113594996643 1.0007091760635376
1956.132192309693 1.0007359981536865
1956.1530251186787 1.0006864070892334
1956.1738579265916 1.0005792379379272
1956.1946907335005 1.0005313158035278
1956.2155235393843 1.0005650520324707
1956.2363563443084 1.0005508661270142
1956.257189148258 1.0009715557098389
1956.2780219512954 1.0008705854415894
1956.2988547534205 1.000808596611023
1956.3196875546732 1.0008922815322876
1956.3405203550572 1.0006725788116455
1956.3613531546282 1.0008909702301025
1956.3821859533832 1.0009793043136597
1956.4030187513754 1.000709891319275
1956.423851548604 1.0007832050323486
1956.4446843451185 1.0008350610733032
1956.4655171409202 1.000770926475525
1956.4863499360551 1.0006990432739258
1956.5071827305271 1.0007106065750122
1956.5280155243884 1.0008779764175415
1956.5488483176239 1.0008420944213867
1956.5696811102832 1.0011303424835205
1956.590513902372 1.0009249448776245
1956.6113466939275 1.0010616779327393
1956.6321794849564 1.0011733770370483
1956.653012275492 1.0010390281677246
1956.6738450655425 1.0009760856628418
1956.694677855139 1.0010970830917358
1956.7155106442995 1.0010666847229004
1956.7363434330327 1.0010591745376587
1956.757176221358 1.0009632110595703
1956.7780090093006 1.001165509223938
1956.7988417968709 1.00119149684906
1956.8196745840924 1.0013630390167236
1956.840507370975 1.001074194908142
1956.86134015754 1.000982642173767
1956.8821729437987 1.0011053085327148
1956.9030057297703 1.001116394996643
1956.9238385154651 1.0010513067245483
1956.9446713009013 1.0014190673828125
1956.9655040860896 1.0011576414108276
1956.9863368710564 1.0009509325027466
1957.007169655793 1.0009602308273315
1957.0280024403235 1.000859260559082
1957.0488352246591 1.0011320114135742
1957.069668008813 1.0011632442474365
1957.0905007927975 1.0010075569152832
1957.1113335766229 1.0010334253311157
1957.1321663603017 1.0008924007415771
1957.1529991438433 1.001052975654602
1957.1738319272608 1.0009993314743042
1957.1946647105622 1.0008221864700317
1957.2154974937703 1.0009520053863525
1957.2363302768715 1.0008666515350342
1957.2571630598898 1.0008701086044312
1957.27799584283 1.0008997917175293
1957.2988286257064 1.0010411739349365
1957.3196614085225 1.0007374286651611
1957.3404941912925 1.000714659690857
1957.3613269740194 1.0005806684494019
1957.3821597567176 1.0006840229034424
1957.4029925393888 1.0006935596466064
1957.4238253220478 1.0008773803710938
1957.4446581046948 1.0008376836776733
1957.4654908873454 1.0007933378219604
1957.4863236700091 1.0007551908493042
1957.5071564526809 1.0008323192596436
1957.5279892353697 1.00082266330719
1957.548822018091 1.0007537603378296
1957.5696548008427 1.0005515813827515
1957.5904875836404 1.0007414817810059
1957.6113203664816 1.000776767730713
1957.6321531493813 1.000789999961853
1957.6529859323366 1.0008533000946045
1957.6738187153635 1.0008111000061035
1957.6946514984675 1.0010910034179688
1957.7154842816444 1.001050353050232
1957.7363170648998 1.0008955001831055
1957.75714984825 1.00103759765625
1957.777982631689 1.0009312629699707
1957.7988154152335 1.0002938508987427
1957.8196481988768 1.0006518363952637
1957.8404809826368 1.000814437866211
1957.8613137665052 1.0008571147918701
1957.8821465505 1.000819444656372
1957.9029793346126 1.000940203666687
1957.9238121188614 1.000975489616394
1957.9446449032373 1.0010015964508057
1957.9654776877683 1.000830054283142
1957.986310472425 1.0009541511535645
1958.0071432572356 1.0008320808410645
1958.0279760421904 1.0006035566329956
1958.0488088273078 1.0004485845565796
1958.069641612577 1.0008810758590698
1958.090474398017 1.0006279945373535
1958.1113071836169 1.0005995035171509
1958.1321399693952 1.0007504224777222
1958.152972755341 1.000834345817566
1958.1738055414728 1.000783085823059
1958.1946383277786 1.000754475593567
1958.2154711142782 1.0008833408355713
1958.236303900969 1.0005313158035278
1958.2571366878503 1.0001846551895142
1958.2779694749192 1.0007174015045166
1958.2988022621955 1.0007792711257935
1958.319635049666 1.0004452466964722
1958.3404678373506 1.0004527568817139
1958.3613006252353 1.0007541179656982
1958.38213341334 1.0004152059555054
1958.4029662016512 1.0008165836334229
1958.4237989901887 1.000845193862915
1958.4446317789382 1.0004023313522339
1958.46546456792 1.0003646612167358
1958.486297357119 1.0003888607025146
1958.5071301465562 1.000230312347412
1958.5279629362262 1.0004091262817383
1958.5487957261298 1.0007158517837524
1958.569628516261 1.0006848573684692
1958.5904613066414 1.0004875659942627
1958.6112940972548 1.0006470680236816
1958.6321268881222 1.0003042221069336
1958.6529596792275 1.0001732110977173
1958.6737924705915 1.0004544258117676
1958.694625262198 1.0005741119384766
1958.715458054069 1.0004010200500488
1958.7362908461866 1.0006057024002075
1958.7571236385727 1.000639796257019
1958.7779564312104 1.0003477334976196
1958.7987892241213 1.0004225969314575
1958.819622017298 1.000152349472046
1958.8404548107421 1.000318169593811
1958.8612876044358 1.0003269910812378
1958.8821203984319 1.000740885734558
1958.9029531926815 1.0005384683609009
1958.9237859872173 1.0005404949188232
1958.9446187820206 1.0008035898208618
1958.9654515771144 1.0002046823501587
1958.9862843724795 1.000284194946289
1959.0071171681386 1.0001113414764404
1959.027949964073 1.000426173210144
1959.0487827603051 1.0005216598510742
1959.0696155568162 1.0004377365112305
1959.0904483536287 1.0005182027816772
1959.1112811507235 1.0005077123641968
1959.1321139481336 1.000089168548584
1959.1529467458088 1.0001367330551147
1959.173779543803 1.0000691413879395
1959.1946123420962 1.0004903078079224
1959.2154451406916 1.0005590915679932
1959.2362779395787 1.000435709953308
1959.2571107387814 1.0002747774124146
1959.2779435382795 1.000486969947815
1959.298776338096 1.0000559091567993
1959.319609138211 1.0000591278076172
1959.3404419386475 1.0004768371582031
1959.3612747393854 1.000515341758728
1959.3821075404483 1.0005418062210083
1959.402940341815 1.0004991292953491
1959.4237731435098 1.000320315361023
1959.4446059455115 1.0002752542495728
1959.465438747844 1.0000801086425781
1959.4862715504962 1.0004572868347168
1959.507104353472 1.0005111694335938
1959.52793715676 1.0004483461380005
1959.5487699603743 1.0005911588668823
1959.569602764324 1.0005772113800049
1959.5904355686025 1.0001670122146606
1959.6112683731983 0.9999814033508301
1959.6321011781363 1.0003094673156738
1959.6529339833942 1.000363826751709
1959.6737667889965 1.0002996921539307
1959.694599594921 1.0002902746200562
1959.7154324011926 1.0005722045898438
1959.7362652077888 1.0004464387893677
1959.7570980147348 0.9999051690101624
1959.7779308220074 1.0002405643463135
1959.7987636296323 1.000486969947815
1959.819596437586 1.000360131263733
1959.8404292458943 1.0005316734313965
1959.861262054534 1.0003787279129028
1959.8820948635405 0.9999955296516418
1959.9029276728702 1.000119686126709
1959.9237604825591 1.000078797340393
1959.9445932925837 1.0004154443740845
1959.9654261029696 1.0003547668457031
1959.986258913693 1.0005505084991455
1960.0070917247797 1.00066339969635
1960.0279245362065 1.000342845916748
1960.0487573479986 1.0000818967819214
1960.0695901601327 1.0003917217254639
1960.0904229726339 1.0001224279403687
1960.1112557854794 1.0002411603927612
1960.1320885986943 1.0007753372192383
1960.152921412255 1.0002846717834473
1960.173754226187 1.0003553628921509
1960.1945870404666 1.0000278949737549
1960.21541985512 1.0003769397735596
1960.2362526701227 1.0005041360855103
1960.257085485511 1.0001744031906128
1960.27791830124 1.0005654096603394
1960.298751117337 1.0001462697982788
1960.3195839338068 1.0001354217529297
1960.3404167506458 1.0002315044403076
1960.3612495678396 1.0005422830581665
1960.3820823854142 1.0004075765609741
1960.4029152033456 1.0005439519882202
1960.4237480216598 1.0002100467681885
1960.444580840332 1.0003135204315186
1960.4654136593888 1.0004812479019165
1960.4862464788055 1.0003997087478638
1960.5070792986085 1.0003212690353394
1960.5279121187727 1.000251054763794
1960.5487449393252 1.0002261400222778
1960.5695777602405 1.000306248664856
1960.5904105815455 1.0002472400665283
1960.6112434032152 1.0002626180648804
1960.6320762252763 1.0002808570861816
1960.6529090477136 1.0001513957977295
1960.6737418705234 1.0004018545150757
1960.694574693711 1.0003886222839355
1960.7154075173034 0.9999637603759766
1960.7362403412549 1.0002191066741943
1960.7570731656022 1.0003782510757446
1960.7779059903203 1.0001778602600098
1960.7987388154359 1.0001369714736938
1960.8195716409239 1.0002108812332153
1960.8404044668107 1.0003643035888672
1960.861237293071 1.0001658201217651
1960.8820701197321 0.9999055862426758
1960.902902946768 1.0001839399337769
1960.923735774206 1.0002318620681763
1960.9445686020204 0.9997981190681458
1960.9654014302382 1.0003186464309692
1960.9862342588337 1.0004152059555054
1961.0070670878345 0.9998599886894226
1961.027899917214 0.9999346733093262
1961.0487327469998 1.0001063346862793
1961.069565577166 0.9999578595161438
1961.0903984077402 1.00043785572052
1961.1112312387058 1.0004997253417969
1961.1320640700608 0.9997340440750122
1961.1528969018084 1.0002377033233643
1961.1737297339666 1.0002739429473877
1961.1945625665194 0.9999136328697205
1961.2153953994737 1.000307559967041
1961.2362282328133 1.0000211000442505
1961.2570610665664 1.000100016593933
1961.2778939007062 1.0002121925354004
1961.2987267352605 1.0001816749572754
1961.3195595702027 0.9999006390571594
1961.3403924055606 1.00032639503479
1961.361225241308 1.000235676765442
1961.382058077472 0.9998478889465332
1961.4028909140268 1.0000600814819336
1961.4237237509994 1.0004206895828247
1961.4445565883639 1.000106930732727
1961.465389426148 1.0003061294555664
1961.4862222643249 0.9999385476112366
1961.5070551029225 1.0002561807632446
1961.5278879419138 0.9999715685844421
1961.5487207813273 1.0001393556594849
1961.569553621136 0.9995999932289124
1961.5903864613679 0.9998206496238708
1961.6112193019958 1.000032663345337
1961.6320521430482 0.9999643564224243
1961.652884984498 1.0001583099365234
1961.6737178263736 1.0001274347305298
1961.6945506686575 1.000199556350708
1961.715383511348 1.0002087354660034
1961.7362163544483 0.9999520778656006
1961.7570491979866 1.0000556707382202
1961.7778820419155 1.0001323223114014
1961.7987148862733 1.0000563859939575
1961.8195477310333 1.0001440048217773
1961.8403805762234 1.000077724456787
1961.8612134218163 0.9998012781143188
1961.8820462678407 1.0002946853637695
1961.9028791142687 1.000119924545288
1961.9237119611296 1.0001566410064697
1961.9445448083954 1.0002036094665527
1961.965377656095 0.9999463558197021
1961.9862105042005 0.999898374080658
1962.0070433527405 1.0002086162567139
1962.027876201688 0.999996542930603
1962.0487090510715 0.999893069267273
1962.069541900863 0.9998251795768738
1962.0903747510913 0.9998850226402283
1962.111207601729 1.0001296997070312
1962.1320404528046 1.0000478029251099
1962.1528733042906 0.9997122287750244
1962.1737061562158 0.9996676445007324
1962.194539008552 0.9999529123306274
1962.2153718613288 0.9999626278877258
1962.2362047145177 0.9998295307159424
1962.257037568148 0.9999881386756897
1962.2778704221914 1.000152826309204
1962.2987032766775 0.9999076724052429
1962.3195361315777 0.999845027923584
1962.3403689869217 1.0000425577163696
1962.3612018426807 1.0001811981201172
1962.3820346988841 0.9997898936271667
1962.4028675555141 0.9999428987503052
1962.4237004125798 0.9995748400688171
1962.4445332700627 0.9998162984848022
1962.4653661279922 0.9998993873596191
1962.48619898634 1.0000711679458618
1962.5070318451358 0.9997998476028442
1962.5278647043508 0.9999796152114868
1962.5486975640147 0.999978244304657
1962.5695304240983 0.9997822642326355
1962.5903632846323 0.9999340772628784
1962.6111961455874 1.000159502029419
1962.6320290069937 0.9997336864471436
1962.6528618688221 0.9998649954795837
1962.6736947311022 1.000213384628296
1962.6945275938058 0.9999725818634033
1962.7153604569626 1.0000102519989014
1962.7361933205434 0.9995152354240417
1962.757026184578 0.9999846816062927
1962.7778590490382 0.9997814893722534
1962.7986919139535 0.9997361302375793
1962.8195247792949 0.999679684638977
1962.8403576450926 0.9997122883796692
1962.861190511317 1.0001213550567627
1962.8820233779993 0.999997615814209
1962.9028562451094 0.9998660683631897
1962.923689112678 1.000067949295044
1962.9445219806755 0.9997330904006958
1962.9653548491324 0.9997366070747375
1962.9861877180197 0.9998791217803955
1963.0070205873672 0.9996443390846252
1963.0278534571457 0.9999096393585205
1963.0486863273857 0.999824047088623
1963.0695191980578 0.9994054436683655
1963.0903520691927 0.9999772906303406
1963.1111849407605 0.9999094605445862
1963.132017812792 0.9999198317527771
1963.1528506852571 0.9995450973510742
1963.1736835581873 0.9995633363723755
1963.1945164315528 0.9996417164802551
1963.2153493053938 0.9997439980506897
1963.2361821796505 1.0000041723251343
1963.2570150543845 0.9994968771934509
1963.2778479295655 0.9996700286865234
1963.2986808052044 0.9997750520706177
1963.3195136812815 0.9999021291732788
1963.3403465578172 0.999875009059906
1963.3611794348024 0.9996637105941772
1963.3820123122675 0.9999082088470459
1963.402845190153 0.9997231364250183
1963.4236780685292 0.9998802542686462
1963.444510947337 0.999973714351654
1963.4653438266168 1.0001384019851685
1963.4861767063392 0.9993761777877808
1963.5070095865347 0.9995146989822388
1963.5278424671733 0.9996510744094849
1963.5486753482767 1.0001914501190186
1963.5695082298444 0.999844491481781
1963.5903411118775 0.9997636675834656
1963.611173994356 0.9994553327560425
1963.6320068773114 0.9999687671661377
1963.6528397607133 1.0000100135803223
1963.673672644593 1.0000126361846924
1963.6945055289202 0.9995030760765076
1963.7153384137264 0.9992234706878662
1963.7361712989812 0.9994921684265137
1963.7570041847164 1.0000845193862915
1963.7778370709011 0.9995467066764832
1963.7986699575674 0.9996782541275024
1963.8195028446842 0.9994106292724609
1963.8403357322838 0.9997161626815796
1963.8611686203353 0.9997860789299011
1963.8820015088706 0.9991660714149475
1963.902834397859 0.9995502829551697
1963.9236672873321 0.9994658827781677
1963.9445001772597 0.9998737573623657
1963.9653330676733 0.9999434351921082
1963.9861659585424 0.9995455741882324
1964.0069988498988 0.9990628361701965
1964.027831741712 0.9995111227035522
1964.0486646340137 0.9998143911361694
1964.069497526773 0.9993912577629089
1964.0903304200222 0.9995315670967102
1964.1111633137305 0.9990321397781372
1964.1319962079301 0.9991854429244995
1964.1528291025897 0.9996535181999207
1964.173661997742 0.9989930391311646
1964.1944948933553 0.9990743398666382
1964.2153277894627 0.9990494251251221
1964.2361606860327 0.9994622468948364
1964.256993583098 0.9992629885673523
1964.277826480627 0.9989506006240845
1964.2986593786525 0.9992947578430176
1964.3194922771431 0.9991928935050964
1964.340325176132 0.9997532367706299
1964.361158075587 0.9996392726898193
1964.3819909755414 0.9987583160400391
1964.4028238759636 0.9992717504501343
1964.4236567768864 0.9998494982719421
1964.4444896782786 0.9998377561569214
1964.465322580173 0.9991384148597717
1964.4861554825375 0.9990215301513672
1964.506988385406 0.9991198778152466
1964.5278212887463 0.999369740486145
1964.5486541925918 0.9991355538368225
1964.5694870969103 0.9988330006599426
1964.5903200017356 0.9993273615837097
1964.6111529070358 0.9989483952522278
1964.6319858128443 0.9995932579040527
1964.6528187191286 0.9990981817245483
1964.673651625923 0.9989650249481201
1964.694484533195 0.998866081237793
1964.7153174409784 0.9998544454574585
1964.7361503492411 0.9991503953933716
1964.7569832580166 0.9989742040634155
1964.777816167273 0.9988924264907837
1964.7986490770443 0.9983862638473511
1964.8194819872976 0.9995816946029663
1964.8403148980678 0.9992434978485107
1964.8611478093214 0.9989873170852661
1964.8819807210937 0.9991504549980164
1964.9028136333511 0.9989244937896729
1964.923646546129 0.9993764758110046
1964.9444794593937 0.9989976286888123
1964.9653123731805 0.9986772537231445
1964.986145287456 0.9985992312431335
1965.0069782022556 0.9991106390953064
1965.0278111175455 0.9992426633834839
1965.0486440333611 0.9985732436180115
1965.0694769496693 0.9988216161727905
1965.090309866505 0.9988565444946289
1965.111142783835 0.9994158148765564
1965.1319757016947 0.9992343783378601
1965.1528086200503 0.9988371729850769
1965.173641538938 0.9987337589263916
1965.1944744583236 0.9986646771430969
1965.2153073782429 0.9994820952415466
1965.2361402986621 0.9986427426338196
1965.2569732196175 0.9989259839057922
1965.277806141075 0.9991086721420288
1965.2986390630706 0.9987005591392517
1965.3194719855703 0.9988272786140442
1965.3403049086103 0.9985582828521729
1965.3611378321568 0.998405396938324
1965.381970756246 0.9988917708396912
1965.4028036808436 0.9995958805084229
1965.4236366059865 0.9986464381217957
1965.4444695316397 0.9986359477043152
1965.465302457841 0.9989527463912964
1965.4861353845552 0.9989742636680603
1965.5069683118195 0.9992889165878296
1965.527801239599 0.999110996723175
1965.5486341679316 0.9986137747764587
1965.5694670967819 0.9988757967948914
1965.5903000261876 0.9989257454872131
1965.6111329561136 0.9986671209335327
1965.6319658865978 0.9984219074249268
1965.6527988176051 0.9988880157470703
1965.6736317491734 0.9985161423683167
1965.6944646812674 0.9990588426589966
1965.7152976139253 0.9989517331123352
1965.7361305471115 0.9986364841461182
1965.756963480865 0.9986506700515747
1965.7777964151494 0.9988537430763245
1965.7986293500041 0.9989984035491943
1965.8194622853928 0.9981630444526672
1965.840295221355 0.9985067248344421
1965.8611281578546 0.9991028904914856
1965.8819610949308 0.9985570311546326
1965.9027940325473 0.9983450174331665
1965.9236269707437 0.9984210133552551
1965.9444599094838 0.9985203742980957
1965.9652928488078 0.9985004663467407
1965.9861257886787 0.998755693435669
1966.0069587291368 0.9984307289123535
1966.0277916701455 0.9986096024513245
1966.0486246117455 0.9992314577102661
1966.0694575538994 0.9991360902786255
1966.0902904966485 0.9985617995262146
1966.1111234399552 0.9985755085945129
1966.1319563838615 0.9988120198249817
1966.1527893283292 0.9986169338226318
1966.1736222734005 0.9988080263137817
1966.194455219037 0.9984636306762695
1966.2152881652823 0.9981878995895386
1966.236121112097 0.9988508820533752
1966.2569540595243 0.9986181855201721
1966.2777870075256 0.9985600113868713
1966.2986199561442 0.9988887906074524
1966.3194529053414 0.9988914728164673
1966.3402858551613 0.9986350536346436
1966.3611188055643 0.9989267587661743
1966.3819517565946 0.9984581470489502
1966.4027847082032 0.9988178014755249
1966.423617660455 0.9988571405410767
1966.4444506133095 0.9979691505432129
1966.465283566793 0.9985431432723999
1966.4861165208745 0.9985653162002563
1966.506949475591 0.9983859658241272
1966.527782430931 0.9987342357635498
1966.548615386912 0.9987106919288635
1966.5694483435022 0.9980735182762146
1966.5902813007397 0.9984605312347412
1966.6111142586028 0.9986048936843872
1966.6319472171297 0.9984244108200073
1966.6527801762786 0.9987757802009583
1966.6736131360979 0.998809814453125
1966.6944460965458 0.9988363981246948
1966.715279057672 0.9986836314201355
1966.7361120194332 0.9989508986473083
1966.7569449818807 0.9988611340522766
1966.77777794497 0.998143196105957
1966.7986109087535 0.9983369708061218
1966.819443873187 0.9988002181053162
1966.8402768383228 0.9987669587135315
1966.8611098041163 0.9975278377532959
1966.8819427706212 0.9982178807258606
1966.9027757377924 0.9986151456832886
1966.923608705684 0.9988827705383301
1966.9444416742506 0.9981534481048584
1966.9652746435472 0.998224139213562
1966.9861076135282 0.998675525188446
1967.0069405842498 0.9984825849533081
1967.0277735556654 0.998717725276947
1967.0486065278324 0.9976995587348938
1967.0694395007029 0.9986767172813416
1967.0902724743369 0.9987554550170898
1967.1111054486855 0.9988401532173157
1967.1319384238093 0.9982651472091675
1967.1527713996588 0.9979670643806458
1967.1736043762965 0.9987637996673584
1967.1944373536721 0.9984735250473022
1967.2152703318493 0.9983540177345276
1967.236103310777 0.998287558555603
1967.2569362905206 0.9982086420059204
1967.277769271028 0.9985809326171875
1967.2986022523667 0.9985602498054504
1967.3194352344835 0.997856080532074
1967.3402682174376 0.9984256029129028
1967.3611012011945 0.9983289837837219
1967.381934185826 0.9985972046852112
1967.4027671712568 0.9981668591499329
1967.4236001575598 0.9981791973114014
1967.444433144699 0.9986773729324341
1967.4652661327398 0.9984893202781677
1967.486099121635 0.9978399872779846
1967.5069321114327 0.9982947707176208
1967.527765102104 0.9981082081794739
1967.548598093719 0.9986199140548706
1967.5694310862186 0.998803973197937
1967.5902640796855 0.9980959296226501
1967.6110970740585 0.9980266690254211
1967.631930069424 0.9988600015640259
1967.652763065719 0.9985869526863098
1967.6735960630333 0.9976111054420471
1967.6944290613021 0.9982526302337646
1967.7152620606184 0.9986481666564941
1967.736095060916 0.9986153841018677
1967.7569280622924 0.9982128143310547
1967.7777610646788 0.9982794523239136
1967.7985940681765 0.9985330104827881
1967.8194270727147 0.9987855553627014
1967.8402600783995 0.9988235831260681
1967.8610930851585 0.9979552030563354
1967.8819260931016 0.997870683670044
1967.9027591021545 0.9986429214477539
1967.923592112432 0.9989330768585205
1967.9444251238576 0.9984697699546814
1967.9652581365524 0.9976320266723633
1967.9860911504356 0.9985606670379639
1968.0069241656354 0.9989036917686462
1968.027757182068 0.9985991716384888
1968.0485901998682 0.9984147548675537
1968.069423218949 0.9980155229568481
1968.090256239452 0.9987204670906067
1968.111089261277 0.9988107681274414
1968.1319222845937 0.9981966018676758
1968.1527553092978 0.9989452958106995
1968.1735883355475 0.9989649653434753
1968.1944213632441 0.9987062215805054
1968.215254392555 0.998840868473053
1968.2360874233775 0.9986637830734253
1968.2569204558883 0.998671293258667
1968.2777534899801 0.9987910389900208
1968.298586525839 0.9990228414535522
1968.319419563354 0.9987592101097107
1969.277741817904 0.99937504529953
1969.2985749589448 0.9990003705024719
1969.3194081002255 0.9992260932922363
1969.340241241413 0.999046266078949
1969.3610743825125 0.9995031952857971
1969.381907523217 0.999167799949646
1969.4027406635512 0.9993345737457275
1969.423573803241 0.9994756579399109
1969.4444069423269 0.9994398355484009
1969.465240080573 0.9994889497756958
1969.486073218033 0.9993600249290466
1969.5069063545084 0.9994063377380371
1969.5277394900615 0.9995125532150269
1969.5485726245306 0.9996423125267029
1969.5694057579847 0.9996426105499268
1969.5902388902834 0.9994158148765564
1969.61107202152 0.9995181560516357
1969.6319051515818 0.999637246131897
1969.6527382805436 0.9995244741439819
1969.673571408327 0.9998478293418884
1969.6944045350065 0.9996383786201477
1969.7152376605227 0.9998636841773987
1969.7360707849496 0.9997357130050659
1969.7569039082425 0.9997555017471313
1969.7777370304743 0.9996989965438843
1969.7985701516127 0.9997408390045166
1969.8194032717272 0.999840497970581
1969.8402363907958 0.999864935874939
1969.861069508885 0.9999566674232483
1969.8819026259807 0.9997812509536743
1969.9027357421455 0.9998037219047546
1969.9235688573713 0.9997642040252686
1969.9444019717073 0.9997854828834534
1969.9652350851802 0.9998568892478943
1969.986068197816 1.0000710487365723
1970.0069013096142 1.0000988245010376
1970.0277344206474 0.9998149871826172
1970.0485675309085 0.9997872710227966
1970.0694006404462 0.999904990196228
1970.0902337492655 0.9998956322669983
1970.111066857412 0.9998765587806702
1970.1318999648915 1.0000271797180176
1970.152733071747 0.9998640418052673
1970.1735661779862 1.000218152999878
1970.1943992836482 1.0003045797348022
1970.2152323887415 1.0000990629196167
1970.2360654933022 1.0001051425933838
1970.2568985973405 1.000002145767212
1970.2777317008893 1.0002250671386719
1970.298564803959 1.0002176761627197
1970.3193979065695 1.00018310546875
1970.3402310087527 1.0003199577331543
1970.3610641105256 1.0004382133483887
1970.3818972119004 1.000142216682434
1970.4027303129017 1.000260591506958
1970.4235634135416 1.0003396272659302
1970.4443965138432 1.00020170211792
1970.465229613819 1.000307559967041
1970.4860627134892 1.00017249584198
1970.5068958128666 1.0002145767211914
1970.5277289119701 1.0002942085266113
1970.5485620108122 1.000337839126587
1970.56939510941 1.0004454851150513
1970.5902282077764 1.000248670578003
1970.6110613059261 1.0004050731658936
1970.6318944038728 1.0002963542938232
1970.6527275016294 1.0004229545593262
1970.67356059921 1.0001682043075562
1970.6943936966254 1.0003408193588257
1970.7152267938798 1.0002855062484741
1970.736059891003 1.0003831386566162
1970.7568929879994 1.000388503074646
1970.7777260848768 1.0004950761795044
1970.7985591816503 1.0003485679626465
1970.8193922783262 1.000499963760376
1970.8402253749196 1.0002357959747314
1970.8610584714359 1.0002979040145874
1970.88189156789 1.0005309581756592
1970.902724664286 1.000475287437439
1970.9235577606398 1.0003105401992798
1970.9443908569535 1.000441074371338
1970.9652239532434 1.0005494356155396
1970.9860570495105 1.000504493713379
1971.0068901457712 1.0002429485321045
1971.027723242026 1.0001178979873657
1971.0485563382808 1.0005009174346924
1971.0693894345554 1.0005435943603516
1971.090222530856 1.0002409219741821
1971.1110556271813 1.000282645225525
1971.1318887235477 1.0002858638763428
1971.152721819953 1.0003530979156494
1971.1735549164139 1.000379204750061
1971.194388012927 1.0002964735031128
1971.2152211095097 1.0001285076141357
1971.2360542061576 1.0001790523529053
1971.2568873028881 1.0001869201660156
1971.2777203996961 0.9999918341636658
1971.2985534965992 1.0001180171966553
1971.3193865935918 1.0003738403320312
1971.3402196906916 1.0003654956817627
1971.3610527878818 1.000013828277588
1971.3818858852005 1.0001170635223389
1971.4027189826304 1.0002529621124268
1971.4235520801903 1.000087022781372
1971.4443851778715 1.0003780126571655
1971.4652182756931 1.0000611543655396
1971.4860513736458 1.0002638101577759
1971.5068844717487 1.000072717666626
1971.5277175699925 0.9999417662620544
1971.5485506683963 0.9999577403068542
1971.5693837669496 1.000274896621704
1971.5902168656723 1.0001351833343506
1971.6110499645533 1.0000191926956177
1971.6318830636126 1.0001827478408813
1971.6527161628385 0.999772310256958
1971.6735492622408 1.0003917217254639
1971.6943823618283 1.000017523765564
1971.7152154616103 0.9999116659164429
1971.7360485615748 1.0000110864639282
1971.7568816617418 0.9999076128005981
1971.7777147620986 0.9998324513435364
1971.7985478626658 1.0001848936080933
1971.81938096343 1.0002999305725098
1971.8402140644114 1.0000141859054565
1971.8610471655966 1.0000087022781372
1971.8818802670064 0.9998645186424255
1971.9027133686263 1.0001394748687744
1971.9235464704777 0.999941349029541
1971.9443795725458 1.0000056028366089
1971.9652126748413 0.9997785687446594
1971.9860457773698 1.0000876188278198
1972.0068788801425 1.000353217124939
1972.0277119831437 1.0001797676086426
1972.0485450863946 0.9997602701187134
1972.0693781898804 0.9999488592147827
1972.0902112936217 1.0001071691513062
1972.111044397603 1.0000797510147095
1972.131877501846 1.000059723854065
1972.1527106063336 1.0000038146972656
1972.1735437110888 1.0002367496490479
1972.1943768160938 0.9998869299888611
1972.2152099213613 1.000081181526184
1972.2360430268939 1.0000265836715698
1972.2568761327036 0.9999854564666748
1972.2777092387735 1.0001071691513062
1972.2985423451257 1.000266194343567
1972.3193754517424 0.9999353885650635
1972.340208558646 1.0000953674316406
1972.361041665819 1.0000274181365967
1972.3818747732832 0.9999824166297913
1972.4027078810211 0.9997490048408508
1972.423540989055 0.9998080730438232
1972.4443740973663 0.9997854232788086
1972.4652072059785 1.0001274347305298
1972.4860403148718 1.0000230073928833
1972.5068734240601 0.9997888803482056
1972.5277065335438 1.0001075267791748
1972.5485396433362 1.0002391338348389
1972.569372753418 1.00037682056427
1972.5902058638126 1.0000004768371582
1972.6110389745002 1.0001872777938843
1972.631872085504 1.0000256299972534
1972.6527051968048 1.0000091791152954
1972.6735383084258 1.0002610683441162
1972.694371420347 1.0001205205917358
1972.715204532592 0.9999144673347473
1972.7360376451302 1.0000190734863281
1972.756870758006 1.0002238750457764
1972.7777038711888 1.0002577304840088
1972.7985369847022 1.000101089477539
1972.8193700985255 0.9998427629470825
1972.840203212683 1.0000966787338257
1972.8610363271537 1.000221610069275
1972.8818694419617 1.000014305114746
1972.9027025570858 0.99995356798172
1972.92353567255 1.000077486038208
1972.9443687883238 1.0001055002212524
1972.9652019044609 0.9999837875366211
1972.9860350209099 0.9998859167098999
1973.0068681376956 0.9999913573265076
1973.0277012548156 1.0000898838043213
1973.0485343722853 1.0002174377441406
1973.0693674900824 0.9999041557312012
1973.0902006082317 1.000084400177002
1973.1110337267107 1.0002646446228027
1973.1318668455451 1.0002421140670776
1973.1526999647122 0.9997724890708923
1973.1735330842366 1.000280737876892
1973.1943662040965 1.0004193782806396
1973.2151993243162 1.0000452995300293
1973.2360324448637 1.0002095699310303
1973.2568655657842 1.00040602684021
1973.2776986870444 1.0001994371414185
1973.2985318086698 0.999844491481781
1973.319364930638 1.0001189708709717
1973.3401980529734 1.0000882148742676
1973.3610311756536 1.0002464056015015
1973.381864298704 1.0000793933868408
1973.4026974221008 1.0001404285430908
1973.4235305458703 0.9998433589935303
1973.4443636699887 1.0000971555709839
1973.4651967944817 1.0003166198730469
1973.4860299193158 1.0001213550567627
1973.5068630445367 0.9999740123748779
1973.5276961701106 0.999849796295166
1973.5485292960639 1.0001479387283325
1973.569362422372 0.9998944401741028
1973.5901955490613 1.000063419342041
1973.6110286761077 1.0001254081726074
1973.6318618035375 1.0000334978103638
1973.652694931326 1.000164270401001
1973.6735280595 0.999954104423523
1973.6943611880247 1.000013828277588
1973.7151943169467 1.000077486038208
1973.7360274462317 1.0000548362731934
1973.7568605759056 0.9999358654022217
1973.7776937059439 1.0000102519989014
1973.7985268363734 1.000153660774231
1973.8193599671692 0.9998146891593933
1973.840193098358 1.0000553131103516
1973.8610262299148 1.000165343284607
1973.8818593618662 0.9999072551727295
1973.9026924941775 0.9997733235359192
1973.923525626905 0.9995916485786438
1973.9443587599842 0.999999463558197
1973.9651918934717 0.9999780654907227
1973.9860250273318 0.9997450709342957
1974.0068581615922 1.0004949569702148
1974.0276912962272 0.9999490976333618
1974.0485244312636 1.0001509189605713
1974.0693575666762 0.9999129176139832
1974.0901907024922 1.0000641345977783
1974.111023838686 1.0001134872436523
1974.1318569752846 1.000038743019104
1974.1526901122525 1.0000725984573364
1974.1735232496364 0.9999445080757141
1974.1943563874013 0.99993497133255
1974.2151895255743 1.0000317096710205
1974.2360226641295 0.9996394515037537
1974.2568558030941 0.9999613761901855
1974.277688942442 0.9998947381973267
1974.2985220822013 1.0001134872436523
1974.3193552223454 0.9998534917831421
1974.3401883629022 0.999729573726654
1974.361021503835 1.0001994371414185
1974.3818546451919 0.9998900890350342
1974.4026877869367 0.9996850490570068
1974.4235209290966 0.9999472498893738
1974.4443540716456 1.0001628398895264
1974.4651872146112 0.9998959898948669
1974.4860203579674 0.9997448325157166
1974.5068535017415 0.9995656609535217
1974.5276866459074 0.9999634027481079
1974.5485197904925 1.0000824928283691
1974.5693529354605 0.9994726181030273
1974.5901860808594 0.999380886554718
1974.6110192266526 1.0002094507217407
1974.6318523728678 0.9997804164886475
1974.6526855194782 0.9998085498809814
1974.6735186665119 0.9994765520095825
1974.6943518139424 0.9999886751174927
1974.7151849617974 1.0001884698867798
1974.7360181100503 0.9998401403427124
1974.7568512587286 0.9997855424880981
1974.7776844077962 0.9997000694274902
1974.7985175573008 0.9999779462814331
1974.8193507072056 0.9999507069587708
1974.8401838575382 0.9994309544563293
1974.8610170082725 0.999883234500885
1974.8818501594362 0.9998870491981506
1974.9026833110024 1.0000416040420532
1974.923516462999 0.9998897314071655
1974.9443496153988 0.9996176958084106
1974.9651827682208 1.0001400709152222
1974.9860159214672 1.0001497268676758
1975.0068490751264 1.0001617670059204
1975.0276822292014 0.9999085664749146
1975.0485153837103 0.9999792575836182
1975.069348538626 1.000156044960022
1975.0901816939768 1.000128984451294
1975.1110148497355 0.9994997978210449
1975.13184800593 0.9996727108955383
1975.1526811625235 1.000110149383545
1975.1735143195644 1.0001215934753418
1975.1943474770153 0.9997884631156921
1975.2151806349043 0.9997504353523254
1975.236013793204 0.999880313873291
1975.2568469519433 0.9998530745506287
1975.2776801110945 0.999828577041626
1975.298513270686 0.9995908737182617
1975.3193464306903 0.999724805355072
1975.340179591136 1.0001614093780518
1975.3610127519858 1.0000821352005005
1975.3818459132879 0.9996234178543091
1975.4026790750047 0.9997140169143677
1975.423512237165 0.9998681545257568
1975.444345399741 0.9997990131378174
1975.4651785627618 0.9999117255210876
1975.486011726199 0.9995991587638855
1975.5068448900818 1.0000518560409546
1975.527678054382 0.9999836683273315
1975.5485112191188 0.999875545501709
1975.569344384284 0.9999577403068542
1975.590177549897 0.9999777674674988
1975.6110107159288 1.0001204013824463
1975.6318438824096 1.0001189708709717
1975.6526770493106 0.9999040961265564
1975.6735102166608 0.9997454285621643
1975.6943433844324 0.9999685287475586
1975.715176552654 0.9999904036521912
1975.736009721288 1.0001062154769897
1975.756842890383 0.9998313188552856
1975.7776760599013 0.9999526143074036
1975.7985092298716 1.0000698566436768
1975.8193424002657 1.000083327293396
1975.840175571113 0.9999991655349731
1975.8610087423851 1.0001580715179443
1975.8818419141112 0.9999997615814209
1975.9026750862527 0.9999225735664368
1975.9235082588593 0.9998530745506287
1975.9443414318923 0.9997155070304871
1975.9651746053812 0.9997814297676086
1975.9860077792973 0.9995733499526978
1976.0068409536702 0.9998224973678589
1976.0276741284713 0.9999487400054932
1976.04850730373 1.0001219511032104
1976.0693404794176 0.9997506141662598
1976.0901736555638 0.9997460246086121
1976.1110068321298 0.9996240139007568
1976.1318400091652 0.9998719692230225
1976.1526731866313 1.0000442266464233
1976.1735063645576 0.9999856948852539
1976.1943395429153 0.9998760223388672
1976.2151727217345 0.9997335076332092
1976.2360059009857 0.9998190402984619
1976.2568390806991 0.9999012351036072
1976.2776722608455 0.9998178482055664
1976.2985054414448 1.0001741647720337
1976.319338622488 1.000058889389038
1976.3401718039952 1.0000128746032715
1976.361004985937 0.9998615980148315
1976.3818381683436 0.9999798536300659
1976.4026713511853 0.9997633695602417
1976.4235045344928 1.000003695487976
1976.4443377182367 0.9998466372489929
1976.465170902447 0.9999246001243591
1976.4860040870842 0.9997010231018066
1976.506837272199 0.9999917149543762
1976.5276704577516 0.9996255040168762
1976.5485036437724 0.9996846914291382
1976.5693368302318 0.9997671246528625
1976.59017001716 0.9999145269393921
1976.611003204528 0.999775767326355
1976.631836392366 0.9997382760047913
1976.6526695806442 0.9997223615646362
1976.6735027693828 0.9996842741966248
1976.694335958573 0.9998670816421509
1976.7151691482345 0.9995996952056885
1976.736002338338 0.9995532631874084
1976.756835528914 0.9998393058776855
1976.7776687199325 0.9996715188026428
1976.7985019114244 0.999741792678833
1976.81933510335 0.9995923042297363
1976.8401682957597 1.000020980834961
1976.8610014886137 0.999857485294342
1976.8818346819426 0.9995253682136536
1976.9026678757168 0.9996625185012817
1976.9235010699667 0.9996265769004822
1976.9443342646628 0.9998151659965515
1976.9651674598254 0.9998927116394043
1976.9860006554447 0.9995958805084229
1977.0068338515418 0.9998685121536255
1977.0276670480866 0.9998353719711304
1977.0485002451098 0.9998416304588318
1977.090166640532 1.000237226486206
1977.1109998389322 1.0004537105560303
1977.1318330378126 1.000035047531128
1977.1526662371432 1.0003196001052856
1977.1734994369444 1.0000544786453247
1977.1943326372068 1.0001847743988037
1977.2151658379512 1.0003132820129395
1977.2359990391474 0.9999858736991882
1977.2568322408263 1.0002326965332031
1977.2776654429579 1.000458002090454
1977.298498645573 1.0002436637878418
1977.319331848642 1.0000531673431396
1977.3401650521853 1.0002734661102295
1977.360998256193 1.0004180669784546
1977.3818314606863 1.000167965888977
1977.4026646656346 1.0002397298812866
1977.4234978710695 1.0000100135803223
1977.4443310769605 1.0003409385681152
1977.4651642833385 1.000311017036438
1977.4859974901638 1.0002648830413818
1977.5068306974872 1.0003234148025513
1977.5276639052686 1.0003306865692139
1977.5484971135388 1.000105381011963
1977.5693303222681 1.000298261642456
1977.5901635314876 1.0002326965332031
1977.6109967411664 1.0002539157867432
1977.6318299513366 1.000507116317749
1977.6526631619572 1.0001194477081299
1977.6734963730798 1.000211238861084
1977.694329584664 1.0001792907714844
1977.7151627967414 1.00029456615448
1977.7359960092806 1.0003392696380615
1977.7568292223143 1.0005227327346802
1977.7776624358112 1.0000783205032349
1977.7984956498033 1.000206708908081
1977.8193288642497 1.000396490097046
1977.8401620792017 1.0004221200942993
1977.8609952946192 1.0003502368927002
1977.881828510534 1.000411868095398
1977.9026617269146 1.0001076459884644
1977.9234949437937 1.0002535581588745
1977.9443281611295 1.0002639293670654
1977.965161378975 1.0004405975341797
1977.9859945972885 1.0002491474151611
1978.0068278161023 1.0002248287200928
1978.027661035385 1.0002425909042358
1978.0484942551695 1.0000776052474976
1978.069327475424 1.000245451927185
1978.090160696181 1.0000855922698975
1978.1109939173994 1.000272274017334
1978.1318271391312 1.0003730058670044
1978.1526603613354 1.000173807144165
1978.1734935840443 1.0003671646118164
1978.1943268072266 1.0001497268676758
1978.215160030915 0.999885082244873
1978.2359932550776 1.0001442432403564
1978.2568264797376 1.0000993013381958
1978.277659704883 1.0000942945480347
1978.298492930537 1.0002602338790894
1978.3193261566673 1.0001380443572998
1978.3401593833075 1.0003011226654053
1978.3609926104255 0.999990701675415
1978.3818258380545 1.0003517866134644
1978.4026590661624 1.0000548362731934
1978.4234922947721 1.0003529787063599
1978.4443255238725 1.0000019073486328
1978.4651587534863 1.000066876411438
1978.4859919835815 1.0001085996627808
1978.5068252141914 1.0002779960632324
1978.5276584452838 1.0002117156982422
1978.5484916768828 1.0001391172409058
1978.5693249089757 1.0000650882720947
1978.590158141586 1.000229835510254
1978.6109913746814 1.000000238418579
1978.631824608296 1.0001484155654907
1978.6526578423973 1.0000313520431519
1978.6734910770192 1.000278115272522
1978.6943243121289 1.0001461505889893
1978.7151575477503 0.9998396039009094
1978.7359907838713 0.9999311566352844
1978.7568240205158 1.0001634359359741
1978.777657257651 0.9998283982276917
1978.7984904953114 1.0001888275146484
1978.8193237334638 1.0001808404922485
1978.840156972143 1.0000183582305908
1978.860990211316 1.0002261400222778
1978.8818234510072 1.000067114830017
1978.9026566912037 1.0000687837600708
1978.9234899319301 0.9998642802238464
1978.9443231731536 0.9998646378517151
1978.9651564149087 0.9999948143959045
1978.9859896571625 0.9998134970664978
1979.0068228999394 1.0001276731491089
1979.0276561432267 0.9999071955680847
1979.0484893870496 0.9999648332595825
1979.069322631374 1.0001556873321533
1979.0901558762357 0.999845027923584
1979.110989121601 1.0001893043518066
1979.1318223675055 1.0000334978103638
1979.1526556139156 0.9999991655349731
1979.1734888608569 1.0001022815704346
1979.194322108315 1.0002326965332031
1979.2151553563167 1.000204086303711
1979.2359886048278 0.9999829530715942
1979.2568218538838 1.0000792741775513
1979.2776551034513 1.000054121017456
1979.298488353566 0.999789834022522
1979.3193216041843 1.0003142356872559
1979.3401548553622 0.9999741315841675
1979.3609881070554 0.9997638463973999
1979.3818213593006 0.9998206496238708
1979.4026546120635 0.9998438954353333
1979.4234878653808 0.999885082244873
1979.4443211192179 0.999858558177948
1979.465154373602 0.999948263168335
1979.485987628518 0.9996150732040405
1979.5068208839934 0.9999701380729675
1979.5276541399937 1.0000077486038208
1979.5484873965559 0.9998365640640259
1979.5693206536453 0.9999940991401672
1979.590153911289 1.000022292137146
1979.6109871694728 1.0000749826431274
1979.631820428224 0.9999258518218994
1979.6526536875076 1.000112771987915
1979.6734869473617 1.000109314918518
1979.694320207751 1.0001232624053955
1979.7151534687036 0.999984085559845
1979.7359867302043 0.999822199344635
1979.7568199922819 0.9997705221176147
1979.7776532549 1.0001716613769531
1979.7984865180986 0.9999052882194519
1979.819319781841 0.9998802542686462
1979.8401530461667 0.9998852610588074
1979.8609863110398 1.000037670135498
1979.8818195764895 1.0000369548797607
1979.9026528425 1.0000016689300537
1979.9234861091013 1.0000419616699219
1979.9443193762563 1.0001094341278076
1979.9651526440057 0.999748170375824
1979.9859859123128 0.9998593926429749
1980.0068191812086 0.9998375177383423
1980.0276524506755 1.0003584623336792
1980.0484857207452 0.9997480511665344
1980.0693189913798 0.9998961091041565
1980.0901522626216 1.000016212463379
1980.1109855344328 0.9999074339866638
1980.1318188068553 1.0000452995300293
1980.1526520798416 0.9998010396957397
1980.1734853534538 1.0000362396240234
1980.1943186276442 0.9999022483825684
1980.2151519024558 0.9999722838401794
1980.23598517785 0.9998815655708313
1980.2568184538604 1.0002295970916748
1980.2776517304685 1.0000966787338257
1980.2984850077082 1.0000367164611816
1980.3193182855407 0.9999672174453735
1980.3401515640105 0.9997231364250183
1980.360984843078 0.999904215335846
1980.3818181227891 1.000092625617981
1980.4026514031036 1.0000622272491455
1980.423484684058 0.9999811053276062
1980.4443179656314 1.0001362562179565
1980.4651512478608 1.0000255107879639
1980.4859845307058 1.000138759613037
1980.506817814214 0.9999381899833679
1980.527651098344 1.000130295753479
1980.548484383134 1.0000087022781372
1980.569317668563 0.9999304413795471
1980.59015095467 0.9998742341995239
1980.6109842414126 1.000049352645874
1980.631817528841 0.9999234676361084
1980.652650816913 0.999810516834259
1980.673484105669 0.9997045993804932
1980.6943173950867 1.000150203704834
1980.7151506852076 0.9998670220375061
1980.735983975988 1.0002694129943848
1980.756817267481 1.0000548362731934
1980.7776505596428 0.9998219013214111
1980.7984838525272 1.0000168085098267
1980.8193171460794 0.999944269657135
1980.8401504403746 0.9999279379844666
1980.8609837353579 0.9999033212661743
1980.8818170310856 0.999971330165863
1980.9026503275115 1.0001296997070312
1980.9234836246937 0.9996769428253174
1980.9443169225751 1.0000061988830566
1980.9651502212357 0.9999819993972778
1980.9859835206173 1.0000351667404175
1981.0068168207815 0.9995922446250916
1981.0276501216792 0.9998103380203247
1981.0484834233635 1.0000064373016357
1981.0693167258048 1.00007164478302
1981.0901500290581 0.9998794794082642
1981.1109833330727 1.00014066696167
1981.131816637915 0.9998507499694824
1981.1526499435342 1.0000770092010498
1981.1734832499988 0.9997895359992981
1981.194316557256 0.9998723268508911
1981.215149865367 0.9997896552085876
1981.235983174298 0.9999222159385681
1981.2568164841132 0.9997082352638245
1981.2776497947568 0.9999520778656006
1981.2984831063056 0.9996163249015808
1981.319316418693 0.9999483823776245
1981.340149732018 0.9997825026512146
1981.3609830462135 0.9999223351478577
1981.3818163613612 0.9997624754905701
1981.402649677402 0.9999000430107117
1981.4234829944216 0.999739944934845
1981.4443163123494 0.9996780753135681
1981.4651496312947 1.0000228881835938
1981.4859829511845 1.000002384185791
1981.5068162721127 0.9997841119766235
1981.527649594014 0.9997869729995728
1981.5484829169875 0.9998599290847778
1981.5693162409657 0.9998189210891724
1981.5901495660416 0.9998674392700195
1981.610982892166 0.9996137022972107
1981.6318162194377 1.0000675916671753
1981.6526495477847 0.9995663166046143
1981.6734828773212 1.000032901763916
1981.6943162079733 0.9996044635772705
1981.7151495398512 0.9997991919517517
1981.735982872898 0.9997766017913818
1981.7568162072312 0.999870240688324
1981.7776495427706 0.9998546838760376
1981.7984828796516 0.9997321963310242
1981.8193162177804 0.9999225735664368
1981.8401495573212 1.0000380277633667
1981.8609828981764 0.9997169375419617
1981.8818162404993 0.9996480941772461
1981.9026495841986 0.9997782707214355
1981.9234829294378 0.9997310638427734
1981.944316276111 0.9997913241386414
1981.9651496244135 0.9995747208595276
1981.985982974234 0.9996904134750366
1982.0068163257604 0.9998513460159302
1982.0276496788865 0.9998897910118103
1982.0484830338135 0.9995256066322327
1982.0693163904195 0.999984622001648
1982.0901497489408 0.9997327923774719
1982.1109831092485 1.0000414848327637
1982.1318164715758 0.9997555017471313
1982.1526498357969 0.9996724724769592
1982.1734832021616 0.999822199344635
1982.1943165705268 0.9996747374534607
1982.2151499411814 0.9998370409011841
1982.2359833139733 0.9998379945755005
1982.256816689191 1.0000537633895874